0 0.00000000000000000e+00 0.00000000000000000e+00 0.00000000000000000e+00 1
0 1.00000000000000006e-01 0.00000000000000000e+00 4.00000000000000022e-01 1
0 0.00000000000000000e+00 1.00000000000000006e-01 -4.00000000000000022e-01 1
0 2.00000000000000011e-01 -1.00000000000000006e-01 1.20000000000000018e+00 1
0 -5.00000000000000028e-02 5.00000000000000028e-02 -4.00000000000000022e-01 1
1 5.00000000000000000e-01 0.00000000000000000e+00 2.00000000000000000e+00 1
2 5.10000000000000009e-01 0.00000000000000000e+00 2.00000000000000000e+00 1
3 -5.00000000000000000e-01 0.00000000000000000e+00 -2.00000000000000000e+00 1
4 -5.10000000000000009e-01 0.00000000000000000e+00 -2.00000000000000000e+00 1
5 5.00000000000000000e+00 0.00000000000000000e+00 2.00000000000000000e+00 1
5 0.00000000000000000e+00 5.00000000000000000e+00 -2.00000000000000000e+00 1
5 -5.00000000000000000e+00 5.00000000000000000e+00 -2.00000000000000000e+00 1
5 5.00000000000000000e+00 -5.00000000000000000e+00 2.00000000000000000e+00 1
5 3.00000000000000000e+00 -3.00000000000000000e+00 2.00000000000000000e+00 1
6 -4.18484617989391294e-01 8.19080273569850803e-01 -2.00000000000000000e+00 1
6 6.08038909153896800e-02 6.64742235754725574e-02 -2.26813306403315096e-02 1
6 5.63828669012296224e-02 -1.25050332754215537e-01 7.25732798621780639e-01 1
6 3.13147518470182490e-03 -2.86092469508259298e-02 1.26962888542111019e-01 1
6 -9.40052040940816402e-01 -7.47406649028413028e-01 -7.70581567649613497e-01 1
6 4.92975162534690231e-02 3.34381469687151378e-02 6.34374771390155412e-02 1
6 3.71284729198439883e-02 3.09739611211060500e-02 2.46180471949517532e-02 1
6 6.52730680272964880e-01 4.89500305604415153e-01 6.52921498674198908e-01 1
6 1.17508220306082822e-01 -9.73168094285215973e-02 8.59300118938417734e-01 1
6 -5.28580278682472260e-03 1.02001540510960442e-01 -4.29149373191140660e-01 1
6 1.02436997134399199e+00 2.33177632524768708e+00 -2.00000000000000000e+00 1
6 3.10504155119658121e-01 -3.08041530554836518e-01 2.00000000000000000e+00 1
6 3.81845302110574547e-01 1.08452716636491475e-01 1.09357034189633229e+00 1
6 -2.38481292819334167e-02 9.15796173912285516e-02 -4.61710986692647873e-01 1
6 -8.26769614141385917e-02 -1.28235216371139021e-01 1.82233019828001719e-01 1
6 -4.93376487923970597e-01 -8.10819527244228677e-02 -1.64917814079819092e+00 1
6 -2.08485262255855952e-01 -7.38438076120577769e-01 2.00000000000000000e+00 1
6 3.00158868824556002e-01 3.92139147326870940e-01 -3.67921114009259753e-01 1
6 8.06185554457899967e-02 -1.47559451838505939e-01 9.12712029137183745e-01 1
6 9.07390622604754782e-01 2.72199625359416242e+00 -2.00000000000000000e+00 1
6 -2.98691387241116235e+00 -4.54107913390793705e-01 -2.00000000000000000e+00 1
6 -2.75095208423245322e-02 -1.97275872457568224e-04 -1.09248979879467856e-01 1
6 8.34333088414339841e-01 -2.04145969153263040e+00 2.00000000000000000e+00 1
6 1.41753212518579552e+00 -1.49233353646729539e+00 2.00000000000000000e+00 1
6 -5.93883414486151118e-01 7.07308435894522303e-01 -2.00000000000000000e+00 1
6 4.07062726693017130e-02 3.13719468370191601e-01 -1.09205278280355955e+00 1
6 8.90857264290590978e-02 -1.15313724095907996e-01 8.17597802099868431e-01 1
6 8.08745525911076790e-03 9.12249836224895277e-03 -4.14017241255273949e-03 1
6 1.66050444956028054e-01 1.39775609095899478e-01 1.05099343440514303e-01 1
6 -8.18699711773558381e-02 -1.34206626452799294e-01 2.09346621101773822e-01 1
6 4.00617921542803929e-02 -3.32671693942368646e-02 2.93315846194069030e-01 1
6 8.61160826464546503e-01 3.36917943075696336e-01 2.00000000000000000e+00 1
6 4.71106666621495668e-02 3.25356463663720036e-02 5.83000811831102528e-02 1
6 2.65856757981668135e-03 -3.73515509084509645e-02 1.60040473953070583e-01 1
6 -7.56967612981138904e-01 -3.96993772585150673e-01 -1.43989536158395293e+00 1
6 1.30083733756227726e-01 3.98015872797776282e-01 -1.07172855616619422e+00 1
6 1.32110925020176850e-01 2.10979037737116393e+00 -2.00000000000000000e+00 1
6 -4.94284023942914430e-02 -1.65247230566564970e-02 -1.31614717350539784e-01 1
6 3.58561857184199972e-01 1.96600802988701862e-01 6.47844216781992444e-01 1
6 -1.66168227779111244e+00 -1.75664335653680248e+00 3.79844314982760167e-01 1
6 -1.23832259316916105e-02 2.14223779070389364e-02 -1.35222415354922187e-01 1
6 9.53493450473756332e-02 -9.66740446526976466e-02 7.68093558800293064e-01 1
6 -9.65809958432573973e-02 3.52047569625594803e-02 -5.27143011223267566e-01 1
6 5.45822832647832712e-01 1.84181023945717781e-01 1.44656723480845972e+00 1
6 -1.77691561099718975e+00 -8.95084019359035477e-01 -2.00000000000000000e+00 1
6 -1.83066007512550574e-02 -3.93283807727917711e-03 -5.74950506959035212e-02 1
6 2.58146375757517671e-02 9.98090052701573749e-03 6.33349481949441184e-02 1
6 1.53340285821641775e-02 -1.93620441925310936e-02 1.38784291098781098e-01 1
6 -1.15593508266014666e-01 3.27771323458123653e-01 -1.77345932689655328e+00 1
6 -8.77403776505059074e-01 5.61142628634156981e-02 -2.00000000000000000e+00 1
6 -1.40653068233833084e-01 -1.78960820698933376e-01 1.53231009860401168e-01 1
6 6.47007855121167763e-01 -5.63450093448832234e-01 2.00000000000000000e+00 1
6 2.06471165840971471e-01 -4.18140887716789589e-01 2.00000000000000000e+00 1
6 -7.43452443187527123e-01 -2.77948059277215442e-01 -1.86201753564124672e+00 1
6 5.11421391804934622e-01 4.99714046263094236e-01 4.68293821673615440e-02 1
6 -2.73854705612173799e+00 2.10314480758324152e-01 -2.00000000000000000e+00 1
6 1.87039076696843110e-01 -1.80330621234434857e-01 1.46947879172511175e+00 1
6 1.57159047982695033e-01 1.81611440767589782e-02 5.55991615623744218e-01 1
6 1.60934993639406165e-01 1.57814354443912730e-01 1.24825567819737415e-02 1
6 -1.64126394751894999e-01 1.72751344357885417e-01 -1.34751095643912167e+00 1
6 -1.55027231096719134e-02 3.01785162251579503e-02 -1.82724957339319455e-01 1
6 -1.81219709758834141e-01 -1.04879746834673035e-01 -3.05359851696644424e-01 1
6 7.95834298786499139e-03 1.68178322206391562e-01 -6.40879916874106281e-01 1
6 -1.82970694124959410e+00 -6.41486915025009097e-01 -2.00000000000000000e+00 1
6 3.39655619465629721e-02 3.97576593249635429e-02 -2.31683895136022833e-02 1
6 1.13320925363612074e-02 4.42577731116492873e-02 -1.31702722301152320e-01 1
6 6.71917408190658705e-02 -4.00974092647361724e-01 1.87266333386571038e+00 1
6 -4.78462411658695075e-01 -2.54647313772362605e-01 -8.95260391545329881e-01 1
6 -3.32967998631785028e-02 -4.84417229092461432e-02 6.05796921842705616e-02 1
6 7.32684256001300716e-01 9.99255155528283812e-01 -1.06628359810793238e+00 1
6 -2.03676422139410951e+00 2.87513766437003149e+00 -2.00000000000000000e+00 1
6 8.36683642298084118e-01 -9.18426452436833074e-01 2.00000000000000000e+00 1
6 -1.91539992349158868e-02 4.96140900162529014e-02 -2.75072357004675139e-01 1
6 -6.59438151072214040e-01 -2.09490064748405613e+00 2.00000000000000000e+00 1
6 -1.99258407922869585e-02 -1.98531211834149124e-01 7.14421484167448662e-01 1
6 3.22063584552991639e-03 -2.23746520787831658e-02 1.02381151697252329e-01 1
6 1.74902257299988206e-01 -1.01079356807516077e-01 1.10392645643001708e+00 1
6 -1.67710331729344908e-01 9.86489084899279112e-01 -2.00000000000000000e+00 1
6 -5.44900405640007524e-01 -2.06957323278157990e+00 2.00000000000000000e+00 1
6 -1.83656520696280490e+00 -7.46575904752325492e-01 -2.00000000000000000e+00 1
6 1.98839048403733010e+00 -2.82566009880887758e+00 2.00000000000000000e+00 1
6 -1.80661319104345741e-03 7.88548430171037706e-05 -7.54187213624224473e-03 1
6 -1.58848884685315467e-01 3.55480257657871390e-02 -7.77587641804410423e-01 1
6 -8.38666261953441294e-01 8.07248555078114327e-01 -2.00000000000000000e+00 1
6 -2.85699392069849421e-02 2.45346791380087192e-02 -2.12418473379974659e-01 1
6 -2.83789864364267874e+00 1.89807415993297202e-01 -2.00000000000000000e+00 1
6 -8.07375793464913394e-02 4.77728162817469548e-02 -5.14041582512953177e-01 1
6 2.31975380336372078e-02 -7.20390235941551632e-03 1.21605761572210896e-01 1
6 -5.48566959999779558e-01 -9.56972306846902709e-01 1.63362138738849261e+00 1
6 -2.56332328048907605e-02 3.03563736677063545e-03 -1.14675480686645584e-01 1
6 7.13152844413149356e-03 3.92005359826760047e-02 -1.28276030154178045e-01 1
6 3.05897194451739241e-01 2.16255188745657412e-01 3.58568022824327315e-01 1
6 -1.58746987965411090e+00 6.01457092409289906e-02 -2.00000000000000000e+00 1
6 -3.99608467750370080e-02 4.14162376138288851e-02 -3.25508337555463600e-01 1
6 1.90193252350972752e+00 1.98777142763064063e+00 -3.43355616483652426e-01 1
6 4.41675204435012070e-01 3.34371720008655116e-01 4.29213937705427817e-01 1
6 -2.42802167588086724e-02 -3.66471475918907844e-02 4.94677233323284476e-02 1
6 3.86102053656895983e-02 -1.77416695515021483e-01 8.64107603522844325e-01 1
6 4.40225891332104435e-02 4.62237306251706004e-03 1.57600864282773534e-01 1
6 2.25800779564554333e+00 -7.13368017462077120e-01 2.00000000000000000e+00 1
6 1.82923121326712224e+00 7.95275157929826726e-02 2.00000000000000000e+00 1
6 4.33005898141246987e-02 -5.55459594185449268e-03 1.95420743023916765e-01 1
6 -3.23488736457203441e-01 3.44628455111189114e-01 -2.00000000000000000e+00 1
6 7.34553525667249740e-02 -4.98786879183189813e-02 4.93336161940175821e-01 1
6 2.65745322990229849e-02 4.31674848603443018e-02 -6.63718102452852676e-02 1
6 6.28103195549372995e-01 5.68709999713953085e-01 2.37572783341679639e-01 1
6 -6.62774499780955040e-01 -1.11252014449920278e-01 -2.00000000000000000e+00 1
6 -4.20076882463536194e-02 -2.84509062742987623e-02 -5.42271278882194285e-02 1
6 1.29526833433283028e-02 1.96113879382302514e-01 -7.32644784155896844e-01 1
6 -2.74187089995073519e-02 2.46092238861309320e-02 -2.08111731542553136e-01 1
6 -2.96158912562260040e-02 4.74345206292634408e-02 -3.08201647541957779e-01 1
6 2.49629259950474996e-02 1.56073869232794399e-02 3.74221562870722391e-02 1
6 5.45660584170239160e-03 1.27933205756435436e-02 -2.93468589357646081e-02 1
6 -6.81790605312118325e-01 -9.68645972609569528e-01 1.14742146918980481e+00 1
6 -1.80287077857356176e-01 -1.07429869659359106e-01 -2.91428832791988279e-01 1
6 6.37779228979838964e-02 8.35265469831723006e-02 -7.89944963407536171e-02 1
6 2.97149125389075119e-02 3.53048179397460887e-02 -2.23596216033543072e-02 1
6 -1.55465990143915822e-01 -6.05301212640912689e-02 -3.79743475519298213e-01 1
6 1.88205228764638799e-03 2.09796933727642021e-03 -8.63668198520128882e-04 1
6 -1.63388434928370185e-01 1.10157446344134102e-01 -1.09418352509001715e+00 1
6 -1.56749571898041840e-01 -5.10604154136345301e-01 1.41541832895321384e+00 1
6 6.12027907057884013e-01 4.30637874513562169e-01 7.25560130177287377e-01 1
6 2.44049621893133306e+00 -1.31893100992377543e+00 2.00000000000000000e+00 1
6 -1.61212763669094233e-01 6.07976349725595222e-02 -8.88041594566615022e-01 1
6 -1.81185910530078348e-01 -1.52244690164246577e-01 -1.15764881463327085e-01 1
6 -7.00877281901105986e-01 9.93700537378135573e-01 -2.00000000000000000e+00 1
6 -7.99640698683159901e-01 -1.39279597771742036e-02 -2.00000000000000000e+00 1
6 -4.54092489895336487e-02 3.95258937593609277e-02 -3.39740570995578306e-01 1
6 -2.17907064959906815e+00 -1.34327654540011387e-01 -2.00000000000000000e+00 1
6 -1.00988089258220071e+00 -8.18735489626392976e-01 -7.64581611823230922e-01 1
6 2.12497881702193026e-02 -1.00400292259076457e-03 8.90151643712402685e-02 1
6 2.69380992635025879e-02 3.55647696691846898e-02 -3.45066816227284079e-02 1
6 -1.04966997872168788e-01 -1.57212571496910147e-01 2.08982294498965437e-01 1
6 8.24730157888411419e-02 5.28331116452510074e-02 1.18559616574360538e-01 1
6 -1.02477239525796598e-01 -1.39588318978032838e-01 1.48444317808944959e-01 1
6 -2.88436669005963342e+00 -8.26191842774078644e-01 -2.00000000000000000e+00 1
6 4.93463832034123584e-01 -7.86118207157225912e-01 2.00000000000000000e+00 1
6 2.53735964576641826e-02 5.19849819759158338e-02 -1.06445542073006605e-01 1
6 2.98635370707768522e-02 9.92966400999509974e-03 7.97354922431270097e-02 1
6 -8.17941568604083069e-04 5.16555548336537773e-03 -2.39339882078778432e-02 1
6 4.77781026059432290e-02 -4.94082516441344544e-02 3.88745417000310733e-01 1
6 -1.01893843787456834e-02 -1.06223655192671101e-02 1.73192456208570711e-03 1
6 -5.98809899946896707e-01 -2.51768309375573107e+00 2.00000000000000000e+00 1
6 -3.96186376557353392e-02 1.33604436983938923e-01 -6.92892298558697051e-01 1
6 2.83013295094362016e-02 -5.95397494512767134e-03 1.37021217818255492e-01 1
6 1.46188979489854809e+00 2.34540652241885361e+00 -2.00000000000000000e+00 1
6 5.51718229257791570e-03 -3.11574831404656805e-02 1.46698661732174385e-01 1
6 1.88849080903830124e-01 -1.82112227383837644e-01 1.48384523315067107e+00 1
6 7.98559105762647548e-01 -9.14754230159549930e-01 2.00000000000000000e+00 1
6 -6.18641335663980163e-01 8.16442570968847647e-01 -2.00000000000000000e+00 1
6 2.09029464196534587e+00 -2.04099912465485556e+00 2.00000000000000000e+00 1
6 -2.75014109788457028e-02 2.70182978906427507e-02 -2.18078835477953814e-01 1
6 -1.09235231557116771e-02 -2.78248020985622409e-02 6.76051157714022549e-02 1
6 2.55980219814893883e-02 -3.08262848716442939e-02 2.25697227412534729e-01 1
6 -4.62937655305914741e-02 -4.83384471786348080e-02 8.17872659217333542e-03 1
6 -5.87496046008826767e-01 2.24750793745530952e+00 -2.00000000000000000e+00 1
6 1.46210718032923348e-01 -1.86644998608712087e-02 6.59500871575178227e-01 1
6 2.81489134533453900e+00 5.21000085569367499e-01 2.00000000000000000e+00 1
6 -2.51173045028186115e+00 2.08190985572917597e-01 -2.00000000000000000e+00 1
6 -4.40086337097564326e-02 2.97635186382982087e-02 -2.95088609392218593e-01 1
6 -1.04158482779404038e-01 -1.54529583372550017e-01 2.01484402372583915e-01 1
6 1.21090829082663820e+00 3.60784197026950082e-01 2.00000000000000000e+00 1
6 -1.38199464075824952e-02 -1.85685946302038746e-01 6.87463999577825002e-01 1
6 -2.97856276653281314e-02 2.30933962775029256e-02 -2.11516095771324242e-01 1
6 1.55672995612069709e-01 -2.10921616192255446e+00 2.00000000000000000e+00 1
6 1.17474695516128491e-01 8.81025492340402616e-02 1.17488585128352918e-01 1
6 -3.22396527488667539e-02 -4.33304538616373427e-02 4.43632044510823553e-02 1
6 7.81323089479711852e-02 1.84537909013319790e-01 -4.25622400261394418e-01 1
6 -2.98830254657196326e+00 1.30293444910316314e+00 -2.00000000000000000e+00 1
6 -3.23603914630086337e-03 -3.83564300353896326e-02 1.40481563556355077e-01 1
6 -1.12312767453586898e-02 1.97227665629487181e-02 -1.23816173233229632e-01 1
6 2.52712068400811618e-02 -1.77366370761330633e-01 8.10550310405647179e-01 1
6 -1.18169057183812667e-02 -2.94613423053293744e-02 7.05777463477924305e-02 1
6 1.06370324511793601e+00 2.97401007988000821e+00 -2.00000000000000000e+00 1
6 -2.07501422499241917e-02 4.00889117607437506e-02 -2.43356216042671769e-01 1
6 1.53069615780897894e-01 1.35680288792982662e-01 6.95573079516609294e-02 1
6 3.84684444855329377e-04 -7.03350788921197623e-03 2.96727693362692224e-02 1
6 -4.01621978931245849e-02 -3.45270328353468603e-02 -2.25406602311108983e-02 1
6 -4.26623591016537462e-01 5.42966049183362554e-01 -2.00000000000000000e+00 1
6 -3.93163332609477723e-02 -5.75704764020682630e-03 -1.34237142482963784e-01 1
6 8.52285375326942152e-02 1.22422855543455111e-01 -1.48777272043043585e-01 1
6 -9.43496643890427839e-02 8.79026763750859752e-02 -7.29009363056515092e-01 1
6 2.75261491019909155e+00 3.60573080582401229e-01 2.00000000000000000e+00 1
6 1.62171958248658321e-02 4.20548406095606619e-02 -1.03350579138779319e-01 1
6 -3.09794892963523305e-02 -1.03555730034481333e-01 2.90304962952516010e-01 1
6 -2.89215791111836662e+00 -6.01579326192260844e-01 -2.00000000000000000e+00 1
6 -3.61603729162060447e-02 3.78750229837386820e-02 -2.96141583599778935e-01 1
6 -2.83010565918937473e+00 2.07259350526804642e+00 -2.00000000000000000e+00 1
6 -3.90557058623687212e-02 -1.35145991408045091e-02 -1.02164426886256848e-01 1
6 9.85263513607763652e-02 -5.60764408298033978e-03 4.16535981775026820e-01 1
6 4.51921226737186821e-01 -2.99576615691657544e+00 2.00000000000000000e+00 1
6 4.57987760145728146e-02 -1.60182702891317683e-02 2.47268185214818331e-01 1
6 -8.41086434012291884e-01 -1.87013972342040313e-01 -2.00000000000000000e+00 1
6 2.14683727452879047e+00 2.24288718770016615e+00 -3.84199652685502713e-01 1
6 1.80184174600134972e-01 -1.37813302521048814e-01 1.27198990848473503e+00 1
6 -1.70273818408993860e-01 3.32700440057620006e-02 -8.14175449659023442e-01 1
6 -1.28882459948518746e+00 1.87233731158695882e+00 -2.00000000000000000e+00 1
6 1.89510620522924533e+00 -1.87704476701089362e-02 2.00000000000000000e+00 1
6 7.80762920993949283e-03 -1.15778138474002326e-02 7.75417722293589018e-02 1
6 -4.22281888829149424e-02 -4.88068388805636133e-03 -1.49390019979434324e-01 1
6 -1.10568970202071237e-02 7.32609064797581921e-02 -3.37271213999861263e-01 1
6 1.21893617710133739e-01 -1.59556585006991103e-01 1.12580081086849937e+00 1
6 -5.79752703885937359e-01 -7.55713662474015724e-01 7.03843834352313458e-01 1
6 -9.78627006690890422e-01 8.92254583106225851e-01 -2.00000000000000000e+00 1
6 1.48921572908778388e-02 2.70546401197162278e-03 4.87467731156248640e-02 1
6 2.97372969179179741e-02 2.42558328685701652e-02 2.19258561973912358e-02 1
6 -2.99469378984136814e+00 -4.60920134176578511e-01 -2.00000000000000000e+00 1
6 -2.69875880912617827e+00 -2.07845032960916853e+00 -2.00000000000000000e+00 1
6 5.39536385121361484e-01 3.46185734623560615e-01 7.73402601991203476e-01 1
6 -8.02885685361097168e-02 8.92290190311906262e-02 -6.78070350269201372e-01 1
6 -1.76226773755290855e+00 -2.42123319293341321e+00 2.00000000000000000e+00 1
6 -1.77674674253681442e-01 -1.12104808445649920e-01 -2.62279463232126087e-01 1
6 5.87090341647006353e-01 1.87692639689473140e-01 1.59759080783013285e+00 1
6 2.05005399223922691e+00 7.85558683574753225e-01 2.00000000000000000e+00 1
6 -4.85656658276529957e-02 4.16117267239646538e-02 -3.60709570206470598e-01 1
6 9.40613805071291553e-01 -8.68104658273276986e-01 2.00000000000000000e+00 1
6 -1.44672783897978413e-01 -3.33115074787858345e-02 -4.45445105676770314e-01 1
6 -3.45398255503833518e-01 -1.23248754525704385e+00 2.00000000000000000e+00 1
6 -8.71070553471046338e-01 -1.52451808996963090e-01 -2.00000000000000000e+00 1
6 1.45759405000312092e-01 -1.50980724447942832e-01 1.18696051779301959e+00 1
6 -1.57850277225143026e-01 -1.17420500167891725e-01 -1.61719108229005204e-01 1
6 -5.63399029241303806e-01 3.55480046437105512e-01 -2.00000000000000000e+00 1
6 -2.02455665948026331e-01 -6.20579710717333866e-01 1.67249617907723014e+00 1
6 -7.52173288479588198e-01 3.62601225489045165e-01 -2.00000000000000000e+00 1
6 -1.97370453724088346e-01 -4.69938022458018967e-01 1.09027027493572248e+00 1
6 -2.54727649540041723e+00 4.05057076223847901e-01 -2.00000000000000000e+00 1
6 -9.53618815654340701e-02 1.12696628840482316e-01 -8.32234041623665544e-01 1
6 -1.22441476011173389e-01 -2.59205887326218365e+00 2.00000000000000000e+00 1
6 1.63851794126505246e-01 -1.73594649573815485e-01 1.34978577480128292e+00 1
6 1.25486234817747955e-02 -1.44334976243664440e-02 1.07928484424564958e-01 1
6 1.47499656006154378e+00 -6.77201094711032070e-01 2.00000000000000000e+00 1
6 -1.57021928864917198e-01 -1.14553359285801681e-01 -1.69874278316462068e-01 1
6 1.87671458564908455e+00 2.16284208761840624e+00 -1.14451000787728674e+00 1
6 1.06837128985371038e-02 -2.93682797816773554e-02 1.60207970720857851e-01 1
6 -5.40490575618425062e-01 1.03648806452793263e+00 -2.00000000000000000e+00 1
6 -3.87500924873973029e-02 -1.71105632596377927e-01 5.29422160435922495e-01 1
6 -1.02326561577197328e-01 -1.22229814422165184e-01 7.96130113798714234e-02 1
6 6.51183533528008729e-01 6.47777099677665502e-01 1.36257354013729071e-02 1
6 2.02708148694938295e+00 2.78983467138536945e+00 -2.00000000000000000e+00 1
6 3.63737125505545267e-01 4.45392688172428164e-01 -3.26622250667531588e-01 1
6 6.44847187139699685e-01 -9.12331919143871239e-01 2.00000000000000000e+00 1
6 2.59005510411944723e-02 4.66976003587538380e-02 -8.31881972702374628e-02 1
6 8.15548886256030059e-01 7.24641331835485625e-01 3.63630217682177737e-01 1
6 -9.40465920003249911e-01 -8.21888310057939941e-01 -4.74310439781239879e-01 1
6 -2.11734231266414774e-01 -8.91844064842848283e-01 2.00000000000000000e+00 1
6 -2.41025233180915777e+00 2.68653784363529979e+00 -2.00000000000000000e+00 1
6 1.90644691105885222e-01 1.17169454902024961e-01 2.93900944815441045e-01 1
6 -4.83737162448731328e-02 -8.55497923636503593e-03 -1.59274948034032388e-01 1
6 1.98278612504702190e-01 -1.84726632847640460e-02 8.67005103157864943e-01 1
6 1.86173065612111166e-01 -6.75481137427647038e-02 1.01488471741950348e+00 1
6 1.51299793126256521e-01 -2.28045637505121945e+00 2.00000000000000000e+00 1
6 1.98774208656982498e+00 -2.67508567364683936e+00 2.00000000000000000e+00 1
6 -8.73173998365647686e-01 2.57529863271601878e-01 -2.00000000000000000e+00 1
6 -4.89548814229362472e-01 8.08598743565456246e-01 -2.00000000000000000e+00 1
6 2.88191108120963690e+00 -2.56172814361611678e+00 2.00000000000000000e+00 1
6 3.58866045583930843e-02 2.31669043306276523e-02 5.08788009110617279e-02 1
6 -1.98356574630827764e+00 -1.76600319645041637e-02 -2.00000000000000000e+00 1
6 4.09271218172616025e-02 1.49133957828344710e-01 -4.32827344044332429e-01 1
6 1.38992729709049012e+00 2.13840733181733533e+00 -2.00000000000000000e+00 1
6 -2.08140254069987574e+00 2.53868587159940873e+00 -2.00000000000000000e+00 1
6 -4.16527781708849326e-02 -2.91272723500508937e-02 -5.01020232833361556e-02 1
6 1.91000071791170267e+00 2.26561048151556310e-01 2.00000000000000000e+00 1
6 -3.09827693893141909e-01 2.29153215101700169e-01 -2.00000000000000000e+00 1
6 -4.49542326696699690e-02 5.98161723877608797e-02 -4.19081620229723395e-01 1
6 2.61620949803803848e-02 -9.30180139361382052e-03 1.41855585495976821e-01 1
6 2.52386731712100493e-02 -1.68061507654058070e-02 1.68179295746463425e-01 1
6 -8.47529551117643942e-01 -1.50557516803940583e-01 -2.00000000000000000e+00 1
6 -1.94950716674931260e-02 -2.59291062741039656e-02 2.57361384264433585e-02 1
6 -1.70392159958187017e-01 -2.41098194720004988e-02 -5.85129361944746074e-01 1
6 -1.52837977181912998e-02 1.85742724566328898e-01 -8.04106089138080793e-01 1
6 -4.88054699394018521e-02 4.62095572804654409e-02 -3.80060108879469172e-01 1
6 1.65778786055936267e-01 2.36861445174535445e-03 6.53640686416763650e-01 1
6 7.10714225443306757e-01 -9.24867738282593832e-01 2.00000000000000000e+00 1
6 2.74312496294684927e+00 -3.32841526006897759e-01 2.00000000000000000e+00 1
6 -2.22032871352549899e-01 7.56641150058854128e-01 -2.00000000000000000e+00 1
6 -1.42161304171087993e-03 2.82270145666607408e-02 -1.18594510433486483e-01 1
6 1.29182704574890117e-01 -2.14280421209260563e+00 2.00000000000000000e+00 1
6 -4.69411554402371159e-02 4.27490855316556284e-02 -3.58760963887570949e-01 1
6 -4.57790931537236934e-02 4.47588035194220191e-02 -3.62151586692582850e-01 1
6 -3.59519129481362443e-01 2.72549906707636236e-01 -2.00000000000000000e+00 1
6 -8.64389588222137739e-01 -1.74449858294058058e+00 2.00000000000000000e+00 1
6 -6.93206419818816200e-02 -1.69264535957406148e-01 3.99775575902098113e-01 1
6 1.47288313624749090e-01 -1.46940690582857081e-01 1.17691601683042468e+00 1
6 1.84179433940226067e-01 6.73006404005428438e-02 4.67515174158732894e-01 1
6 2.73971244458457797e+00 -1.82440340204569118e-01 2.00000000000000000e+00 1
6 -9.09832997853216252e-01 -8.85538881699257319e-01 -9.71764646158357337e-02 1
6 1.79241838060080344e-02 4.09850973438757454e-02 -9.22436541514708441e-02 1
6 -2.78543111283541256e-03 4.01892093595639377e-02 -1.71898561889597401e-01 1
6 -4.98838268622827208e-01 8.62264984703077886e-01 -2.00000000000000000e+00 1
6 2.78980050899199639e-02 -3.72841080068959801e-02 2.60728452387263776e-01 1
6 -6.51580880735431300e-01 -2.30698656234523902e-01 -1.68352889800362959e+00 1
6 -1.62758343465554844e-01 6.63239271270048558e-02 -9.16329082370238801e-01 1
6 -1.12679686953707059e-01 -1.32527659017183552e-01 7.93918882539059734e-02 1
6 -1.55692818799514443e+00 1.04729124085559455e-01 -2.00000000000000000e+00 1
6 -2.10113007541045249e+00 8.04753524602577208e-01 -2.00000000000000000e+00 1
6 -1.81773378475300396e-01 -1.43358287228101289e-01 -1.53660364988796427e-01 1
6 6.00260393357564759e-01 3.89893003723794873e-01 8.41469558535079543e-01 1
6 2.68456150614900935e+00 7.61999740483774168e-02 2.00000000000000000e+00 1
6 -9.97646552197936076e-01 -9.81677836457958586e-01 -6.38748629599099615e-02 1
6 2.05894990445960602e-02 -6.56252898840036458e-01 2.00000000000000000e+00 1
6 3.00242877784688833e-02 -9.27245155100634433e-01 2.00000000000000000e+00 1
6 8.51794437590824849e-03 2.10812004107681777e-02 -5.02530241394397170e-02 1
6 6.85497137274656110e-01 -7.78752281416309033e-01 2.00000000000000000e+00 1
6 1.17090424331725423e-02 4.17188856572694583e-02 -1.20039372896387664e-01 1
6 6.91841367656944595e-02 1.43733295425212793e-01 -2.98196634638073332e-01 1
6 -2.05342901816815981e+00 4.67026826459968625e-01 -2.00000000000000000e+00 1
6 7.60916076474189018e-02 9.57135710898526781e-03 2.66081002153734536e-01 1
6 -4.54122741439698246e-02 -2.80316578697455410e-02 -6.95224650968971347e-02 1
6 2.99810590062922611e+00 1.34848635979529696e+00 2.00000000000000000e+00 1
6 -1.32513809218146439e+00 1.65843142304594515e-01 -2.00000000000000000e+00 1
6 6.77864774785215118e-02 -1.75851217455017583e-01 9.74550779734156380e-01 1
6 2.80993994945472281e+00 1.29579407856967865e+00 2.00000000000000000e+00 1
6 2.22493873966835842e-02 3.29729547442510151e-01 -1.22992064018330627e+00 1
6 2.95406840005720595e-01 -9.72086007073922342e-02 1.57046176285245132e+00 1
6 6.73885943409197496e-01 -3.37553532614746077e-01 2.00000000000000000e+00 1
6 6.04999430878693234e-02 1.01227343662860791e-01 -1.62909602299965872e-01 1
6 -2.33924803484919730e-01 -3.15143413360507108e-01 3.24874439502349510e-01 1
6 -6.49203825392072886e-02 2.97487021046747513e-01 -1.44962961434381921e+00 1
6 -6.45930924913724169e-01 -7.57985967627110124e-01 4.48220170853543820e-01 1
6 3.96882494691406240e-01 5.64442900458907992e-01 -6.70241623070007009e-01 1
6 -2.73054487469352569e+00 2.84331625648721076e+00 -2.00000000000000000e+00 1
6 2.38028731313645603e-03 1.99041094630543480e-02 -7.00952885996715680e-02 1
6 -2.66433634932568240e-02 -4.55739124933294409e-02 7.57221960002904676e-02 1
6 -2.48042538203571894e+00 2.98313089133024789e+00 -2.00000000000000000e+00 1
6 -7.57236390868681442e-01 7.10825108832859875e-01 -2.00000000000000000e+00 1
6 -6.33416041748608993e-02 5.09832948317199275e-02 -4.57299596026323307e-01 1
6 4.83400453229006904e-02 -1.91709252466325530e-02 2.70043882278132974e-01 1
6 9.05049757988324100e-01 6.20455736032285099e-01 1.13837608782415600e+00 1
6 -6.41371673507048046e-01 -7.47343736359370236e-01 4.23888251409288763e-01 1
6 -1.71149043163618142e+00 -1.93998340268151592e+00 9.13971884181338012e-01 1
6 -9.87123981054972843e-02 3.34031658230095618e-02 -5.28462255714027385e-01 1
6 -1.80050328459265874e+00 -1.43329907446879234e+00 -1.46881684049546557e+00 1
6 -1.41540586215540692e-02 -1.37764140524055737e-02 -1.51057827659398236e-03 1
6 1.33468390496945588e-01 -1.00221812639851221e-01 9.34760812547187236e-01 1
6 -1.59258195132761099e-02 -2.89475403513805747e-02 5.20868833524178593e-02 1
6 -2.15195804456310945e-02 -3.82901741197730072e-02 6.70823746965676510e-02 1
6 -1.82364762370148731e-01 1.46012653245900348e-01 -1.31350966246419620e+00 1
6 -6.61419669506267682e-02 -1.73539441986717780e-01 4.29589900144364045e-01 1
6 4.95343094471998174e-02 1.48097491295229450e-02 1.38898241270707490e-01 1
6 -9.67976467007367170e-01 4.47012449061236605e-01 -2.00000000000000000e+00 1
6 -1.70308617326702771e-01 9.02056403211390911e-02 -1.04205703059136745e+00 1
6 -2.96432883143098458e-01 9.88620072471960265e-01 -2.00000000000000000e+00 1
6 -1.18251743001701604e-03 1.80349677804413466e-01 -7.26128780937721929e-01 1
6 -3.69396396837748664e-02 -5.25538764280101406e-03 -1.26737008163895409e-01 1
6 -4.24798009894734319e-02 -2.90073973157628957e-02 -5.38896146948421445e-02 1
6 -1.62875892784875020e-01 -1.18584018278284042e+00 2.00000000000000000e+00 1
6 2.93236879642456039e-01 6.88905717210785973e-03 1.14539128988139272e+00 1
6 1.05821630347072093e-01 6.57144991029521841e-02 1.60428524976479636e-01 1
6 7.11019466868256789e-02 -8.05376344161517155e-01 2.00000000000000000e+00 1
6 4.27923570973338802e-02 1.39142387464032680e-02 1.15512473403722449e-01 1
6 7.03504242373840238e-02 8.24393338954846344e-01 -2.00000000000000000e+00 1
6 -1.36356533702445781e+00 4.59300785997172945e-01 -2.00000000000000000e+00 1
6 -2.55085242891307414e-02 -4.48725853253192294e-02 7.74562441447539524e-02 1
6 -2.22220046548122330e-01 -1.21828784503183907e+00 2.00000000000000000e+00 1
6 2.25282271606506157e-02 -9.12835951395744694e-01 2.00000000000000000e+00 1
6 -2.09813121033017236e+00 7.33500697032250848e-01 -2.00000000000000000e+00 1
6 9.87695836858405229e-01 8.18622573751111027e-01 6.76293052429176811e-01 1
6 1.88333215964318679e-01 1.16481256484547269e-01 2.87407837919085640e-01 1
6 -1.40167746596499207e-02 4.32958246751856402e-02 -2.29250397339342243e-01 1
6 7.12968504699021954e-02 8.07524994183114742e-02 -3.78225957936371149e-02 1
6 -3.76606425051281765e-02 1.03335119200090447e-02 -1.91976617700548885e-01 1
6 1.82869776318685007e-01 1.83391335855506488e-01 -2.08623814728592372e-03 1
6 2.06044436728277169e+00 5.44443455537603427e-01 2.00000000000000000e+00 1
6 -7.10783386012647123e-01 -2.39054477253355602e-01 -1.88691563503716608e+00 1
6 -1.18103323142364669e+00 1.96607275928813063e+00 -2.00000000000000000e+00 1
6 -1.68436474533826264e-02 -2.38898128174640963e-02 2.81846614563258796e-02 1
6 2.24457382958677398e-02 -8.19237350540430453e-03 1.22552447205088177e-01 1
6 -2.78353452182460159e-03 3.77514820629928777e-02 -1.62140066339269917e-01 1
6 -4.40776075522228972e-02 -5.36158733124140474e-02 3.81530630407646010e-02 1
6 1.24547627471281619e-01 -1.54817070132714563e-01 1.11745879041598473e+00 1
6 -1.16123430511840472e-02 -1.40121795470947094e-02 9.59934598364264868e-03 1
6 -1.34559201087765601e+00 1.91529135463658573e-01 -2.00000000000000000e+00 1
6 -2.39209156414942024e-02 3.12219054790583844e-02 -2.20571284482210361e-01 1
6 1.82518386983834685e-02 -3.44427627413623483e-02 2.10778405758983267e-01 1
6 6.61787040263227100e-01 9.05982776732974449e-01 -9.76782945878989395e-01 1
6 1.40079561618041026e-01 2.84755955437733110e+00 -2.00000000000000000e+00 1
6 -1.97896502825636311e-02 2.21973979987465930e-02 -1.67948193125240897e-01 1
6 -1.42481443854404755e-01 1.23904922111091331e-01 -1.06554546386198434e+00 1
6 -4.34674522770172933e-01 7.09499998700364731e-02 -2.00000000000000000e+00 1
6 4.18243788686606943e-02 -3.25572695549045804e-02 2.97526593694261099e-01 1
6 4.53274913629582998e-02 -8.22770577501994033e-02 5.10418196452630868e-01 1
6 9.30291472871222602e-01 3.06506057233425944e-01 2.00000000000000000e+00 1
6 8.30916334361280207e-02 -2.06463486859082712e+00 2.00000000000000000e+00 1
6 1.20776539844266728e-02 3.84086402972942248e-02 -1.05323945251470208e-01 1
6 -3.44260814937645543e-03 -1.55571219239990718e-02 4.84580550984904657e-02 1
6 -8.47118509274001341e-02 1.00986428008582041e-01 -7.42793115743928700e-01 1
6 -1.10864055856086496e+00 3.87042931022620884e-02 -2.00000000000000000e+00 1
6 -3.99246566907431044e-03 1.51064133478454876e-02 -7.63955160676791922e-02 1
6 1.09893852032844030e+00 2.09142446991125563e+00 -2.00000000000000000e+00 1
6 1.98842066082932256e-01 1.35977163928831579e-01 2.51459608616402708e-01 1
6 -3.23233056000972185e-02 -4.34528013511521968e-02 4.45179830042199132e-02 1
6 1.91717397400403389e-01 -1.39008467980782480e-01 1.32290346152474347e+00 1
6 7.21448593499881552e-02 -1.67080977404677589e-01 9.56903347018662975e-01 1
6 -1.80516918314097746e-01 1.78614638956363647e-01 -1.43652622908184568e+00 1
6 9.52617570824058735e-01 -8.41125620187021195e-01 2.00000000000000000e+00 1
6 4.56015253012437699e-02 -1.03906531682700018e-02 2.23968713878055087e-01 1
6 6.17370869768946728e-02 1.54766584591439493e-01 -3.72117990458179282e-01 1
6 7.38891924041559678e-01 -7.72037540520008614e-01 2.00000000000000000e+00 1
6 -1.66435633993555737e-01 7.29038937179277702e-02 -9.57358110845934029e-01 1
6 5.99829706373772531e-01 1.73739712959565473e-01 1.70435997365682823e+00 1
