0 00000000 00000000 0 1 1
0 00000000 00000001 0 0 1
0 00000000 00000005 0 0 1
0 00000000 7fffffff 0 0 1
0 00000000 80000000 0 0 1
0 00000000 ffffffff 0 0 1
0 00000000 fffffffe 0 0 1
0 00000001 00000000 0 0 1
0 00000001 00000001 0 1 1
0 00000001 00000005 0 0 1
0 00000001 7fffffff 0 0 1
0 00000001 80000000 0 0 1
0 00000001 ffffffff 0 0 1
0 00000001 fffffffe 0 0 1
0 00000005 00000000 0 0 1
0 00000005 00000001 0 0 1
0 00000005 00000005 0 1 1
0 00000005 7fffffff 0 0 1
0 00000005 80000000 0 0 1
0 00000005 ffffffff 0 0 1
0 00000005 fffffffe 0 0 1
0 7fffffff 00000000 0 0 1
0 7fffffff 00000001 0 0 1
0 7fffffff 00000005 0 0 1
0 7fffffff 7fffffff 0 1 1
0 7fffffff 80000000 0 0 1
0 7fffffff ffffffff 0 0 1
0 7fffffff fffffffe 0 0 1
0 80000000 00000000 0 0 1
0 80000000 00000001 0 0 1
0 80000000 00000005 0 0 1
0 80000000 7fffffff 0 0 1
0 80000000 80000000 0 1 1
0 80000000 ffffffff 0 0 1
0 80000000 fffffffe 0 0 1
0 ffffffff 00000000 0 0 1
0 ffffffff 00000001 0 0 1
0 ffffffff 00000005 0 0 1
0 ffffffff 7fffffff 0 0 1
0 ffffffff 80000000 0 0 1
0 ffffffff ffffffff 0 1 1
0 ffffffff fffffffe 0 0 1
0 fffffffe 00000000 0 0 1
0 fffffffe 00000001 0 0 1
0 fffffffe 00000005 0 0 1
0 fffffffe 7fffffff 0 0 1
0 fffffffe 80000000 0 0 1
0 fffffffe ffffffff 0 0 1
0 fffffffe fffffffe 0 1 1
0 5a1298a1 5a1298a1 0 1 1
0 8dbb5b2a 57eda214 0 0 1
0 41e6cb06 647555ef 0 0 1
0 9d956d44 9d956d44 0 1 1
0 6b24f3ed f515f5fb 0 0 1
0 1a3a8bee 1a3a8bee 0 1 1
0 f1517906 7b470af1 0 0 1
0 b94eba88 eadaf943 0 0 1
0 d0d27379 914c2672 0 0 1
0 6d7db5ab 85f4ff0f 0 0 1
0 8392680f f52fff01 0 0 1
0 3df6e978 3df6e978 0 1 1
0 5fc96c7f 5a7bde3d 0 0 1
0 99d9898d 9339f45d 0 0 1
0 c30bc4be c30bc4be 0 1 1
0 c9e24bc4 ea3a6a23 0 0 1
0 ef7f224c ef7f224c 0 1 1
0 557c4f42 557c4f42 0 1 1
0 940ee15a 8a45d9e2 0 0 1
0 d01fd698 a6184ff5 0 0 1
0 df37cc15 ed50c848 0 0 1
0 b2ff502c 37f32628 0 0 1
0 78956fc7 c5e83911 0 0 1
0 6aaa3f2b acc34573 0 0 1
0 df5266fc c5df20d4 0 0 1
0 cf59aaeb 8e25ea34 0 0 1
0 ec08b733 885e010f 0 0 1
0 90bcfc40 90bcfc40 0 1 1
0 4fecc650 653e09d4 0 0 1
0 429f55b1 84f75641 0 0 1
0 ccb38b89 1d2ae34f 0 0 1
0 a09dc1d0 613efb37 0 0 1
0 7c43186c 9a804aed 0 0 1
0 fc40f9cc 26321ed4 0 0 1
0 71a28971 71a28971 0 1 1
0 2b987e77 cde8b5b7 0 0 1
0 c2efb447 c2efb447 0 1 1
0 44082fef 9f5d0ea9 0 0 1
0 8bff5091 cd476521 0 0 1
0 6f84541e c2598806 0 0 1
0 087e9798 e6318946 0 0 1
0 a4f04e06 f18f62ca 0 0 1
0 ac927d39 ea1790c2 0 0 1
0 b54baaab f3a743a5 0 0 1
0 50a36289 93b114f4 0 0 1
0 3e368785 6e7fca65 0 0 1
0 fe697c1d dde79a18 0 0 1
0 b1191146 b1191146 0 1 1
0 784459c0 20bc8011 0 0 1
0 1931e769 1931e769 0 1 1
0 c8fc88c4 8703c2e9 0 0 1
0 6471bf41 6471bf41 0 1 1
0 71a4c8f3 71a4c8f3 0 1 1
0 1f540558 5e871305 0 0 1
0 054e02e8 23f3c5bc 0 0 1
0 2e61c2f1 d5e80864 0 0 1
0 7db1143e c5db05b3 0 0 1
0 cfcae1a3 741e8ae1 0 0 1
0 904873ec b1edd11d 0 0 1
0 12e7887a 12e7887a 0 1 1
0 268b9296 569d9f18 0 0 1
0 a2b1c2e3 e0a677ba 0 0 1
0 9f3e8e4b 0fad1b39 0 0 1
0 60f464ac 60f464ac 0 1 1
0 16adc051 e11681d9 0 0 1
0 8c40454e 9cd6bd08 0 0 1
0 e57fc84d 26b55b62 0 0 1
0 8cc8192b 45edda6d 0 0 1
0 9e75f3d0 92223927 0 0 1
0 14a8f660 57bc37c3 0 0 1
0 8e78357e 8e78357e 0 1 1
0 1d561d2d 5a8ee103 0 0 1
0 e817785d d823800c 0 0 1
0 c27d551a 23c03d18 0 0 1
0 1043e9d6 1df8102f 0 0 1
0 e73e5d1b c96f7859 0 0 1
0 742a08f7 6f40d390 0 0 1
0 cf46caab c36f1de4 0 0 1
0 f760a712 f760a712 0 1 1
0 ca0aa3ba b46aeb0b 0 0 1
0 7d7de53f c144896b 0 0 1
0 3ec02a05 54c39a26 0 0 1
0 2abb1d29 967504fa 0 0 1
0 1922b491 f0900287 0 0 1
0 75e531bd a3560e94 0 0 1
0 8b7fe81b b06dc7ee 0 0 1
0 eb30f13a eb30f13a 0 1 1
0 8f692f11 8f692f11 0 1 1
0 adfa4180 c594fbac 0 0 1
0 43651c86 623a62af 0 0 1
0 1186fd58 1be9b2e5 0 0 1
0 e11316e5 970a0004 0 0 1
0 9952a1bc be8c9510 0 0 1
0 ca70fb81 4fcb6032 0 0 1
0 697f1c24 e5680a12 0 0 1
0 e5f72a7e a1ecaf71 0 0 1
0 1768f93e 1a49472a 0 0 1
0 832c1bcb 67b34afc 0 0 1
0 f40a9105 d613fc2f 0 0 1
0 5c30fcb1 d0f265c5 0 0 1
0 eee124a8 eee124a8 0 1 1
0 9f574580 5c4ba5a5 0 0 1
0 0cdcdb0a dd7a39c1 0 0 1
0 0e753a22 a249bcf7 0 0 1
0 ce9e430f 35ea97b8 0 0 1
0 4a2b77e3 d9de1b59 0 0 1
0 a94c7ca6 f4ff06a0 0 0 1
0 4cacf20e c6947689 0 0 1
0 70c1759c acaba24b 0 0 1
0 0e057a6d 0e057a6d 0 1 1
0 7acd9cb8 7acd9cb8 0 1 1
0 6c38e0db 852d5eab 0 0 1
0 7018c580 dc21a54b 0 0 1
0 41fa137f 4d965374 0 0 1
0 1fb48520 6c4f7999 0 0 1
0 562f1b2a f495d778 0 0 1
0 3c08b5c0 83636155 0 0 1
0 435a9af8 05e7bf49 0 0 1
0 eb21de74 df9714f5 0 0 1
0 611b28f4 e9ff8493 0 0 1
0 98385a9d 9847836d 0 0 1
0 b09a07c0 763a3bf5 0 0 1
0 9df27e7d aeba4f78 0 0 1
0 b3afa089 0af4b17a 0 0 1
0 2e7f940e 2e744807 0 0 1
0 9fb6ab87 9fb6ab87 0 1 1
0 69388fe3 69388fe3 0 1 1
0 76337a4d 76337a4d 0 1 1
0 99127987 9fdba6e2 0 0 1
0 239b6a3e 8f68b95c 0 0 1
0 639ce6de 639ce6de 0 1 1
0 7fd3ef37 a13901cf 0 0 1
0 5f8a0eaa 82e11fce 0 0 1
0 66860897 66860897 0 1 1
0 ca1c9a91 f0e2f637 0 0 1
0 e3de8f4d da1718ca 0 0 1
0 9e068c11 9e068c11 0 1 1
0 aa4539a0 707284b8 0 0 1
0 98a93308 653fb46f 0 0 1
0 8646c5d1 6ebd7a88 0 0 1
0 bfb9f691 50fea642 0 0 1
0 65a972d2 21ec6037 0 0 1
0 f2cd7ffd 7cd4a7f1 0 0 1
0 55437463 1ad6fed6 0 0 1
0 40a3956f f977b35b 0 0 1
0 17bbcefc 079c9692 0 0 1
0 6501039d 14d19235 0 0 1
0 99ff4c37 a4e1ad90 0 0 1
0 35f5d36e b698b11d 0 0 1
0 dba30607 4e7ba3ad 0 0 1
0 80044f63 e9ced585 0 0 1
0 8fe96cb7 8fe96cb7 0 1 1
0 b83a016f b83a016f 0 1 1
0 b210ca50 9c51c262 0 0 1
0 795c3ffc 795c3ffc 0 1 1
0 df74dd00 3c3970ea 0 0 1
0 a014dd46 5fc50601 0 0 1
0 cd18f8de 567d5678 0 0 1
0 107573fa 107573fa 0 1 1
0 1b1b9245 dd8e29bf 0 0 1
0 2ee7fea1 2ee7fea1 0 1 1
0 83d5adab 83d5adab 0 1 1
0 2a584bb8 2a584bb8 0 1 1
0 203e429a dcbd8ad9 0 0 1
0 592b01fd 592b01fd 0 1 1
0 6a2799c1 a3fa35fc 0 0 1
0 3834135a 58cf85f0 0 0 1
0 c4c51bdc c4c51bdc 0 1 1
0 506c786e 506c786e 0 1 1
0 33aaa31d 22ae45e4 0 0 1
0 f68b7f3a f8e690d7 0 0 1
0 1744cb55 c4cc4102 0 0 1
0 b7245aea f1f0b71c 0 0 1
0 ea8007c2 8bc41ec3 0 0 1
0 92948adb ae1840b7 0 0 1
0 e694abba 85757dbe 0 0 1
0 84fcac59 706a4c63 0 0 1
0 6fa05eab ba4f4644 0 0 1
0 7d9be4f1 7d9be4f1 0 1 1
0 f7fa18bb 9983dade 0 0 1
0 f038fe73 19e275e1 0 0 1
0 70687298 1fc09a95 0 0 1
0 18a6aeea 6fe969b1 0 0 1
0 bd2082c6 556dab3d 0 0 1
0 f9b23be2 2ffe51ff 0 0 1
0 e9f61f65 68a56c10 0 0 1
0 78038752 ed014751 0 0 1
0 849895e8 84340238 0 0 1
0 1e98fa71 3abc8b40 0 0 1
0 32d7f936 8a3844e5 0 0 1
0 7e5aef48 245a9de4 0 0 1
0 ace68e0d ace68e0d 0 1 1
0 4a00cc5d 4a00cc5d 0 1 1
0 bf2005ff 9ac9225b 0 0 1
0 4c77a490 4c77a490 0 1 1
0 9e0cf4e0 019d049e 0 0 1
0 4195218b 3135a6a2 0 0 1
0 8e35f8b6 e6edb875 0 0 1
0 5ee5322c 5ee5322c 0 1 1
0 f6dec370 08d78320 0 0 1
0 00000000 00000000 1 0 1
0 00000000 00000001 1 1 1
0 00000000 00000005 1 1 1
0 00000000 7fffffff 1 1 1
0 00000000 80000000 1 1 1
0 00000000 ffffffff 1 1 1
0 00000000 fffffffe 1 1 1
0 00000001 00000000 1 1 1
0 00000001 00000001 1 0 1
0 00000001 00000005 1 1 1
0 00000001 7fffffff 1 1 1
0 00000001 80000000 1 1 1
0 00000001 ffffffff 1 1 1
0 00000001 fffffffe 1 1 1
0 00000005 00000000 1 1 1
0 00000005 00000001 1 1 1
0 00000005 00000005 1 0 1
0 00000005 7fffffff 1 1 1
0 00000005 80000000 1 1 1
0 00000005 ffffffff 1 1 1
0 00000005 fffffffe 1 1 1
0 7fffffff 00000000 1 1 1
0 7fffffff 00000001 1 1 1
0 7fffffff 00000005 1 1 1
0 7fffffff 7fffffff 1 0 1
0 7fffffff 80000000 1 1 1
0 7fffffff ffffffff 1 1 1
0 7fffffff fffffffe 1 1 1
0 80000000 00000000 1 1 1
0 80000000 00000001 1 1 1
0 80000000 00000005 1 1 1
0 80000000 7fffffff 1 1 1
0 80000000 80000000 1 0 1
0 80000000 ffffffff 1 1 1
0 80000000 fffffffe 1 1 1
0 ffffffff 00000000 1 1 1
0 ffffffff 00000001 1 1 1
0 ffffffff 00000005 1 1 1
0 ffffffff 7fffffff 1 1 1
0 ffffffff 80000000 1 1 1
0 ffffffff ffffffff 1 0 1
0 ffffffff fffffffe 1 1 1
0 fffffffe 00000000 1 1 1
0 fffffffe 00000001 1 1 1
0 fffffffe 00000005 1 1 1
0 fffffffe 7fffffff 1 1 1
0 fffffffe 80000000 1 1 1
0 fffffffe ffffffff 1 1 1
0 fffffffe fffffffe 1 0 1
0 cbe3deae fd621dba 1 1 1
0 4d364167 4cb19c88 1 1 1
0 6bf9845f 6bf9845f 1 0 1
0 d7f533a0 c1bcc107 1 1 1
0 7f6e7d25 0b9f00c6 1 1 1
0 b95ba9ba b07f9658 1 1 1
0 e971b305 45444186 1 1 1
0 67d0cfd3 67d0cfd3 1 0 1
0 0624f06e c40006b8 1 1 1
0 6ad48618 16b6085b 1 1 1
0 585bd262 fda9ba13 1 1 1
0 de0cd7be e2d7dc8a 1 1 1
0 a0a9f16c ddb119ea 1 1 1
0 d61d33e8 d61d33e8 1 0 1
0 e193bfa6 e193bfa6 1 0 1
0 7921408b fe71332f 1 1 1
0 2989fa7c edcb9175 1 1 1
0 6c0ea393 328c4187 1 1 1
0 4bf56ca8 4bf56ca8 1 0 1
0 9ac16065 030978ca 1 1 1
0 40487ede 88450f24 1 1 1
0 5f674e36 f6940a87 1 1 1
0 36d9a358 e94b4a8c 1 1 1
0 09d05257 96234174 1 1 1
0 6a2b1c7f cf99fddf 1 1 1
0 cdead70f e526f0a9 1 1 1
0 01ea53ca 01ea53ca 1 0 1
0 4f9bd5f6 9be5a98a 1 1 1
0 37fb038d d83027e3 1 1 1
0 86347e25 00dc3fe5 1 1 1
0 08f01c6e 9690796a 1 1 1
0 0c9c27ba c358b0a5 1 1 1
0 76cb2baa 76cb2baa 1 0 1
0 f76f0199 acd469c7 1 1 1
0 ee2bfd5f 653ae1b4 1 1 1
0 829d6f50 e2fc7fe1 1 1 1
0 10b5541f b6dd44be 1 1 1
0 4faa12c6 4faa12c6 1 0 1
0 eab37fc8 6821f250 1 1 1
0 ba807f90 b8302285 1 1 1
0 1705c3a0 e4416518 1 1 1
0 f294620a f0339daa 1 1 1
0 1925367c 60a1f0a6 1 1 1
0 2d29ed01 07cd71c6 1 1 1
0 933a845b 93a88ced 1 1 1
0 cfe3874c 30fec926 1 1 1
0 2040604b 1617fcec 1 1 1
0 01f32487 6a903e88 1 1 1
0 b503b56f bbc9caa1 1 1 1
0 20a91d2b 20a91d2b 1 0 1
0 b8be29e1 bdd5ed9b 1 1 1
0 da24c1f7 a431f81e 1 1 1
0 e818b13f 433c68df 1 1 1
0 a3eea848 25c6b46c 1 1 1
0 1338a3cb 1338a3cb 1 0 1
0 3dd13b73 967808f2 1 1 1
0 20d61e78 20d61e78 1 0 1
0 047cf9aa 047cf9aa 1 0 1
0 84bc8030 9cb56617 1 1 1
0 dab0b400 4ac817a5 1 1 1
0 91e82449 6b16dad4 1 1 1
0 8c203413 7cf20954 1 1 1
0 9cca9daf dee0256c 1 1 1
0 060178e0 060178e0 1 0 1
0 ce0d6505 9409031b 1 1 1
0 d2debe7f 25570466 1 1 1
0 ee12b6a7 1e0645b1 1 1 1
0 26c998e8 48feee8c 1 1 1
0 9de241ce ce91e611 1 1 1
0 a680812c d2f8119b 1 1 1
0 da9b42aa 68e36542 1 1 1
0 c0fb9281 732020b9 1 1 1
0 9b067028 9b067028 1 0 1
0 6d8dee4b ef2e24d2 1 1 1
0 df4856ef bb6766df 1 1 1
0 687534be 8e43ff29 1 1 1
0 4d48a12b 4eab3005 1 1 1
0 64fc2dd3 606059d4 1 1 1
0 091a3feb 86be9aba 1 1 1
0 44cb1fac 44cb1fac 1 0 1
0 6473147b 6473147b 1 0 1
0 e1ca85a5 1b8e9438 1 1 1
0 97c2a2e6 97c2a2e6 1 0 1
0 f0179f62 e411ad48 1 1 1
0 5717620b 925c2b7a 1 1 1
0 c05b068f c05b068f 1 0 1
0 42a87dbf 9eec73bf 1 1 1
0 dbf76dd2 dbf76dd2 1 0 1
0 ce1f2db3 b79a37f1 1 1 1
0 52cf8f6a 52cf8f6a 1 0 1
0 f16d8801 68a39e2e 1 1 1
0 a83efd3d a83efd3d 1 0 1
0 e702de7d ab429976 1 1 1
0 ef4a1c83 ef4a1c83 1 0 1
0 e11448d6 483b6995 1 1 1
0 aa0dded0 75edcc34 1 1 1
0 b20a9284 5747127e 1 1 1
0 ec890e19 ec890e19 1 0 1
0 8726ea63 e590147c 1 1 1
0 257fd6e2 908ab83a 1 1 1
0 ecd3cc36 d8502d85 1 1 1
0 92484744 d4dd5c61 1 1 1
0 c6a01eed caa7130b 1 1 1
0 a3a14214 ca71c0eb 1 1 1
0 a30a1f02 0a71ee46 1 1 1
0 5d90a79d e5aa6bae 1 1 1
0 c10dd279 c10dd279 1 0 1
0 9bd9603e e6b1ac32 1 1 1
0 b9d3a1ad b9d3a1ad 1 0 1
0 df8cd644 df8cd644 1 0 1
0 cdfeb106 0dbd3ab0 1 1 1
0 780a6d8c e9b11b31 1 1 1
0 8a1c989e 8a1c989e 1 0 1
0 18617cca 18617cca 1 0 1
0 ab456541 fc3cda54 1 1 1
0 bf6b6d0a f1f4e597 1 1 1
0 35504971 63b5de22 1 1 1
0 dea2f769 dea2f769 1 0 1
0 8d8b0118 60373ca2 1 1 1
0 5f4b7e3d 3998a960 1 1 1
0 4a7aea40 9bcd5182 1 1 1
0 ad4d4b4e 5221126b 1 1 1
0 91d5ec46 91d5ec46 1 0 1
0 f82cdc9b 4bd59a2c 1 1 1
0 72302322 df603a9d 1 1 1
0 534088d7 2571152b 1 1 1
0 978ec4ee 978ec4ee 1 0 1
0 dfdaa9ea 57d1f8af 1 1 1
0 4624358f 4624358f 1 0 1
0 353f91c8 353f91c8 1 0 1
0 e38c134a ff3b06e6 1 1 1
0 a6900cca aed624d2 1 1 1
0 7e0a84ee 61ba36e7 1 1 1
0 a627c62c a627c62c 1 0 1
0 c4586587 2660001a 1 1 1
0 1b3ed080 4d0e2daa 1 1 1
0 ecadcf2e 69feeed3 1 1 1
0 c0484aa9 c0484aa9 1 0 1
0 36d6cab5 e03688da 1 1 1
0 aa1d0f99 16dadb8c 1 1 1
0 8e38d5df 4f1e1154 1 1 1
0 50bba810 1e6615cd 1 1 1
0 175086a6 74610488 1 1 1
0 363c5169 a73d8457 1 1 1
0 162e23ac 5735bb89 1 1 1
0 c2912493 ff86a4d3 1 1 1
0 7bf7eb85 fa5ef834 1 1 1
0 0f32874c caaf7194 1 1 1
0 bb120389 ca6286b5 1 1 1
0 61059378 97871896 1 1 1
0 0f328b96 0f328b96 1 0 1
0 750cb75f 834eba81 1 1 1
0 82d4f5c5 518a1d51 1 1 1
0 6fb958ab 3fb13c00 1 1 1
0 9c2541de b3d0d5aa 1 1 1
0 a471a4be 92059f13 1 1 1
0 a2500f01 9252839d 1 1 1
0 d340bf17 d340bf17 1 0 1
0 3d412d16 07858289 1 1 1
0 b1e48262 8272c541 1 1 1
0 dc3bf1f3 9b0f1752 1 1 1
0 42b29501 4b714101 1 1 1
0 e59b49ce e59b49ce 1 0 1
0 57e2977a 9acc08eb 1 1 1
0 a143f299 56337abd 1 1 1
0 811de74f 811de74f 1 0 1
0 c6aebb93 5f6950a8 1 1 1
0 2f4f5b16 2f4f5b16 1 0 1
0 ba239886 09020f9b 1 1 1
0 6410baab ee00cbb7 1 1 1
0 b1cabab3 9f20dc22 1 1 1
0 180cadbc b2372112 1 1 1
0 7e088466 dbc7174e 1 1 1
0 f7c20191 48430bf9 1 1 1
0 b1ff1cae d374e1e9 1 1 1
0 e7ff684d cf4c7ffc 1 1 1
0 6d6fb030 6d6fb030 1 0 1
0 9ca57bd9 75af7fe4 1 1 1
0 4abc232a 4abc232a 1 0 1
0 2eb0d158 ec6fc0e0 1 1 1
0 4f19fcf4 4f19fcf4 1 0 1
0 b0bbdf7e 064fb916 1 1 1
0 5b057a12 5b057a12 1 0 1
0 48cd9f65 6a71bb3b 1 1 1
0 c1f58282 3c6ef9b3 1 1 1
0 74403a65 d220ed07 1 1 1
0 e9858648 e9858648 1 0 1
0 2150353d 67038a22 1 1 1
0 7178270f 7178270f 1 0 1
0 0bc08a81 73c0830a 1 1 1
0 883c979c 8ed1d1c0 1 1 1
0 06c86ba6 72c70f26 1 1 1
0 8a5bfc22 96c3ec31 1 1 1
0 29479c74 fee40598 1 1 1
0 c9baa292 3d069eda 1 1 1
0 468e705a 3193e3c8 1 1 1
0 8ea890f6 da235b3d 1 1 1
0 7e3a182d be19756a 1 1 1
0 465562ba 56464e8a 1 1 1
0 866d0857 866d0857 1 0 1
1 00000000 00000000 4 0 1
1 00000000 00000001 4 1 1
1 00000000 00000005 4 1 1
1 00000000 7fffffff 4 1 1
1 00000000 80000000 4 0 1
1 00000000 ffffffff 4 0 1
1 00000000 fffffffe 4 0 1
1 00000001 00000000 4 0 1
1 00000001 00000001 4 0 1
1 00000001 00000005 4 1 1
1 00000001 7fffffff 4 1 1
1 00000001 80000000 4 0 1
1 00000001 ffffffff 4 0 1
1 00000001 fffffffe 4 0 1
1 00000005 00000000 4 0 1
1 00000005 00000001 4 0 1
1 00000005 00000005 4 0 1
1 00000005 7fffffff 4 1 1
1 00000005 80000000 4 0 1
1 00000005 ffffffff 4 0 1
1 00000005 fffffffe 4 0 1
1 7fffffff 00000000 4 0 1
1 7fffffff 00000001 4 0 1
1 7fffffff 00000005 4 0 1
1 7fffffff 7fffffff 4 0 1
1 7fffffff 80000000 4 0 1
1 7fffffff ffffffff 4 0 1
1 7fffffff fffffffe 4 0 1
1 80000000 00000000 4 1 1
1 80000000 00000001 4 1 1
1 80000000 00000005 4 1 1
1 80000000 7fffffff 4 1 1
1 80000000 80000000 4 0 1
1 80000000 ffffffff 4 1 1
1 80000000 fffffffe 4 1 1
1 ffffffff 00000000 4 1 1
1 ffffffff 00000001 4 1 1
1 ffffffff 00000005 4 1 1
1 ffffffff 7fffffff 4 1 1
1 ffffffff 80000000 4 0 1
1 ffffffff ffffffff 4 0 1
1 ffffffff fffffffe 4 0 1
1 fffffffe 00000000 4 1 1
1 fffffffe 00000001 4 1 1
1 fffffffe 00000005 4 1 1
1 fffffffe 7fffffff 4 1 1
1 fffffffe 80000000 4 0 1
1 fffffffe ffffffff 4 1 1
1 fffffffe fffffffe 4 0 1
1 3889fab8 41158309 4 1 1
1 c8d54c61 085e25fc 4 1 1
1 c8175d8b c8175d8b 4 0 1
1 b0603968 ecf56d17 4 1 1
1 b66f1f7d bc61e5c4 4 1 1
1 b6d82b47 15b39067 4 1 1
1 52f95c9a bcf81a43 4 0 1
1 a5717659 f3bf1fc3 4 1 1
1 374fc477 f5019fc1 4 0 1
1 a073eadb a073eadb 4 0 1
1 429f78da 472a5396 4 1 1
1 5c604a5e bf9db379 4 0 1
1 2a250a5d 2a250a5d 4 0 1
1 2f2b860d da59137a 4 0 1
1 c5f01986 9a968200 4 0 1
1 ea500523 cf690ae5 4 0 1
1 8e343f31 1a48c819 4 1 1
1 493d9379 493d9379 4 0 1
1 52107f2a 52107f2a 4 0 1
1 731b6fd8 4c66db11 4 0 1
1 3202e17a c0ffa68d 4 0 1
1 7eb40c40 b8d5cd3e 4 0 1
1 24dce157 dd482ac1 4 0 1
1 22e1d77e 89d5aa4c 4 0 1
1 d952d721 4ffedbf9 4 1 1
1 41c09ef9 e5f89333 4 0 1
1 f742897e 06bafcd8 4 1 1
1 4f1ebf94 bec9c1b2 4 0 1
1 e9f8bf86 e9f8bf86 4 0 1
1 2c9d9971 b2f88303 4 0 1
1 7ca666ba 7ca666ba 4 0 1
1 034a5b15 3f530796 4 1 1
1 66c43a7f fe026797 4 0 1
1 c9585a8d 2dd38b3d 4 1 1
1 9a5f21a5 9a5f21a5 4 0 1
1 50adf6be a7ca7314 4 0 1
1 4cc55d0c a033969f 4 0 1
1 17c41b0e fbc3e183 4 0 1
1 0b21423f ede25a55 4 0 1
1 e64e51f3 3c669f2e 4 1 1
1 4bb8a002 2ddb5da5 4 0 1
1 2d437e45 cab2bc63 4 0 1
1 75cc91b6 9ca66994 4 0 1
1 bdc50d8d bdc50d8d 4 0 1
1 4e8221e7 a8c753ae 4 0 1
1 dda9faea dda9faea 4 0 1
1 996e2340 8192e701 4 0 1
1 6ccbeb9e 6ccbeb9e 4 0 1
1 62737e60 3964bc66 4 0 1
1 87b2c5ae b11542f0 4 1 1
1 71e947eb e2c50c13 4 0 1
1 2eb1d686 520099fe 4 1 1
1 ea25c979 1fe880c1 4 1 1
1 60ca5af6 16fba86b 4 0 1
1 bc0f8810 3c557d9f 4 1 1
1 00e7ac59 d163c579 4 0 1
1 067f8974 6588ff2a 4 1 1
1 dc2a5ca9 fb257db5 4 1 1
1 b6854231 b6854231 4 0 1
1 fb932ba1 fb932ba1 4 0 1
1 0cf5dbe3 9c427222 4 0 1
1 5a42f1a3 af35ce4b 4 0 1
1 7fca6f22 c4d37064 4 0 1
1 98f7ba16 d03e812c 4 1 1
1 0c467634 42ac891f 4 1 1
1 7cbc1231 1bff0753 4 0 1
1 8734c029 2f40b5fe 4 1 1
1 6593d7bd 977bc162 4 0 1
1 e9e72e8b 872e27f7 4 0 1
1 47bf6653 2954951d 4 0 1
1 51f24960 51f24960 4 0 1
1 7b699c30 7b699c30 4 0 1
1 b1b1c7c9 641b5b02 4 1 1
1 aca9499d cd3e0f86 4 1 1
1 c0c88a21 1613474f 4 1 1
1 eb79fcad 254f98e1 4 1 1
1 f9062368 c70dc9b9 4 0 1
1 4b9239b7 4b9239b7 4 0 1
1 1b496a4f 8e0ec0c1 4 0 1
1 f65f3ccc 1b3688b3 4 1 1
1 326ac77c 4d6c19af 4 1 1
1 b773694d db47135c 4 1 1
1 55ddf881 6b83539a 4 1 1
1 18c0d786 18c0d786 4 0 1
1 545fe446 fb3cc250 4 0 1
1 88871f17 94be075b 4 1 1
1 f111c78c e7022ab0 4 0 1
1 2342c9a1 3ef65407 4 1 1
1 ac662d26 7f4d03be 4 1 1
1 8d0509e3 335d6ef7 4 1 1
1 c5a25c0b c5a25c0b 4 0 1
1 2aef1b38 2aef1b38 4 0 1
1 deb63779 3a403c87 4 1 1
1 afa248a1 3aa46f74 4 1 1
1 3ea378b4 33a7ad46 4 0 1
1 d3115b3e 6cb7473e 4 1 1
1 2fba4eb0 9d6ab031 4 0 1
1 f9f914a9 c500c8b0 4 0 1
1 681d5318 3b5957d1 4 0 1
1 6c6cc3a6 04a7940f 4 0 1
1 6c3a1901 f5b39cf4 4 0 1
1 10e177d8 640e5ba9 4 1 1
1 300136c7 3d550216 4 1 1
1 7e03a073 d630942a 4 0 1
1 8cef5ca2 7ab72d64 4 1 1
1 50722a64 b32f9899 4 0 1
1 aa384637 b1416800 4 1 1
1 bed43626 60229633 4 1 1
1 9fec7129 0dca7be2 4 1 1
1 37aedc88 7dc1cd3d 4 1 1
1 968168fa d8a49eff 4 1 1
1 6661c9ee 23d3dc42 4 0 1
1 6b297cdb b246166e 4 0 1
1 862fa3b9 be51a7d1 4 1 1
1 1b6743fb 5ca2d80a 4 1 1
1 d677a066 62c4c5e1 4 1 1
1 4310ddea f8a5f311 4 0 1
1 e2cf21f4 e2cf21f4 4 0 1
1 0d8420f9 b0351e3f 4 0 1
1 423045f5 423045f5 4 0 1
1 e283104b 3b216a3b 4 1 1
1 920bf618 8dc192cf 4 0 1
1 cff4183b 221fd08b 4 1 1
1 3c5fa894 3c5fa894 4 0 1
1 2265509a 0d270973 4 0 1
1 2526bb59 2cb2f01f 4 1 1
1 63df8522 c4be8cb1 4 0 1
1 b1877405 4544394e 4 1 1
1 85b0dd55 85b0dd55 4 0 1
1 bb629f21 276a9c24 4 1 1
1 f0917326 f9c50805 4 1 1
1 527b0bc9 84b62e62 4 0 1
1 bcdfb286 181d9eb8 4 1 1
1 59c48e8a 026bd24a 4 0 1
1 a19bf179 8892f024 4 0 1
1 4482ab51 9d02021d 4 0 1
1 778c277a 5d0ddfde 4 0 1
1 228bb989 353a5525 4 1 1
1 050b8b03 050b8b03 4 0 1
1 62690c23 a829413c 4 0 1
1 acb261a8 936f548b 4 0 1
1 28672ab0 5e22d2bf 4 1 1
1 0edc36c3 2e87c856 4 1 1
1 e0fe02cf 7b451cbb 4 1 1
1 f955d514 6d4a1553 4 1 1
1 0e99dbdc b1865d59 4 0 1
1 b3ee8b56 c6558fe3 4 1 1
1 deb4ec8a 93774e86 4 0 1
1 531cb84a 636a85dd 4 1 1
1 bdd8f37b a3d693ba 4 0 1
1 2b786e32 2b786e32 4 0 1
1 32b77b41 007abac5 4 0 1
1 978da20a 3332c15e 4 1 1
1 8c65b3c5 29e07b58 4 1 1
1 4aa657f8 6f3b121d 4 1 1
1 a7991a0d 6fa1354e 4 1 1
1 dcf72ed4 2ab3a797 4 1 1
1 951e704d f3ce8c46 4 1 1
1 f6ed364b f6ed364b 4 0 1
1 0ca67546 0ca67546 4 0 1
1 b099c027 b099c027 4 0 1
1 7b6af44a 7b6af44a 4 0 1
1 8d2fb20c ca1aeeb5 4 1 1
1 fba794cb c508eaa1 4 0 1
1 1ec29e53 1ec29e53 4 0 1
1 423ffd04 193b358a 4 0 1
1 e9365238 a8c29f72 4 0 1
1 1df3fa2a 02510915 4 0 1
1 4748c784 e04e1380 4 0 1
1 eb7ad09b 1f8ead26 4 1 1
1 f4b21cd0 5e60e1d2 4 1 1
1 7741a596 7741a596 4 0 1
1 7df3d058 6d05205b 4 0 1
1 a43b4b3c a43b4b3c 4 0 1
1 e56f4857 35c57eef 4 1 1
1 5ee6698d 5ee6698d 4 0 1
1 b95afab2 24a93e2c 4 1 1
1 34b82be0 bea4f6dc 4 0 1
1 1b4e7e59 9b1d8192 4 0 1
1 a34459be 8a570b27 4 0 1
1 c27f945d cb171064 4 1 1
1 d7465fe8 09acd5a2 4 1 1
1 26743a71 c1909d9a 4 0 1
1 422c3aad 422c3aad 4 0 1
1 5f7e0ab8 5f7e0ab8 4 0 1
1 552c361e cb85314d 4 0 1
1 aa15fd59 882592c7 4 0 1
1 5ecc72c2 e78e6c91 4 0 1
1 24b49097 681f9363 4 1 1
1 921faefe ad9e5404 4 1 1
1 2e07eb66 c6f51131 4 0 1
1 60064629 60064629 4 0 1
1 1ac79ad1 2ab37657 4 1 1
1 aeb7a9c8 10a48751 4 1 1
1 19cda34f 19cda34f 4 0 1
1 caf1741d caf1741d 4 0 1
1 dc3594bb fad1d6e2 4 1 1
1 2e500037 18b493ae 4 0 1
1 106608dc ff8c76e2 4 0 1
1 7b4557e4 0477b9c5 4 0 1
1 00000000 00000000 5 1 1
1 00000000 00000001 5 0 1
1 00000000 00000005 5 0 1
1 00000000 7fffffff 5 0 1
1 00000000 80000000 5 1 1
1 00000000 ffffffff 5 1 1
1 00000000 fffffffe 5 1 1
1 00000001 00000000 5 1 1
1 00000001 00000001 5 1 1
1 00000001 00000005 5 0 1
1 00000001 7fffffff 5 0 1
1 00000001 80000000 5 1 1
1 00000001 ffffffff 5 1 1
1 00000001 fffffffe 5 1 1
1 00000005 00000000 5 1 1
1 00000005 00000001 5 1 1
1 00000005 00000005 5 1 1
1 00000005 7fffffff 5 0 1
1 00000005 80000000 5 1 1
1 00000005 ffffffff 5 1 1
1 00000005 fffffffe 5 1 1
1 7fffffff 00000000 5 1 1
1 7fffffff 00000001 5 1 1
1 7fffffff 00000005 5 1 1
1 7fffffff 7fffffff 5 1 1
1 7fffffff 80000000 5 1 1
1 7fffffff ffffffff 5 1 1
1 7fffffff fffffffe 5 1 1
1 80000000 00000000 5 0 1
1 80000000 00000001 5 0 1
1 80000000 00000005 5 0 1
1 80000000 7fffffff 5 0 1
1 80000000 80000000 5 1 1
1 80000000 ffffffff 5 0 1
1 80000000 fffffffe 5 0 1
1 ffffffff 00000000 5 0 1
1 ffffffff 00000001 5 0 1
1 ffffffff 00000005 5 0 1
1 ffffffff 7fffffff 5 0 1
1 ffffffff 80000000 5 1 1
1 ffffffff ffffffff 5 1 1
1 ffffffff fffffffe 5 1 1
1 fffffffe 00000000 5 0 1
1 fffffffe 00000001 5 0 1
1 fffffffe 00000005 5 0 1
1 fffffffe 7fffffff 5 0 1
1 fffffffe 80000000 5 1 1
1 fffffffe ffffffff 5 0 1
1 fffffffe fffffffe 5 1 1
1 1f69622c 1f69622c 5 1 1
1 ab7d18cd b3ba6946 5 0 1
1 21afe4d7 2380747b 5 0 1
1 0d2af19d 6b4cbdf8 5 0 1
1 ceb96d2e 12973307 5 0 1
1 fec6115a ad3da84a 5 1 1
1 b21424ec 82236cad 5 1 1
1 a0be62f3 c73ca58f 5 0 1
1 eea486fe 5b5001e2 5 0 1
1 4431ec76 30356188 5 1 1
1 0b522dcd 0b672952 5 0 1
1 2d60f9ed 86013284 5 1 1
1 4fafd416 b7a6cd1e 5 1 1
1 ec8ce687 eb119dba 5 1 1
1 0c0efaec c8d49717 5 1 1
1 a63e6469 a3203bdd 5 1 1
1 f24e819f f24e819f 5 1 1
1 c81ad4b0 29dd27b3 5 0 1
1 30c58e9a 8852bc65 5 1 1
1 c0471e4c 3ae0556d 5 0 1
1 c9e97623 7aed0895 5 0 1
1 015f1dfc 0d5ea2a0 5 0 1
1 e462a795 6830550c 5 0 1
1 17c1a134 17c1a134 5 1 1
1 57874bb5 578e7b9e 5 0 1
1 b176946e b176946e 5 1 1
1 26e96b49 e483236e 5 1 1
1 f07013a1 5601e20c 5 0 1
1 33c4860c 463c121c 5 0 1
1 ac2163b0 7b7169b7 5 0 1
1 2d69287d 63717fc4 5 0 1
1 32c301b9 32c301b9 5 1 1
1 f42a12f7 da3d4573 5 1 1
1 ff782a62 1dd1b30a 5 0 1
1 46168d05 7b6c574b 5 0 1
1 70f39ab7 23ca89b6 5 1 1
1 9e8a5dc7 9e8a5dc7 5 1 1
1 021df8e5 489d430f 5 0 1
1 faeee618 0a4069ec 5 0 1
1 f664cff4 d0385aa3 5 1 1
1 5f63b271 e8eaa98a 5 1 1
1 fc29d710 bf815646 5 1 1
1 41cfbda4 41cfbda4 5 1 1
1 7b847d6a 7786082f 5 1 1
1 aac79ebd 6318e1b4 5 0 1
1 29b357f2 1ee411f0 5 1 1
1 7200a915 ad03c5d8 5 1 1
1 43d14463 3db2ab71 5 1 1
1 f49b9323 0bcd8483 5 0 1
1 28274493 28274493 5 1 1
1 ec0e0ac9 d2d3194c 5 1 1
1 6b62a1c8 e0e471f8 5 1 1
1 3643ccba b1851c65 5 1 1
1 45bfdc66 d4672436 5 1 1
1 94e0d3bf 09d5f869 5 0 1
1 52542d80 6a8e85cc 5 0 1
1 1eaffe9a 1eaffe9a 5 1 1
1 87c2530c b26aaee6 5 0 1
1 b9eafbc1 2e77c46a 5 0 1
1 9a55f2c7 9a55f2c7 5 1 1
1 52e6a600 f23c79df 5 1 1
1 e4e614ca e1f85cef 5 1 1
1 ee0ba84b 88f60605 5 1 1
1 45e2ba76 2d455d76 5 1 1
1 829ecfbc a14577c8 5 0 1
1 83e0717b de44589c 5 0 1
1 92ee3817 68e26262 5 0 1
1 936d6200 54a3cbba 5 0 1
1 3e8ef1e5 ae4688bd 5 1 1
1 eaeffaf7 6744513b 5 0 1
1 d26c8e27 b2e65460 5 1 1
1 5f35cfd9 d47a18e8 5 1 1
1 362c1517 362c1517 5 1 1
1 5ad869ae 076bbd1a 5 1 1
1 76d9d97f 76d9d97f 5 1 1
1 5a10413b 16e6707b 5 1 1
1 1607cd47 1607cd47 5 1 1
1 6b6f97e5 ca704cee 5 1 1
1 8118cd9c f534afb6 5 0 1
1 ab61dd62 ab61dd62 5 1 1
1 2b192453 36ac6fd5 5 0 1
1 f63c5235 62032688 5 0 1
1 fd061e25 fd061e25 5 1 1
1 b3420ba1 b3420ba1 5 1 1
1 8ebb2406 0e62c35c 5 0 1
1 0520a1ff 31d32ed1 5 0 1
1 616eeb5e 616eeb5e 5 1 1
1 8e5b3464 f16c4ddb 5 0 1
1 5e23c4fd 3ff650ba 5 1 1
1 33161975 96ce4381 5 1 1
1 7601a50d baf172eb 5 1 1
1 c8045f73 f748f6a9 5 0 1
1 6570f3a2 7bd2dabd 5 0 1
1 08d5b80c 08d5b80c 5 1 1
1 319ba2ae ea1c2064 5 1 1
1 98868f88 8842d533 5 1 1
1 e06bc0e7 25c3e5c4 5 0 1
1 b18191dc b18191dc 5 1 1
1 a5572c9e ff5ff732 5 0 1
1 209d934a 2df89d5d 5 0 1
1 0ce81434 0ce81434 5 1 1
1 5b77ae4c e20b8ad7 5 1 1
1 05f47adf 221e2184 5 0 1
1 fe291986 fe291986 5 1 1
1 57eedc18 4d4c1fbb 5 1 1
1 6a15b5d9 f7f1c1e7 5 1 1
1 be3bc7e4 729d90ea 5 0 1
1 cc43c6a1 2945a4b5 5 0 1
1 fedae989 87c817da 5 1 1
1 de74c741 035d7f4e 5 0 1
1 20e45117 7df8943f 5 0 1
1 e5720ca1 e508ee16 5 1 1
1 6ac3edb6 02313176 5 1 1
1 94fe1d24 4d7c8ba6 5 0 1
1 d4548d75 d4548d75 5 1 1
1 843281e3 4e549452 5 0 1
1 a82fc4f6 2f14644b 5 0 1
1 da30e846 19e602b4 5 0 1
1 95c89258 ceaeb173 5 0 1
1 8db09c7e 390859f9 5 0 1
1 b9044b5b 9dbd3608 5 1 1
1 751f55c4 2febb73a 5 1 1
1 39c37fcd 46613586 5 0 1
1 06272f90 a1a11202 5 1 1
1 18824744 5d44c2d3 5 0 1
1 9160e484 701e474c 5 0 1
1 09f8ab96 09f8ab96 5 1 1
1 41783276 3600c723 5 1 1
1 5e14e03d 58a8214c 5 1 1
1 38c021bc 2f769240 5 1 1
1 e52c374d 635fb2b0 5 0 1
1 dffa5018 dffa5018 5 1 1
1 1db12807 1db12807 5 1 1
1 cbad4dc3 9ec04daf 5 1 1
1 f21038f3 5d148600 5 0 1
1 72db86aa cba4e9b9 5 1 1
1 7efb9f49 e3a6084e 5 1 1
1 c204be7e c204be7e 5 1 1
1 97c46fcd d0d094d5 5 0 1
1 8bba20f8 5edeaf80 5 0 1
1 6ee59916 6ee59916 5 1 1
1 a614fdcf 88d9d5b2 5 1 1
1 3ab28b87 c6a957ac 5 1 1
1 bf398352 bf398352 5 1 1
1 ddfbe473 3f033667 5 0 1
1 ce0be77e cda8fbcb 5 1 1
1 343c2c28 343c2c28 5 1 1
1 ff0bb35a 608d3572 5 0 1
1 94a503b9 060aa591 5 0 1
1 5215d3f1 3191ff4e 5 1 1
1 549aef13 84660293 5 1 1
1 d47aaf58 0474cbbe 5 0 1
1 651191c7 0a6441dc 5 1 1
1 829c8b5d 8e2a309f 5 0 1
1 8add96c4 58775c27 5 0 1
1 a21df0f6 ca4f65ae 5 0 1
1 9fcf12c2 9fcf12c2 5 1 1
1 986f7e14 986f7e14 5 1 1
1 18319474 ed42de64 5 1 1
1 401c4b9d 61e6e9f5 5 0 1
1 962743d0 0723dda9 5 0 1
1 cded8a95 cded8a95 5 1 1
1 8209a299 5d132ddb 5 0 1
1 b8ea44a5 42ca4697 5 0 1
1 c711f7d8 ebeb487c 5 0 1
1 447f4000 7f442666 5 0 1
1 c713e8e3 ab5dcd24 5 1 1
1 a212d178 a212d178 5 1 1
1 cd7a902b 26fdf6d6 5 0 1
1 eb63197c f6fc58e5 5 0 1
1 0bd77789 fc8a1ab1 5 1 1
1 fceaba35 fdeee316 5 0 1
1 c1507343 fe0f70ec 5 0 1
1 b4677ba1 91fc3a9a 5 1 1
1 a18e6b53 cb5c11e5 5 0 1
1 70a6ab2f d1163a67 5 1 1
1 9fee7ab4 427c9cc6 5 0 1
1 48803638 c57cffc1 5 1 1
1 8fe5e41d d766e427 5 0 1
1 628c54eb 628c54eb 5 1 1
1 ede54215 6540da41 5 0 1
1 68f1a8d3 dd7e5a3e 5 1 1
1 77fe4e7e 77fe4e7e 5 1 1
1 4b0c4bfd 85e663b9 5 1 1
1 f17aeb56 4cec9167 5 0 1
1 b62d2b42 efebb8c3 5 0 1
1 fd42d8be 3eed9f5a 5 0 1
1 dc9ca6e8 93d7bc2e 5 1 1
1 11ee3de5 11ee3de5 5 1 1
1 441a9b1a 50e1f555 5 0 1
1 68591cc7 68591cc7 5 1 1
1 3748fd2b 909361dc 5 1 1
1 49546500 19d73c54 5 1 1
1 8a17ea49 eae0fdba 5 0 1
1 c5a8dfd1 d2e08c61 5 0 1
1 2f071833 2f071833 5 1 1
1 0cd61c35 100a2512 5 0 1
1 5c85fe00 5c85fe00 5 1 1
1 70d644ff 70d644ff 5 1 1
1 ee4afef4 8f7d15ac 5 1 1
2 00000000 00000000 6 0 1
2 00000000 00000001 6 1 1
2 00000000 00000005 6 1 1
2 00000000 7fffffff 6 1 1
2 00000000 80000000 6 1 1
2 00000000 ffffffff 6 1 1
2 00000000 fffffffe 6 1 1
2 00000001 00000000 6 0 1
2 00000001 00000001 6 0 1
2 00000001 00000005 6 1 1
2 00000001 7fffffff 6 1 1
2 00000001 80000000 6 1 1
2 00000001 ffffffff 6 1 1
2 00000001 fffffffe 6 1 1
2 00000005 00000000 6 0 1
2 00000005 00000001 6 0 1
2 00000005 00000005 6 0 1
2 00000005 7fffffff 6 1 1
2 00000005 80000000 6 1 1
2 00000005 ffffffff 6 1 1
2 00000005 fffffffe 6 1 1
2 7fffffff 00000000 6 0 1
2 7fffffff 00000001 6 0 1
2 7fffffff 00000005 6 0 1
2 7fffffff 7fffffff 6 0 1
2 7fffffff 80000000 6 1 1
2 7fffffff ffffffff 6 1 1
2 7fffffff fffffffe 6 1 1
2 80000000 00000000 6 0 1
2 80000000 00000001 6 0 1
2 80000000 00000005 6 0 1
2 80000000 7fffffff 6 0 1
2 80000000 80000000 6 0 1
2 80000000 ffffffff 6 1 1
2 80000000 fffffffe 6 1 1
2 ffffffff 00000000 6 0 1
2 ffffffff 00000001 6 0 1
2 ffffffff 00000005 6 0 1
2 ffffffff 7fffffff 6 0 1
2 ffffffff 80000000 6 0 1
2 ffffffff ffffffff 6 0 1
2 ffffffff fffffffe 6 0 1
2 fffffffe 00000000 6 0 1
2 fffffffe 00000001 6 0 1
2 fffffffe 00000005 6 0 1
2 fffffffe 7fffffff 6 0 1
2 fffffffe 80000000 6 0 1
2 fffffffe ffffffff 6 1 1
2 fffffffe fffffffe 6 0 1
2 103f7a1b cfe70c19 6 1 1
2 ea4241dc 36369333 6 0 1
2 28ec6f84 28ec6f84 6 0 1
2 11013c0e 360339e1 6 1 1
2 2f204b02 c9d25f50 6 1 1
2 bf7cb458 371d2485 6 0 1
2 e4dc8036 8da158ab 6 0 1
2 eea4bda9 09c89933 6 0 1
2 cc38cc80 31fdf4f1 6 0 1
2 c65c918f 0da9c95a 6 0 1
2 ab90a2fd 4547fab2 6 0 1
2 819573ee 71a70d35 6 0 1
2 daa326b8 7c57caa7 6 0 1
2 356bb1a9 82d5c3e1 6 1 1
2 2ba8a275 d15dd393 6 1 1
2 ced6c639 93876570 6 0 1
2 cebdd5b3 b886fcf5 6 0 1
2 9454bba6 4ece50bb 6 0 1
2 07f44b03 07f44b03 6 0 1
2 89f52542 e365d163 6 1 1
2 b581ee97 b581ee97 6 0 1
2 96b51c76 96b51c76 6 0 1
2 6fb6f2f1 38679013 6 0 1
2 8dc0a3fc 8dc0a3fc 6 0 1
2 e0a5e283 272e8fbd 6 0 1
2 3eabcba0 6fed30a9 6 1 1
2 16b4b9df c5647c9f 6 1 1
2 e9ca9ae4 0d63743f 6 0 1
2 cfe05074 c92fc634 6 0 1
2 2afa0339 62018b2a 6 1 1
2 49b23dd7 d0d02847 6 1 1
2 6666620d 4c105e11 6 0 1
2 effceb49 7e2e1408 6 0 1
2 9950fe7d 1e97681f 6 0 1
2 d04dbca9 cec87115 6 0 1
2 f5a9b700 57fa5952 6 0 1
2 721c7420 9c0f4961 6 1 1
2 011b98d3 011b98d3 6 0 1
2 7e48ad85 a9878815 6 1 1
2 8dcfb0af 49fd209c 6 0 1
2 6d1ccd2a 214d683b 6 0 1
2 f4974862 1190745c 6 0 1
2 ae79d921 5e1f2be9 6 0 1
2 365b7dce d6e1a575 6 1 1
2 7c3f1f3f 49c22cf9 6 0 1
2 99bcbe86 d9726bfa 6 1 1
2 e68cae7d 30229b61 6 0 1
2 36e0dc27 2fe5ec59 6 0 1
2 fb5052ae 29c96c17 6 0 1
2 fc3e9339 5f09f05c 6 0 1
2 989921a6 d5052879 6 1 1
2 66772f7b 96709497 6 1 1
2 dabf4df2 d0cc19e1 6 0 1
2 1e3ce17b b848d869 6 1 1
2 01ccacf1 01ccacf1 6 0 1
2 638bcbd6 638bcbd6 6 0 1
2 b42ed6ce a81086eb 6 0 1
2 7ba532aa 7ba532aa 6 0 1
2 3cb97721 052d0782 6 0 1
2 358543db 358543db 6 0 1
2 6d141883 de2731d5 6 1 1
2 32e2f69d d2aca8f6 6 1 1
2 232fd5ee 73090f8f 6 1 1
2 c75fc624 c75fc624 6 0 1
2 e408028e 4f5f0941 6 0 1
2 1424ba26 6ebcc563 6 1 1
2 ae2805a2 66d03d46 6 0 1
2 49c75100 2da86891 6 0 1
2 24fe1a8c 5a90b660 6 1 1
2 84a0e49c 13cba788 6 0 1
2 f3322049 f3322049 6 0 1
2 aaffb644 14ebc7bf 6 0 1
2 3fdbeca7 5dfd72cb 6 1 1
2 755634f3 fa43b931 6 1 1
2 a1dcd062 a1dcd062 6 0 1
2 81cf366a 6fb292ba 6 0 1
2 1928959f 1928959f 6 0 1
2 bf6a5ced 25761a69 6 0 1
2 79f410b3 982d6883 6 1 1
2 4f4337af 9c96dba5 6 1 1
2 f0e90dcd 76722a87 6 0 1
2 81be1310 85b62efa 6 1 1
2 81c2190a e92289cd 6 1 1
2 dcf47ed8 81f0d007 6 0 1
2 dd7378a3 6d0f41d9 6 0 1
2 9a7b17d7 1ca76a38 6 0 1
2 1e180a93 c1e6f452 6 1 1
2 507bf81c fbffb332 6 1 1
2 f78f859c b1b4eaa9 6 0 1
2 d1a78071 0aa9e764 6 0 1
2 261665c6 261665c6 6 0 1
2 c50c1909 f0b50a3d 6 1 1
2 eafcc00b 5a618f9d 6 0 1
2 a6a669c5 dba86305 6 1 1
2 fd886a99 0f307bde 6 0 1
2 73fcd6b9 b7697653 6 1 1
2 05e4eda5 b871db7a 6 1 1
2 c5f046ed 040828c1 6 0 1
2 b2eb53cd b2eb53cd 6 0 1
2 1e312bb9 1e312bb9 6 0 1
2 8bb817f6 e38e2247 6 1 1
2 dd8910c9 3e640382 6 0 1
2 03ac8632 24b6bcc3 6 1 1
2 4d38b17f 81806ffd 6 1 1
2 7aa6df7e 7aa6df7e 6 0 1
2 d52d420f 8b60b787 6 0 1
2 9e8bc652 92d6fd21 6 0 1
2 43f8daad f0a93002 6 1 1
2 c63ae653 fdccec5b 6 1 1
2 e81e9d4d ce9b22f0 6 0 1
2 e6de5a70 b227f887 6 0 1
2 c513ff48 c513ff48 6 0 1
2 abd9f22b 9539b943 6 0 1
2 7f844800 7f844800 6 0 1
2 7766479e 0728f424 6 0 1
2 0ac45fa4 34ff8a31 6 1 1
2 bffdab2a 9471a7d7 6 0 1
2 66b57f50 5c55d32a 6 0 1
2 cc0f1b15 dda8957d 6 1 1
2 c7227f16 c7227f16 6 0 1
2 4b35e8a5 abcd9b7b 6 1 1
2 7baec86e 4bc69a47 6 0 1
2 eb07bf05 ceed7468 6 0 1
2 62a64358 4ff1267a 6 0 1
2 d16cf8bd c1246a73 6 0 1
2 5453fb5c 00ca066f 6 0 1
2 26521de9 e231b556 6 1 1
2 9d15a2b0 dae6b127 6 1 1
2 1e626a13 14abdd41 6 0 1
2 c1a91643 5383a10f 6 0 1
2 19719b59 00e3ee47 6 0 1
2 65b4b5ff 86f5bcdb 6 1 1
2 45e17c9c 23aabdbc 6 0 1
2 bc2dd330 0843374e 6 0 1
2 0efb38b0 9bc5f16f 6 1 1
2 7fd85aca 85bcc9ce 6 1 1
2 4cb9cd22 4cb9cd22 6 0 1
2 6e684dc6 6e684dc6 6 0 1
2 6b36b6e2 6b36b6e2 6 0 1
2 a04f2f25 cc1b04e1 6 1 1
2 2f42cc7a fed4afc4 6 1 1
2 4933e411 4933e411 6 0 1
2 94aa151d 3e06318b 6 0 1
2 08420a66 5705ab52 6 1 1
2 0630f768 6256d13b 6 1 1
2 b1d4e817 46d407bc 6 0 1
2 a499ce4f 2d1a6b46 6 0 1
2 ab0a877a ab0a877a 6 0 1
2 017377c8 e3441e6a 6 1 1
2 a620b6b5 8eb495ad 6 0 1
2 5f9c1432 8e736b26 6 1 1
2 a992ae06 910c83e3 6 0 1
2 70b8737c c50af379 6 1 1
2 87511dfa bdc8786f 6 1 1
2 aa0fac1f aa0fac1f 6 0 1
2 f033e7e5 cc3fb4a2 6 0 1
2 8ba6f8b8 c6cd2882 6 1 1
2 66158b1a f264c681 6 1 1
2 e4700f76 2b15ee39 6 0 1
2 2e499da5 fc2c0f57 6 1 1
2 f3e6ba8d f99a2d6b 6 1 1
2 9e74d9e9 d850cccc 6 1 1
2 c2da772f d3991b2a 6 1 1
2 6149e848 2af576a8 6 0 1
2 65015445 986607cf 6 1 1
2 c39ec83b f7bc51cb 6 1 1
2 62f6a5d7 5327df54 6 0 1
2 0940aa1f b7756209 6 1 1
2 ab459cf3 636ae346 6 0 1
2 39eb55d5 5ec250bc 6 1 1
2 06522731 06522731 6 0 1
2 1fba797a b53c14fa 6 1 1
2 1d69cb8a 69bc0351 6 1 1
2 a078b9e5 41ecceae 6 0 1
2 5e8c5b9f 0d5806fb 6 0 1
2 f019d1a1 c613ff43 6 0 1
2 ee325d3d 6d6f3589 6 0 1
2 2b24acbc 29ae100c 6 0 1
2 6b065e79 c565a3dc 6 1 1
2 070528ad 4222faac 6 1 1
2 58998732 b6fe71ab 6 1 1
2 9079c32b 3c3d7e1c 6 0 1
2 d8c858b4 19f49223 6 0 1
2 dc64b63c 8f7aee64 6 0 1
2 c18d7b59 c18d7b59 6 0 1
2 7c88bdee ec0d7b23 6 1 1
2 6143d1d9 d2c7bbbf 6 1 1
2 31960fcc 7602ac59 6 1 1
2 f9b1a309 6141f09e 6 0 1
2 7b09f106 3f65f38d 6 0 1
2 638a0bed b777053a 6 1 1
2 658c157d 5e8565ce 6 0 1
2 0092074e 3bf0b871 6 1 1
2 465526f1 465526f1 6 0 1
2 1d6307bf 76de655e 6 1 1
2 baa461b8 cccdbe32 6 1 1
2 e4302e48 d557a783 6 0 1
2 9137f166 9137f166 6 0 1
2 f7642195 ff7a1ccf 6 1 1
2 63ebd95b 28301f10 6 0 1
2 00000000 00000000 7 1 1
2 00000000 00000001 7 0 1
2 00000000 00000005 7 0 1
2 00000000 7fffffff 7 0 1
2 00000000 80000000 7 0 1
2 00000000 ffffffff 7 0 1
2 00000000 fffffffe 7 0 1
2 00000001 00000000 7 1 1
2 00000001 00000001 7 1 1
2 00000001 00000005 7 0 1
2 00000001 7fffffff 7 0 1
2 00000001 80000000 7 0 1
2 00000001 ffffffff 7 0 1
2 00000001 fffffffe 7 0 1
2 00000005 00000000 7 1 1
2 00000005 00000001 7 1 1
2 00000005 00000005 7 1 1
2 00000005 7fffffff 7 0 1
2 00000005 80000000 7 0 1
2 00000005 ffffffff 7 0 1
2 00000005 fffffffe 7 0 1
2 7fffffff 00000000 7 1 1
2 7fffffff 00000001 7 1 1
2 7fffffff 00000005 7 1 1
2 7fffffff 7fffffff 7 1 1
2 7fffffff 80000000 7 0 1
2 7fffffff ffffffff 7 0 1
2 7fffffff fffffffe 7 0 1
2 80000000 00000000 7 1 1
2 80000000 00000001 7 1 1
2 80000000 00000005 7 1 1
2 80000000 7fffffff 7 1 1
2 80000000 80000000 7 1 1
2 80000000 ffffffff 7 0 1
2 80000000 fffffffe 7 0 1
2 ffffffff 00000000 7 1 1
2 ffffffff 00000001 7 1 1
2 ffffffff 00000005 7 1 1
2 ffffffff 7fffffff 7 1 1
2 ffffffff 80000000 7 1 1
2 ffffffff ffffffff 7 1 1
2 ffffffff fffffffe 7 1 1
2 fffffffe 00000000 7 1 1
2 fffffffe 00000001 7 1 1
2 fffffffe 00000005 7 1 1
2 fffffffe 7fffffff 7 1 1
2 fffffffe 80000000 7 1 1
2 fffffffe ffffffff 7 0 1
2 fffffffe fffffffe 7 1 1
2 f7ae7dfd 5ce48799 7 1 1
2 52749679 d39bca57 7 0 1
2 c13d09e3 3bfc5735 7 1 1
2 5543c2d4 fd14ba85 7 0 1
2 b62a1a55 08325cd9 7 1 1
2 cf342aa8 49462c06 7 1 1
2 bce0d4b4 8d0f1afc 7 1 1
2 0f631d98 e9791e44 7 0 1
2 2c10e3f7 4545bf56 7 0 1
2 7928626e 7928626e 7 1 1
2 fdfe030f fdfe030f 7 1 1
2 495b8fc4 2bd963f8 7 1 1
2 78864cc7 dba5e722 7 0 1
2 62aae50d af61d07b 7 0 1
2 15a3c805 7ee4f225 7 0 1
2 b94259e3 87fbb119 7 1 1
2 918a1faf 4b4b4044 7 1 1
2 4d2b4199 26e55380 7 1 1
2 7c3fd6b8 325ef4be 7 1 1
2 841294e8 e9b4e8c7 7 0 1
2 663eb120 6c5dcbd6 7 0 1
2 fdebdf7c e17cd1ff 7 1 1
2 422e2f7a f5d01204 7 0 1
2 0b981846 60de9b40 7 0 1
2 48352c62 faff53b5 7 0 1
2 8404e647 f4ad742c 7 0 1
2 a8b2187a b54821b5 7 0 1
2 dd3792b7 03bea518 7 1 1
2 69d67380 1279a4b6 7 1 1
2 2e12182d 6ac18ca2 7 0 1
2 daa74e52 daa74e52 7 1 1
2 b3a52d6f b3a52d6f 7 1 1
2 308d9c65 ca5fb804 7 0 1
2 e4c68890 62944b59 7 1 1
2 6ea2b31d 1fe085c8 7 1 1
2 e21ffeba a68e9a3c 7 1 1
2 76ac6b07 07158b0e 7 1 1
2 d2f7fcb9 6faaaab1 7 1 1
2 04bac069 04bac069 7 1 1
2 6b0fb76b 2b80bd72 7 1 1
2 71763295 e436f4e3 7 0 1
2 fda5e894 69fe1cdd 7 1 1
2 cd3e1fc7 c2617e0f 7 1 1
2 1cf2f74f e0a9c924 7 0 1
2 8d048cf2 0f2eb434 7 1 1
2 c100ad98 c100ad98 7 1 1
2 ee8b9509 a597d088 7 1 1
2 ab3ae74d 074ea183 7 1 1
2 aaaa3df9 c2c025f3 7 0 1
2 2323ebdf 92007eb7 7 0 1
2 76c08375 51beba8f 7 1 1
2 77862e28 729ab14e 7 1 1
2 5f4fcfd4 5f4fcfd4 7 1 1
2 c0a317b9 6a764c8b 7 1 1
2 71a80657 1f932384 7 1 1
2 b399c55c fe00270f 7 0 1
2 7dc33d52 87fbd6a4 7 0 1
2 aea8e6fa 77cfdce5 7 1 1
2 1c77ecc9 3012b0a3 7 0 1
2 710203da fb5c5326 7 0 1
2 f34978d3 f34978d3 7 1 1
2 3f5141c9 a2a3ad0f 7 0 1
2 47f13aac 47f13aac 7 1 1
2 7eed983d 373f6651 7 1 1
2 d8fe54ba 746c0ca3 7 1 1
2 ffd2330f 9c4a35bb 7 1 1
2 b96ee8e3 ed8f62a4 7 0 1
2 d0d5e3a9 5e4bf70f 7 1 1
2 3a5bae31 3a5bae31 7 1 1
2 02469030 7b78f828 7 0 1
2 d6f85552 d6f85552 7 1 1
2 4a6bbd73 a5a44dc8 7 0 1
2 bab05c28 a3cce01f 7 1 1
2 b0b6b045 b0590f26 7 1 1
2 b5d5b557 a0b1e8e2 7 1 1
2 c37de538 c37de538 7 1 1
2 ca19d277 ca19d277 7 1 1
2 a7b9651b 854c5cef 7 1 1
2 1b0ec1de 510ac99c 7 0 1
2 a8440d0e a8440d0e 7 1 1
2 ebd1fa76 e1dd79f3 7 1 1
2 81524039 0c190c8a 7 1 1
2 e24d0b73 73d66c57 7 1 1
2 5635cacf bab07668 7 0 1
2 f3da0133 217e6be8 7 1 1
2 d65e48c3 d65e48c3 7 1 1
2 22d0b058 22d0b058 7 1 1
2 3c1bf735 f022ef44 7 0 1
2 9e46b408 9e46b408 7 1 1
2 3d831a55 3d831a55 7 1 1
2 52ffe538 696414a7 7 0 1
2 9a05044f 33bdab7d 7 1 1
2 3e411f3f 4321f4c2 7 0 1
2 b2b4ed81 23d41273 7 1 1
2 697f857c afb9fffe 7 0 1
2 b5c217a8 cc0acba9 7 0 1
2 ef03718d ef03718d 7 1 1
2 b417aab4 ca5b32f6 7 0 1
2 236c78b9 aec85738 7 0 1
2 0566041c 0566041c 7 1 1
2 a16e73ca a16e73ca 7 1 1
2 30481dc5 a4d0e59b 7 0 1
2 b0c946ed 2d5f2c8a 7 1 1
2 5bc54a7b 5751fe80 7 1 1
2 cee1c203 6db2f14f 7 1 1
2 58632147 58632147 7 1 1
2 5024e3ce d3050d51 7 0 1
2 ddf68992 c23752f6 7 1 1
2 8189c372 f3597538 7 0 1
2 1ac6b05f 8c30fac7 7 0 1
2 45d925c9 9e20889e 7 0 1
2 585bd7ce 4c35de1e 7 1 1
2 449e2e7b 0159ff8e 7 1 1
2 471260c3 471260c3 7 1 1
2 4cbff532 463dbdd2 7 1 1
2 d3f1ffef d3f1ffef 7 1 1
2 6c7a6533 87e977bb 7 0 1
2 c2ce2196 ade7bcde 7 1 1
2 588f6d54 588f6d54 7 1 1
2 2eb293d2 be12f0c2 7 0 1
2 575565fd 645df5cd 7 0 1
2 a2bb93a3 a2bb93a3 7 1 1
2 da3a7c1a 9ed74604 7 1 1
2 1eb88f27 07dcd9eb 7 1 1
2 992e1c42 7a61abf0 7 1 1
2 5e47e931 2b8ff3d5 7 1 1
2 6425f314 ef351da1 7 0 1
2 de84bf1a 99c79789 7 1 1
2 fb138c33 e78c26ec 7 1 1
2 6701533c 34636ad7 7 1 1
2 3f1c64b2 3f1c64b2 7 1 1
2 73b2bc04 fa79d8fc 7 0 1
2 e871296d e871296d 7 1 1
2 e39c7189 10db0381 7 1 1
2 f2c09a77 d58efd38 7 1 1
2 ec2e2813 ec2e2813 7 1 1
2 3ac4e177 7bc9c99c 7 0 1
2 60de2530 a17f9afd 7 0 1
2 21968042 b4c68076 7 0 1
2 4e1d1cc2 4e1d1cc2 7 1 1
2 53e10cff 2707bfe3 7 1 1
2 ec1f1472 9b56724b 7 1 1
2 1d4fac8e bd6901f1 7 0 1
2 43200507 12007299 7 1 1
2 0d5a7d0e ee3a2d41 7 0 1
2 df42d36a df42d36a 7 1 1
2 0d9b7732 d752978c 7 0 1
2 a3092199 f5fdd720 7 0 1
2 4f59b4ce 4f59b4ce 7 1 1
2 fb21f1bf cb16c211 7 1 1
2 7a833aa3 520aa10d 7 1 1
2 35ec8582 bfc6f3ea 7 0 1
2 3d38a470 3d38a470 7 1 1
2 0f9863e0 0f9863e0 7 1 1
2 0360bbc3 0360bbc3 7 1 1
2 43f432d0 76e1441b 7 0 1
2 3cdce329 4d9ebe72 7 0 1
2 84823058 d8793ee0 7 0 1
2 addd1ea3 addd1ea3 7 1 1
2 d9a30af0 c21d6839 7 1 1
2 6e3a5d03 cfa51bf1 7 0 1
2 11579d44 774cbdea 7 0 1
2 5c156395 2d6099fe 7 1 1
2 c056a313 0db86c42 7 1 1
2 5cfde749 dbb6951a 7 0 1
2 f999f635 0ea83aa7 7 1 1
2 056c959b 056c959b 7 1 1
2 818abfb3 afb4b12e 7 0 1
2 45c8ba43 c22a71c9 7 0 1
2 1ac4c38a c86aac30 7 0 1
2 055c51e6 87780278 7 0 1
2 74f0504e 3c546df4 7 1 1
2 3ca21c36 a7248161 7 0 1
2 c9b076de 87250657 7 1 1
2 47928e9f 4f06a976 7 0 1
2 40f8121d 2d8bf6bb 7 1 1
2 a4e7e623 3b61a31d 7 1 1
2 8a8d4ecc c2df1947 7 0 1
2 0b9e5747 466f28a6 7 0 1
2 f3cb5f98 c0f51f0a 7 1 1
2 8c321dcf 5256d293 7 1 1
2 c85f129b c85f129b 7 1 1
2 d2b90c7e bcefdbe0 7 1 1
2 15481a17 15481a17 7 1 1
2 9029e8bc f46c1cef 7 0 1
2 4a0c64fd be2efbd4 7 0 1
2 aebee578 1d16e8b0 7 1 1
2 b5aa3320 b5aa3320 7 1 1
2 5621efc8 5621efc8 7 1 1
2 849c2beb dd5315b4 7 0 1
2 29f00c15 6b01d885 7 0 1
2 15f87fde d8dbf2f6 7 0 1
2 6b92cfe1 4b4fa61c 7 1 1
2 1b559da8 066e8ec2 7 1 1
2 3337b623 9bf359e4 7 0 1
2 2e363794 7d02b607 7 0 1
2 5bcd60e0 f92d035f 7 0 1
2 52f28a0e 007749b3 7 1 1
2 fa8ff4c9 ebedb409 7 1 1
2 56e11452 0878fd9d 7 1 1
3 00000000 00000000 2 0 1
3 00000000 00000001 2 0 1
3 00000000 00000005 2 0 1
3 00000000 7fffffff 2 0 1
3 00000000 80000000 2 0 1
3 00000000 ffffffff 2 0 1
3 00000000 fffffffe 2 0 1
3 00000001 00000000 2 0 1
3 00000001 00000001 2 0 1
3 00000001 00000005 2 0 1
3 00000001 7fffffff 2 0 1
3 00000001 80000000 2 0 1
3 00000001 ffffffff 2 0 1
3 00000001 fffffffe 2 0 1
3 00000005 00000000 2 0 1
3 00000005 00000001 2 0 1
3 00000005 00000005 2 0 1
3 00000005 7fffffff 2 0 1
3 00000005 80000000 2 0 1
3 00000005 ffffffff 2 0 1
3 00000005 fffffffe 2 0 1
3 7fffffff 00000000 2 0 1
3 7fffffff 00000001 2 0 1
3 7fffffff 00000005 2 0 1
3 7fffffff 7fffffff 2 0 1
3 7fffffff 80000000 2 0 1
3 7fffffff ffffffff 2 0 1
3 7fffffff fffffffe 2 0 1
3 80000000 00000000 2 0 1
3 80000000 00000001 2 0 1
3 80000000 00000005 2 0 1
3 80000000 7fffffff 2 0 1
3 80000000 80000000 2 0 1
3 80000000 ffffffff 2 0 1
3 80000000 fffffffe 2 0 1
3 ffffffff 00000000 2 0 1
3 ffffffff 00000001 2 0 1
3 ffffffff 00000005 2 0 1
3 ffffffff 7fffffff 2 0 1
3 ffffffff 80000000 2 0 1
3 ffffffff ffffffff 2 0 1
3 ffffffff fffffffe 2 0 1
3 fffffffe 00000000 2 0 1
3 fffffffe 00000001 2 0 1
3 fffffffe 00000005 2 0 1
3 fffffffe 7fffffff 2 0 1
3 fffffffe 80000000 2 0 1
3 fffffffe ffffffff 2 0 1
3 fffffffe fffffffe 2 0 1
3 e74b2cc0 e74b2cc0 2 0 1
3 6943fa26 7ffc7479 2 0 1
3 6890212c fead9737 2 0 1
3 6323b784 fccc8ba7 2 0 1
3 ace588f5 48411caa 2 0 1
3 d0dd69ff 4b557ddd 2 0 1
3 f4563071 bf22832c 2 0 1
3 64fdfaa3 ef6a7649 2 0 1
3 75fb15c6 73703ef2 2 0 1
3 cf4d0d57 936a707c 2 0 1
3 ca9cbdc4 048cef88 2 0 1
3 f1a97cbf 5086aee4 2 0 1
3 0baaa463 467e00a4 2 0 1
3 d3037ef3 d3037ef3 2 0 1
3 bd08e8b5 629bf463 2 0 1
3 8f789a8c f8c74039 2 0 1
3 80b53e8f 600a0322 2 0 1
3 73062d60 8caec564 2 0 1
3 8d5d3e7d 8d5d3e7d 2 0 1
3 5e128904 dc1e2426 2 0 1
3 4540057d 8fe18fa6 2 0 1
3 c07a6522 9ec0ced2 2 0 1
3 722e5b3f 722e5b3f 2 0 1
3 78789e2a 78789e2a 2 0 1
3 a61f6adb 5a24642b 2 0 1
3 0cd58553 df087bf3 2 0 1
3 7deba03a 7deba03a 2 0 1
3 94ac713a 94ac713a 2 0 1
3 ba7cc545 f0a9ef06 2 0 1
3 09210379 be4700c5 2 0 1
3 647cdde8 48c2624c 2 0 1
3 455f7793 455f7793 2 0 1
3 0d38138c d5d7ff09 2 0 1
3 1a4899d2 28e19999 2 0 1
3 ac3af20a f5c19c8a 2 0 1
3 8dc6deb5 8dc6deb5 2 0 1
3 74dc597d 34727d0e 2 0 1
3 726c0beb 726c0beb 2 0 1
3 6e0cc030 450bd0d9 2 0 1
3 3af4d205 2858b391 2 0 1
3 9a6225da 86d432fa 2 0 1
3 6c19f917 4c7dea5d 2 0 1
3 523ff3c8 e8e54897 2 0 1
3 d05eadc5 0b6c83a4 2 0 1
3 7b9255e2 12b74822 2 0 1
3 dc636028 2979054b 2 0 1
3 33f63408 8195d8e9 2 0 1
3 83d57693 4dee940d 2 0 1
3 2ccc8ec6 2ccc8ec6 2 0 1
3 503be567 2325e636 2 0 1
3 95bad56a 6214350c 2 0 1
3 cf0dced5 7c55c30e 2 0 1
3 39311467 28c52b19 2 0 1
3 5116001d 5116001d 2 0 1
3 4360b9a5 4360b9a5 2 0 1
3 43cb2ccf 9ae6fa50 2 0 1
3 ec234043 19f36fb6 2 0 1
3 6e359192 2f1c6bff 2 0 1
3 eb3db93d 133ff825 2 0 1
3 3b58feee 3b58feee 2 0 1
3 28b80988 0825841b 2 0 1
3 86415580 547bf100 2 0 1
3 9375a702 d6d468d1 2 0 1
3 21239520 21239520 2 0 1
3 07eec68d 5d860ddd 2 0 1
3 01a9f680 4468bf8d 2 0 1
3 4b188d08 00f4757f 2 0 1
3 e33ff223 e33ff223 2 0 1
3 35a252cf 50d473fd 2 0 1
3 e008fb22 efa05e84 2 0 1
3 c2f7e491 1f1fb1c5 2 0 1
3 c3ea3989 ebd68022 2 0 1
3 146a4bc8 f883f0ba 2 0 1
3 030103ac 2d11f76f 2 0 1
3 4afea892 4afea892 2 0 1
3 fc11fc60 e916fadc 2 0 1
3 8ba68adf b4613f25 2 0 1
3 7dd27a0a 7da002f4 2 0 1
3 42b3b2b7 952a3f11 2 0 1
3 f93b5e86 4e8b4687 2 0 1
3 0aac27b9 0aac27b9 2 0 1
3 623b07ee d6fa2122 2 0 1
3 30a588bf 2a0321e0 2 0 1
3 94202aef 94202aef 2 0 1
3 e356a6b2 2b3f6214 2 0 1
3 192800eb 192800eb 2 0 1
3 19423676 a66e1b41 2 0 1
3 70907cc5 86293d89 2 0 1
3 df930001 92592e7f 2 0 1
3 f2a5e45a d4892cde 2 0 1
3 83ea4964 7fbbf1d7 2 0 1
3 03d0f3d3 1172c876 2 0 1
3 a5a0108f 44f24b57 2 0 1
3 1cc623d6 ae3cf047 2 0 1
3 49d7a731 c831a405 2 0 1
3 76f8a804 7f8fd7cc 2 0 1
3 f6f90a11 03818b12 2 0 1
3 9f7db7ed 1540a86f 2 0 1
3 06bd57de 06bd57de 2 0 1
3 e74bb539 e1233812 2 0 1
3 b6d2f65e b88e665c 2 0 1
3 db57c2f7 db57c2f7 2 0 1
3 4028f067 4028f067 2 0 1
3 1f959746 86a17f02 2 0 1
3 b78e94ff c7848e65 2 0 1
3 46009521 8fd54176 2 0 1
3 2eb83c94 2eb83c94 2 0 1
3 76b040ff 76b040ff 2 0 1
3 83ee9a1c 83ee9a1c 2 0 1
3 5b616f18 afe15c1d 2 0 1
3 62aae52e 62aae52e 2 0 1
3 f6e13b7d 4d977e16 2 0 1
3 90889c11 7c371080 2 0 1
3 ae8eb5e6 d1e1ba5b 2 0 1
3 147ab910 2c3622ac 2 0 1
3 9de07e6b 9de07e6b 2 0 1
3 5086737a dc8573f4 2 0 1
3 ce106ebb e55127c1 2 0 1
3 07bf88d3 cb4a35ec 2 0 1
3 67910c51 89120503 2 0 1
3 692be7c1 ffc12fe8 2 0 1
3 825d954f d82be57a 2 0 1
3 08a78a81 6cb9a6a3 2 0 1
3 a2bbcf86 626d9af8 2 0 1
3 7342f9a0 4bc54d08 2 0 1
3 47239aa3 a1f2fab7 2 0 1
3 12a9d065 d2152114 2 0 1
3 4a6a053c f5fac906 2 0 1
3 a691053b 7c16d01e 2 0 1
3 d0af7e6b d0af7e6b 2 0 1
3 e9b09386 094dae53 2 0 1
3 063ec61d d8d90409 2 0 1
3 b32f8e88 b32f8e88 2 0 1
3 1dc14cc2 1dc14cc2 2 0 1
3 663ed521 663ed521 2 0 1
3 56c27ca0 56c27ca0 2 0 1
3 3cbac6ec 3cbac6ec 2 0 1
3 782b4a45 782b4a45 2 0 1
3 7aa934fe f0fc9595 2 0 1
3 db515202 0a1c8d4e 2 0 1
3 2f52ee34 2a72ab9d 2 0 1
3 28a47f23 2a615457 2 0 1
3 813de49e 250e4567 2 0 1
3 ba1bf43a 8d4c56d3 2 0 1
3 fc77a809 20fabcbb 2 0 1
3 8645f2ac 469a08b0 2 0 1
3 21ea1b2b 21ea1b2b 2 0 1
3 ecee21af 72614717 2 0 1
3 a15cf30c 19dc1351 2 0 1
3 546ed744 0db95c88 2 0 1
3 119e7005 35726d10 2 0 1
3 71b8b5e0 30072a1d 2 0 1
3 aa5ee9ee 9e1aaf86 2 0 1
3 ab453686 81b330ed 2 0 1
3 28112f20 8637afbd 2 0 1
3 bfd20f11 9db952cd 2 0 1
3 542ba68d 4f06fae5 2 0 1
3 f9778d56 1377f158 2 0 1
3 b5db9d98 b5db9d98 2 0 1
3 cef5813b 062476ee 2 0 1
3 224ec6d4 e9a8c4e3 2 0 1
3 a910fcda a910fcda 2 0 1
3 7359e637 b512819c 2 0 1
3 82710b13 cd28a79c 2 0 1
3 9e344b0a b39a2240 2 0 1
3 59f4eb89 99e05770 2 0 1
3 e6141d8d d67fce3a 2 0 1
3 540d1cba e4566ff1 2 0 1
3 6c43f218 2a120c0e 2 0 1
3 07960e49 07960e49 2 0 1
3 7c6b9c0a 7c6b9c0a 2 0 1
3 a2c5e9cb be9074f4 2 0 1
3 17202e5e c9698775 2 0 1
3 ddc9535d ee6b13f7 2 0 1
3 dee000b9 19f1dfd5 2 0 1
3 76602e06 db2e196d 2 0 1
3 dd84a87d dd84a87d 2 0 1
3 8655a493 3b0c4352 2 0 1
3 d07a99f8 f70db324 2 0 1
3 b86e3009 d56ba82a 2 0 1
3 f22b011f e6806b8b 2 0 1
3 6c33acc2 6c33acc2 2 0 1
3 2666e884 d59b1082 2 0 1
3 a45f39d1 f5afa0a1 2 0 1
3 71fc23bd 71fc23bd 2 0 1
3 6ae10a96 29103cd0 2 0 1
3 66985bb3 36947d3a 2 0 1
3 6b91bde2 6d9d95e5 2 0 1
3 3865e69c 988d6c20 2 0 1
3 ad311bf0 bd5d5dad 2 0 1
3 a11796bf a11796bf 2 0 1
3 7521e928 7521e928 2 0 1
3 aa7ea3f6 84d44eae 2 0 1
3 4539fbeb 4539fbeb 2 0 1
3 1279335a 1f4ca21f 2 0 1
3 ab321284 4a2203cb 2 0 1
3 9927c0e5 371d2fd6 2 0 1
3 b3666be0 35de31f5 2 0 1
3 0c3397a3 bbeef84a 2 0 1
3 833e02fd 368a86cf 2 0 1
3 00000000 00000000 3 0 1
3 00000000 00000001 3 0 1
3 00000000 00000005 3 0 1
3 00000000 7fffffff 3 0 1
3 00000000 80000000 3 0 1
3 00000000 ffffffff 3 0 1
3 00000000 fffffffe 3 0 1
3 00000001 00000000 3 0 1
3 00000001 00000001 3 0 1
3 00000001 00000005 3 0 1
3 00000001 7fffffff 3 0 1
3 00000001 80000000 3 0 1
3 00000001 ffffffff 3 0 1
3 00000001 fffffffe 3 0 1
3 00000005 00000000 3 0 1
3 00000005 00000001 3 0 1
3 00000005 00000005 3 0 1
3 00000005 7fffffff 3 0 1
3 00000005 80000000 3 0 1
3 00000005 ffffffff 3 0 1
3 00000005 fffffffe 3 0 1
3 7fffffff 00000000 3 0 1
3 7fffffff 00000001 3 0 1
3 7fffffff 00000005 3 0 1
3 7fffffff 7fffffff 3 0 1
3 7fffffff 80000000 3 0 1
3 7fffffff ffffffff 3 0 1
3 7fffffff fffffffe 3 0 1
3 80000000 00000000 3 0 1
3 80000000 00000001 3 0 1
3 80000000 00000005 3 0 1
3 80000000 7fffffff 3 0 1
3 80000000 80000000 3 0 1
3 80000000 ffffffff 3 0 1
3 80000000 fffffffe 3 0 1
3 ffffffff 00000000 3 0 1
3 ffffffff 00000001 3 0 1
3 ffffffff 00000005 3 0 1
3 ffffffff 7fffffff 3 0 1
3 ffffffff 80000000 3 0 1
3 ffffffff ffffffff 3 0 1
3 ffffffff fffffffe 3 0 1
3 fffffffe 00000000 3 0 1
3 fffffffe 00000001 3 0 1
3 fffffffe 00000005 3 0 1
3 fffffffe 7fffffff 3 0 1
3 fffffffe 80000000 3 0 1
3 fffffffe ffffffff 3 0 1
3 fffffffe fffffffe 3 0 1
3 93abdca8 93abdca8 3 0 1
3 49c5ee58 947390a6 3 0 1
3 54dc4c6b df2f6051 3 0 1
3 03ec7722 7f262cd0 3 0 1
3 8b8595a1 3f2ac1f4 3 0 1
3 b23da821 1cd96c00 3 0 1
3 f5e8c80f 8191a591 3 0 1
3 bc65e281 1fbe1db3 3 0 1
3 77674751 377ea147 3 0 1
3 95308e9b 825fc305 3 0 1
3 a84143cc 54e102d8 3 0 1
3 affb49b5 1543d36c 3 0 1
3 c3662542 903ab6e1 3 0 1
3 129ff3f8 a3b9f500 3 0 1
3 6a6a5b4a 6a6a5b4a 3 0 1
3 86c44898 a29c18ed 3 0 1
3 1409f4d6 fca493a6 3 0 1
3 f3ddfec8 252eb478 3 0 1
3 6375c491 8a32f16d 3 0 1
3 bb783135 6d4998b2 3 0 1
3 05dece3f cbe25384 3 0 1
3 2e98f2d9 2e98f2d9 3 0 1
3 5d1204da ea85c3da 3 0 1
3 8f5de044 8f5de044 3 0 1
3 68ae1da1 4346503f 3 0 1
3 631459de 53bf5ba6 3 0 1
3 4650c64d 89656a86 3 0 1
3 43126c7d eaef904e 3 0 1
3 19883d84 361f4199 3 0 1
3 e82f8f19 3c96eaf1 3 0 1
3 c5ef5d27 7577befb 3 0 1
3 3453b9f0 3453b9f0 3 0 1
3 12961661 631c08a6 3 0 1
3 e26ff706 0c062662 3 0 1
3 9a4d382c c5835e89 3 0 1
3 4daad971 4daad971 3 0 1
3 06c7ac2c 383ed193 3 0 1
3 ddb90ce4 82787da9 3 0 1
3 e78f5f8a affe737a 3 0 1
3 156653a4 156653a4 3 0 1
3 14664266 5f902cf8 3 0 1
3 e4a9236d cc3fc07c 3 0 1
3 4a20d5a4 703bb78e 3 0 1
3 8fcf7214 28a1c05b 3 0 1
3 8c76e2fb 5c317ef7 3 0 1
3 b44f69d7 cf79f2a1 3 0 1
3 71309a6d 71309a6d 3 0 1
3 f4ecd5b0 ea407401 3 0 1
3 f5c73b5c b0524e3a 3 0 1
3 10a75cce 42fe5b87 3 0 1
3 a03cfa41 ffafe8dc 3 0 1
3 bfbd8b6b 9bfe3d5a 3 0 1
3 437754b9 b61d3a5d 3 0 1
3 85a78374 fb6f85a2 3 0 1
3 a9157001 94591573 3 0 1
3 0d581da4 d631a2b7 3 0 1
3 58ef4c6c f006eb44 3 0 1
3 90de5281 037a72c3 3 0 1
3 693170aa 90bde8ed 3 0 1
3 7d3a5ae9 7d3a5ae9 3 0 1
3 49e53626 e32b5be3 3 0 1
3 fdfea0c5 57773ca8 3 0 1
3 87117fcf 2fe2d762 3 0 1
3 aefa7fd5 aefa7fd5 3 0 1
3 644dc4f2 e6cb03ef 3 0 1
3 1c6822b0 59282c7a 3 0 1
3 b111563e 56041ec6 3 0 1
3 adedb162 304c275e 3 0 1
3 9fc740e1 9fc740e1 3 0 1
3 1b86dbb1 adcf6427 3 0 1
3 74e46e11 030ec2ee 3 0 1
3 175d8982 c510ecc0 3 0 1
3 b886484c b886484c 3 0 1
3 e51ecd6c 44322512 3 0 1
3 3f1144f8 f2899993 3 0 1
3 b693b3d5 33bb498a 3 0 1
3 d62b65be b4517ab3 3 0 1
3 38bf625c 9b012948 3 0 1
3 e914f1c2 df407b58 3 0 1
3 aeb72c85 1ad4b1f2 3 0 1
3 ee95edf3 40971e35 3 0 1
3 6e9d8233 32476ad8 3 0 1
3 23aa502f e2d1b25b 3 0 1
3 c9754604 45fa0e66 3 0 1
3 9e3530e8 0ec55087 3 0 1
3 d6949dd4 d6949dd4 3 0 1
3 1dd71c76 bf205075 3 0 1
3 635adb1f 89315bb3 3 0 1
3 0d849f76 0d849f76 3 0 1
3 932dee37 932dee37 3 0 1
3 9d89bb8a 56b34fda 3 0 1
3 6737fdf6 6737fdf6 3 0 1
3 59a27268 59a27268 3 0 1
3 7f3600e9 195305e5 3 0 1
3 a513beea cfc79bb7 3 0 1
3 c3c512d6 380e4399 3 0 1
3 c64848e0 cdd97328 3 0 1
3 6bec68c0 bbba4abc 3 0 1
3 682b37db 0ce23fd7 3 0 1
3 9f1847f3 d3576b27 3 0 1
3 40db6584 6d870b41 3 0 1
3 0250b7f2 557de9bc 3 0 1
3 236f0695 149609fa 3 0 1
3 e63210bb 9d57e4be 3 0 1
3 c77a689e 6c4d23ab 3 0 1
3 532c7db3 c3bdf923 3 0 1
3 f07d5510 df412282 3 0 1
3 3be92dbd 3be92dbd 3 0 1
3 d555d3a5 03b62945 3 0 1
3 ec970df5 4fb741d5 3 0 1
3 60edfbaf 5c80a993 3 0 1
3 ebf53194 f128d610 3 0 1
3 2b0e8c2a 2b0e8c2a 3 0 1
3 77277278 758b79ed 3 0 1
3 8f500b0d e1d6dd72 3 0 1
3 c4156564 92b25ea2 3 0 1
3 919ebc91 3ff3b00c 3 0 1
3 86cffddf efe08ad6 3 0 1
3 ffca11ed f58d17b7 3 0 1
3 fff71b9e dd566d6a 3 0 1
3 6568c336 37d72574 3 0 1
3 0e4bcb10 f7c0b41b 3 0 1
3 402f5bf3 adf4bc2c 3 0 1
3 22bad797 4999b3bd 3 0 1
3 afd5025c 8d060cb5 3 0 1
3 5d3b88be e4140a27 3 0 1
3 c4059816 c4059816 3 0 1
3 c65ddc75 c65ddc75 3 0 1
3 ae945d2d c00fb47f 3 0 1
3 92c579e1 92c579e1 3 0 1
3 3dfd216f 40a0f797 3 0 1
3 e334b3a5 e334b3a5 3 0 1
3 132dcc35 7fe27129 3 0 1
3 618f077e c74d56d1 3 0 1
3 a8c8cf71 a8c8cf71 3 0 1
3 1acd91ff 1acd91ff 3 0 1
3 924873fa ad771ff8 3 0 1
3 54d02684 fac4e626 3 0 1
3 587d90bb dbfe1ecf 3 0 1
3 cdc9d36a 2199f3f3 3 0 1
3 94610338 6d801289 3 0 1
3 a9b20439 80fd5e2a 3 0 1
3 7af84d81 700b7d1c 3 0 1
3 9e66c178 7574a55b 3 0 1
3 82aae353 dc4ce762 3 0 1
3 2b02b77f 393c2bf7 3 0 1
3 230668e2 645764b9 3 0 1
3 f6c5b55e d72afd03 3 0 1
3 80af5a4c 80af5a4c 3 0 1
3 97fac21e 9f2948c7 3 0 1
3 2de473c0 885d6c93 3 0 1
3 acc3b404 14d1c2be 3 0 1
3 0c0c7c30 539192a8 3 0 1
3 e64e4dc0 216f422d 3 0 1
3 75192d04 75192d04 3 0 1
3 7aeba221 81b52e45 3 0 1
3 c66c2391 cf68a078 3 0 1
3 015e2613 9d6bed3b 3 0 1
3 61d44220 c1992cf3 3 0 1
3 e3f0576a 39c75656 3 0 1
3 4edf5349 67b37813 3 0 1
3 bf5fb278 bf5fb278 3 0 1
3 637d9aaf 0497abbd 3 0 1
3 34acf2a7 e881215b 3 0 1
3 f7554432 f1666740 3 0 1
3 ed25aa90 9985f1fd 3 0 1
3 8f83bf27 8f83bf27 3 0 1
3 c0136fbb 712bcbd0 3 0 1
3 efc188d3 b36c8b9c 3 0 1
3 3ed074ee 9246b649 3 0 1
3 0539fbc8 0539fbc8 3 0 1
3 55f26f88 03b02100 3 0 1
3 58813c18 58813c18 3 0 1
3 be0ec954 b6977c45 3 0 1
3 c0ab5b4e c0ab5b4e 3 0 1
3 cc1d82c0 362b98ce 3 0 1
3 90f39d91 c8cf1078 3 0 1
3 2c5baf7d fa323a05 3 0 1
3 525051c2 80904467 3 0 1
3 2ef1277a ff965d9e 3 0 1
3 f8ee6699 4b2fe5b3 3 0 1
3 742ae7d1 d32ceb71 3 0 1
3 29a67021 c414b335 3 0 1
3 7c0679c8 d7924502 3 0 1
3 d12ea515 2bd80428 3 0 1
3 bcd009c2 2638bad1 3 0 1
3 cc68ea4d 3e6d5475 3 0 1
3 c2602e65 be7300aa 3 0 1
3 ab532781 ab532781 3 0 1
3 fef9f65e 3f7c6188 3 0 1
3 bf873a03 ec7b9a24 3 0 1
3 65d12012 65d12012 3 0 1
3 2529e571 77995aef 3 0 1
3 65971843 65971843 3 0 1
3 d42ee380 d42ee380 3 0 1
3 614d1197 678d3f68 3 0 1
3 c578994d 70e0a21e 3 0 1
3 2a60956e 2a60956e 3 0 1
3 8cc2b810 3bfaaf2b 3 0 1
3 f46fcdf7 608e1aa4 3 0 1
