0 00 0.00000000000000000e+00 1
0 01 9.76562500000000000e-03 1
0 02 1.95312500000000000e-02 1
0 40 6.25000000000000000e-01 1
0 80 1.25000000000000000e+00 1
0 c8 1.95312500000000000e+00 1
0 fe 2.48046875000000000e+00 1
0 ff 2.49023437500000000e+00 1
1 00 0.00000000000000000e+00 1
1 01 9.76562500000000000e-03 1
1 02 1.95312500000000000e-02 1
1 03 2.92968750000000000e-02 1
1 04 3.90625000000000000e-02 1
1 05 4.88281250000000000e-02 1
1 06 5.85937500000000000e-02 1
1 07 6.83593750000000000e-02 1
1 08 7.81250000000000000e-02 1
1 09 8.78906250000000000e-02 1
1 0a 9.76562500000000000e-02 1
1 0b 1.07421875000000000e-01 1
1 0c 1.17187500000000000e-01 1
1 0d 1.26953125000000000e-01 1
1 0e 1.36718750000000000e-01 1
1 0f 1.46484375000000000e-01 1
1 10 1.56250000000000000e-01 1
1 11 1.66015625000000000e-01 1
1 12 1.75781250000000000e-01 1
1 13 1.85546875000000000e-01 1
1 14 1.95312500000000000e-01 1
1 15 2.05078125000000000e-01 1
1 16 2.14843750000000000e-01 1
1 17 2.24609375000000000e-01 1
1 18 2.34375000000000000e-01 1
1 19 2.44140625000000000e-01 1
1 1a 2.53906250000000000e-01 1
1 1b 2.63671875000000000e-01 1
1 1c 2.73437500000000000e-01 1
1 1d 2.83203125000000000e-01 1
1 1e 2.92968750000000000e-01 1
1 1f 3.02734375000000000e-01 1
1 20 3.12500000000000000e-01 1
1 21 3.22265625000000000e-01 1
1 22 3.32031250000000000e-01 1
1 23 3.41796875000000000e-01 1
1 24 3.51562500000000000e-01 1
1 25 3.61328125000000000e-01 1
1 26 3.71093750000000000e-01 1
1 27 3.80859375000000000e-01 1
1 28 3.90625000000000000e-01 1
1 29 4.00390625000000000e-01 1
1 2a 4.10156250000000000e-01 1
1 2b 4.19921875000000000e-01 1
1 2c 4.29687500000000000e-01 1
1 2d 4.39453125000000000e-01 1
1 2e 4.49218750000000000e-01 1
1 2f 4.58984375000000000e-01 1
1 30 4.68750000000000000e-01 1
1 31 4.78515625000000000e-01 1
1 32 4.88281250000000000e-01 1
1 33 4.98046875000000000e-01 1
1 34 5.07812500000000000e-01 1
1 35 5.17578125000000000e-01 1
1 36 5.27343750000000000e-01 1
1 37 5.37109375000000000e-01 1
1 38 5.46875000000000000e-01 1
1 39 5.56640625000000000e-01 1
1 3a 5.66406250000000000e-01 1
1 3b 5.76171875000000000e-01 1
1 3c 5.85937500000000000e-01 1
1 3d 5.95703125000000000e-01 1
1 3e 6.05468750000000000e-01 1
1 3f 6.15234375000000000e-01 1
1 40 6.25000000000000000e-01 1
1 41 6.34765625000000000e-01 1
1 42 6.44531250000000000e-01 1
1 43 6.54296875000000000e-01 1
1 44 6.64062500000000000e-01 1
1 45 6.73828125000000000e-01 1
1 46 6.83593750000000000e-01 1
1 47 6.93359375000000000e-01 1
1 48 7.03125000000000000e-01 1
1 49 7.12890625000000000e-01 1
1 4a 7.22656250000000000e-01 1
1 4b 7.32421875000000000e-01 1
1 4c 7.42187500000000000e-01 1
1 4d 7.51953125000000000e-01 1
1 4e 7.61718750000000000e-01 1
1 4f 7.71484375000000000e-01 1
1 50 7.81250000000000000e-01 1
1 51 7.91015625000000000e-01 1
1 52 8.00781250000000000e-01 1
1 53 8.10546875000000000e-01 1
1 54 8.20312500000000000e-01 1
1 55 8.30078125000000000e-01 1
1 56 8.39843750000000000e-01 1
1 57 8.49609375000000000e-01 1
1 58 8.59375000000000000e-01 1
1 59 8.69140625000000000e-01 1
1 5a 8.78906250000000000e-01 1
1 5b 8.88671875000000000e-01 1
1 5c 8.98437500000000000e-01 1
1 5d 9.08203125000000000e-01 1
1 5e 9.17968750000000000e-01 1
1 5f 9.27734375000000000e-01 1
1 60 9.37500000000000000e-01 1
1 61 9.47265625000000000e-01 1
1 62 9.57031250000000000e-01 1
1 63 9.66796875000000000e-01 1
1 64 9.76562500000000000e-01 1
1 65 9.86328125000000000e-01 1
1 66 9.96093750000000000e-01 1
1 67 1.00585937500000000e+00 1
1 68 1.01562500000000000e+00 1
1 69 1.02539062500000000e+00 1
1 6a 1.03515625000000000e+00 1
1 6b 1.04492187500000000e+00 1
1 6c 1.05468750000000000e+00 1
1 6d 1.06445312500000000e+00 1
1 6e 1.07421875000000000e+00 1
1 6f 1.08398437500000000e+00 1
1 70 1.09375000000000000e+00 1
1 71 1.10351562500000000e+00 1
1 72 1.11328125000000000e+00 1
1 73 1.12304687500000000e+00 1
1 74 1.13281250000000000e+00 1
1 75 1.14257812500000000e+00 1
1 76 1.15234375000000000e+00 1
1 77 1.16210937500000000e+00 1
1 78 1.17187500000000000e+00 1
1 79 1.18164062500000000e+00 1
1 7a 1.19140625000000000e+00 1
1 7b 1.20117187500000000e+00 1
1 7c 1.21093750000000000e+00 1
1 7d 1.22070312500000000e+00 1
1 7e 1.23046875000000000e+00 1
1 7f 1.24023437500000000e+00 1
1 80 1.25000000000000000e+00 1
1 81 1.25976562500000000e+00 1
1 82 1.26953125000000000e+00 1
1 83 1.27929687500000000e+00 1
1 84 1.28906250000000000e+00 1
1 85 1.29882812500000000e+00 1
1 86 1.30859375000000000e+00 1
1 87 1.31835937500000000e+00 1
1 88 1.32812500000000000e+00 1
1 89 1.33789062500000000e+00 1
1 8a 1.34765625000000000e+00 1
1 8b 1.35742187500000000e+00 1
1 8c 1.36718750000000000e+00 1
1 8d 1.37695312500000000e+00 1
1 8e 1.38671875000000000e+00 1
1 8f 1.39648437500000000e+00 1
1 90 1.40625000000000000e+00 1
1 91 1.41601562500000000e+00 1
1 92 1.42578125000000000e+00 1
1 93 1.43554687500000000e+00 1
1 94 1.44531250000000000e+00 1
1 95 1.45507812500000000e+00 1
1 96 1.46484375000000000e+00 1
1 97 1.47460937500000000e+00 1
1 98 1.48437500000000000e+00 1
1 99 1.49414062500000000e+00 1
1 9a 1.50390625000000000e+00 1
1 9b 1.51367187500000000e+00 1
1 9c 1.52343750000000000e+00 1
1 9d 1.53320312500000000e+00 1
1 9e 1.54296875000000000e+00 1
1 9f 1.55273437500000000e+00 1
1 a0 1.56250000000000000e+00 1
1 a1 1.57226562500000000e+00 1
1 a2 1.58203125000000000e+00 1
1 a3 1.59179687500000000e+00 1
1 a4 1.60156250000000000e+00 1
1 a5 1.61132812500000000e+00 1
1 a6 1.62109375000000000e+00 1
1 a7 1.63085937500000000e+00 1
1 a8 1.64062500000000000e+00 1
1 a9 1.65039062500000000e+00 1
1 aa 1.66015625000000000e+00 1
1 ab 1.66992187500000000e+00 1
1 ac 1.67968750000000000e+00 1
1 ad 1.68945312500000000e+00 1
1 ae 1.69921875000000000e+00 1
1 af 1.70898437500000000e+00 1
1 b0 1.71875000000000000e+00 1
1 b1 1.72851562500000000e+00 1
1 b2 1.73828125000000000e+00 1
1 b3 1.74804687500000000e+00 1
1 b4 1.75781250000000000e+00 1
1 b5 1.76757812500000000e+00 1
1 b6 1.77734375000000000e+00 1
1 b7 1.78710937500000000e+00 1
1 b8 1.79687500000000000e+00 1
1 b9 1.80664062500000000e+00 1
1 ba 1.81640625000000000e+00 1
1 bb 1.82617187500000000e+00 1
1 bc 1.83593750000000000e+00 1
1 bd 1.84570312500000000e+00 1
1 be 1.85546875000000000e+00 1
1 bf 1.86523437500000000e+00 1
1 c0 1.87500000000000000e+00 1
1 c1 1.88476562500000000e+00 1
1 c2 1.89453125000000000e+00 1
1 c3 1.90429687500000000e+00 1
1 c4 1.91406250000000000e+00 1
1 c5 1.92382812500000000e+00 1
1 c6 1.93359375000000000e+00 1
1 c7 1.94335937500000000e+00 1
1 c8 1.95312500000000000e+00 1
1 c9 1.96289062500000000e+00 1
1 ca 1.97265625000000000e+00 1
1 cb 1.98242187500000000e+00 1
1 cc 1.99218750000000000e+00 1
1 cd 2.00195312500000000e+00 1
1 ce 2.01171875000000000e+00 1
1 cf 2.02148437500000000e+00 1
1 d0 2.03125000000000000e+00 1
1 d1 2.04101562500000000e+00 1
1 d2 2.05078125000000000e+00 1
1 d3 2.06054687500000000e+00 1
1 d4 2.07031250000000000e+00 1
1 d5 2.08007812500000000e+00 1
1 d6 2.08984375000000000e+00 1
1 d7 2.09960937500000000e+00 1
1 d8 2.10937500000000000e+00 1
1 d9 2.11914062500000000e+00 1
1 da 2.12890625000000000e+00 1
1 db 2.13867187500000000e+00 1
1 dc 2.14843750000000000e+00 1
1 dd 2.15820312500000000e+00 1
1 de 2.16796875000000000e+00 1
1 df 2.17773437500000000e+00 1
1 e0 2.18750000000000000e+00 1
1 e1 2.19726562500000000e+00 1
1 e2 2.20703125000000000e+00 1
1 e3 2.21679687500000000e+00 1
1 e4 2.22656250000000000e+00 1
1 e5 2.23632812500000000e+00 1
1 e6 2.24609375000000000e+00 1
1 e7 2.25585937500000000e+00 1
1 e8 2.26562500000000000e+00 1
1 e9 2.27539062500000000e+00 1
1 ea 2.28515625000000000e+00 1
1 eb 2.29492187500000000e+00 1
1 ec 2.30468750000000000e+00 1
1 ed 2.31445312500000000e+00 1
1 ee 2.32421875000000000e+00 1
1 ef 2.33398437500000000e+00 1
1 f0 2.34375000000000000e+00 1
1 f1 2.35351562500000000e+00 1
1 f2 2.36328125000000000e+00 1
1 f3 2.37304687500000000e+00 1
1 f4 2.38281250000000000e+00 1
1 f5 2.39257812500000000e+00 1
1 f6 2.40234375000000000e+00 1
1 f7 2.41210937500000000e+00 1
1 f8 2.42187500000000000e+00 1
1 f9 2.43164062500000000e+00 1
1 fa 2.44140625000000000e+00 1
1 fb 2.45117187500000000e+00 1
1 fc 2.46093750000000000e+00 1
1 fd 2.47070312500000000e+00 1
1 fe 2.48046875000000000e+00 1
1 ff 2.49023437500000000e+00 1
2 73 1.12304687500000000e+00 1
2 dd 2.15820312500000000e+00 1
2 8f 1.39648437500000000e+00 1
2 db 2.13867187500000000e+00 1
2 ec 2.30468750000000000e+00 1
2 c7 1.94335937500000000e+00 1
2 77 1.16210937500000000e+00 1
2 73 1.12304687500000000e+00 1
2 82 1.26953125000000000e+00 1
2 da 2.12890625000000000e+00 1
2 96 1.46484375000000000e+00 1
2 30 4.68750000000000000e-01 1
2 2f 4.58984375000000000e-01 1
2 cd 2.00195312500000000e+00 1
2 83 1.27929687500000000e+00 1
2 79 1.18164062500000000e+00 1
2 a1 1.57226562500000000e+00 1
2 9d 1.53320312500000000e+00 1
2 cb 1.98242187500000000e+00 1
2 2f 4.58984375000000000e-01 1
2 18 2.34375000000000000e-01 1
2 72 1.11328125000000000e+00 1
2 4d 7.51953125000000000e-01 1
2 24 3.51562500000000000e-01 1
2 17 2.24609375000000000e-01 1
2 89 1.33789062500000000e+00 1
2 cf 2.02148437500000000e+00 1
2 e3 2.21679687500000000e+00 1
2 b1 1.72851562500000000e+00 1
2 a2 1.58203125000000000e+00 1
2 0a 9.76562500000000000e-02 1
2 98 1.48437500000000000e+00 1
2 fb 2.45117187500000000e+00 1
2 65 9.86328125000000000e-01 1
2 f6 2.40234375000000000e+00 1
2 73 1.12304687500000000e+00 1
2 a7 1.63085937500000000e+00 1
2 bd 1.84570312500000000e+00 1
2 9d 1.53320312500000000e+00 1
2 a6 1.62109375000000000e+00 1
2 28 3.90625000000000000e-01 1
2 9f 1.55273437500000000e+00 1
2 03 2.92968750000000000e-02 1
2 d4 2.07031250000000000e+00 1
2 87 1.31835937500000000e+00 1
2 10 1.56250000000000000e-01 1
2 0f 1.46484375000000000e-01 1
2 09 8.78906250000000000e-02 1
2 30 4.68750000000000000e-01 1
2 e1 2.19726562500000000e+00 1
2 3d 5.95703125000000000e-01 1
2 99 1.49414062500000000e+00 1
2 07 6.83593750000000000e-02 1
2 c7 1.94335937500000000e+00 1
2 76 1.15234375000000000e+00 1
2 53 8.10546875000000000e-01 1
2 70 1.09375000000000000e+00 1
2 97 1.47460937500000000e+00 1
2 d7 2.09960937500000000e+00 1
2 32 4.88281250000000000e-01 1
2 84 1.28906250000000000e+00 1
2 3b 5.76171875000000000e-01 1
2 a3 1.59179687500000000e+00 1
2 4b 7.32421875000000000e-01 1
2 7f 1.24023437500000000e+00 1
2 01 9.76562500000000000e-03 1
2 a9 1.65039062500000000e+00 1
2 15 2.05078125000000000e-01 1
2 75 1.14257812500000000e+00 1
2 a7 1.63085937500000000e+00 1
2 47 6.93359375000000000e-01 1
2 68 1.01562500000000000e+00 1
2 ff 2.49023437500000000e+00 1
2 8d 1.37695312500000000e+00 1
2 fe 2.48046875000000000e+00 1
2 ee 2.32421875000000000e+00 1
2 d7 2.09960937500000000e+00 1
2 15 2.05078125000000000e-01 1
2 b5 1.76757812500000000e+00 1
2 41 6.34765625000000000e-01 1
2 50 7.81250000000000000e-01 1
2 c2 1.89453125000000000e+00 1
2 3a 5.66406250000000000e-01 1
2 83 1.27929687500000000e+00 1
2 49 7.12890625000000000e-01 1
2 07 6.83593750000000000e-02 1
2 11 1.66015625000000000e-01 1
2 90 1.40625000000000000e+00 1
2 c4 1.91406250000000000e+00 1
2 1b 2.63671875000000000e-01 1
2 66 9.96093750000000000e-01 1
2 1b 2.63671875000000000e-01 1
2 d8 2.10937500000000000e+00 1
2 4a 7.22656250000000000e-01 1
2 62 9.57031250000000000e-01 1
2 11 1.66015625000000000e-01 1
2 f5 2.39257812500000000e+00 1
2 04 3.90625000000000000e-02 1
2 d8 2.10937500000000000e+00 1
2 af 1.70898437500000000e+00 1
2 00 0.00000000000000000e+00 1
2 36 5.27343750000000000e-01 1
2 35 5.17578125000000000e-01 1
2 ed 2.31445312500000000e+00 1
2 e9 2.27539062500000000e+00 1
2 0d 1.26953125000000000e-01 1
2 78 1.17187500000000000e+00 1
2 60 9.37500000000000000e-01 1
2 fa 2.44140625000000000e+00 1
2 b5 1.76757812500000000e+00 1
2 65 9.86328125000000000e-01 1
2 6b 1.04492187500000000e+00 1
2 12 1.75781250000000000e-01 1
2 90 1.40625000000000000e+00 1
2 a1 1.57226562500000000e+00 1
2 32 4.88281250000000000e-01 1
2 c7 1.94335937500000000e+00 1
2 ac 1.67968750000000000e+00 1
2 45 6.73828125000000000e-01 1
2 56 8.39843750000000000e-01 1
2 16 2.14843750000000000e-01 1
2 4f 7.71484375000000000e-01 1
2 55 8.30078125000000000e-01 1
2 03 2.92968750000000000e-02 1
2 f6 2.40234375000000000e+00 1
2 68 1.01562500000000000e+00 1
2 c2 1.89453125000000000e+00 1
2 ec 2.30468750000000000e+00 1
2 1e 2.92968750000000000e-01 1
2 22 3.32031250000000000e-01 1
2 3f 6.15234375000000000e-01 1
2 b4 1.75781250000000000e+00 1
2 19 2.44140625000000000e-01 1
2 02 1.95312500000000000e-02 1
2 0f 1.46484375000000000e-01 1
2 77 1.16210937500000000e+00 1
2 cc 1.99218750000000000e+00 1
2 7c 1.21093750000000000e+00 1
2 2d 4.39453125000000000e-01 1
2 ae 1.69921875000000000e+00 1
2 8f 1.39648437500000000e+00 1
2 30 4.68750000000000000e-01 1
2 72 1.11328125000000000e+00 1
2 82 1.26953125000000000e+00 1
2 30 4.68750000000000000e-01 1
2 fc 2.46093750000000000e+00 1
2 bb 1.82617187500000000e+00 1
2 c4 1.91406250000000000e+00 1
2 21 3.22265625000000000e-01 1
2 6b 1.04492187500000000e+00 1
2 a4 1.60156250000000000e+00 1
2 62 9.57031250000000000e-01 1
2 1d 2.83203125000000000e-01 1
2 65 9.86328125000000000e-01 1
2 6b 1.04492187500000000e+00 1
2 fd 2.47070312500000000e+00 1
2 36 5.27343750000000000e-01 1
2 00 0.00000000000000000e+00 1
2 45 6.73828125000000000e-01 1
2 dd 2.15820312500000000e+00 1
2 f8 2.42187500000000000e+00 1
2 f9 2.43164062500000000e+00 1
2 cd 2.00195312500000000e+00 1
2 97 1.47460937500000000e+00 1
2 4d 7.51953125000000000e-01 1
2 ff 2.49023437500000000e+00 1
2 e2 2.20703125000000000e+00 1
2 05 4.88281250000000000e-02 1
2 35 5.17578125000000000e-01 1
2 2f 4.58984375000000000e-01 1
2 64 9.76562500000000000e-01 1
2 fe 2.48046875000000000e+00 1
2 da 2.12890625000000000e+00 1
2 9a 1.50390625000000000e+00 1
2 a4 1.60156250000000000e+00 1
2 93 1.43554687500000000e+00 1
2 19 2.44140625000000000e-01 1
2 0a 9.76562500000000000e-02 1
2 fd 2.47070312500000000e+00 1
2 25 3.61328125000000000e-01 1
2 36 5.27343750000000000e-01 1
2 71 1.10351562500000000e+00 1
2 42 6.44531250000000000e-01 1
2 02 1.95312500000000000e-02 1
2 c5 1.92382812500000000e+00 1
2 9c 1.52343750000000000e+00 1
2 54 8.20312500000000000e-01 1
2 d4 2.07031250000000000e+00 1
2 4b 7.32421875000000000e-01 1
2 62 9.57031250000000000e-01 1
2 12 1.75781250000000000e-01 1
2 13 1.85546875000000000e-01 1
2 17 2.24609375000000000e-01 1
2 35 5.17578125000000000e-01 1
2 95 1.45507812500000000e+00 1
2 a2 1.58203125000000000e+00 1
2 3e 6.05468750000000000e-01 1
2 03 2.92968750000000000e-02 1
2 99 1.49414062500000000e+00 1
2 5e 9.17968750000000000e-01 1
2 5f 9.27734375000000000e-01 1
2 9f 1.55273437500000000e+00 1
2 74 1.13281250000000000e+00 1
2 20 3.12500000000000000e-01 1
2 f5 2.39257812500000000e+00 1
2 96 1.46484375000000000e+00 1
2 7b 1.20117187500000000e+00 1
2 d5 2.08007812500000000e+00 1
2 93 1.43554687500000000e+00 1
2 22 3.32031250000000000e-01 1
2 dd 2.15820312500000000e+00 1
2 62 9.57031250000000000e-01 1
2 2e 4.49218750000000000e-01 1
2 a0 1.56250000000000000e+00 1
2 27 3.80859375000000000e-01 1
2 4f 7.71484375000000000e-01 1
2 e8 2.26562500000000000e+00 1
2 3a 5.66406250000000000e-01 1
2 d1 2.04101562500000000e+00 1
2 9c 1.52343750000000000e+00 1
2 3f 6.15234375000000000e-01 1
2 b9 1.80664062500000000e+00 1
2 30 4.68750000000000000e-01 1
2 28 3.90625000000000000e-01 1
2 bd 1.84570312500000000e+00 1
2 a1 1.57226562500000000e+00 1
2 f0 2.34375000000000000e+00 1
2 8d 1.37695312500000000e+00 1
2 32 4.88281250000000000e-01 1
2 af 1.70898437500000000e+00 1
2 f3 2.37304687500000000e+00 1
2 63 9.66796875000000000e-01 1
2 e1 2.19726562500000000e+00 1
2 7b 1.20117187500000000e+00 1
2 9a 1.50390625000000000e+00 1
2 14 1.95312500000000000e-01 1
2 6b 1.04492187500000000e+00 1
2 0c 1.17187500000000000e-01 1
2 1a 2.53906250000000000e-01 1
2 1b 2.63671875000000000e-01 1
2 09 8.78906250000000000e-02 1
2 83 1.27929687500000000e+00 1
2 f6 2.40234375000000000e+00 1
2 41 6.34765625000000000e-01 1
2 3d 5.95703125000000000e-01 1
2 bd 1.84570312500000000e+00 1
2 b4 1.75781250000000000e+00 1
2 64 9.76562500000000000e-01 1
2 41 6.34765625000000000e-01 1
2 6b 1.04492187500000000e+00 1
2 d2 2.05078125000000000e+00 1
2 e7 2.25585937500000000e+00 1
2 98 1.48437500000000000e+00 1
2 7d 1.22070312500000000e+00 1
2 4b 7.32421875000000000e-01 1
2 85 1.29882812500000000e+00 1
2 2c 4.29687500000000000e-01 1
2 ed 2.31445312500000000e+00 1
2 b8 1.79687500000000000e+00 1
2 fa 2.44140625000000000e+00 1
2 11 1.66015625000000000e-01 1
2 20 3.12500000000000000e-01 1
2 3a 5.66406250000000000e-01 1
2 7a 1.19140625000000000e+00 1
2 8f 1.39648437500000000e+00 1
2 a7 1.63085937500000000e+00 1
2 da 2.12890625000000000e+00 1
2 9d 1.53320312500000000e+00 1
2 9d 1.53320312500000000e+00 1
2 12 1.75781250000000000e-01 1
2 47 6.93359375000000000e-01 1
2 36 5.27343750000000000e-01 1
2 ea 2.28515625000000000e+00 1
2 ea 2.28515625000000000e+00 1
2 34 5.07812500000000000e-01 1
2 bf 1.86523437500000000e+00 1
2 04 3.90625000000000000e-02 1
2 11 1.66015625000000000e-01 1
2 44 6.64062500000000000e-01 1
2 69 1.02539062500000000e+00 1
2 72 1.11328125000000000e+00 1
2 3f 6.15234375000000000e-01 1
2 0f 1.46484375000000000e-01 1
2 0b 1.07421875000000000e-01 1
2 2d 4.39453125000000000e-01 1
2 48 7.03125000000000000e-01 1
2 5e 9.17968750000000000e-01 1
2 87 1.31835937500000000e+00 1
2 92 1.42578125000000000e+00 1
2 f9 2.43164062500000000e+00 1
2 21 3.22265625000000000e-01 1
2 17 2.24609375000000000e-01 1
2 5c 8.98437500000000000e-01 1
2 23 3.41796875000000000e-01 1
2 e4 2.22656250000000000e+00 1
2 73 1.12304687500000000e+00 1
2 fb 2.45117187500000000e+00 1
2 54 8.20312500000000000e-01 1
2 a8 1.64062500000000000e+00 1
2 bb 1.82617187500000000e+00 1
2 b0 1.71875000000000000e+00 1
2 85 1.29882812500000000e+00 1
2 95 1.45507812500000000e+00 1
2 f2 2.36328125000000000e+00 1
2 23 3.41796875000000000e-01 1
2 97 1.47460937500000000e+00 1
2 08 7.81250000000000000e-02 1
2 ec 2.30468750000000000e+00 1
2 04 3.90625000000000000e-02 1
2 79 1.18164062500000000e+00 1
2 e9 2.27539062500000000e+00 1
2 5b 8.88671875000000000e-01 1
2 b3 1.74804687500000000e+00 1
2 4f 7.71484375000000000e-01 1
2 f6 2.40234375000000000e+00 1
2 08 7.81250000000000000e-02 1
2 05 4.88281250000000000e-02 1
2 99 1.49414062500000000e+00 1
2 a2 1.58203125000000000e+00 1
2 13 1.85546875000000000e-01 1
2 7b 1.20117187500000000e+00 1
2 11 1.66015625000000000e-01 1
2 bb 1.82617187500000000e+00 1
2 4f 7.71484375000000000e-01 1
2 51 7.91015625000000000e-01 1
2 22 3.32031250000000000e-01 1
2 ff 2.49023437500000000e+00 1
2 12 1.75781250000000000e-01 1
2 13 1.85546875000000000e-01 1
2 73 1.12304687500000000e+00 1
2 8b 1.35742187500000000e+00 1
2 5e 9.17968750000000000e-01 1
2 bc 1.83593750000000000e+00 1
2 0b 1.07421875000000000e-01 1
2 e6 2.24609375000000000e+00 1
2 ef 2.33398437500000000e+00 1
2 bc 1.83593750000000000e+00 1
2 bc 1.83593750000000000e+00 1
2 b4 1.75781250000000000e+00 1
2 21 3.22265625000000000e-01 1
2 cb 1.98242187500000000e+00 1
2 f6 2.40234375000000000e+00 1
2 ea 2.28515625000000000e+00 1
2 57 8.49609375000000000e-01 1
2 5a 8.78906250000000000e-01 1
2 15 2.05078125000000000e-01 1
2 af 1.70898437500000000e+00 1
2 79 1.18164062500000000e+00 1
2 e6 2.24609375000000000e+00 1
2 13 1.85546875000000000e-01 1
2 df 2.17773437500000000e+00 1
2 db 2.13867187500000000e+00 1
2 6a 1.03515625000000000e+00 1
2 f1 2.35351562500000000e+00 1
2 ca 1.97265625000000000e+00 1
2 07 6.83593750000000000e-02 1
2 dd 2.15820312500000000e+00 1
2 7f 1.24023437500000000e+00 1
2 92 1.42578125000000000e+00 1
2 03 2.92968750000000000e-02 1
2 9f 1.55273437500000000e+00 1
2 a9 1.65039062500000000e+00 1
2 61 9.47265625000000000e-01 1
2 61 9.47265625000000000e-01 1
2 95 1.45507812500000000e+00 1
2 03 2.92968750000000000e-02 1
2 9b 1.51367187500000000e+00 1
2 12 1.75781250000000000e-01 1
2 14 1.95312500000000000e-01 1
2 17 2.24609375000000000e-01 1
2 a3 1.59179687500000000e+00 1
2 1d 2.83203125000000000e-01 1
2 fe 2.48046875000000000e+00 1
2 41 6.34765625000000000e-01 1
2 e1 2.19726562500000000e+00 1
2 6a 1.03515625000000000e+00 1
2 ba 1.81640625000000000e+00 1
2 54 8.20312500000000000e-01 1
2 63 9.66796875000000000e-01 1
2 ef 2.33398437500000000e+00 1
2 bc 1.83593750000000000e+00 1
2 b1 1.72851562500000000e+00 1
2 94 1.44531250000000000e+00 1
2 75 1.14257812500000000e+00 1
2 70 1.09375000000000000e+00 1
2 76 1.15234375000000000e+00 1
2 d6 2.08984375000000000e+00 1
2 8a 1.34765625000000000e+00 1
2 15 2.05078125000000000e-01 1
2 84 1.28906250000000000e+00 1
2 c0 1.87500000000000000e+00 1
2 83 1.27929687500000000e+00 1
2 07 6.83593750000000000e-02 1
2 4f 7.71484375000000000e-01 1
2 99 1.49414062500000000e+00 1
2 16 2.14843750000000000e-01 1
2 7b 1.20117187500000000e+00 1
2 05 4.88281250000000000e-02 1
2 3a 5.66406250000000000e-01 1
2 f5 2.39257812500000000e+00 1
2 b2 1.73828125000000000e+00 1
2 1c 2.73437500000000000e-01 1
2 7f 1.24023437500000000e+00 1
2 c7 1.94335937500000000e+00 1
2 9d 1.53320312500000000e+00 1
2 a8 1.64062500000000000e+00 1
2 eb 2.29492187500000000e+00 1
2 7c 1.21093750000000000e+00 1
2 41 6.34765625000000000e-01 1
2 e5 2.23632812500000000e+00 1
2 02 1.95312500000000000e-02 1
2 5e 9.17968750000000000e-01 1
2 4d 7.51953125000000000e-01 1
2 24 3.51562500000000000e-01 1
2 ad 1.68945312500000000e+00 1
2 9c 1.52343750000000000e+00 1
2 33 4.98046875000000000e-01 1
2 84 1.28906250000000000e+00 1
2 2b 4.19921875000000000e-01 1
2 c0 1.87500000000000000e+00 1
2 e7 2.25585937500000000e+00 1
2 57 8.49609375000000000e-01 1
2 a8 1.64062500000000000e+00 1
2 ee 2.32421875000000000e+00 1
2 71 1.10351562500000000e+00 1
2 7f 1.24023437500000000e+00 1
2 e4 2.22656250000000000e+00 1
2 3d 5.95703125000000000e-01 1
2 53 8.10546875000000000e-01 1
2 67 1.00585937500000000e+00 1
2 aa 1.66015625000000000e+00 1
2 40 6.25000000000000000e-01 1
2 32 4.88281250000000000e-01 1
2 a2 1.58203125000000000e+00 1
2 6e 1.07421875000000000e+00 1
2 cd 2.00195312500000000e+00 1
2 ce 2.01171875000000000e+00 1
2 c1 1.88476562500000000e+00 1
2 ea 2.28515625000000000e+00 1
2 33 4.98046875000000000e-01 1
2 e1 2.19726562500000000e+00 1
2 36 5.27343750000000000e-01 1
2 62 9.57031250000000000e-01 1
2 38 5.46875000000000000e-01 1
2 95 1.45507812500000000e+00 1
2 eb 2.29492187500000000e+00 1
2 51 7.91015625000000000e-01 1
2 35 5.17578125000000000e-01 1
2 22 3.32031250000000000e-01 1
2 22 3.32031250000000000e-01 1
2 7f 1.24023437500000000e+00 1
2 59 8.69140625000000000e-01 1
2 d6 2.08984375000000000e+00 1
2 e5 2.23632812500000000e+00 1
2 d9 2.11914062500000000e+00 1
2 0a 9.76562500000000000e-02 1
2 b6 1.77734375000000000e+00 1
2 10 1.56250000000000000e-01 1
2 f3 2.37304687500000000e+00 1
2 fa 2.44140625000000000e+00 1
2 46 6.83593750000000000e-01 1
2 d2 2.05078125000000000e+00 1
2 2b 4.19921875000000000e-01 1
2 1c 2.73437500000000000e-01 1
2 73 1.12304687500000000e+00 1
2 78 1.17187500000000000e+00 1
2 46 6.83593750000000000e-01 1
2 ec 2.30468750000000000e+00 1
2 36 5.27343750000000000e-01 1
2 d4 2.07031250000000000e+00 1
2 69 1.02539062500000000e+00 1
2 61 9.47265625000000000e-01 1
2 a0 1.56250000000000000e+00 1
2 85 1.29882812500000000e+00 1
2 7e 1.23046875000000000e+00 1
2 ac 1.67968750000000000e+00 1
2 50 7.81250000000000000e-01 1
2 b7 1.78710937500000000e+00 1
2 d6 2.08984375000000000e+00 1
2 d7 2.09960937500000000e+00 1
2 fb 2.45117187500000000e+00 1
2 9f 1.55273437500000000e+00 1
2 73 1.12304687500000000e+00 1
2 52 8.00781250000000000e-01 1
2 13 1.85546875000000000e-01 1
2 d4 2.07031250000000000e+00 1
2 08 7.81250000000000000e-02 1
2 47 6.93359375000000000e-01 1
2 df 2.17773437500000000e+00 1
2 9b 1.51367187500000000e+00 1
2 0a 9.76562500000000000e-02 1
2 ad 1.68945312500000000e+00 1
2 b5 1.76757812500000000e+00 1
2 47 6.93359375000000000e-01 1
2 92 1.42578125000000000e+00 1
2 5a 8.78906250000000000e-01 1
2 4f 7.71484375000000000e-01 1
2 a6 1.62109375000000000e+00 1
2 ca 1.97265625000000000e+00 1
2 90 1.40625000000000000e+00 1
