0 0 0 0 0 0 00000000 00000000 ffffffff 1 1
0 1 0 0 0 0 00000000 00000000 ffffffff 1 1
0 1 1 0 0 0 14c25b99 00000000 ffffffff 1 1
0 1 1 1 0 0 c4905c09 00000000 ffffffff 1 1
0 1 1 0 0 4 9b576d64 000000ff ffffffff 1 1
0 1 1 1 0 4 b406dd29 000000ff ffffffff 1 1
0 1 1 0 0 8 ff6b17a4 00000000 ffffffff 1 1
0 1 1 1 0 8 42408ea4 00000000 ffffffff 1 1
0 1 1 0 0 c 23fd7e36 c0de0001 ffffffff 1 1
0 1 1 1 0 c 5822d7b0 c0de0001 ffffffff 1 1
1 1 1 0 1 0 11111111 00000000 ffffffff 1 1
1 1 1 1 1 0 11111111 00000000 ffffffff 1 1
1 1 1 0 1 4 22222222 00000000 ffffffff 1 1
1 1 1 1 1 4 22222222 00000000 ffffffff 1 1
1 1 1 0 1 8 12345678 00000000 ffffffff 1 1
1 1 1 1 1 8 12345678 00000000 ffffffff 1 1
1 1 1 0 0 0 da2f6b1d 11111111 ffffffff 1 1
1 1 1 1 0 0 108ed79c 11111111 ffffffff 1 1
1 1 1 0 0 4 264a6630 22222222 ffffffff 1 1
1 1 1 1 0 4 d8d8d5ed 22222222 ffffffff 1 1
1 1 1 0 0 8 6a806097 12345678 ffffffff 1 1
1 1 1 1 0 8 559d3b5b 12345678 ffffffff 1 1
2 1 1 0 1 c ffffffff 00000000 ffffffff 1 1
2 1 1 1 1 c ffffffff 00000000 ffffffff 1 1
2 1 1 0 0 c e55a1fb1 c0de0001 ffffffff 1 1
2 1 1 1 0 c 35d321c0 c0de0001 ffffffff 1 1
2 1 1 0 0 0 4cb8dc48 11111111 ffffffff 1 1
2 1 1 1 0 0 b1963757 11111111 ffffffff 1 1
3 1 1 0 1 8 dc45b198 00000000 ffffffff 1 1
3 1 1 1 1 8 dc45b198 00000000 ffffffff 1 1
3 1 0 0 0 0 00000000 00000000 ffffffff 1 1
3 1 1 0 1 0 95894f46 00000000 ffffffff 1 1
3 1 1 1 1 0 95894f46 00000000 ffffffff 1 1
3 1 1 0 0 0 f9692fb2 95894f46 ffffffff 1 1
3 1 1 1 0 0 ba58c212 95894f46 ffffffff 1 1
3 1 0 0 0 0 00000000 00000000 ffffffff 1 1
3 1 1 0 1 c 67b7a29a 00000000 ffffffff 1 1
3 1 1 1 1 c 67b7a29a 00000000 ffffffff 1 1
3 1 1 0 0 8 01835404 dc45b198 ffffffff 1 1
3 1 1 1 0 8 056eff6f dc45b198 ffffffff 1 1
3 1 1 0 0 4 b3d4fc24 22222222 ffffffff 1 1
3 1 1 1 0 4 17c55c80 22222222 ffffffff 1 1
3 1 0 0 0 0 00000000 00000000 ffffffff 1 1
3 1 1 0 0 0 59521b2d 95894f46 ffffffff 1 1
3 1 1 1 0 0 9c94bb6d 95894f46 ffffffff 1 1
3 1 1 0 0 8 89ecbcc4 dc45b198 ffffffff 1 1
3 1 1 1 0 8 7c158fd0 dc45b198 ffffffff 1 1
3 1 1 0 1 c 8e33f195 00000000 ffffffff 1 1
3 1 1 1 1 c 8e33f195 00000000 ffffffff 1 1
3 1 1 0 0 8 34c7a496 dc45b198 ffffffff 1 1
3 1 1 1 0 8 ec516763 dc45b198 ffffffff 1 1
3 1 1 0 0 8 a743da7d dc45b198 ffffffff 1 1
3 1 1 1 0 8 9c20feab dc45b198 ffffffff 1 1
3 1 1 0 1 8 2a387fad 00000000 ffffffff 1 1
3 1 1 1 1 8 2a387fad 00000000 ffffffff 1 1
3 1 1 0 0 8 5e13ae57 2a387fad ffffffff 1 1
3 1 1 1 0 8 8c01a849 2a387fad ffffffff 1 1
3 1 1 0 1 c 4f4e3815 00000000 ffffffff 1 1
3 1 1 1 1 c 4f4e3815 00000000 ffffffff 1 1
3 1 1 0 1 8 e60475b2 00000000 ffffffff 1 1
3 1 1 1 1 8 e60475b2 00000000 ffffffff 1 1
3 1 1 0 1 4 de52838c 00000000 ffffffff 1 1
3 1 1 1 1 4 de52838c 00000000 ffffffff 1 1
3 1 1 0 0 0 b98f56e0 95894f46 ffffffff 1 1
3 1 1 1 0 0 204a05a5 95894f46 ffffffff 1 1
3 1 1 0 0 8 7685001c e60475b2 ffffffff 1 1
3 1 1 1 0 8 d35127a9 e60475b2 ffffffff 1 1
3 1 0 0 0 0 00000000 00000000 ffffffff 1 1
3 1 1 0 1 0 f298e7f0 00000000 ffffffff 1 1
3 1 1 1 1 0 f298e7f0 00000000 ffffffff 1 1
3 1 0 0 0 0 00000000 00000000 ffffffff 1 1
3 1 1 0 0 c 54e61894 c0de0001 ffffffff 1 1
3 1 1 1 0 c 0feb62d3 c0de0001 ffffffff 1 1
3 1 1 0 0 8 1e4bbfd6 e60475b2 ffffffff 1 1
3 1 1 1 0 8 6a3a6c78 e60475b2 ffffffff 1 1
3 1 0 0 0 0 00000000 00000000 ffffffff 1 1
3 1 1 0 0 0 b955c030 f298e7f0 ffffffff 1 1
3 1 1 1 0 0 80b9ec6e f298e7f0 ffffffff 1 1
3 1 1 0 1 0 460c02f9 00000000 ffffffff 1 1
3 1 1 1 1 0 460c02f9 00000000 ffffffff 1 1
3 1 1 0 0 0 6fe3236f 460c02f9 ffffffff 1 1
3 1 1 1 0 0 410ac00a 460c02f9 ffffffff 1 1
3 1 0 0 0 0 00000000 00000000 ffffffff 1 1
3 1 1 0 0 4 f04f8833 de52838c ffffffff 1 1
3 1 1 1 0 4 e89cf8fc de52838c ffffffff 1 1
3 1 1 0 1 0 049d019f 00000000 ffffffff 1 1
3 1 1 1 1 0 049d019f 00000000 ffffffff 1 1
3 1 0 0 0 0 00000000 00000000 ffffffff 1 1
3 1 1 0 1 c 6dad410f 00000000 ffffffff 1 1
3 1 1 1 1 c 6dad410f 00000000 ffffffff 1 1
3 1 1 0 0 c 4fbbf8fe c0de0001 ffffffff 1 1
3 1 1 1 0 c 6c0d6ca9 c0de0001 ffffffff 1 1
3 1 0 0 0 0 00000000 00000000 ffffffff 1 1
3 1 1 0 0 8 84234a21 e60475b2 ffffffff 1 1
3 1 1 1 0 8 e00a2bfe e60475b2 ffffffff 1 1
3 1 1 0 1 c 83cdf30b 00000000 ffffffff 1 1
3 1 1 1 1 c 83cdf30b 00000000 ffffffff 1 1
3 1 0 0 0 0 00000000 00000000 ffffffff 1 1
3 1 1 0 0 4 2edadc81 de52838c ffffffff 1 1
3 1 1 1 0 4 c4c9e7cc de52838c ffffffff 1 1
3 1 0 0 0 0 00000000 00000000 ffffffff 1 1
3 1 1 0 0 8 829dcba5 e60475b2 ffffffff 1 1
3 1 1 1 0 8 682053ef e60475b2 ffffffff 1 1
3 1 0 0 0 0 00000000 00000000 ffffffff 1 1
3 1 1 0 0 c 4dbee570 c0de0001 ffffffff 1 1
3 1 1 1 0 c b07ee8cf c0de0001 ffffffff 1 1
3 1 1 0 0 4 5453d66e de52838c ffffffff 1 1
3 1 1 1 0 4 6b937746 de52838c ffffffff 1 1
3 1 0 0 0 0 00000000 00000000 ffffffff 1 1
3 1 1 0 1 0 dbd0003d 00000000 ffffffff 1 1
3 1 1 1 1 0 dbd0003d 00000000 ffffffff 1 1
3 1 1 0 0 c 983f45a1 c0de0001 ffffffff 1 1
3 1 1 1 0 c b5831b9e c0de0001 ffffffff 1 1
3 1 1 0 0 0 6e229bcf dbd0003d ffffffff 1 1
3 1 1 1 0 0 3285e28b dbd0003d ffffffff 1 1
3 1 0 0 0 0 00000000 00000000 ffffffff 1 1
3 1 1 0 0 c a2d67fc2 c0de0001 ffffffff 1 1
3 1 1 1 0 c 735d458d c0de0001 ffffffff 1 1
3 1 1 0 0 4 f2f8f303 de52838c ffffffff 1 1
3 1 1 1 0 4 3dfef446 de52838c ffffffff 1 1
3 1 1 0 1 4 d5aca81d 00000000 ffffffff 1 1
3 1 1 1 1 4 d5aca81d 00000000 ffffffff 1 1
3 1 1 0 1 4 99c295e0 00000000 ffffffff 1 1
3 1 1 1 1 4 99c295e0 00000000 ffffffff 1 1
3 1 1 0 0 0 ba1876d5 dbd0003d ffffffff 1 1
3 1 1 1 0 0 af18a1dc dbd0003d ffffffff 1 1
3 1 1 0 0 4 44a44257 99c295e0 ffffffff 1 1
3 1 1 1 0 4 fae99e11 99c295e0 ffffffff 1 1
3 1 0 0 0 0 00000000 00000000 ffffffff 1 1
3 1 1 0 1 8 5c87c2a7 00000000 ffffffff 1 1
3 1 1 1 1 8 5c87c2a7 00000000 ffffffff 1 1
3 1 1 0 1 4 d2c79333 00000000 ffffffff 1 1
3 1 1 1 1 4 d2c79333 00000000 ffffffff 1 1
3 1 0 0 0 0 00000000 00000000 ffffffff 1 1
3 1 1 0 0 8 bdb0443d 5c87c2a7 ffffffff 1 1
3 1 1 1 0 8 da3a7189 5c87c2a7 ffffffff 1 1
3 1 1 0 1 c 45178c94 00000000 ffffffff 1 1
3 1 1 1 1 c 45178c94 00000000 ffffffff 1 1
3 1 1 0 1 c 34513f86 00000000 ffffffff 1 1
3 1 1 1 1 c 34513f86 00000000 ffffffff 1 1
3 1 1 0 1 8 80e91a70 00000000 ffffffff 1 1
3 1 1 1 1 8 80e91a70 00000000 ffffffff 1 1
3 1 1 0 1 4 643fc747 00000000 ffffffff 1 1
3 1 1 1 1 4 643fc747 00000000 ffffffff 1 1
3 1 1 0 1 8 f932a336 00000000 ffffffff 1 1
3 1 1 1 1 8 f932a336 00000000 ffffffff 1 1
3 1 1 0 0 4 e36a6899 643fc747 ffffffff 1 1
3 1 1 1 0 4 2cfc163c 643fc747 ffffffff 1 1
3 1 1 0 1 8 07f9017b 00000000 ffffffff 1 1
3 1 1 1 1 8 07f9017b 00000000 ffffffff 1 1
3 1 0 0 0 0 00000000 00000000 ffffffff 1 1
3 1 1 0 0 0 910137c6 dbd0003d ffffffff 1 1
3 1 1 1 0 0 63a0525a dbd0003d ffffffff 1 1
3 1 1 0 0 0 956c9f1c dbd0003d ffffffff 1 1
3 1 1 1 0 0 b3fa37ff dbd0003d ffffffff 1 1
3 1 0 0 0 0 00000000 00000000 ffffffff 1 1
3 1 1 0 1 c bc987824 00000000 ffffffff 1 1
3 1 1 1 1 c bc987824 00000000 ffffffff 1 1
3 1 1 0 1 8 d4dc9ff3 00000000 ffffffff 1 1
3 1 1 1 1 8 d4dc9ff3 00000000 ffffffff 1 1
3 1 1 0 1 4 59e3be7c 00000000 ffffffff 1 1
3 1 1 1 1 4 59e3be7c 00000000 ffffffff 1 1
3 1 1 0 0 8 560bb29e d4dc9ff3 ffffffff 1 1
3 1 1 1 0 8 eca634a1 d4dc9ff3 ffffffff 1 1
3 1 1 0 0 8 4f687248 d4dc9ff3 ffffffff 1 1
3 1 1 1 0 8 444957b2 d4dc9ff3 ffffffff 1 1
3 1 1 0 1 8 0c5f85b0 00000000 ffffffff 1 1
3 1 1 1 1 8 0c5f85b0 00000000 ffffffff 1 1
3 1 1 0 1 8 5aa6a84d 00000000 ffffffff 1 1
3 1 1 1 1 8 5aa6a84d 00000000 ffffffff 1 1
3 1 1 0 0 0 2d3b1964 dbd0003d ffffffff 1 1
3 1 1 1 0 0 d482dbec dbd0003d ffffffff 1 1
3 1 1 0 0 c 6b9f85f8 c0de0001 ffffffff 1 1
3 1 1 1 0 c 3600b048 c0de0001 ffffffff 1 1
3 1 1 0 1 4 7121e9da 00000000 ffffffff 1 1
3 1 1 1 1 4 7121e9da 00000000 ffffffff 1 1
3 1 1 0 1 c 8c60ca71 00000000 ffffffff 1 1
3 1 1 1 1 c 8c60ca71 00000000 ffffffff 1 1
3 1 1 0 0 c 335067a7 c0de0001 ffffffff 1 1
3 1 1 1 0 c 305fc12f c0de0001 ffffffff 1 1
3 1 0 0 0 0 00000000 00000000 ffffffff 1 1
3 1 1 0 0 8 3f1cec62 5aa6a84d ffffffff 1 1
3 1 1 1 0 8 6294485f 5aa6a84d ffffffff 1 1
3 1 0 0 0 0 00000000 00000000 ffffffff 1 1
3 1 1 0 1 c c8a0154d 00000000 ffffffff 1 1
3 1 1 1 1 c c8a0154d 00000000 ffffffff 1 1
3 1 1 0 1 4 c07e017b 00000000 ffffffff 1 1
3 1 1 1 1 4 c07e017b 00000000 ffffffff 1 1
3 1 0 0 0 0 00000000 00000000 ffffffff 1 1
3 1 1 0 0 8 1b9d3d23 5aa6a84d ffffffff 1 1
3 1 1 1 0 8 3b7c3dd5 5aa6a84d ffffffff 1 1
3 1 1 0 1 4 2f6ecfe8 00000000 ffffffff 1 1
3 1 1 1 1 4 2f6ecfe8 00000000 ffffffff 1 1
3 1 0 0 0 0 00000000 00000000 ffffffff 1 1
3 1 1 0 0 4 bbff6ec7 2f6ecfe8 ffffffff 1 1
3 1 1 1 0 4 20589c8e 2f6ecfe8 ffffffff 1 1
3 1 0 0 0 0 00000000 00000000 ffffffff 1 1
3 1 1 0 0 4 b65fd28d 2f6ecfe8 ffffffff 1 1
3 1 1 1 0 4 45de3393 2f6ecfe8 ffffffff 1 1
3 1 0 0 0 0 00000000 00000000 ffffffff 1 1
3 1 1 0 1 4 bafc67af 00000000 ffffffff 1 1
3 1 1 1 1 4 bafc67af 00000000 ffffffff 1 1
3 1 1 0 1 c aefc9acd 00000000 ffffffff 1 1
3 1 1 1 1 c aefc9acd 00000000 ffffffff 1 1
3 1 1 0 1 c fdef3de7 00000000 ffffffff 1 1
3 1 1 1 1 c fdef3de7 00000000 ffffffff 1 1
3 1 1 0 0 0 d361904b dbd0003d ffffffff 1 1
3 1 1 1 0 0 68833e90 dbd0003d ffffffff 1 1
3 1 1 0 0 0 0db324f0 dbd0003d ffffffff 1 1
3 1 1 1 0 0 b4ab8ed5 dbd0003d ffffffff 1 1
3 1 1 0 1 8 5b950ddf 00000000 ffffffff 1 1
3 1 1 1 1 8 5b950ddf 00000000 ffffffff 1 1
3 1 1 0 0 0 15547867 dbd0003d ffffffff 1 1
3 1 1 1 0 0 e24ea9e2 dbd0003d ffffffff 1 1
3 1 0 0 0 0 00000000 00000000 ffffffff 1 1
3 1 1 0 1 8 c2f4e1e0 00000000 ffffffff 1 1
3 1 1 1 1 8 c2f4e1e0 00000000 ffffffff 1 1
3 1 1 0 0 4 0ce8b9ac bafc67af ffffffff 1 1
3 1 1 1 0 4 bc1540fc bafc67af ffffffff 1 1
3 1 1 0 1 8 9da4272c 00000000 ffffffff 1 1
3 1 1 1 1 8 9da4272c 00000000 ffffffff 1 1
3 1 1 0 0 c e1e26a83 c0de0001 ffffffff 1 1
3 1 1 1 0 c 4c83148c c0de0001 ffffffff 1 1
3 1 0 0 0 0 00000000 00000000 ffffffff 1 1
3 1 1 0 1 4 93a18018 00000000 ffffffff 1 1
3 1 1 1 1 4 93a18018 00000000 ffffffff 1 1
3 1 1 0 1 8 6a2a9f58 00000000 ffffffff 1 1
3 1 1 1 1 8 6a2a9f58 00000000 ffffffff 1 1
3 1 1 0 0 4 4cda5504 93a18018 ffffffff 1 1
3 1 1 1 0 4 df6803b7 93a18018 ffffffff 1 1
3 1 1 0 0 0 8079340a dbd0003d ffffffff 1 1
3 1 1 1 0 0 e475a4a2 dbd0003d ffffffff 1 1
3 1 0 0 0 0 00000000 00000000 ffffffff 1 1
3 1 1 0 1 c 4ed930bb 00000000 ffffffff 1 1
3 1 1 1 1 c 4ed930bb 00000000 ffffffff 1 1
3 1 1 0 0 0 240a4be1 dbd0003d ffffffff 1 1
3 1 1 1 0 0 0edc5ad1 dbd0003d ffffffff 1 1
3 1 1 0 0 4 2431d5b8 93a18018 ffffffff 1 1
3 1 1 1 0 4 5c3684aa 93a18018 ffffffff 1 1
3 1 1 0 1 0 b82b51b6 00000000 ffffffff 1 1
3 1 1 1 1 0 b82b51b6 00000000 ffffffff 1 1
3 1 1 0 1 0 7e80764a 00000000 ffffffff 1 1
3 1 1 1 1 0 7e80764a 00000000 ffffffff 1 1
3 1 1 0 0 8 3cbc83d5 6a2a9f58 ffffffff 1 1
3 1 1 1 0 8 33c03a50 6a2a9f58 ffffffff 1 1
3 1 0 0 0 0 00000000 00000000 ffffffff 1 1
3 1 1 0 0 0 c6108f0e 7e80764a ffffffff 1 1
3 1 1 1 0 0 5d70b54b 7e80764a ffffffff 1 1
3 1 1 0 0 0 e4ee4eed 7e80764a ffffffff 1 1
3 1 1 1 0 0 744acd11 7e80764a ffffffff 1 1
3 1 0 0 0 0 00000000 00000000 ffffffff 1 1
3 1 1 0 0 4 5aaf3ed4 93a18018 ffffffff 1 1
3 1 1 1 0 4 2224aa68 93a18018 ffffffff 1 1
3 1 1 0 0 0 08f8d9ff 7e80764a ffffffff 1 1
3 1 1 1 0 0 76afdad2 7e80764a ffffffff 1 1
3 1 1 0 0 0 1e2835d8 7e80764a ffffffff 1 1
3 1 1 1 0 0 178f6a70 7e80764a ffffffff 1 1
3 1 1 0 1 0 9a4d291a 00000000 ffffffff 1 1
3 1 1 1 1 0 9a4d291a 00000000 ffffffff 1 1
3 1 0 0 0 0 00000000 00000000 ffffffff 1 1
3 1 1 0 0 c d7ca1ca3 c0de0001 ffffffff 1 1
3 1 1 1 0 c ad246864 c0de0001 ffffffff 1 1
3 1 1 0 0 c 4e2d5fc7 c0de0001 ffffffff 1 1
3 1 1 1 0 c f5d70974 c0de0001 ffffffff 1 1
3 1 1 0 1 c 5f76096a 00000000 ffffffff 1 1
3 1 1 1 1 c 5f76096a 00000000 ffffffff 1 1
3 1 1 0 1 c 23c54496 00000000 ffffffff 1 1
3 1 1 1 1 c 23c54496 00000000 ffffffff 1 1
3 1 0 0 0 0 00000000 00000000 ffffffff 1 1
3 1 1 0 1 c 4857d661 00000000 ffffffff 1 1
3 1 1 1 1 c 4857d661 00000000 ffffffff 1 1
3 1 1 0 0 c ad4bacc5 c0de0001 ffffffff 1 1
3 1 1 1 0 c 7519e9aa c0de0001 ffffffff 1 1
3 1 1 0 1 0 a5163382 00000000 ffffffff 1 1
3 1 1 1 1 0 a5163382 00000000 ffffffff 1 1
3 1 0 0 0 0 00000000 00000000 ffffffff 1 1
3 1 1 0 0 c 43e350cb c0de0001 ffffffff 1 1
3 1 1 1 0 c e1ae08cf c0de0001 ffffffff 1 1
3 1 0 0 0 0 00000000 00000000 ffffffff 1 1
3 1 1 0 1 4 5bf330d1 00000000 ffffffff 1 1
3 1 1 1 1 4 5bf330d1 00000000 ffffffff 1 1
3 1 0 0 0 0 00000000 00000000 ffffffff 1 1
3 1 1 0 1 c 0b84d654 00000000 ffffffff 1 1
3 1 1 1 1 c 0b84d654 00000000 ffffffff 1 1
3 1 1 0 0 8 aaf0a443 6a2a9f58 ffffffff 1 1
3 1 1 1 0 8 f10a1328 6a2a9f58 ffffffff 1 1
3 1 1 0 1 8 cbe8b2f7 00000000 ffffffff 1 1
3 1 1 1 1 8 cbe8b2f7 00000000 ffffffff 1 1
3 1 1 0 1 c 80ebc682 00000000 ffffffff 1 1
3 1 1 1 1 c 80ebc682 00000000 ffffffff 1 1
3 1 1 0 0 0 a86f443f a5163382 ffffffff 1 1
3 1 1 1 0 0 6466c669 a5163382 ffffffff 1 1
3 1 1 0 1 c 406f781e 00000000 ffffffff 1 1
3 1 1 1 1 c 406f781e 00000000 ffffffff 1 1
3 1 0 0 0 0 00000000 00000000 ffffffff 1 1
3 1 1 0 1 4 548ed98c 00000000 ffffffff 1 1
3 1 1 1 1 4 548ed98c 00000000 ffffffff 1 1
3 1 0 0 0 0 00000000 00000000 ffffffff 1 1
3 1 1 0 1 0 a8cb6de9 00000000 ffffffff 1 1
3 1 1 1 1 0 a8cb6de9 00000000 ffffffff 1 1
3 1 1 0 1 4 9f423215 00000000 ffffffff 1 1
3 1 1 1 1 4 9f423215 00000000 ffffffff 1 1
3 1 1 0 0 0 40237eb8 a8cb6de9 ffffffff 1 1
3 1 1 1 0 0 aabbbc6c a8cb6de9 ffffffff 1 1
3 1 1 0 0 8 f5bd9887 cbe8b2f7 ffffffff 1 1
3 1 1 1 0 8 ff5de321 cbe8b2f7 ffffffff 1 1
3 1 0 0 0 0 00000000 00000000 ffffffff 1 1
3 1 1 0 0 4 f3722201 9f423215 ffffffff 1 1
3 1 1 1 0 4 1466dcdd 9f423215 ffffffff 1 1
3 1 1 0 0 c 0b0da9d3 c0de0001 ffffffff 1 1
3 1 1 1 0 c 51a6539a c0de0001 ffffffff 1 1
3 1 1 0 1 8 81ebc2e7 00000000 ffffffff 1 1
3 1 1 1 1 8 81ebc2e7 00000000 ffffffff 1 1
3 1 1 0 0 0 f7f8a256 a8cb6de9 ffffffff 1 1
3 1 1 1 0 0 d9bee836 a8cb6de9 ffffffff 1 1
3 1 0 0 0 0 00000000 00000000 ffffffff 1 1
3 1 1 0 1 0 398bf0ac 00000000 ffffffff 1 1
3 1 1 1 1 0 398bf0ac 00000000 ffffffff 1 1
3 1 0 0 0 0 00000000 00000000 ffffffff 1 1
3 1 1 0 0 0 ac1e460a 398bf0ac ffffffff 1 1
3 1 1 1 0 0 4aee35c5 398bf0ac ffffffff 1 1
3 1 0 0 0 0 00000000 00000000 ffffffff 1 1
3 1 1 0 1 4 fd6531f4 00000000 ffffffff 1 1
3 1 1 1 1 4 fd6531f4 00000000 ffffffff 1 1
3 1 1 0 1 c 02892d80 00000000 ffffffff 1 1
3 1 1 1 1 c 02892d80 00000000 ffffffff 1 1
3 1 1 0 0 4 025332cb fd6531f4 ffffffff 1 1
3 1 1 1 0 4 f0746939 fd6531f4 ffffffff 1 1
3 1 0 0 0 0 00000000 00000000 ffffffff 1 1
3 1 1 0 1 0 3c69d2f0 00000000 ffffffff 1 1
3 1 1 1 1 0 3c69d2f0 00000000 ffffffff 1 1
3 1 1 0 0 c 02f00380 c0de0001 ffffffff 1 1
3 1 1 1 0 c e93f370b c0de0001 ffffffff 1 1
3 1 1 0 0 c 2ec505e0 c0de0001 ffffffff 1 1
3 1 1 1 0 c 00afd6ff c0de0001 ffffffff 1 1
3 1 1 0 1 0 89b3b0d7 00000000 ffffffff 1 1
3 1 1 1 1 0 89b3b0d7 00000000 ffffffff 1 1
3 1 1 0 1 0 ae443600 00000000 ffffffff 1 1
3 1 1 1 1 0 ae443600 00000000 ffffffff 1 1
3 1 1 0 0 4 072969fd fd6531f4 ffffffff 1 1
3 1 1 1 0 4 a499a4a7 fd6531f4 ffffffff 1 1
3 1 1 0 1 c 2a02d8b7 00000000 ffffffff 1 1
3 1 1 1 1 c 2a02d8b7 00000000 ffffffff 1 1
3 1 1 0 1 4 d6b54877 00000000 ffffffff 1 1
3 1 1 1 1 4 d6b54877 00000000 ffffffff 1 1
3 1 1 0 1 4 c2102593 00000000 ffffffff 1 1
3 1 1 1 1 4 c2102593 00000000 ffffffff 1 1
3 1 1 0 0 4 54361588 c2102593 ffffffff 1 1
3 1 1 1 0 4 97a9fd44 c2102593 ffffffff 1 1
3 1 1 0 1 4 97846239 00000000 ffffffff 1 1
3 1 1 1 1 4 97846239 00000000 ffffffff 1 1
3 1 0 0 0 0 00000000 00000000 ffffffff 1 1
3 1 1 0 0 0 71f30156 ae443600 ffffffff 1 1
3 1 1 1 0 0 88793694 ae443600 ffffffff 1 1
3 1 0 0 0 0 00000000 00000000 ffffffff 1 1
3 1 1 0 0 4 a335f83a 97846239 ffffffff 1 1
3 1 1 1 0 4 a680b79e 97846239 ffffffff 1 1
3 1 0 0 0 0 00000000 00000000 ffffffff 1 1
3 1 1 0 0 4 03e609ba 97846239 ffffffff 1 1
3 1 1 1 0 4 f813bcd7 97846239 ffffffff 1 1
3 1 0 0 0 0 00000000 00000000 ffffffff 1 1
3 1 1 0 0 8 ddeeef5c 81ebc2e7 ffffffff 1 1
3 1 1 1 0 8 2e81b4d8 81ebc2e7 ffffffff 1 1
3 1 0 0 0 0 00000000 00000000 ffffffff 1 1
3 1 1 0 0 c 1f2a9a0e c0de0001 ffffffff 1 1
3 1 1 1 0 c fd969505 c0de0001 ffffffff 1 1
3 1 1 0 1 4 975ca9c0 00000000 ffffffff 1 1
3 1 1 1 1 4 975ca9c0 00000000 ffffffff 1 1
3 1 1 0 0 4 55d6352e 975ca9c0 ffffffff 1 1
3 1 1 1 0 4 04206bc6 975ca9c0 ffffffff 1 1
3 1 0 0 0 0 00000000 00000000 ffffffff 1 1
3 1 1 0 1 8 118d4bb6 00000000 ffffffff 1 1
3 1 1 1 1 8 118d4bb6 00000000 ffffffff 1 1
3 1 1 0 0 4 85ef0d75 975ca9c0 ffffffff 1 1
3 1 1 1 0 4 82368f34 975ca9c0 ffffffff 1 1
3 1 1 0 1 0 8759b695 00000000 ffffffff 1 1
3 1 1 1 1 0 8759b695 00000000 ffffffff 1 1
3 1 1 0 1 0 a4af695e 00000000 ffffffff 1 1
3 1 1 1 1 0 a4af695e 00000000 ffffffff 1 1
3 1 0 0 0 0 00000000 00000000 ffffffff 1 1
3 1 1 0 1 c 078b62af 00000000 ffffffff 1 1
3 1 1 1 1 c 078b62af 00000000 ffffffff 1 1
3 1 0 0 0 0 00000000 00000000 ffffffff 1 1
3 1 1 0 1 8 ac63e5e7 00000000 ffffffff 1 1
3 1 1 1 1 8 ac63e5e7 00000000 ffffffff 1 1
3 1 1 0 0 4 a7f1f3b2 975ca9c0 ffffffff 1 1
3 1 1 1 0 4 6bec4a84 975ca9c0 ffffffff 1 1
3 1 0 0 0 0 00000000 00000000 ffffffff 1 1
3 1 1 0 1 0 9c11b545 00000000 ffffffff 1 1
3 1 1 1 1 0 9c11b545 00000000 ffffffff 1 1
3 1 1 0 0 c bdaffd07 c0de0001 ffffffff 1 1
3 1 1 1 0 c 78d4f3c7 c0de0001 ffffffff 1 1
3 1 1 0 1 0 2e6fcfb6 00000000 ffffffff 1 1
3 1 1 1 1 0 2e6fcfb6 00000000 ffffffff 1 1
3 1 1 0 1 8 34a01238 00000000 ffffffff 1 1
3 1 1 1 1 8 34a01238 00000000 ffffffff 1 1
3 1 1 0 0 8 09b922bc 34a01238 ffffffff 1 1
3 1 1 1 0 8 06ba5822 34a01238 ffffffff 1 1
3 1 1 0 0 4 9b043328 975ca9c0 ffffffff 1 1
3 1 1 1 0 4 9224277b 975ca9c0 ffffffff 1 1
3 1 1 0 0 0 e1903088 2e6fcfb6 ffffffff 1 1
3 1 1 1 0 0 72087c66 2e6fcfb6 ffffffff 1 1
3 1 1 0 1 4 32e31bd0 00000000 ffffffff 1 1
3 1 1 1 1 4 32e31bd0 00000000 ffffffff 1 1
3 1 1 0 0 4 9d582b3b 32e31bd0 ffffffff 1 1
3 1 1 1 0 4 477c52b1 32e31bd0 ffffffff 1 1
3 1 1 0 1 0 4a77cc06 00000000 ffffffff 1 1
3 1 1 1 1 0 4a77cc06 00000000 ffffffff 1 1
3 1 1 0 0 4 b1250e7c 32e31bd0 ffffffff 1 1
3 1 1 1 0 4 797d3c33 32e31bd0 ffffffff 1 1
3 1 1 0 0 4 509b9ad1 32e31bd0 ffffffff 1 1
3 1 1 1 0 4 24bf5a7c 32e31bd0 ffffffff 1 1
3 1 0 0 0 0 00000000 00000000 ffffffff 1 1
3 1 1 0 0 0 6e0eb9a9 4a77cc06 ffffffff 1 1
3 1 1 1 0 0 7407c204 4a77cc06 ffffffff 1 1
3 1 1 0 0 0 442c083c 4a77cc06 ffffffff 1 1
3 1 1 1 0 0 413046ab 4a77cc06 ffffffff 1 1
3 1 1 0 0 0 971d891d 4a77cc06 ffffffff 1 1
3 1 1 1 0 0 f7348e7e 4a77cc06 ffffffff 1 1
3 1 1 0 0 c f63dda5f c0de0001 ffffffff 1 1
3 1 1 1 0 c 7e47a390 c0de0001 ffffffff 1 1
3 1 1 0 0 c fdd4fca6 c0de0001 ffffffff 1 1
3 1 1 1 0 c d961fa06 c0de0001 ffffffff 1 1
3 1 1 0 1 8 de947ac8 00000000 ffffffff 1 1
3 1 1 1 1 8 de947ac8 00000000 ffffffff 1 1
3 1 1 0 1 c 14130e24 00000000 ffffffff 1 1
3 1 1 1 1 c 14130e24 00000000 ffffffff 1 1
3 1 0 0 0 0 00000000 00000000 ffffffff 1 1
3 1 1 0 1 c 083617fd 00000000 ffffffff 1 1
3 1 1 1 1 c 083617fd 00000000 ffffffff 1 1
3 1 0 0 0 0 00000000 00000000 ffffffff 1 1
3 1 1 0 1 4 7dc1d381 00000000 ffffffff 1 1
3 1 1 1 1 4 7dc1d381 00000000 ffffffff 1 1
3 1 1 0 0 8 05818d5b de947ac8 ffffffff 1 1
3 1 1 1 0 8 bcb039c2 de947ac8 ffffffff 1 1
3 1 0 0 0 0 00000000 00000000 ffffffff 1 1
3 1 1 0 0 8 5ea18569 de947ac8 ffffffff 1 1
3 1 1 1 0 8 536a1706 de947ac8 ffffffff 1 1
3 1 1 0 1 8 2fa7f118 00000000 ffffffff 1 1
3 1 1 1 1 8 2fa7f118 00000000 ffffffff 1 1
3 1 1 0 1 c fa9d1134 00000000 ffffffff 1 1
3 1 1 1 1 c fa9d1134 00000000 ffffffff 1 1
3 1 1 0 1 0 3e6cbb75 00000000 ffffffff 1 1
3 1 1 1 1 0 3e6cbb75 00000000 ffffffff 1 1
3 1 0 0 0 0 00000000 00000000 ffffffff 1 1
3 1 1 0 1 4 1afa4eab 00000000 ffffffff 1 1
3 1 1 1 1 4 1afa4eab 00000000 ffffffff 1 1
3 1 1 0 1 c 000fd488 00000000 ffffffff 1 1
3 1 1 1 1 c 000fd488 00000000 ffffffff 1 1
3 1 1 0 0 8 eaca9ca3 2fa7f118 ffffffff 1 1
3 1 1 1 0 8 69f533a0 2fa7f118 ffffffff 1 1
3 1 1 0 0 0 ad3d0e26 3e6cbb75 ffffffff 1 1
3 1 1 1 0 0 b584ddde 3e6cbb75 ffffffff 1 1
3 1 1 0 1 0 20e4c2e7 00000000 ffffffff 1 1
3 1 1 1 1 0 20e4c2e7 00000000 ffffffff 1 1
3 1 0 0 0 0 00000000 00000000 ffffffff 1 1
3 1 1 0 0 8 a68d748a 2fa7f118 ffffffff 1 1
3 1 1 1 0 8 8357e426 2fa7f118 ffffffff 1 1
3 1 0 0 0 0 00000000 00000000 ffffffff 1 1
3 1 1 0 0 8 e1deb0dc 2fa7f118 ffffffff 1 1
3 1 1 1 0 8 397cc168 2fa7f118 ffffffff 1 1
3 1 1 0 0 4 aff96abd 1afa4eab ffffffff 1 1
3 1 1 1 0 4 fb1447e8 1afa4eab ffffffff 1 1
3 1 1 0 0 0 2ab6657b 20e4c2e7 ffffffff 1 1
3 1 1 1 0 0 0f442df4 20e4c2e7 ffffffff 1 1
3 1 1 0 1 0 7c484ac3 00000000 ffffffff 1 1
3 1 1 1 1 0 7c484ac3 00000000 ffffffff 1 1
3 1 1 0 1 8 5c5d43e9 00000000 ffffffff 1 1
3 1 1 1 1 8 5c5d43e9 00000000 ffffffff 1 1
3 1 1 0 1 8 e3df80f4 00000000 ffffffff 1 1
3 1 1 1 1 8 e3df80f4 00000000 ffffffff 1 1
3 1 1 0 0 4 7c419a83 1afa4eab ffffffff 1 1
3 1 1 1 0 4 1cb17287 1afa4eab ffffffff 1 1
3 1 0 0 0 0 00000000 00000000 ffffffff 1 1
3 1 1 0 1 4 169fed24 00000000 ffffffff 1 1
3 1 1 1 1 4 169fed24 00000000 ffffffff 1 1
3 1 1 0 0 c 3f2025a7 c0de0001 ffffffff 1 1
3 1 1 1 0 c 59cf613c c0de0001 ffffffff 1 1
3 1 0 0 0 0 00000000 00000000 ffffffff 1 1
3 1 1 0 0 0 e93db869 7c484ac3 ffffffff 1 1
3 1 1 1 0 0 a9d01d89 7c484ac3 ffffffff 1 1
3 1 0 0 0 0 00000000 00000000 ffffffff 1 1
3 1 1 0 0 4 71118425 169fed24 ffffffff 1 1
3 1 1 1 0 4 86a34ace 169fed24 ffffffff 1 1
3 1 1 0 1 4 e9a3f5a7 00000000 ffffffff 1 1
3 1 1 1 1 4 e9a3f5a7 00000000 ffffffff 1 1
3 1 0 0 0 0 00000000 00000000 ffffffff 1 1
3 1 1 0 1 8 8980cc93 00000000 ffffffff 1 1
3 1 1 1 1 8 8980cc93 00000000 ffffffff 1 1
3 1 1 0 0 4 b70116ec e9a3f5a7 ffffffff 1 1
3 1 1 1 0 4 9bd27081 e9a3f5a7 ffffffff 1 1
3 1 0 0 0 0 00000000 00000000 ffffffff 1 1
3 1 1 0 1 8 84d1621a 00000000 ffffffff 1 1
3 1 1 1 1 8 84d1621a 00000000 ffffffff 1 1
3 1 0 0 0 0 00000000 00000000 ffffffff 1 1
3 1 1 0 1 0 3046399e 00000000 ffffffff 1 1
3 1 1 1 1 0 3046399e 00000000 ffffffff 1 1
3 1 1 0 1 4 c6058ada 00000000 ffffffff 1 1
3 1 1 1 1 4 c6058ada 00000000 ffffffff 1 1
3 1 0 0 0 0 00000000 00000000 ffffffff 1 1
3 1 1 0 0 c dc054d88 c0de0001 ffffffff 1 1
3 1 1 1 0 c 243ca301 c0de0001 ffffffff 1 1
3 1 1 0 1 4 296accab 00000000 ffffffff 1 1
3 1 1 1 1 4 296accab 00000000 ffffffff 1 1
3 1 1 0 0 8 e6c999b5 84d1621a ffffffff 1 1
3 1 1 1 0 8 b16ca12a 84d1621a ffffffff 1 1
3 1 1 0 1 c 720ae0b8 00000000 ffffffff 1 1
3 1 1 1 1 c 720ae0b8 00000000 ffffffff 1 1
3 1 1 0 1 0 6a67a6a2 00000000 ffffffff 1 1
3 1 1 1 1 0 6a67a6a2 00000000 ffffffff 1 1
3 1 1 0 0 0 447df9e9 6a67a6a2 ffffffff 1 1
3 1 1 1 0 0 ca375bbb 6a67a6a2 ffffffff 1 1
3 1 1 0 0 c b1980dfa c0de0001 ffffffff 1 1
3 1 1 1 0 c 07faf1e2 c0de0001 ffffffff 1 1
3 1 1 0 0 4 7b64b0d5 296accab ffffffff 1 1
3 1 1 1 0 4 77675425 296accab ffffffff 1 1
3 1 0 0 0 0 00000000 00000000 ffffffff 1 1
3 1 1 0 0 0 088b2d57 6a67a6a2 ffffffff 1 1
3 1 1 1 0 0 2064e8e8 6a67a6a2 ffffffff 1 1
3 1 1 0 0 8 2876b253 84d1621a ffffffff 1 1
3 1 1 1 0 8 da35135e 84d1621a ffffffff 1 1
3 1 1 0 1 c ec9fab01 00000000 ffffffff 1 1
3 1 1 1 1 c ec9fab01 00000000 ffffffff 1 1
3 1 0 0 0 0 00000000 00000000 ffffffff 1 1
3 1 1 0 1 c cbbdbac4 00000000 ffffffff 1 1
3 1 1 1 1 c cbbdbac4 00000000 ffffffff 1 1
3 1 1 0 1 8 63c52215 00000000 ffffffff 1 1
3 1 1 1 1 8 63c52215 00000000 ffffffff 1 1
3 1 1 0 0 0 dc16c5dc 6a67a6a2 ffffffff 1 1
3 1 1 1 0 0 2cb112c1 6a67a6a2 ffffffff 1 1
3 1 0 0 0 0 00000000 00000000 ffffffff 1 1
3 1 1 0 0 8 d80825a2 63c52215 ffffffff 1 1
3 1 1 1 0 8 9a94ede8 63c52215 ffffffff 1 1
3 1 1 0 1 c 51d468e1 00000000 ffffffff 1 1
3 1 1 1 1 c 51d468e1 00000000 ffffffff 1 1
3 1 1 0 0 8 80592e45 63c52215 ffffffff 1 1
3 1 1 1 0 8 ed281a1f 63c52215 ffffffff 1 1
3 1 0 0 0 0 00000000 00000000 ffffffff 1 1
3 1 1 0 0 0 beab8e5e 6a67a6a2 ffffffff 1 1
3 1 1 1 0 0 841176b2 6a67a6a2 ffffffff 1 1
3 1 1 0 0 4 edb9cdf8 296accab ffffffff 1 1
3 1 1 1 0 4 9bfac3e5 296accab ffffffff 1 1
3 1 1 0 0 c ac405ce9 c0de0001 ffffffff 1 1
3 1 1 1 0 c 3fa6c54a c0de0001 ffffffff 1 1
3 1 1 0 0 4 9fc4c99d 296accab ffffffff 1 1
3 1 1 1 0 4 1ca9f299 296accab ffffffff 1 1
3 1 1 0 0 4 24b64a30 296accab ffffffff 1 1
3 1 1 1 0 4 69ea07f5 296accab ffffffff 1 1
3 1 1 0 1 8 0a255a53 00000000 ffffffff 1 1
3 1 1 1 1 8 0a255a53 00000000 ffffffff 1 1
3 1 1 0 0 0 6eb5aed4 6a67a6a2 ffffffff 1 1
3 1 1 1 0 0 529b3941 6a67a6a2 ffffffff 1 1
3 1 1 0 1 0 4ff51b24 00000000 ffffffff 1 1
3 1 1 1 1 0 4ff51b24 00000000 ffffffff 1 1
3 1 1 0 0 0 fad82ee8 4ff51b24 ffffffff 1 1
3 1 1 1 0 0 7132bbe0 4ff51b24 ffffffff 1 1
3 1 1 0 1 c 463bf095 00000000 ffffffff 1 1
3 1 1 1 1 c 463bf095 00000000 ffffffff 1 1
3 1 0 0 0 0 00000000 00000000 ffffffff 1 1
3 1 1 0 1 4 869d7ec0 00000000 ffffffff 1 1
3 1 1 1 1 4 869d7ec0 00000000 ffffffff 1 1
3 1 0 0 0 0 00000000 00000000 ffffffff 1 1
3 1 1 0 0 c 89afa1af c0de0001 ffffffff 1 1
3 1 1 1 0 c 2c181792 c0de0001 ffffffff 1 1
3 1 1 0 0 c 3a033988 c0de0001 ffffffff 1 1
3 1 1 1 0 c 18577142 c0de0001 ffffffff 1 1
3 1 1 0 1 8 81ad2048 00000000 ffffffff 1 1
3 1 1 1 1 8 81ad2048 00000000 ffffffff 1 1
3 1 0 0 0 0 00000000 00000000 ffffffff 1 1
3 1 1 0 1 c 59237526 00000000 ffffffff 1 1
3 1 1 1 1 c 59237526 00000000 ffffffff 1 1
3 1 0 0 0 0 00000000 00000000 ffffffff 1 1
3 1 1 0 1 c a4bc3bad 00000000 ffffffff 1 1
3 1 1 1 1 c a4bc3bad 00000000 ffffffff 1 1
3 1 1 0 1 c 6e09578f 00000000 ffffffff 1 1
3 1 1 1 1 c 6e09578f 00000000 ffffffff 1 1
3 1 1 0 0 4 a046f66c 869d7ec0 ffffffff 1 1
3 1 1 1 0 4 bc564784 869d7ec0 ffffffff 1 1
3 1 1 0 1 4 010bcb5b 00000000 ffffffff 1 1
3 1 1 1 1 4 010bcb5b 00000000 ffffffff 1 1
3 1 1 0 1 8 bdd80f12 00000000 ffffffff 1 1
3 1 1 1 1 8 bdd80f12 00000000 ffffffff 1 1
3 1 0 0 0 0 00000000 00000000 ffffffff 1 1
3 1 1 0 0 4 26b5640f 010bcb5b ffffffff 1 1
3 1 1 1 0 4 a6e58a77 010bcb5b ffffffff 1 1
3 1 1 0 0 8 4dcb61d3 bdd80f12 ffffffff 1 1
3 1 1 1 0 8 f6d3793b bdd80f12 ffffffff 1 1
3 1 1 0 1 0 8e06bb2b 00000000 ffffffff 1 1
3 1 1 1 1 0 8e06bb2b 00000000 ffffffff 1 1
3 1 1 0 1 8 e8a58b84 00000000 ffffffff 1 1
3 1 1 1 1 8 e8a58b84 00000000 ffffffff 1 1
3 1 1 0 0 0 222f8d40 8e06bb2b ffffffff 1 1
3 1 1 1 0 0 38d8b7dc 8e06bb2b ffffffff 1 1
3 1 1 0 0 c 6ad40037 c0de0001 ffffffff 1 1
3 1 1 1 0 c edce0feb c0de0001 ffffffff 1 1
3 1 0 0 0 0 00000000 00000000 ffffffff 1 1
3 1 1 0 0 4 a7c17de8 010bcb5b ffffffff 1 1
3 1 1 1 0 4 0a4e7809 010bcb5b ffffffff 1 1
3 1 1 0 0 8 591968b7 e8a58b84 ffffffff 1 1
3 1 1 1 0 8 eebb6f38 e8a58b84 ffffffff 1 1
3 1 1 0 1 0 831304e3 00000000 ffffffff 1 1
3 1 1 1 1 0 831304e3 00000000 ffffffff 1 1
3 1 1 0 0 8 47a34397 e8a58b84 ffffffff 1 1
3 1 1 1 0 8 f8f7c8a6 e8a58b84 ffffffff 1 1
3 1 0 0 0 0 00000000 00000000 ffffffff 1 1
3 1 1 0 0 4 5e972311 010bcb5b ffffffff 1 1
3 1 1 1 0 4 4aee5218 010bcb5b ffffffff 1 1
3 1 1 0 0 c ca317759 c0de0001 ffffffff 1 1
3 1 1 1 0 c 166995dc c0de0001 ffffffff 1 1
3 1 1 0 0 c eeead2de c0de0001 ffffffff 1 1
3 1 1 1 0 c a35bce47 c0de0001 ffffffff 1 1
3 1 1 0 0 c d4a3e7f6 c0de0001 ffffffff 1 1
3 1 1 1 0 c a65bca1a c0de0001 ffffffff 1 1
3 1 1 0 0 4 008d2f51 010bcb5b ffffffff 1 1
3 1 1 1 0 4 950c8ee5 010bcb5b ffffffff 1 1
3 1 1 0 1 8 ef87de6d 00000000 ffffffff 1 1
3 1 1 1 1 8 ef87de6d 00000000 ffffffff 1 1
3 1 0 0 0 0 00000000 00000000 ffffffff 1 1
3 1 1 0 0 0 3c0d3a49 831304e3 ffffffff 1 1
3 1 1 1 0 0 b5071992 831304e3 ffffffff 1 1
3 1 1 0 0 0 78d38ca5 831304e3 ffffffff 1 1
3 1 1 1 0 0 2ce0b3ea 831304e3 ffffffff 1 1
3 1 1 0 1 c aa803259 00000000 ffffffff 1 1
3 1 1 1 1 c aa803259 00000000 ffffffff 1 1
3 1 1 0 0 4 11052df8 010bcb5b ffffffff 1 1
3 1 1 1 0 4 6b989d27 010bcb5b ffffffff 1 1
3 1 0 0 0 0 00000000 00000000 ffffffff 1 1
3 1 1 0 0 c f182cb6b c0de0001 ffffffff 1 1
3 1 1 1 0 c 18ef3c44 c0de0001 ffffffff 1 1
3 1 0 0 0 0 00000000 00000000 ffffffff 1 1
3 1 1 0 1 c 837119e8 00000000 ffffffff 1 1
3 1 1 1 1 c 837119e8 00000000 ffffffff 1 1
3 1 1 0 0 4 7c9572e1 010bcb5b ffffffff 1 1
3 1 1 1 0 4 3cfbbd50 010bcb5b ffffffff 1 1
3 1 1 0 0 c 6394f910 c0de0001 ffffffff 1 1
3 1 1 1 0 c e313bd60 c0de0001 ffffffff 1 1
3 1 0 0 0 0 00000000 00000000 ffffffff 1 1
3 1 1 0 0 4 181db6a8 010bcb5b ffffffff 1 1
3 1 1 1 0 4 12523cdc 010bcb5b ffffffff 1 1
3 1 0 0 0 0 00000000 00000000 ffffffff 1 1
3 1 1 0 0 0 57f5db21 831304e3 ffffffff 1 1
3 1 1 1 0 0 5252cbe6 831304e3 ffffffff 1 1
3 1 0 0 0 0 00000000 00000000 ffffffff 1 1
3 1 1 0 1 c 12c56c7d 00000000 ffffffff 1 1
3 1 1 1 1 c 12c56c7d 00000000 ffffffff 1 1
3 1 1 0 0 8 1fa36fca ef87de6d ffffffff 1 1
3 1 1 1 0 8 bdfa7df3 ef87de6d ffffffff 1 1
3 1 1 0 1 0 247fff09 00000000 ffffffff 1 1
3 1 1 1 1 0 247fff09 00000000 ffffffff 1 1
3 1 0 0 0 0 00000000 00000000 ffffffff 1 1
3 1 1 0 0 0 dcd2b3c1 247fff09 ffffffff 1 1
3 1 1 1 0 0 994ef71c 247fff09 ffffffff 1 1
3 1 0 0 0 0 00000000 00000000 ffffffff 1 1
3 1 1 0 0 4 d326cc0d 010bcb5b ffffffff 1 1
3 1 1 1 0 4 bce6db00 010bcb5b ffffffff 1 1
3 1 1 0 0 8 374cd493 ef87de6d ffffffff 1 1
3 1 1 1 0 8 67226cac ef87de6d ffffffff 1 1
3 1 1 0 0 4 29d0fd01 010bcb5b ffffffff 1 1
3 1 1 1 0 4 dc84865a 010bcb5b ffffffff 1 1
3 1 1 0 0 4 68ffe2bd 010bcb5b ffffffff 1 1
3 1 1 1 0 4 aa3a4392 010bcb5b ffffffff 1 1
3 1 1 0 1 8 02b44e91 00000000 ffffffff 1 1
3 1 1 1 1 8 02b44e91 00000000 ffffffff 1 1
3 1 1 0 0 4 5d44280b 010bcb5b ffffffff 1 1
3 1 1 1 0 4 83b6278c 010bcb5b ffffffff 1 1
3 1 1 0 0 c 531f2a75 c0de0001 ffffffff 1 1
3 1 1 1 0 c a25d0ddf c0de0001 ffffffff 1 1
3 1 1 0 0 0 1d9868dc 247fff09 ffffffff 1 1
3 1 1 1 0 0 55de657d 247fff09 ffffffff 1 1
3 1 1 0 0 4 baabd858 010bcb5b ffffffff 1 1
3 1 1 1 0 4 2b7d629b 010bcb5b ffffffff 1 1
3 1 1 0 1 4 9c5b23b4 00000000 ffffffff 1 1
3 1 1 1 1 4 9c5b23b4 00000000 ffffffff 1 1
3 1 1 0 0 c f8478148 c0de0001 ffffffff 1 1
3 1 1 1 0 c e15a6acd c0de0001 ffffffff 1 1
3 1 1 0 1 4 1e792fa2 00000000 ffffffff 1 1
3 1 1 1 1 4 1e792fa2 00000000 ffffffff 1 1
3 1 1 0 1 4 f544e96b 00000000 ffffffff 1 1
3 1 1 1 1 4 f544e96b 00000000 ffffffff 1 1
3 1 1 0 0 8 1f8aad76 02b44e91 ffffffff 1 1
3 1 1 1 0 8 5c5e4263 02b44e91 ffffffff 1 1
3 1 1 0 0 c bee14d8f c0de0001 ffffffff 1 1
3 1 1 1 0 c 508fb7af c0de0001 ffffffff 1 1
3 1 0 0 0 0 00000000 00000000 ffffffff 1 1
3 1 1 0 1 0 342880cb 00000000 ffffffff 1 1
3 1 1 1 1 0 342880cb 00000000 ffffffff 1 1
3 1 1 0 1 c 1f0bd09e 00000000 ffffffff 1 1
3 1 1 1 1 c 1f0bd09e 00000000 ffffffff 1 1
3 1 1 0 0 0 312837b0 342880cb ffffffff 1 1
3 1 1 1 0 0 9b6ab69b 342880cb ffffffff 1 1
3 1 1 0 0 0 3dd13e6c 342880cb ffffffff 1 1
3 1 1 1 0 0 0eee3aa2 342880cb ffffffff 1 1
3 1 1 0 0 4 d892276b f544e96b ffffffff 1 1
3 1 1 1 0 4 d2a79afd f544e96b ffffffff 1 1
3 1 1 0 1 0 5a4a24cc 00000000 ffffffff 1 1
3 1 1 1 1 0 5a4a24cc 00000000 ffffffff 1 1
3 1 1 0 1 8 5c03d1f9 00000000 ffffffff 1 1
3 1 1 1 1 8 5c03d1f9 00000000 ffffffff 1 1
3 1 1 0 0 8 539de245 5c03d1f9 ffffffff 1 1
3 1 1 1 0 8 8e0d83d4 5c03d1f9 ffffffff 1 1
3 1 1 0 1 c d5670548 00000000 ffffffff 1 1
3 1 1 1 1 c d5670548 00000000 ffffffff 1 1
3 1 0 0 0 0 00000000 00000000 ffffffff 1 1
3 1 1 0 0 4 afd4ac31 f544e96b ffffffff 1 1
3 1 1 1 0 4 0b5ccfb9 f544e96b ffffffff 1 1
3 1 0 0 0 0 00000000 00000000 ffffffff 1 1
3 1 1 0 1 8 cf479a0a 00000000 ffffffff 1 1
3 1 1 1 1 8 cf479a0a 00000000 ffffffff 1 1
3 1 1 0 1 4 a35a0a94 00000000 ffffffff 1 1
3 1 1 1 1 4 a35a0a94 00000000 ffffffff 1 1
3 1 0 0 0 0 00000000 00000000 ffffffff 1 1
3 1 1 0 1 c 65420573 00000000 ffffffff 1 1
3 1 1 1 1 c 65420573 00000000 ffffffff 1 1
3 1 0 0 0 0 00000000 00000000 ffffffff 1 1
3 1 1 0 0 0 c0bda14e 5a4a24cc ffffffff 1 1
3 1 1 1 0 0 45d5ce81 5a4a24cc ffffffff 1 1
3 1 0 0 0 0 00000000 00000000 ffffffff 1 1
3 1 1 0 0 4 1fc78a58 a35a0a94 ffffffff 1 1
3 1 1 1 0 4 ecb3ab3f a35a0a94 ffffffff 1 1
3 1 1 0 1 c cfc97b48 00000000 ffffffff 1 1
3 1 1 1 1 c cfc97b48 00000000 ffffffff 1 1
3 1 1 0 1 c 31d6c1b4 00000000 ffffffff 1 1
3 1 1 1 1 c 31d6c1b4 00000000 ffffffff 1 1
3 1 1 0 1 8 7cde3df6 00000000 ffffffff 1 1
3 1 1 1 1 8 7cde3df6 00000000 ffffffff 1 1
3 1 0 0 0 0 00000000 00000000 ffffffff 1 1
3 1 1 0 1 0 8084e64d 00000000 ffffffff 1 1
3 1 1 1 1 0 8084e64d 00000000 ffffffff 1 1
3 1 0 0 0 0 00000000 00000000 ffffffff 1 1
3 1 1 0 0 0 683c7891 8084e64d ffffffff 1 1
3 1 1 1 0 0 1c33f073 8084e64d ffffffff 1 1
3 1 1 0 1 8 cad70450 00000000 ffffffff 1 1
3 1 1 1 1 8 cad70450 00000000 ffffffff 1 1
3 1 0 0 0 0 00000000 00000000 ffffffff 1 1
3 1 1 0 0 0 0b6f6b8c 8084e64d ffffffff 1 1
3 1 1 1 0 0 587c727c 8084e64d ffffffff 1 1
3 1 0 0 0 0 00000000 00000000 ffffffff 1 1
3 1 1 0 0 8 c111ca45 cad70450 ffffffff 1 1
3 1 1 1 0 8 191d5743 cad70450 ffffffff 1 1
3 1 1 0 1 8 518a9779 00000000 ffffffff 1 1
3 1 1 1 1 8 518a9779 00000000 ffffffff 1 1
3 1 0 0 0 0 00000000 00000000 ffffffff 1 1
3 1 1 0 0 4 ba63f3c2 a35a0a94 ffffffff 1 1
3 1 1 1 0 4 7a44fe26 a35a0a94 ffffffff 1 1
3 1 1 0 0 0 162ea27d 8084e64d ffffffff 1 1
3 1 1 1 0 0 99c4420a 8084e64d ffffffff 1 1
3 1 1 0 1 c a3f9c773 00000000 ffffffff 1 1
3 1 1 1 1 c a3f9c773 00000000 ffffffff 1 1
3 1 1 0 0 0 8c42cb19 8084e64d ffffffff 1 1
3 1 1 1 0 0 8f1bb1ef 8084e64d ffffffff 1 1
3 1 1 0 0 4 44a320c0 a35a0a94 ffffffff 1 1
3 1 1 1 0 4 bfc04347 a35a0a94 ffffffff 1 1
3 1 0 0 0 0 00000000 00000000 ffffffff 1 1
3 1 1 0 0 8 759f9cfb 518a9779 ffffffff 1 1
3 1 1 1 0 8 4fff9bda 518a9779 ffffffff 1 1
3 1 1 0 0 4 e8d581b9 a35a0a94 ffffffff 1 1
3 1 1 1 0 4 1d0443d4 a35a0a94 ffffffff 1 1
3 1 1 0 1 8 2e7f7e45 00000000 ffffffff 1 1
3 1 1 1 1 8 2e7f7e45 00000000 ffffffff 1 1
3 1 1 0 1 8 14ce133f 00000000 ffffffff 1 1
3 1 1 1 1 8 14ce133f 00000000 ffffffff 1 1
3 1 1 0 1 8 6634175a 00000000 ffffffff 1 1
3 1 1 1 1 8 6634175a 00000000 ffffffff 1 1
3 1 1 0 0 8 5a5a1fd0 6634175a ffffffff 1 1
3 1 1 1 0 8 919f007b 6634175a ffffffff 1 1
3 1 1 0 1 0 050bb892 00000000 ffffffff 1 1
3 1 1 1 1 0 050bb892 00000000 ffffffff 1 1
3 1 1 0 0 4 77658c81 a35a0a94 ffffffff 1 1
3 1 1 1 0 4 32d8976f a35a0a94 ffffffff 1 1
3 1 1 0 0 0 86baadcf 050bb892 ffffffff 1 1
3 1 1 1 0 0 8ab73ff6 050bb892 ffffffff 1 1
3 1 1 0 0 8 225d3d1e 6634175a ffffffff 1 1
3 1 1 1 0 8 03336008 6634175a ffffffff 1 1
3 1 0 0 0 0 00000000 00000000 ffffffff 1 1
3 1 1 0 1 4 33205788 00000000 ffffffff 1 1
3 1 1 1 1 4 33205788 00000000 ffffffff 1 1
3 1 0 0 0 0 00000000 00000000 ffffffff 1 1
3 1 1 0 1 0 4e178be0 00000000 ffffffff 1 1
3 1 1 1 1 0 4e178be0 00000000 ffffffff 1 1
3 1 0 0 0 0 00000000 00000000 ffffffff 1 1
3 1 1 0 0 c 62645255 c0de0001 ffffffff 1 1
3 1 1 1 0 c c9ca9bfd c0de0001 ffffffff 1 1
3 1 1 0 1 0 9fe6d139 00000000 ffffffff 1 1
3 1 1 1 1 0 9fe6d139 00000000 ffffffff 1 1
3 1 1 0 0 c d7f79ceb c0de0001 ffffffff 1 1
3 1 1 1 0 c 4c552108 c0de0001 ffffffff 1 1
3 1 1 0 0 4 82d026a6 33205788 ffffffff 1 1
3 1 1 1 0 4 0237dc9b 33205788 ffffffff 1 1
3 1 0 0 0 0 00000000 00000000 ffffffff 1 1
3 1 1 0 1 8 67543463 00000000 ffffffff 1 1
3 1 1 1 1 8 67543463 00000000 ffffffff 1 1
3 1 1 0 0 0 57d92bf3 9fe6d139 ffffffff 1 1
3 1 1 1 0 0 272fde81 9fe6d139 ffffffff 1 1
3 1 1 0 0 c 37ad67c6 c0de0001 ffffffff 1 1
3 1 1 1 0 c 79bb5610 c0de0001 ffffffff 1 1
3 1 1 0 0 0 07828162 9fe6d139 ffffffff 1 1
3 1 1 1 0 0 d2afde5f 9fe6d139 ffffffff 1 1
3 1 1 0 0 0 f9f66bb3 9fe6d139 ffffffff 1 1
3 1 1 1 0 0 48693fa3 9fe6d139 ffffffff 1 1
3 1 1 0 1 4 6810cdc6 00000000 ffffffff 1 1
3 1 1 1 1 4 6810cdc6 00000000 ffffffff 1 1
3 1 0 0 0 0 00000000 00000000 ffffffff 1 1
3 1 1 0 1 4 0cbdbfbc 00000000 ffffffff 1 1
3 1 1 1 1 4 0cbdbfbc 00000000 ffffffff 1 1
3 1 0 0 0 0 00000000 00000000 ffffffff 1 1
3 1 1 0 0 8 9ea0867b 67543463 ffffffff 1 1
3 1 1 1 0 8 a7246131 67543463 ffffffff 1 1
3 1 1 0 1 c a37d01ed 00000000 ffffffff 1 1
3 1 1 1 1 c a37d01ed 00000000 ffffffff 1 1
3 1 1 0 1 0 d9ff2526 00000000 ffffffff 1 1
3 1 1 1 1 0 d9ff2526 00000000 ffffffff 1 1
3 1 1 0 1 0 08a104ff 00000000 ffffffff 1 1
3 1 1 1 1 0 08a104ff 00000000 ffffffff 1 1
3 1 1 0 0 8 b0d13e5f 67543463 ffffffff 1 1
3 1 1 1 0 8 79e2eaf7 67543463 ffffffff 1 1
3 1 1 0 1 8 44b23318 00000000 ffffffff 1 1
3 1 1 1 1 8 44b23318 00000000 ffffffff 1 1
3 1 1 0 0 8 1b51560f 44b23318 ffffffff 1 1
3 1 1 1 0 8 8c559f63 44b23318 ffffffff 1 1
3 1 1 0 1 0 24119a1a 00000000 ffffffff 1 1
3 1 1 1 1 0 24119a1a 00000000 ffffffff 1 1
3 1 1 0 0 0 81098692 24119a1a ffffffff 1 1
3 1 1 1 0 0 2d1c0c2e 24119a1a ffffffff 1 1
3 1 1 0 1 4 076d82ac 00000000 ffffffff 1 1
3 1 1 1 1 4 076d82ac 00000000 ffffffff 1 1
3 1 0 0 0 0 00000000 00000000 ffffffff 1 1
3 1 1 0 0 c 480536be c0de0001 ffffffff 1 1
3 1 1 1 0 c 6a22e4e0 c0de0001 ffffffff 1 1
3 1 0 0 0 0 00000000 00000000 ffffffff 1 1
3 1 1 0 0 0 b7a8eeb4 24119a1a ffffffff 1 1
3 1 1 1 0 0 2da22f05 24119a1a ffffffff 1 1
3 1 1 0 1 8 174012f5 00000000 ffffffff 1 1
3 1 1 1 1 8 174012f5 00000000 ffffffff 1 1
3 1 1 0 0 8 944788ef 174012f5 ffffffff 1 1
3 1 1 1 0 8 5df605b5 174012f5 ffffffff 1 1
3 1 1 0 1 c 7331403d 00000000 ffffffff 1 1
3 1 1 1 1 c 7331403d 00000000 ffffffff 1 1
3 1 1 0 1 4 4f2f4925 00000000 ffffffff 1 1
3 1 1 1 1 4 4f2f4925 00000000 ffffffff 1 1
3 1 1 0 1 4 144fe90b 00000000 ffffffff 1 1
3 1 1 1 1 4 144fe90b 00000000 ffffffff 1 1
3 1 1 0 0 8 8b14978e 174012f5 ffffffff 1 1
3 1 1 1 0 8 d7b4f3e4 174012f5 ffffffff 1 1
3 1 1 0 0 c 2a3d0713 c0de0001 ffffffff 1 1
3 1 1 1 0 c 5fd80ab1 c0de0001 ffffffff 1 1
3 1 0 0 0 0 00000000 00000000 ffffffff 1 1
3 1 1 0 1 4 eccb7625 00000000 ffffffff 1 1
3 1 1 1 1 4 eccb7625 00000000 ffffffff 1 1
3 1 1 0 1 4 53c62195 00000000 ffffffff 1 1
3 1 1 1 1 4 53c62195 00000000 ffffffff 1 1
3 1 0 0 0 0 00000000 00000000 ffffffff 1 1
3 1 1 0 1 c fe2e40f2 00000000 ffffffff 1 1
3 1 1 1 1 c fe2e40f2 00000000 ffffffff 1 1
3 1 0 0 0 0 00000000 00000000 ffffffff 1 1
3 1 1 0 1 8 ec411ae0 00000000 ffffffff 1 1
3 1 1 1 1 8 ec411ae0 00000000 ffffffff 1 1
3 1 1 0 1 8 94d7fd0f 00000000 ffffffff 1 1
3 1 1 1 1 8 94d7fd0f 00000000 ffffffff 1 1
3 1 1 0 1 4 1599ac5a 00000000 ffffffff 1 1
3 1 1 1 1 4 1599ac5a 00000000 ffffffff 1 1
3 1 1 0 1 c 316c2d10 00000000 ffffffff 1 1
3 1 1 1 1 c 316c2d10 00000000 ffffffff 1 1
3 1 1 0 0 4 f4ce3ab1 1599ac5a ffffffff 1 1
3 1 1 1 0 4 64bf3160 1599ac5a ffffffff 1 1
3 1 0 0 0 0 00000000 00000000 ffffffff 1 1
3 1 1 0 1 4 baa3f6e2 00000000 ffffffff 1 1
3 1 1 1 1 4 baa3f6e2 00000000 ffffffff 1 1
3 1 1 0 1 4 9ffc975e 00000000 ffffffff 1 1
3 1 1 1 1 4 9ffc975e 00000000 ffffffff 1 1
3 1 1 0 0 8 f5766170 94d7fd0f ffffffff 1 1
3 1 1 1 0 8 1c080dce 94d7fd0f ffffffff 1 1
3 1 0 0 0 0 00000000 00000000 ffffffff 1 1
3 1 1 0 1 c 8130dcf2 00000000 ffffffff 1 1
3 1 1 1 1 c 8130dcf2 00000000 ffffffff 1 1
3 1 1 0 0 0 adcba225 24119a1a ffffffff 1 1
3 1 1 1 0 0 2c5339c2 24119a1a ffffffff 1 1
3 1 1 0 1 0 97415576 00000000 ffffffff 1 1
3 1 1 1 1 0 97415576 00000000 ffffffff 1 1
3 1 0 0 0 0 00000000 00000000 ffffffff 1 1
3 1 1 0 1 8 a536746d 00000000 ffffffff 1 1
3 1 1 1 1 8 a536746d 00000000 ffffffff 1 1
3 1 1 0 0 4 60437fba 9ffc975e ffffffff 1 1
3 1 1 1 0 4 9c85f546 9ffc975e ffffffff 1 1
3 1 0 0 0 0 00000000 00000000 ffffffff 1 1
3 1 1 0 1 0 492576d6 00000000 ffffffff 1 1
3 1 1 1 1 0 492576d6 00000000 ffffffff 1 1
3 1 0 0 0 0 00000000 00000000 ffffffff 1 1
3 1 1 0 1 0 c416a6af 00000000 ffffffff 1 1
3 1 1 1 1 0 c416a6af 00000000 ffffffff 1 1
3 1 1 0 0 8 f2f01146 a536746d ffffffff 1 1
3 1 1 1 0 8 4a874fdc a536746d ffffffff 1 1
3 1 1 0 0 c 3c1fddc1 c0de0001 ffffffff 1 1
3 1 1 1 0 c 458f5717 c0de0001 ffffffff 1 1
3 1 0 0 0 0 00000000 00000000 ffffffff 1 1
3 1 1 0 0 8 0098b110 a536746d ffffffff 1 1
3 1 1 1 0 8 e9b507b2 a536746d ffffffff 1 1
3 1 0 0 0 0 00000000 00000000 ffffffff 1 1
3 1 1 0 0 4 c3a1fbab 9ffc975e ffffffff 1 1
3 1 1 1 0 4 b28fbd4a 9ffc975e ffffffff 1 1
3 1 1 0 0 8 c4dc8d29 a536746d ffffffff 1 1
3 1 1 1 0 8 19490293 a536746d ffffffff 1 1
3 1 1 0 0 4 3b893e0b 9ffc975e ffffffff 1 1
3 1 1 1 0 4 91636a9d 9ffc975e ffffffff 1 1
3 1 1 0 0 8 d30bd432 a536746d ffffffff 1 1
3 1 1 1 0 8 7119148a a536746d ffffffff 1 1
3 1 1 0 1 8 9c5bbfc2 00000000 ffffffff 1 1
3 1 1 1 1 8 9c5bbfc2 00000000 ffffffff 1 1
3 1 1 0 0 8 ab95dd22 9c5bbfc2 ffffffff 1 1
3 1 1 1 0 8 873ab460 9c5bbfc2 ffffffff 1 1
3 1 1 0 1 4 80271f57 00000000 ffffffff 1 1
3 1 1 1 1 4 80271f57 00000000 ffffffff 1 1
3 1 1 0 0 0 8de967d4 c416a6af ffffffff 1 1
3 1 1 1 0 0 9b08d452 c416a6af ffffffff 1 1
3 1 1 0 0 8 a50fbd91 9c5bbfc2 ffffffff 1 1
3 1 1 1 0 8 a2567876 9c5bbfc2 ffffffff 1 1
3 1 0 0 0 0 00000000 00000000 ffffffff 1 1
3 1 1 0 0 8 e7be58ca 9c5bbfc2 ffffffff 1 1
3 1 1 1 0 8 ab325f94 9c5bbfc2 ffffffff 1 1
3 1 0 0 0 0 00000000 00000000 ffffffff 1 1
3 1 1 0 1 c 38cf0228 00000000 ffffffff 1 1
3 1 1 1 1 c 38cf0228 00000000 ffffffff 1 1
3 1 1 0 0 0 0a4cc433 c416a6af ffffffff 1 1
3 1 1 1 0 0 cff20628 c416a6af ffffffff 1 1
3 1 0 0 0 0 00000000 00000000 ffffffff 1 1
3 1 1 0 1 0 ef73747e 00000000 ffffffff 1 1
3 1 1 1 1 0 ef73747e 00000000 ffffffff 1 1
3 1 1 0 1 0 0afaa486 00000000 ffffffff 1 1
3 1 1 1 1 0 0afaa486 00000000 ffffffff 1 1
3 1 0 0 0 0 00000000 00000000 ffffffff 1 1
3 1 1 0 1 4 304cf591 00000000 ffffffff 1 1
3 1 1 1 1 4 304cf591 00000000 ffffffff 1 1
3 1 0 0 0 0 00000000 00000000 ffffffff 1 1
3 1 1 0 1 0 484806d5 00000000 ffffffff 1 1
3 1 1 1 1 0 484806d5 00000000 ffffffff 1 1
3 1 0 0 0 0 00000000 00000000 ffffffff 1 1
3 1 1 0 1 c 47156707 00000000 ffffffff 1 1
3 1 1 1 1 c 47156707 00000000 ffffffff 1 1
3 1 1 0 1 c 3bacc69f 00000000 ffffffff 1 1
3 1 1 1 1 c 3bacc69f 00000000 ffffffff 1 1
3 1 1 0 0 c e0bacbc9 c0de0001 ffffffff 1 1
3 1 1 1 0 c e783b522 c0de0001 ffffffff 1 1
3 1 0 0 0 0 00000000 00000000 ffffffff 1 1
3 1 1 0 0 8 177e5040 9c5bbfc2 ffffffff 1 1
3 1 1 1 0 8 8d7b3911 9c5bbfc2 ffffffff 1 1
3 1 0 0 0 0 00000000 00000000 ffffffff 1 1
3 1 1 0 1 0 3ea408ff 00000000 ffffffff 1 1
3 1 1 1 1 0 3ea408ff 00000000 ffffffff 1 1
3 1 1 0 1 4 f0b181ff 00000000 ffffffff 1 1
3 1 1 1 1 4 f0b181ff 00000000 ffffffff 1 1
3 1 1 0 0 8 33be7237 9c5bbfc2 ffffffff 1 1
3 1 1 1 0 8 82b3f46d 9c5bbfc2 ffffffff 1 1
3 1 1 0 0 0 1a57c350 3ea408ff ffffffff 1 1
3 1 1 1 0 0 30f994cd 3ea408ff ffffffff 1 1
3 1 0 0 0 0 00000000 00000000 ffffffff 1 1
3 1 1 0 1 4 df78e85a 00000000 ffffffff 1 1
3 1 1 1 1 4 df78e85a 00000000 ffffffff 1 1
3 1 1 0 0 0 04ed9276 3ea408ff ffffffff 1 1
3 1 1 1 0 0 b42de29f 3ea408ff ffffffff 1 1
3 1 1 0 0 4 27dc5574 df78e85a ffffffff 1 1
3 1 1 1 0 4 3634a837 df78e85a ffffffff 1 1
3 1 0 0 0 0 00000000 00000000 ffffffff 1 1
3 1 1 0 1 c ab380005 00000000 ffffffff 1 1
3 1 1 1 1 c ab380005 00000000 ffffffff 1 1
3 1 0 0 0 0 00000000 00000000 ffffffff 1 1
3 1 1 0 0 c 71ba37a7 c0de0001 ffffffff 1 1
3 1 1 1 0 c 801f0475 c0de0001 ffffffff 1 1
3 1 1 0 0 c f2ed6363 c0de0001 ffffffff 1 1
3 1 1 1 0 c 265899fd c0de0001 ffffffff 1 1
3 1 1 0 1 c 8bc74889 00000000 ffffffff 1 1
3 1 1 1 1 c 8bc74889 00000000 ffffffff 1 1
3 1 0 0 0 0 00000000 00000000 ffffffff 1 1
3 1 1 0 1 4 9cbf992b 00000000 ffffffff 1 1
3 1 1 1 1 4 9cbf992b 00000000 ffffffff 1 1
3 1 1 0 1 c 3b817995 00000000 ffffffff 1 1
3 1 1 1 1 c 3b817995 00000000 ffffffff 1 1
3 1 1 0 0 c ea75c254 c0de0001 ffffffff 1 1
3 1 1 1 0 c dd5c9e76 c0de0001 ffffffff 1 1
3 1 1 0 0 0 96e98788 3ea408ff ffffffff 1 1
3 1 1 1 0 0 c99cf869 3ea408ff ffffffff 1 1
3 1 0 0 0 0 00000000 00000000 ffffffff 1 1
3 1 1 0 1 c dc001a93 00000000 ffffffff 1 1
3 1 1 1 1 c dc001a93 00000000 ffffffff 1 1
3 1 1 0 1 4 69adace3 00000000 ffffffff 1 1
3 1 1 1 1 4 69adace3 00000000 ffffffff 1 1
3 1 1 0 1 0 39326167 00000000 ffffffff 1 1
3 1 1 1 1 0 39326167 00000000 ffffffff 1 1
3 1 0 0 0 0 00000000 00000000 ffffffff 1 1
3 1 1 0 1 0 8243fd8b 00000000 ffffffff 1 1
3 1 1 1 1 0 8243fd8b 00000000 ffffffff 1 1
3 1 1 0 1 c 737d5a5f 00000000 ffffffff 1 1
3 1 1 1 1 c 737d5a5f 00000000 ffffffff 1 1
3 1 1 0 1 8 d0239951 00000000 ffffffff 1 1
3 1 1 1 1 8 d0239951 00000000 ffffffff 1 1
3 1 1 0 0 0 9d538123 8243fd8b ffffffff 1 1
3 1 1 1 0 0 d0a567e6 8243fd8b ffffffff 1 1
3 1 1 0 1 8 b17920ec 00000000 ffffffff 1 1
3 1 1 1 1 8 b17920ec 00000000 ffffffff 1 1
3 1 0 0 0 0 00000000 00000000 ffffffff 1 1
3 1 1 0 0 c 5614c8fa c0de0001 ffffffff 1 1
3 1 1 1 0 c b13191df c0de0001 ffffffff 1 1
3 1 0 0 0 0 00000000 00000000 ffffffff 1 1
3 1 1 0 1 0 d6a98bfe 00000000 ffffffff 1 1
3 1 1 1 1 0 d6a98bfe 00000000 ffffffff 1 1
3 1 1 0 1 0 5373c758 00000000 ffffffff 1 1
3 1 1 1 1 0 5373c758 00000000 ffffffff 1 1
3 1 1 0 0 4 42f20535 69adace3 ffffffff 1 1
3 1 1 1 0 4 aee8ce41 69adace3 ffffffff 1 1
3 1 0 0 0 0 00000000 00000000 ffffffff 1 1
3 1 1 0 0 8 a9653d54 b17920ec ffffffff 1 1
3 1 1 1 0 8 e6eb8e0a b17920ec ffffffff 1 1
3 1 0 0 0 0 00000000 00000000 ffffffff 1 1
3 1 1 0 1 c fd27beec 00000000 ffffffff 1 1
3 1 1 1 1 c fd27beec 00000000 ffffffff 1 1
3 1 1 0 0 4 15246794 69adace3 ffffffff 1 1
3 1 1 1 0 4 a4ab7f10 69adace3 ffffffff 1 1
3 1 1 0 0 0 b41884ac 5373c758 ffffffff 1 1
3 1 1 1 0 0 8d5c14bd 5373c758 ffffffff 1 1
3 1 1 0 0 4 150d328f 69adace3 ffffffff 1 1
3 1 1 1 0 4 39d08c2e 69adace3 ffffffff 1 1
3 1 1 0 1 c 33612041 00000000 ffffffff 1 1
3 1 1 1 1 c 33612041 00000000 ffffffff 1 1
3 1 0 0 0 0 00000000 00000000 ffffffff 1 1
3 1 1 0 1 c a0e0e794 00000000 ffffffff 1 1
3 1 1 1 1 c a0e0e794 00000000 ffffffff 1 1
3 1 1 0 1 0 ecaa2925 00000000 ffffffff 1 1
3 1 1 1 1 0 ecaa2925 00000000 ffffffff 1 1
3 1 1 0 1 c 60a870d3 00000000 ffffffff 1 1
3 1 1 1 1 c 60a870d3 00000000 ffffffff 1 1
3 1 1 0 0 c e514add5 c0de0001 ffffffff 1 1
3 1 1 1 0 c a9ad639c c0de0001 ffffffff 1 1
3 1 0 0 0 0 00000000 00000000 ffffffff 1 1
3 1 1 0 1 8 3fdc16f7 00000000 ffffffff 1 1
3 1 1 1 1 8 3fdc16f7 00000000 ffffffff 1 1
3 1 1 0 1 c 69d2ddb2 00000000 ffffffff 1 1
3 1 1 1 1 c 69d2ddb2 00000000 ffffffff 1 1
3 1 1 0 1 c 57525303 00000000 ffffffff 1 1
3 1 1 1 1 c 57525303 00000000 ffffffff 1 1
3 1 0 0 0 0 00000000 00000000 ffffffff 1 1
3 1 1 0 0 4 d6996191 69adace3 ffffffff 1 1
3 1 1 1 0 4 088fafa1 69adace3 ffffffff 1 1
3 1 1 0 1 0 c0946a5b 00000000 ffffffff 1 1
3 1 1 1 1 0 c0946a5b 00000000 ffffffff 1 1
3 1 1 0 1 c 5563cd6f 00000000 ffffffff 1 1
3 1 1 1 1 c 5563cd6f 00000000 ffffffff 1 1
3 1 1 0 0 c 47bcca26 c0de0001 ffffffff 1 1
3 1 1 1 0 c f2006906 c0de0001 ffffffff 1 1
3 1 1 0 0 c b272e185 c0de0001 ffffffff 1 1
3 1 1 1 0 c 767f0cf9 c0de0001 ffffffff 1 1
3 1 0 0 0 0 00000000 00000000 ffffffff 1 1
3 1 1 0 0 4 038c9d11 69adace3 ffffffff 1 1
3 1 1 1 0 4 3640ffeb 69adace3 ffffffff 1 1
3 1 1 0 0 8 7972ea21 3fdc16f7 ffffffff 1 1
3 1 1 1 0 8 401c23a0 3fdc16f7 ffffffff 1 1
3 1 0 0 0 0 00000000 00000000 ffffffff 1 1
3 1 1 0 1 4 dc2c2b39 00000000 ffffffff 1 1
3 1 1 1 1 4 dc2c2b39 00000000 ffffffff 1 1
3 1 1 0 1 8 fe6aaa3f 00000000 ffffffff 1 1
3 1 1 1 1 8 fe6aaa3f 00000000 ffffffff 1 1
3 1 1 0 0 0 fa78a6cb c0946a5b ffffffff 1 1
3 1 1 1 0 0 ba687dbf c0946a5b ffffffff 1 1
3 1 1 0 0 8 3e288b69 fe6aaa3f ffffffff 1 1
3 1 1 1 0 8 0feb0854 fe6aaa3f ffffffff 1 1
3 1 1 0 1 0 8e27602c 00000000 ffffffff 1 1
3 1 1 1 1 0 8e27602c 00000000 ffffffff 1 1
3 1 0 0 0 0 00000000 00000000 ffffffff 1 1
3 1 1 0 1 4 d83f67a8 00000000 ffffffff 1 1
3 1 1 1 1 4 d83f67a8 00000000 ffffffff 1 1
3 1 1 0 0 8 c15b40d6 fe6aaa3f ffffffff 1 1
3 1 1 1 0 8 8d43aec0 fe6aaa3f ffffffff 1 1
3 1 1 0 1 c 9c1e4679 00000000 ffffffff 1 1
3 1 1 1 1 c 9c1e4679 00000000 ffffffff 1 1
3 1 1 0 0 8 c1b82166 fe6aaa3f ffffffff 1 1
3 1 1 1 0 8 4eb1ab2a fe6aaa3f ffffffff 1 1
3 1 1 0 1 8 94437f4d 00000000 ffffffff 1 1
3 1 1 1 1 8 94437f4d 00000000 ffffffff 1 1
3 1 1 0 0 8 ff468dec 94437f4d ffffffff 1 1
3 1 1 1 0 8 1dfd3083 94437f4d ffffffff 1 1
3 1 0 0 0 0 00000000 00000000 ffffffff 1 1
3 1 1 0 0 8 65f8b6c7 94437f4d ffffffff 1 1
3 1 1 1 0 8 28ae6e9c 94437f4d ffffffff 1 1
3 1 0 0 0 0 00000000 00000000 ffffffff 1 1
3 1 1 0 1 0 95289b2f 00000000 ffffffff 1 1
3 1 1 1 1 0 95289b2f 00000000 ffffffff 1 1
3 1 1 0 0 8 c5eefae3 94437f4d ffffffff 1 1
3 1 1 1 0 8 d404d415 94437f4d ffffffff 1 1
3 1 0 0 0 0 00000000 00000000 ffffffff 1 1
3 1 1 0 1 4 67b11c16 00000000 ffffffff 1 1
3 1 1 1 1 4 67b11c16 00000000 ffffffff 1 1
3 1 1 0 0 0 d5c0c076 95289b2f ffffffff 1 1
3 1 1 1 0 0 1def3c94 95289b2f ffffffff 1 1
3 1 1 0 1 8 9a7b219c 00000000 ffffffff 1 1
3 1 1 1 1 8 9a7b219c 00000000 ffffffff 1 1
3 1 1 0 1 c 1da1341e 00000000 ffffffff 1 1
3 1 1 1 1 c 1da1341e 00000000 ffffffff 1 1
3 1 1 0 0 0 572f3a84 95289b2f ffffffff 1 1
3 1 1 1 0 0 ad1302e8 95289b2f ffffffff 1 1
3 1 0 0 0 0 00000000 00000000 ffffffff 1 1
3 1 1 0 1 8 380bd843 00000000 ffffffff 1 1
3 1 1 1 1 8 380bd843 00000000 ffffffff 1 1
3 1 1 0 0 8 31a5d540 380bd843 ffffffff 1 1
3 1 1 1 0 8 9ee56236 380bd843 ffffffff 1 1
3 1 1 0 1 0 7825c605 00000000 ffffffff 1 1
3 1 1 1 1 0 7825c605 00000000 ffffffff 1 1
3 1 1 0 0 c 2180308e c0de0001 ffffffff 1 1
3 1 1 1 0 c de3dcda9 c0de0001 ffffffff 1 1
3 1 0 0 0 0 00000000 00000000 ffffffff 1 1
3 1 1 0 0 c a8d676b2 c0de0001 ffffffff 1 1
3 1 1 1 0 c 3be53d8b c0de0001 ffffffff 1 1
3 1 1 0 1 c 3c8c27ff 00000000 ffffffff 1 1
3 1 1 1 1 c 3c8c27ff 00000000 ffffffff 1 1
3 1 0 0 0 0 00000000 00000000 ffffffff 1 1
3 1 1 0 1 4 719af513 00000000 ffffffff 1 1
3 1 1 1 1 4 719af513 00000000 ffffffff 1 1
3 1 1 0 1 8 6ef2f421 00000000 ffffffff 1 1
3 1 1 1 1 8 6ef2f421 00000000 ffffffff 1 1
3 1 1 0 1 8 5c7a63ae 00000000 ffffffff 1 1
3 1 1 1 1 8 5c7a63ae 00000000 ffffffff 1 1
3 1 1 0 0 8 06fa4c02 5c7a63ae ffffffff 1 1
3 1 1 1 0 8 b751f885 5c7a63ae ffffffff 1 1
3 1 0 0 0 0 00000000 00000000 ffffffff 1 1
3 1 1 0 1 4 e6b7ca32 00000000 ffffffff 1 1
3 1 1 1 1 4 e6b7ca32 00000000 ffffffff 1 1
3 1 0 0 0 0 00000000 00000000 ffffffff 1 1
3 1 1 0 0 4 c0f68649 e6b7ca32 ffffffff 1 1
3 1 1 1 0 4 db1ce304 e6b7ca32 ffffffff 1 1
3 1 1 0 0 c d8bd3add c0de0001 ffffffff 1 1
3 1 1 1 0 c 12369e7a c0de0001 ffffffff 1 1
3 1 1 0 0 4 d92daea5 e6b7ca32 ffffffff 1 1
3 1 1 1 0 4 845a4fe3 e6b7ca32 ffffffff 1 1
3 1 1 0 1 8 48599b57 00000000 ffffffff 1 1
3 1 1 1 1 8 48599b57 00000000 ffffffff 1 1
3 1 1 0 1 0 06e77658 00000000 ffffffff 1 1
3 1 1 1 1 0 06e77658 00000000 ffffffff 1 1
3 1 1 0 1 0 6f21f20c 00000000 ffffffff 1 1
3 1 1 1 1 0 6f21f20c 00000000 ffffffff 1 1
3 1 1 0 0 8 700b1695 48599b57 ffffffff 1 1
3 1 1 1 0 8 f467b78c 48599b57 ffffffff 1 1
3 1 1 0 1 4 c7f731c1 00000000 ffffffff 1 1
3 1 1 1 1 4 c7f731c1 00000000 ffffffff 1 1
3 1 1 0 1 0 3a0404c1 00000000 ffffffff 1 1
3 1 1 1 1 0 3a0404c1 00000000 ffffffff 1 1
3 1 0 0 0 0 00000000 00000000 ffffffff 1 1
3 1 1 0 0 0 9a95d5ff 3a0404c1 ffffffff 1 1
3 1 1 1 0 0 9beb1418 3a0404c1 ffffffff 1 1
3 1 0 0 0 0 00000000 00000000 ffffffff 1 1
3 1 1 0 1 8 90da3c22 00000000 ffffffff 1 1
3 1 1 1 1 8 90da3c22 00000000 ffffffff 1 1
3 1 0 0 0 0 00000000 00000000 ffffffff 1 1
3 1 1 0 0 c 23e4bdcf c0de0001 ffffffff 1 1
3 1 1 1 0 c 8d8c60ca c0de0001 ffffffff 1 1
3 1 1 0 1 0 4c40e59f 00000000 ffffffff 1 1
3 1 1 1 1 0 4c40e59f 00000000 ffffffff 1 1
3 1 1 0 0 0 f44bb0c6 4c40e59f ffffffff 1 1
3 1 1 1 0 0 e9b68ca9 4c40e59f ffffffff 1 1
3 1 0 0 0 0 00000000 00000000 ffffffff 1 1
3 1 1 0 1 0 a3321942 00000000 ffffffff 1 1
3 1 1 1 1 0 a3321942 00000000 ffffffff 1 1
3 1 1 0 0 4 cfc05d96 c7f731c1 ffffffff 1 1
3 1 1 1 0 4 3b297a15 c7f731c1 ffffffff 1 1
3 1 1 0 0 8 1623ccf9 90da3c22 ffffffff 1 1
3 1 1 1 0 8 44a4b0cd 90da3c22 ffffffff 1 1
3 1 1 0 1 8 d782de5f 00000000 ffffffff 1 1
3 1 1 1 1 8 d782de5f 00000000 ffffffff 1 1
3 1 1 0 0 c 4763ed90 c0de0001 ffffffff 1 1
3 1 1 1 0 c 08fb22fb c0de0001 ffffffff 1 1
3 1 1 0 1 c 21eb27b0 00000000 ffffffff 1 1
3 1 1 1 1 c 21eb27b0 00000000 ffffffff 1 1
3 1 1 0 0 8 3e15fede d782de5f ffffffff 1 1
3 1 1 1 0 8 e533f99a d782de5f ffffffff 1 1
3 1 1 0 0 0 e6c388dc a3321942 ffffffff 1 1
3 1 1 1 0 0 828cf6a7 a3321942 ffffffff 1 1
3 1 1 0 0 4 bb621693 c7f731c1 ffffffff 1 1
3 1 1 1 0 4 52bbd201 c7f731c1 ffffffff 1 1
3 1 1 0 1 0 d31839b2 00000000 ffffffff 1 1
3 1 1 1 1 0 d31839b2 00000000 ffffffff 1 1
3 1 0 0 0 0 00000000 00000000 ffffffff 1 1
3 1 1 0 1 4 8be89e9a 00000000 ffffffff 1 1
3 1 1 1 1 4 8be89e9a 00000000 ffffffff 1 1
3 1 0 0 0 0 00000000 00000000 ffffffff 1 1
3 1 1 0 1 8 76b98771 00000000 ffffffff 1 1
3 1 1 1 1 8 76b98771 00000000 ffffffff 1 1
3 1 0 0 0 0 00000000 00000000 ffffffff 1 1
3 1 1 0 0 8 0b9552d7 76b98771 ffffffff 1 1
3 1 1 1 0 8 5c7a9249 76b98771 ffffffff 1 1
3 1 0 0 0 0 00000000 00000000 ffffffff 1 1
3 1 1 0 1 8 cf22c858 00000000 ffffffff 1 1
3 1 1 1 1 8 cf22c858 00000000 ffffffff 1 1
3 1 0 0 0 0 00000000 00000000 ffffffff 1 1
3 1 1 0 0 c 60963553 c0de0001 ffffffff 1 1
3 1 1 1 0 c 8fbddd26 c0de0001 ffffffff 1 1
3 1 1 0 1 c ed5137a0 00000000 ffffffff 1 1
3 1 1 1 1 c ed5137a0 00000000 ffffffff 1 1
3 1 1 0 1 c 5ae1e3ff 00000000 ffffffff 1 1
3 1 1 1 1 c 5ae1e3ff 00000000 ffffffff 1 1
3 1 1 0 1 c 3f2b84ab 00000000 ffffffff 1 1
3 1 1 1 1 c 3f2b84ab 00000000 ffffffff 1 1
3 1 1 0 0 0 d739309e d31839b2 ffffffff 1 1
3 1 1 1 0 0 c46ece81 d31839b2 ffffffff 1 1
3 1 1 0 0 c 8c68e510 c0de0001 ffffffff 1 1
3 1 1 1 0 c 0a718841 c0de0001 ffffffff 1 1
3 1 0 0 0 0 00000000 00000000 ffffffff 1 1
3 1 1 0 1 0 5f3f8b5c 00000000 ffffffff 1 1
3 1 1 1 1 0 5f3f8b5c 00000000 ffffffff 1 1
3 1 0 0 0 0 00000000 00000000 ffffffff 1 1
3 1 1 0 0 0 f1d82732 5f3f8b5c ffffffff 1 1
3 1 1 1 0 0 21746f6c 5f3f8b5c ffffffff 1 1
3 1 1 0 0 c 102f4bb0 c0de0001 ffffffff 1 1
3 1 1 1 0 c a3f37355 c0de0001 ffffffff 1 1
3 1 1 0 0 4 a69c9b52 8be89e9a ffffffff 1 1
3 1 1 1 0 4 bcafd84c 8be89e9a ffffffff 1 1
3 1 0 0 0 0 00000000 00000000 ffffffff 1 1
3 1 1 0 0 0 fd2e554b 5f3f8b5c ffffffff 1 1
3 1 1 1 0 0 5a4da07e 5f3f8b5c ffffffff 1 1
3 1 0 0 0 0 00000000 00000000 ffffffff 1 1
3 1 1 0 0 4 66477478 8be89e9a ffffffff 1 1
3 1 1 1 0 4 668a93ae 8be89e9a ffffffff 1 1
3 1 0 0 0 0 00000000 00000000 ffffffff 1 1
3 1 1 0 0 c 4a83302b c0de0001 ffffffff 1 1
3 1 1 1 0 c 8808ce42 c0de0001 ffffffff 1 1
3 1 1 0 1 8 97b19897 00000000 ffffffff 1 1
3 1 1 1 1 8 97b19897 00000000 ffffffff 1 1
3 1 0 0 0 0 00000000 00000000 ffffffff 1 1
3 1 1 0 0 4 9a66fcc0 8be89e9a ffffffff 1 1
3 1 1 1 0 4 73ae5cd1 8be89e9a ffffffff 1 1
3 1 1 0 0 0 b6ed7b25 5f3f8b5c ffffffff 1 1
3 1 1 1 0 0 b0eabb07 5f3f8b5c ffffffff 1 1
3 1 1 0 1 c c1294ec5 00000000 ffffffff 1 1
3 1 1 1 1 c c1294ec5 00000000 ffffffff 1 1
3 1 1 0 1 0 dc7244a6 00000000 ffffffff 1 1
3 1 1 1 1 0 dc7244a6 00000000 ffffffff 1 1
3 1 1 0 1 8 e0d69583 00000000 ffffffff 1 1
3 1 1 1 1 8 e0d69583 00000000 ffffffff 1 1
3 1 1 0 1 8 881c1811 00000000 ffffffff 1 1
3 1 1 1 1 8 881c1811 00000000 ffffffff 1 1
3 1 0 0 0 0 00000000 00000000 ffffffff 1 1
3 1 1 0 1 4 cdc5c987 00000000 ffffffff 1 1
3 1 1 1 1 4 cdc5c987 00000000 ffffffff 1 1
3 1 1 0 1 8 665fc063 00000000 ffffffff 1 1
3 1 1 1 1 8 665fc063 00000000 ffffffff 1 1
3 1 1 0 0 0 1cc6d394 dc7244a6 ffffffff 1 1
3 1 1 1 0 0 43bc6980 dc7244a6 ffffffff 1 1
3 1 0 0 0 0 00000000 00000000 ffffffff 1 1
3 1 1 0 1 0 030f9ba4 00000000 ffffffff 1 1
3 1 1 1 1 0 030f9ba4 00000000 ffffffff 1 1
3 1 1 0 1 8 18e87453 00000000 ffffffff 1 1
3 1 1 1 1 8 18e87453 00000000 ffffffff 1 1
3 1 1 0 0 4 f09f2b30 cdc5c987 ffffffff 1 1
3 1 1 1 0 4 db4ee15a cdc5c987 ffffffff 1 1
3 1 1 0 0 8 d6e8f552 18e87453 ffffffff 1 1
3 1 1 1 0 8 601351db 18e87453 ffffffff 1 1
3 1 1 0 0 4 9b69d5ee cdc5c987 ffffffff 1 1
3 1 1 1 0 4 f965f25e cdc5c987 ffffffff 1 1
3 1 1 0 0 8 650fbc35 18e87453 ffffffff 1 1
3 1 1 1 0 8 f688ba14 18e87453 ffffffff 1 1
3 1 0 0 0 0 00000000 00000000 ffffffff 1 1
3 1 1 0 1 c 28d5315e 00000000 ffffffff 1 1
3 1 1 1 1 c 28d5315e 00000000 ffffffff 1 1
3 1 1 0 0 c a3ff706d c0de0001 ffffffff 1 1
3 1 1 1 0 c 10ca6ecd c0de0001 ffffffff 1 1
3 1 1 0 1 0 06e8650f 00000000 ffffffff 1 1
3 1 1 1 1 0 06e8650f 00000000 ffffffff 1 1
3 1 1 0 1 4 83c37180 00000000 ffffffff 1 1
3 1 1 1 1 4 83c37180 00000000 ffffffff 1 1
3 1 0 0 0 0 00000000 00000000 ffffffff 1 1
3 1 1 0 0 8 3a7c98d5 18e87453 ffffffff 1 1
3 1 1 1 0 8 51438bd6 18e87453 ffffffff 1 1
3 1 1 0 0 c f47a52ca c0de0001 ffffffff 1 1
3 1 1 1 0 c ac8e94d7 c0de0001 ffffffff 1 1
3 1 1 0 1 0 e0747c00 00000000 ffffffff 1 1
3 1 1 1 1 0 e0747c00 00000000 ffffffff 1 1
3 1 1 0 0 c bc96e0c3 c0de0001 ffffffff 1 1
3 1 1 1 0 c 5aaf1307 c0de0001 ffffffff 1 1
3 1 1 0 0 4 2c39adfc 83c37180 ffffffff 1 1
3 1 1 1 0 4 204a3fd4 83c37180 ffffffff 1 1
3 1 1 0 1 4 b04ef579 00000000 ffffffff 1 1
3 1 1 1 1 4 b04ef579 00000000 ffffffff 1 1
3 1 1 0 1 4 4bce8677 00000000 ffffffff 1 1
3 1 1 1 1 4 4bce8677 00000000 ffffffff 1 1
3 1 1 0 1 8 1ee0efef 00000000 ffffffff 1 1
3 1 1 1 1 8 1ee0efef 00000000 ffffffff 1 1
3 1 1 0 0 c 5d7af84b c0de0001 ffffffff 1 1
3 1 1 1 0 c 90994a02 c0de0001 ffffffff 1 1
3 1 1 0 1 0 df3e2036 00000000 ffffffff 1 1
3 1 1 1 1 0 df3e2036 00000000 ffffffff 1 1
3 1 1 0 1 8 96f39ce0 00000000 ffffffff 1 1
3 1 1 1 1 8 96f39ce0 00000000 ffffffff 1 1
3 1 1 0 1 c b0cece91 00000000 ffffffff 1 1
3 1 1 1 1 c b0cece91 00000000 ffffffff 1 1
3 1 1 0 1 8 6fb6e893 00000000 ffffffff 1 1
3 1 1 1 1 8 6fb6e893 00000000 ffffffff 1 1
3 1 1 0 1 4 45924a1c 00000000 ffffffff 1 1
3 1 1 1 1 4 45924a1c 00000000 ffffffff 1 1
3 1 1 0 0 0 5ca81a1c df3e2036 ffffffff 1 1
3 1 1 1 0 0 e18d80a5 df3e2036 ffffffff 1 1
3 1 0 0 0 0 00000000 00000000 ffffffff 1 1
3 1 1 0 1 0 0de1e9ca 00000000 ffffffff 1 1
3 1 1 1 1 0 0de1e9ca 00000000 ffffffff 1 1
3 1 0 0 0 0 00000000 00000000 ffffffff 1 1
3 1 1 0 1 8 bce365f0 00000000 ffffffff 1 1
3 1 1 1 1 8 bce365f0 00000000 ffffffff 1 1
3 1 0 0 0 0 00000000 00000000 ffffffff 1 1
3 1 1 0 0 0 3211aaf5 0de1e9ca ffffffff 1 1
3 1 1 1 0 0 739848ef 0de1e9ca ffffffff 1 1
3 1 1 0 0 0 4e62f2b5 0de1e9ca ffffffff 1 1
3 1 1 1 0 0 42af3012 0de1e9ca ffffffff 1 1
3 1 1 0 1 c e5d58444 00000000 ffffffff 1 1
3 1 1 1 1 c e5d58444 00000000 ffffffff 1 1
3 1 0 0 0 0 00000000 00000000 ffffffff 1 1
3 1 1 0 0 0 95e2af25 0de1e9ca ffffffff 1 1
3 1 1 1 0 0 b6b244c5 0de1e9ca ffffffff 1 1
3 1 1 0 1 4 ba11b08f 00000000 ffffffff 1 1
3 1 1 1 1 4 ba11b08f 00000000 ffffffff 1 1
3 1 1 0 1 4 780d8da3 00000000 ffffffff 1 1
3 1 1 1 1 4 780d8da3 00000000 ffffffff 1 1
3 1 0 0 0 0 00000000 00000000 ffffffff 1 1
3 1 1 0 1 0 20f6e8f2 00000000 ffffffff 1 1
3 1 1 1 1 0 20f6e8f2 00000000 ffffffff 1 1
3 1 0 0 0 0 00000000 00000000 ffffffff 1 1
3 1 1 0 0 0 b4c26928 20f6e8f2 ffffffff 1 1
3 1 1 1 0 0 c3241383 20f6e8f2 ffffffff 1 1
3 1 0 0 0 0 00000000 00000000 ffffffff 1 1
3 1 1 0 0 0 e6fcdb38 20f6e8f2 ffffffff 1 1
3 1 1 1 0 0 0b3353ab 20f6e8f2 ffffffff 1 1
3 1 1 0 1 c eadffd19 00000000 ffffffff 1 1
3 1 1 1 1 c eadffd19 00000000 ffffffff 1 1
3 1 1 0 1 0 84a92978 00000000 ffffffff 1 1
3 1 1 1 1 0 84a92978 00000000 ffffffff 1 1
3 1 0 0 0 0 00000000 00000000 ffffffff 1 1
3 1 1 0 1 4 6488814d 00000000 ffffffff 1 1
3 1 1 1 1 4 6488814d 00000000 ffffffff 1 1
3 1 1 0 1 c 050db8fe 00000000 ffffffff 1 1
3 1 1 1 1 c 050db8fe 00000000 ffffffff 1 1
3 1 1 0 1 c 118174cc 00000000 ffffffff 1 1
3 1 1 1 1 c 118174cc 00000000 ffffffff 1 1
3 1 0 0 0 0 00000000 00000000 ffffffff 1 1
3 1 1 0 0 c 3a68ca6e c0de0001 ffffffff 1 1
3 1 1 1 0 c 79e8e366 c0de0001 ffffffff 1 1
3 1 1 0 0 4 0b4f6ae1 6488814d ffffffff 1 1
3 1 1 1 0 4 9c224aba 6488814d ffffffff 1 1
3 1 1 0 1 4 239ae335 00000000 ffffffff 1 1
3 1 1 1 1 4 239ae335 00000000 ffffffff 1 1
3 1 1 0 1 8 a721e9e1 00000000 ffffffff 1 1
3 1 1 1 1 8 a721e9e1 00000000 ffffffff 1 1
3 1 0 0 0 0 00000000 00000000 ffffffff 1 1
3 1 1 0 1 0 d0392d28 00000000 ffffffff 1 1
3 1 1 1 1 0 d0392d28 00000000 ffffffff 1 1
3 1 1 0 1 4 be07c2e8 00000000 ffffffff 1 1
3 1 1 1 1 4 be07c2e8 00000000 ffffffff 1 1
3 1 1 0 1 0 75be948a 00000000 ffffffff 1 1
3 1 1 1 1 0 75be948a 00000000 ffffffff 1 1
3 1 1 0 1 4 834d73df 00000000 ffffffff 1 1
3 1 1 1 1 4 834d73df 00000000 ffffffff 1 1
3 1 1 0 1 8 58844736 00000000 ffffffff 1 1
3 1 1 1 1 8 58844736 00000000 ffffffff 1 1
3 1 0 0 0 0 00000000 00000000 ffffffff 1 1
3 1 1 0 1 0 3f76c01a 00000000 ffffffff 1 1
3 1 1 1 1 0 3f76c01a 00000000 ffffffff 1 1
3 1 1 0 0 8 7f2bf130 58844736 ffffffff 1 1
3 1 1 1 0 8 ac7df1d7 58844736 ffffffff 1 1
3 1 1 0 0 8 a728ff74 58844736 ffffffff 1 1
3 1 1 1 0 8 bd362b48 58844736 ffffffff 1 1
3 1 1 0 0 8 382ca566 58844736 ffffffff 1 1
3 1 1 1 0 8 d3b40126 58844736 ffffffff 1 1
3 1 1 0 1 c 68df292a 00000000 ffffffff 1 1
3 1 1 1 1 c 68df292a 00000000 ffffffff 1 1
3 1 1 0 1 8 63cf0528 00000000 ffffffff 1 1
3 1 1 1 1 8 63cf0528 00000000 ffffffff 1 1
3 1 1 0 1 c 85cbedb0 00000000 ffffffff 1 1
3 1 1 1 1 c 85cbedb0 00000000 ffffffff 1 1
3 1 0 0 0 0 00000000 00000000 ffffffff 1 1
3 1 1 0 0 4 379ced18 834d73df ffffffff 1 1
3 1 1 1 0 4 d8a2f63b 834d73df ffffffff 1 1
3 1 1 0 0 4 78ccde69 834d73df ffffffff 1 1
3 1 1 1 0 4 47a40dc8 834d73df ffffffff 1 1
3 1 1 0 1 8 8ce580d1 00000000 ffffffff 1 1
3 1 1 1 1 8 8ce580d1 00000000 ffffffff 1 1
3 1 1 0 0 c 9f5fec98 c0de0001 ffffffff 1 1
3 1 1 1 0 c 657ab3e2 c0de0001 ffffffff 1 1
3 1 1 0 1 0 f3e097d4 00000000 ffffffff 1 1
3 1 1 1 1 0 f3e097d4 00000000 ffffffff 1 1
3 1 1 0 0 0 ceccfd84 f3e097d4 ffffffff 1 1
3 1 1 1 0 0 e7533c91 f3e097d4 ffffffff 1 1
3 1 1 0 0 0 4b5fbe4d f3e097d4 ffffffff 1 1
3 1 1 1 0 0 073b087f f3e097d4 ffffffff 1 1
3 1 1 0 0 4 80d3e676 834d73df ffffffff 1 1
3 1 1 1 0 4 a0c94c01 834d73df ffffffff 1 1
3 1 0 0 0 0 00000000 00000000 ffffffff 1 1
3 1 1 0 1 8 a134962f 00000000 ffffffff 1 1
3 1 1 1 1 8 a134962f 00000000 ffffffff 1 1
3 1 0 0 0 0 00000000 00000000 ffffffff 1 1
3 1 1 0 1 0 7a1a02a7 00000000 ffffffff 1 1
3 1 1 1 1 0 7a1a02a7 00000000 ffffffff 1 1
3 1 1 0 1 0 81049c1c 00000000 ffffffff 1 1
3 1 1 1 1 0 81049c1c 00000000 ffffffff 1 1
3 1 1 0 0 c 7dd3e0d9 c0de0001 ffffffff 1 1
3 1 1 1 0 c 0113db88 c0de0001 ffffffff 1 1
3 1 1 0 1 0 1ac041bb 00000000 ffffffff 1 1
3 1 1 1 1 0 1ac041bb 00000000 ffffffff 1 1
3 1 1 0 1 8 23583a9b 00000000 ffffffff 1 1
3 1 1 1 1 8 23583a9b 00000000 ffffffff 1 1
3 1 0 0 0 0 00000000 00000000 ffffffff 1 1
3 1 1 0 1 0 1df3fedc 00000000 ffffffff 1 1
3 1 1 1 1 0 1df3fedc 00000000 ffffffff 1 1
3 1 1 0 0 8 3bb322aa 23583a9b ffffffff 1 1
3 1 1 1 0 8 9c010564 23583a9b ffffffff 1 1
3 1 1 0 1 4 fc61d3b0 00000000 ffffffff 1 1
3 1 1 1 1 4 fc61d3b0 00000000 ffffffff 1 1
