0 00 1 00000001 ffffffff
0 01 1 00000002 ffffffff
0 02 1 00000004 ffffffff
0 03 1 00000008 ffffffff
0 04 1 00000010 ffffffff
0 05 1 00000020 ffffffff
0 06 1 00000040 ffffffff
0 07 1 00000080 ffffffff
0 08 1 00000100 ffffffff
0 09 1 00000200 ffffffff
0 0a 1 00000400 ffffffff
0 0b 1 00000800 ffffffff
0 0c 1 00001000 ffffffff
0 0d 1 00002000 ffffffff
0 0e 1 00004000 ffffffff
0 0f 1 00008000 ffffffff
0 10 1 00010000 ffffffff
0 11 1 00020000 ffffffff
0 12 1 00040000 ffffffff
0 13 1 00080000 ffffffff
0 14 1 00100000 ffffffff
0 15 1 00200000 ffffffff
0 16 1 00400000 ffffffff
0 17 1 00800000 ffffffff
0 18 1 01000000 ffffffff
0 19 1 02000000 ffffffff
0 1a 1 04000000 ffffffff
0 1b 1 08000000 ffffffff
0 1c 1 10000000 ffffffff
0 1d 1 20000000 ffffffff
0 1e 1 40000000 ffffffff
0 1f 1 80000000 ffffffff
1 00 0 00000000 ffffffff
1 01 0 00000000 ffffffff
1 02 0 00000000 ffffffff
1 03 0 00000000 ffffffff
1 04 0 00000000 ffffffff
1 05 0 00000000 ffffffff
1 06 0 00000000 ffffffff
1 07 0 00000000 ffffffff
1 08 0 00000000 ffffffff
1 09 0 00000000 ffffffff
1 0a 0 00000000 ffffffff
1 0b 0 00000000 ffffffff
1 0c 0 00000000 ffffffff
1 0d 0 00000000 ffffffff
1 0e 0 00000000 ffffffff
1 0f 0 00000000 ffffffff
1 10 0 00000000 ffffffff
1 11 0 00000000 ffffffff
1 12 0 00000000 ffffffff
1 13 0 00000000 ffffffff
1 14 0 00000000 ffffffff
1 15 0 00000000 ffffffff
1 16 0 00000000 ffffffff
1 17 0 00000000 ffffffff
1 18 0 00000000 ffffffff
1 19 0 00000000 ffffffff
1 1a 0 00000000 ffffffff
1 1b 0 00000000 ffffffff
1 1c 0 00000000 ffffffff
1 1d 0 00000000 ffffffff
1 1e 0 00000000 ffffffff
1 1f 0 00000000 ffffffff
