0 1 0 0 00 00 ff 0 7
0 0 1 0 10 10 ff 1 7
0 0 1 0 20 20 ff 2 7
0 0 0 1 00 10 ff 1 7
0 0 0 1 00 00 ff 0 7
0 0 0 1 00 00 ff 0 7
1 0 1 0 01 01 ff 1 7
1 0 1 0 02 02 ff 2 7
1 0 1 0 03 03 ff 3 7
1 0 1 0 04 04 ff 4 7
1 0 1 0 05 05 ff 4 7
1 0 0 1 00 04 ff 3 7
1 0 0 1 00 03 ff 2 7
1 0 0 1 00 02 ff 1 7
1 0 0 1 00 00 ff 0 7
1 0 0 1 00 00 ff 0 7
2 0 1 0 33 33 ff 1 7
2 0 1 1 44 44 ff 1 7
3 0 1 0 71 71 ff 2 7
3 0 1 1 02 02 ff 2 7
3 0 1 0 a0 a0 ff 3 7
3 0 1 1 95 95 ff 3 7
3 0 0 1 ce 02 ff 2 7
3 0 0 1 67 44 ff 1 7
3 0 0 1 10 00 ff 0 7
3 0 0 1 56 00 ff 0 7
3 0 0 0 75 00 ff 0 7
3 0 0 0 db 00 ff 0 7
3 0 0 1 79 00 ff 0 7
3 0 0 1 33 00 ff 0 7
3 0 1 0 af af ff 1 7
3 0 1 1 d4 d4 ff 1 7
3 0 0 1 d9 00 ff 0 7
3 0 0 1 e7 00 ff 0 7
3 0 1 1 41 41 ff 1 7
3 0 1 0 35 35 ff 2 7
3 0 1 0 28 28 ff 3 7
3 0 0 0 ea 28 ff 3 7
3 0 1 0 ba ba ff 4 7
3 0 0 0 3c ba ff 4 7
3 0 1 0 ad ad ff 4 7
3 0 0 1 ea ba ff 3 7
3 0 1 0 b7 b7 ff 4 7
3 0 1 0 75 75 ff 4 7
3 0 1 1 36 36 ff 4 7
3 0 1 0 4e 4e ff 4 7
3 0 1 0 d9 d9 ff 4 7
3 0 1 0 f1 f1 ff 4 7
3 0 0 1 e5 d9 ff 3 7
3 0 1 0 a1 a1 ff 4 7
3 0 1 0 31 31 ff 4 7
3 0 0 1 d5 a1 ff 3 7
3 0 0 1 bb d9 ff 2 7
3 0 0 1 39 4e ff 1 7
3 0 0 0 b1 4e ff 1 7
3 0 1 0 10 10 ff 2 7
3 0 0 1 23 4e ff 1 7
3 0 0 1 10 00 ff 0 7
3 0 1 0 fc fc ff 1 7
3 0 0 1 e7 00 ff 0 7
3 0 1 0 9c 9c ff 1 7
3 0 0 1 19 00 ff 0 7
3 0 1 0 bc bc ff 1 7
3 0 0 1 3f 00 ff 0 7
3 0 0 1 63 00 ff 0 7
3 0 1 1 f7 f7 ff 1 7
3 0 0 0 31 f7 ff 1 7
3 0 1 0 74 74 ff 2 7
3 0 1 0 60 60 ff 3 7
3 0 1 0 5f 5f ff 4 7
3 0 0 1 78 60 ff 3 7
3 0 0 1 8d 74 ff 2 7
3 0 0 1 4a f7 ff 1 7
3 0 0 1 a7 00 ff 0 7
3 0 1 0 50 50 ff 1 7
3 0 1 0 2b 2b ff 2 7
3 0 0 1 7a 50 ff 1 7
3 0 1 0 ac ac ff 2 7
3 0 1 0 89 89 ff 3 7
3 0 0 1 ab ac ff 2 7
3 0 0 1 36 50 ff 1 7
3 0 0 0 cb 50 ff 1 7
3 0 0 0 63 50 ff 1 7
3 0 0 0 18 50 ff 1 7
3 0 1 0 71 71 ff 2 7
3 0 1 1 8e 8e ff 2 7
3 0 0 1 f0 50 ff 1 7
3 0 0 1 85 00 ff 0 7
3 0 1 1 8e 8e ff 1 7
3 0 1 0 a6 a6 ff 2 7
3 0 0 0 f2 a6 ff 2 7
3 0 0 1 b4 8e ff 1 7
3 0 0 1 1c 00 ff 0 7
3 0 0 0 4c 00 ff 0 7
3 0 0 1 4f 00 ff 0 7
3 0 0 0 7a 00 ff 0 7
3 0 0 1 a3 00 ff 0 7
3 0 1 0 30 30 ff 1 7
3 0 0 1 95 00 ff 0 7
3 0 0 1 8e 00 ff 0 7
3 0 1 0 62 62 ff 1 7
3 0 0 1 79 00 ff 0 7
3 0 1 0 51 51 ff 1 7
3 0 0 0 4e 51 ff 1 7
3 0 0 1 4f 00 ff 0 7
3 0 0 0 da 00 ff 0 7
3 0 0 1 66 00 ff 0 7
3 0 0 1 c8 00 ff 0 7
3 0 0 0 c3 00 ff 0 7
3 0 0 0 1e 00 ff 0 7
3 0 1 0 28 28 ff 1 7
3 0 0 1 1e 00 ff 0 7
3 0 0 1 d6 00 ff 0 7
3 0 1 0 49 49 ff 1 7
3 0 1 0 9c 9c ff 2 7
3 0 0 0 89 9c ff 2 7
3 0 0 0 8e 9c ff 2 7
3 0 1 0 40 40 ff 3 7
3 0 0 0 a7 40 ff 3 7
3 0 0 0 57 40 ff 3 7
3 0 0 0 d6 40 ff 3 7
3 0 0 1 e4 9c ff 2 7
3 0 0 1 3f 49 ff 1 7
3 0 1 0 88 88 ff 2 7
3 0 0 0 f6 88 ff 2 7
3 0 0 0 d2 88 ff 2 7
3 0 1 0 1e 1e ff 3 7
3 0 0 1 78 88 ff 2 7
3 0 0 0 d4 88 ff 2 7
3 0 0 1 f9 49 ff 1 7
3 0 0 0 93 49 ff 1 7
3 0 0 0 1e 49 ff 1 7
3 0 1 0 76 76 ff 2 7
3 0 1 0 2d 2d ff 3 7
3 0 0 1 7b 76 ff 2 7
3 0 1 0 01 01 ff 3 7
3 0 1 1 55 55 ff 3 7
3 0 0 1 f1 76 ff 2 7
3 0 1 0 88 88 ff 3 7
3 0 1 1 8f 8f ff 3 7
3 0 1 0 6e 6e ff 4 7
3 0 0 0 c2 6e ff 4 7
3 0 1 0 01 01 ff 4 7
3 0 1 1 bd bd ff 4 7
3 0 1 0 60 60 ff 4 7
3 0 1 0 9a 9a ff 4 7
3 0 0 1 6f 60 ff 3 7
3 0 0 1 f8 bd ff 2 7
3 0 1 1 12 12 ff 2 7
3 0 0 0 69 12 ff 2 7
3 0 0 0 f6 12 ff 2 7
3 0 0 1 1a 6e ff 1 7
3 0 0 1 7d 00 ff 0 7
3 0 0 1 26 00 ff 0 7
3 0 1 0 c2 c2 ff 1 7
3 0 0 1 8b 00 ff 0 7
3 0 0 1 ad 00 ff 0 7
3 0 1 0 b3 b3 ff 1 7
3 0 0 1 e0 00 ff 0 7
3 0 0 1 d6 00 ff 0 7
3 0 1 0 82 82 ff 1 7
3 0 0 1 e7 00 ff 0 7
3 0 0 1 aa 00 ff 0 7
3 0 1 0 32 32 ff 1 7
3 0 0 1 83 00 ff 0 7
3 0 0 1 47 00 ff 0 7
3 0 0 1 77 00 ff 0 7
3 0 0 1 59 00 ff 0 7
3 0 0 0 e1 00 ff 0 7
3 0 1 0 80 80 ff 1 7
3 0 1 1 1d 1d ff 1 7
3 0 0 1 1d 00 ff 0 7
3 0 0 1 35 00 ff 0 7
3 0 0 1 92 00 ff 0 7
3 0 0 1 f9 00 ff 0 7
3 0 1 0 47 47 ff 1 7
3 0 0 1 af 00 ff 0 7
3 0 0 1 fe 00 ff 0 7
3 0 1 1 b8 b8 ff 1 7
3 0 0 1 aa 00 ff 0 7
3 0 0 1 44 00 ff 0 7
3 0 0 1 e0 00 ff 0 7
3 0 0 1 4b 00 ff 0 7
3 0 1 0 82 82 ff 1 7
3 0 0 1 d8 00 ff 0 7
3 0 1 0 5c 5c ff 1 7
3 0 1 0 65 65 ff 2 7
3 0 1 0 21 21 ff 3 7
3 0 0 1 0f 65 ff 2 7
3 0 0 1 a1 5c ff 1 7
3 0 0 1 81 00 ff 0 7
3 0 1 0 6b 6b ff 1 7
3 0 0 1 b9 00 ff 0 7
3 0 0 1 c1 00 ff 0 7
3 0 0 1 a9 00 ff 0 7
3 0 0 0 68 00 ff 0 7
3 0 1 0 e7 e7 ff 1 7
3 0 0 1 99 00 ff 0 7
3 0 1 0 1c 1c ff 1 7
3 0 1 0 30 30 ff 2 7
3 0 0 1 66 1c ff 1 7
3 0 0 1 18 00 ff 0 7
3 0 1 0 0f 0f ff 1 7
3 0 0 1 d6 00 ff 0 7
3 0 0 1 5e 00 ff 0 7
3 0 1 0 be be ff 1 7
3 0 0 1 a0 00 ff 0 7
3 0 0 1 57 00 ff 0 7
3 0 0 1 ee 00 ff 0 7
3 0 0 1 56 00 ff 0 7
3 0 0 1 be 00 ff 0 7
3 0 0 1 ec 00 ff 0 7
3 0 1 0 f5 f5 ff 1 7
3 0 0 1 68 00 ff 0 7
3 0 0 0 9d 00 ff 0 7
3 0 1 1 ea ea ff 1 7
3 0 1 0 cf cf ff 2 7
3 0 1 0 92 92 ff 3 7
3 0 1 0 d7 d7 ff 4 7
3 0 1 0 d7 d7 ff 4 7
3 0 0 1 58 d7 ff 3 7
3 0 0 1 25 92 ff 2 7
3 0 1 0 eb eb ff 3 7
3 0 1 0 59 59 ff 4 7
3 0 0 0 e1 59 ff 4 7
3 0 0 1 f4 eb ff 3 7
3 0 0 1 07 92 ff 2 7
3 0 0 1 02 cf ff 1 7
3 0 0 1 64 00 ff 0 7
3 0 0 1 5d 00 ff 0 7
3 0 1 0 ca ca ff 1 7
3 0 0 1 0d 00 ff 0 7
3 0 0 0 12 00 ff 0 7
3 0 0 0 6c 00 ff 0 7
3 0 0 1 bf 00 ff 0 7
3 0 1 0 8e 8e ff 1 7
3 0 1 0 d1 d1 ff 2 7
3 0 1 0 af af ff 3 7
3 0 0 1 6a d1 ff 2 7
3 0 1 0 65 65 ff 3 7
3 0 0 0 70 65 ff 3 7
3 0 0 1 fe d1 ff 2 7
3 0 1 0 1e 1e ff 3 7
3 0 1 0 4d 4d ff 4 7
3 0 0 1 3a 1e ff 3 7
3 0 0 0 17 1e ff 3 7
3 0 0 1 05 d1 ff 2 7
3 0 0 1 e9 8e ff 1 7
3 0 1 0 0c 0c ff 2 7
3 0 0 1 c2 8e ff 1 7
3 0 1 0 c0 c0 ff 2 7
3 0 1 0 d8 d8 ff 3 7
3 0 0 0 f3 d8 ff 3 7
3 0 0 1 40 c0 ff 2 7
3 0 0 0 54 c0 ff 2 7
3 0 1 0 a8 a8 ff 3 7
3 0 0 1 2e c0 ff 2 7
3 0 1 0 f1 f1 ff 3 7
3 0 1 0 8c 8c ff 4 7
3 0 1 0 82 82 ff 4 7
3 0 0 1 07 8c ff 3 7
3 0 0 0 98 8c ff 3 7
3 0 1 0 4f 4f ff 4 7
3 0 0 1 36 8c ff 3 7
3 0 0 1 c0 f1 ff 2 7
3 0 0 0 ad f1 ff 2 7
3 0 0 0 86 f1 ff 2 7
3 0 0 1 80 c0 ff 1 7
3 0 1 0 21 21 ff 2 7
3 0 0 1 4a c0 ff 1 7
3 0 1 0 4e 4e ff 2 7
3 0 1 0 e8 e8 ff 3 7
3 0 0 1 cc 4e ff 2 7
3 0 1 1 67 67 ff 2 7
3 0 1 0 68 68 ff 3 7
3 0 1 0 49 49 ff 4 7
3 0 0 1 d6 68 ff 3 7
3 0 0 1 b4 67 ff 2 7
3 0 1 0 9c 9c ff 3 7
3 0 0 0 21 9c ff 3 7
3 0 1 0 2f 2f ff 4 7
3 0 0 0 aa 2f ff 4 7
3 0 1 0 14 14 ff 4 7
3 0 1 0 2d 2d ff 4 7
3 0 1 0 a8 a8 ff 4 7
3 0 0 1 b0 2d ff 3 7
3 0 1 0 ea ea ff 4 7
3 0 1 0 b2 b2 ff 4 7
3 0 0 0 7f b2 ff 4 7
3 0 1 0 02 02 ff 4 7
3 0 1 1 f4 f4 ff 4 7
3 0 0 1 7f b2 ff 3 7
3 0 1 0 ed ed ff 4 7
3 0 0 0 91 ed ff 4 7
3 0 0 1 21 b2 ff 3 7
3 0 1 0 6e 6e ff 4 7
3 0 1 1 f4 f4 ff 4 7
3 0 1 0 d9 d9 ff 4 7
3 0 0 1 07 f4 ff 3 7
3 0 0 0 20 f4 ff 3 7
3 0 0 1 20 b2 ff 2 7
3 0 0 1 ca ea ff 1 7
3 0 1 0 53 53 ff 2 7
3 0 0 1 2e ea ff 1 7
3 0 0 0 1f ea ff 1 7
3 0 0 1 30 00 ff 0 7
3 0 0 1 05 00 ff 0 7
3 0 0 1 1b 00 ff 0 7
3 0 1 0 bb bb ff 1 7
3 0 0 1 44 00 ff 0 7
3 0 0 1 b4 00 ff 0 7
3 0 0 0 e3 00 ff 0 7
3 0 0 1 8f 00 ff 0 7
3 0 0 0 a3 00 ff 0 7
3 0 0 0 d0 00 ff 0 7
3 0 1 1 18 18 ff 1 7
3 0 1 0 70 70 ff 2 7
3 0 0 1 2c 18 ff 1 7
3 0 1 0 28 28 ff 2 7
3 0 0 0 a7 28 ff 2 7
3 0 1 0 28 28 ff 3 7
3 0 0 0 04 28 ff 3 7
3 0 0 0 88 28 ff 3 7
3 0 0 0 c8 28 ff 3 7
3 0 0 1 0a 28 ff 2 7
3 0 0 1 8a 18 ff 1 7
3 0 0 1 d5 00 ff 0 7
3 0 1 1 f5 f5 ff 1 7
3 0 0 1 0e 00 ff 0 7
3 0 1 0 81 81 ff 1 7
3 0 0 1 82 00 ff 0 7
3 0 1 1 e8 e8 ff 1 7
3 0 1 0 4c 4c ff 2 7
3 0 0 1 25 e8 ff 1 7
3 0 0 1 37 00 ff 0 7
3 0 1 0 5f 5f ff 1 7
3 0 0 1 e0 00 ff 0 7
3 0 1 1 5a 5a ff 1 7
3 0 1 0 a0 a0 ff 2 7
3 0 1 0 8e 8e ff 3 7
3 0 1 0 ff ff ff 4 7
3 0 1 0 dc dc ff 4 7
3 0 1 0 bb bb ff 4 7
3 0 1 0 b1 b1 ff 4 7
3 0 0 1 39 bb ff 3 7
3 0 1 1 e1 e1 ff 3 7
3 0 1 0 5b 5b ff 4 7
3 0 1 0 5a 5a ff 4 7
3 0 0 1 63 5b ff 3 7
3 0 0 1 17 e1 ff 2 7
3 0 0 1 e4 dc ff 1 7
3 0 0 1 68 00 ff 0 7
3 0 1 0 fb fb ff 1 7
3 0 1 1 02 02 ff 1 7
3 0 0 1 5c 00 ff 0 7
3 0 0 1 ad 00 ff 0 7
3 0 0 0 d4 00 ff 0 7
3 0 1 0 f2 f2 ff 1 7
3 0 0 0 2f f2 ff 1 7
3 0 0 1 af 00 ff 0 7
3 0 0 1 dd 00 ff 0 7
3 0 1 0 db db ff 1 7
3 0 1 0 f5 f5 ff 2 7
3 0 0 1 88 db ff 1 7
3 0 0 0 6f db ff 1 7
3 0 1 0 58 58 ff 2 7
3 0 1 0 23 23 ff 3 7
3 0 0 1 78 58 ff 2 7
3 0 1 0 90 90 ff 3 7
3 0 1 0 e9 e9 ff 4 7
3 0 1 0 13 13 ff 4 7
3 0 1 1 e1 e1 ff 4 7
3 0 0 0 4f e1 ff 4 7
3 0 0 1 8d e9 ff 3 7
3 0 1 0 7f 7f ff 4 7
3 0 0 1 30 e9 ff 3 7
3 0 1 0 00 00 ff 4 7
3 0 0 0 4e 00 ff 4 7
3 0 0 1 66 e9 ff 3 7
3 0 1 0 6e 6e ff 4 7
3 0 0 0 8f 6e ff 4 7
3 0 1 1 4f 4f ff 4 7
3 0 1 0 1c 1c ff 4 7
3 0 0 1 3d 4f ff 3 7
3 0 1 1 2a 2a ff 3 7
3 0 0 0 ad 2a ff 3 7
3 0 0 1 f8 e9 ff 2 7
3 0 1 1 7c 7c ff 2 7
3 0 0 1 a8 90 ff 1 7
3 0 1 0 5d 5d ff 2 7
3 0 1 0 3a 3a ff 3 7
3 0 1 0 c0 c0 ff 4 7
3 0 0 1 ef 3a ff 3 7
3 0 0 1 d2 5d ff 2 7
3 0 0 1 13 90 ff 1 7
3 0 1 0 88 88 ff 2 7
3 0 1 0 17 17 ff 3 7
3 0 0 0 88 17 ff 3 7
3 0 0 0 20 17 ff 3 7
3 0 1 0 2b 2b ff 4 7
3 0 1 0 eb eb ff 4 7
3 0 0 0 b0 eb ff 4 7
3 0 0 1 4e 2b ff 3 7
3 0 0 1 89 17 ff 2 7
3 0 1 0 c8 c8 ff 3 7
3 0 0 1 ef 17 ff 2 7
3 0 0 0 f5 17 ff 2 7
3 0 0 1 a3 88 ff 1 7
3 0 0 1 d2 00 ff 0 7
3 0 1 0 ca ca ff 1 7
3 0 1 0 41 41 ff 2 7
3 0 0 1 7f ca ff 1 7
3 0 0 0 df ca ff 1 7
3 0 0 1 1d 00 ff 0 7
3 0 0 0 92 00 ff 0 7
3 0 0 1 a2 00 ff 0 7
3 0 0 1 1b 00 ff 0 7
3 0 1 0 93 93 ff 1 7
3 0 1 0 18 18 ff 2 7
3 0 0 1 c1 93 ff 1 7
3 0 0 0 8d 93 ff 1 7
3 0 1 0 7a 7a ff 2 7
3 0 0 1 f7 93 ff 1 7
3 0 0 1 71 00 ff 0 7
3 0 1 0 e9 e9 ff 1 7
3 0 1 0 a9 a9 ff 2 7
3 0 1 0 69 69 ff 3 7
3 0 0 0 95 69 ff 3 7
3 0 0 1 65 a9 ff 2 7
3 0 0 1 00 e9 ff 1 7
3 0 1 0 6e 6e ff 2 7
3 1 0 0 0e 00 ff 0 7
3 0 1 0 69 69 ff 1 7
3 0 1 0 83 83 ff 2 7
3 0 1 0 d3 d3 ff 3 7
3 0 0 1 d0 83 ff 2 7
3 0 0 1 c8 69 ff 1 7
3 0 1 0 b3 b3 ff 2 7
3 0 0 1 69 69 ff 1 7
3 0 0 1 8a 00 ff 0 7
3 0 0 1 ba 00 ff 0 7
3 0 0 1 96 00 ff 0 7
3 0 1 0 7e 7e ff 1 7
3 0 1 1 00 00 ff 1 7
3 0 0 1 f7 00 ff 0 7
3 0 0 1 e2 00 ff 0 7
3 0 1 0 49 49 ff 1 7
3 0 1 0 f3 f3 ff 2 7
3 0 0 1 15 49 ff 1 7
3 0 0 1 2b 00 ff 0 7
3 0 0 0 b5 00 ff 0 7
3 0 0 1 82 00 ff 0 7
3 0 1 1 ff ff ff 1 7
3 0 0 1 3c 00 ff 0 7
3 0 1 0 90 90 ff 1 7
3 0 0 1 a7 00 ff 0 7
3 0 1 0 e5 e5 ff 1 7
3 0 1 0 c0 c0 ff 2 7
3 0 0 1 6c e5 ff 1 7
3 0 1 0 79 79 ff 2 7
3 0 1 0 5f 5f ff 3 7
3 0 0 1 78 79 ff 2 7
3 0 1 0 79 79 ff 3 7
3 0 0 1 4c 79 ff 2 7
3 0 1 0 59 59 ff 3 7
3 0 0 0 79 59 ff 3 7
3 0 1 0 a0 a0 ff 4 7
3 0 0 1 52 59 ff 3 7
3 0 1 0 cf cf ff 4 7
3 0 1 0 77 77 ff 4 7
3 0 1 0 60 60 ff 4 7
3 0 0 0 60 60 ff 4 7
3 0 0 0 1d 60 ff 4 7
3 0 1 0 cf cf ff 4 7
3 0 1 0 ad ad ff 4 7
3 0 0 1 af cf ff 3 7
3 0 0 0 42 cf ff 3 7
3 0 1 0 e2 e2 ff 4 7
3 0 0 0 4f e2 ff 4 7
3 0 1 0 7e 7e ff 4 7
3 0 0 0 49 7e ff 4 7
3 0 1 0 16 16 ff 4 7
3 0 0 1 f8 7e ff 3 7
3 0 0 1 6b e2 ff 2 7
3 0 0 0 aa e2 ff 2 7
3 0 0 1 03 cf ff 1 7
3 0 0 1 69 00 ff 0 7
3 0 0 0 48 00 ff 0 7
3 0 1 0 8c 8c ff 1 7
3 0 0 1 bb 00 ff 0 7
3 0 1 0 8e 8e ff 1 7
3 0 0 0 69 8e ff 1 7
3 0 0 1 b4 00 ff 0 7
3 0 1 0 c3 c3 ff 1 7
3 0 1 0 da da ff 2 7
3 0 0 0 7b da ff 2 7
3 0 1 0 e7 e7 ff 3 7
3 0 0 1 79 da ff 2 7
3 0 0 1 7b c3 ff 1 7
3 0 0 1 58 00 ff 0 7
3 0 0 1 92 00 ff 0 7
3 0 1 0 55 55 ff 1 7
3 0 0 1 aa 00 ff 0 7
3 0 1 0 0c 0c ff 1 7
3 0 1 0 52 52 ff 2 7
3 0 0 1 f1 0c ff 1 7
3 0 0 1 12 00 ff 0 7
3 0 0 1 f6 00 ff 0 7
3 0 1 0 ab ab ff 1 7
3 0 0 1 04 00 ff 0 7
3 0 0 0 6c 00 ff 0 7
3 0 0 1 e1 00 ff 0 7
3 0 0 0 b4 00 ff 0 7
3 0 0 0 29 00 ff 0 7
3 0 0 1 71 00 ff 0 7
3 0 1 0 d2 d2 ff 1 7
3 0 0 1 6b 00 ff 0 7
3 0 1 0 73 73 ff 1 7
3 0 0 1 49 00 ff 0 7
3 0 0 1 cd 00 ff 0 7
3 0 1 0 69 69 ff 1 7
3 0 0 0 99 69 ff 1 7
3 0 1 0 0b 0b ff 2 7
3 0 1 0 0e 0e ff 3 7
3 0 0 1 d4 0b ff 2 7
3 0 0 1 28 69 ff 1 7
3 0 0 1 94 00 ff 0 7
3 0 0 1 d8 00 ff 0 7
3 0 0 0 41 00 ff 0 7
3 0 0 1 8b 00 ff 0 7
3 0 0 1 04 00 ff 0 7
3 0 1 0 cf cf ff 1 7
3 0 0 0 c4 cf ff 1 7
3 0 0 1 fd 00 ff 0 7
3 0 1 0 af af ff 1 7
3 0 0 1 88 00 ff 0 7
3 0 1 0 47 47 ff 1 7
3 0 0 1 29 00 ff 0 7
3 0 0 1 d8 00 ff 0 7
3 0 1 0 66 66 ff 1 7
3 0 0 1 b7 00 ff 0 7
3 0 1 0 34 34 ff 1 7
3 0 1 0 b6 b6 ff 2 7
3 0 0 1 f5 34 ff 1 7
3 0 0 1 41 00 ff 0 7
3 0 1 0 23 23 ff 1 7
3 0 0 1 9e 00 ff 0 7
3 0 0 0 8e 00 ff 0 7
3 0 1 0 29 29 ff 1 7
3 0 0 0 86 29 ff 1 7
3 0 1 0 01 01 ff 2 7
3 0 0 0 b4 01 ff 2 7
3 0 1 0 ba ba ff 3 7
3 0 0 1 5b 01 ff 2 7
3 0 0 1 8e 29 ff 1 7
3 0 0 1 0f 00 ff 0 7
3 0 1 0 25 25 ff 1 7
3 0 0 1 3b 00 ff 0 7
3 0 1 0 1a 1a ff 1 7
3 0 0 1 54 00 ff 0 7
3 0 0 1 13 00 ff 0 7
3 0 1 0 86 86 ff 1 7
3 0 0 1 6e 00 ff 0 7
3 0 1 0 91 91 ff 1 7
3 0 1 1 4d 4d ff 1 7
3 0 1 1 70 70 ff 1 7
3 0 1 0 cf cf ff 2 7
3 0 0 1 77 70 ff 1 7
3 0 0 0 68 70 ff 1 7
3 0 0 1 ce 00 ff 0 7
3 0 0 1 45 00 ff 0 7
3 0 0 1 81 00 ff 0 7
3 0 0 1 60 00 ff 0 7
3 0 0 0 7b 00 ff 0 7
3 0 0 1 63 00 ff 0 7
3 0 1 0 08 08 ff 1 7
3 0 0 1 29 00 ff 0 7
3 0 0 1 f8 00 ff 0 7
3 0 0 0 df 00 ff 0 7
3 0 1 0 c3 c3 ff 1 7
3 0 1 0 28 28 ff 2 7
3 0 1 0 77 77 ff 3 7
3 0 1 0 53 53 ff 4 7
3 0 0 1 ea 77 ff 3 7
3 0 1 0 3b 3b ff 4 7
3 0 0 0 49 3b ff 4 7
3 0 1 0 0f 0f ff 4 7
3 0 1 0 a0 a0 ff 4 7
3 0 1 0 b7 b7 ff 4 7
3 0 0 0 65 b7 ff 4 7
3 0 1 0 54 54 ff 4 7
3 0 0 1 92 b7 ff 3 7
3 0 0 1 a9 a0 ff 2 7
3 0 0 1 66 0f ff 1 7
3 0 1 0 ba ba ff 2 7
3 0 0 1 a2 0f ff 1 7
3 0 1 0 6e 6e ff 2 7
3 0 1 0 6a 6a ff 3 7
3 0 0 1 a3 6e ff 2 7
3 0 0 1 68 0f ff 1 7
3 0 0 1 a3 00 ff 0 7
3 0 1 0 56 56 ff 1 7
3 0 0 0 61 56 ff 1 7
3 0 1 0 ce ce ff 2 7
3 0 0 1 10 56 ff 1 7
3 0 1 0 7b 7b ff 2 7
3 0 1 0 bb bb ff 3 7
3 0 1 0 97 97 ff 4 7
3 0 0 1 34 bb ff 3 7
3 0 0 1 10 7b ff 2 7
3 0 0 1 18 56 ff 1 7
3 0 0 1 59 00 ff 0 7
3 0 0 1 2e 00 ff 0 7
3 0 0 1 48 00 ff 0 7
3 0 1 0 35 35 ff 1 7
3 0 0 1 16 00 ff 0 7
3 0 0 0 ca 00 ff 0 7
3 0 1 0 6e 6e ff 1 7
3 0 1 0 19 19 ff 2 7
3 0 0 1 08 6e ff 1 7
3 0 0 1 8e 00 ff 0 7
3 0 1 1 3f 3f ff 1 7
3 0 1 0 e8 e8 ff 2 7
3 0 0 1 05 3f ff 1 7
3 0 1 0 f3 f3 ff 2 7
3 0 1 0 f6 f6 ff 3 7
3 0 0 1 44 f3 ff 2 7
3 0 1 0 88 88 ff 3 7
3 0 1 0 93 93 ff 4 7
3 0 0 1 84 88 ff 3 7
3 0 0 1 39 f3 ff 2 7
3 0 1 0 10 10 ff 3 7
3 0 1 0 d9 d9 ff 4 7
3 0 1 1 8f 8f ff 4 7
3 0 1 0 e1 e1 ff 4 7
3 0 1 1 8b 8b ff 4 7
3 0 1 0 e1 e1 ff 4 7
3 0 0 1 a9 8b ff 3 7
3 0 1 1 40 40 ff 3 7
3 0 0 1 23 8f ff 2 7
3 0 0 0 17 8f ff 2 7
3 0 0 1 21 10 ff 1 7
3 0 1 0 d1 d1 ff 2 7
3 0 0 1 d4 10 ff 1 7
3 0 1 0 3f 3f ff 2 7
3 0 0 1 14 10 ff 1 7
3 0 1 0 71 71 ff 2 7
3 0 0 1 4a 10 ff 1 7
3 0 1 0 6a 6a ff 2 7
3 0 0 1 4f 10 ff 1 7
3 0 0 0 b7 10 ff 1 7
3 0 1 0 43 43 ff 2 7
3 0 1 0 65 65 ff 3 7
3 0 1 0 f4 f4 ff 4 7
3 0 0 0 6e f4 ff 4 7
3 0 1 0 de de ff 4 7
3 0 0 1 17 f4 ff 3 7
3 0 1 0 8a 8a ff 4 7
3 0 1 0 46 46 ff 4 7
3 0 1 0 0c 0c ff 4 7
3 0 0 1 ea 46 ff 3 7
3 0 0 1 f3 8a ff 2 7
3 0 1 0 b4 b4 ff 3 7
3 0 0 0 f2 b4 ff 3 7
3 0 0 1 60 8a ff 2 7
3 0 1 0 d9 d9 ff 3 7
3 0 1 0 22 22 ff 4 7
3 0 0 0 99 22 ff 4 7
3 0 0 1 50 d9 ff 3 7
3 0 0 1 72 8a ff 2 7
3 0 0 1 62 f4 ff 1 7
3 0 0 1 df 00 ff 0 7
3 0 0 1 9b 00 ff 0 7
3 0 1 0 15 15 ff 1 7
3 0 0 1 31 00 ff 0 7
3 0 0 0 f8 00 ff 0 7
3 0 0 0 79 00 ff 0 7
3 0 1 0 4d 4d ff 1 7
3 0 1 0 91 91 ff 2 7
3 0 0 0 b3 91 ff 2 7
3 0 0 1 cd 4d ff 1 7
3 0 1 0 16 16 ff 2 7
3 0 0 1 d4 4d ff 1 7
3 0 0 0 07 4d ff 1 7
3 0 0 1 19 00 ff 0 7
3 0 0 1 5d 00 ff 0 7
3 0 0 1 d7 00 ff 0 7
3 0 0 1 6e 00 ff 0 7
3 0 1 0 c9 c9 ff 1 7
3 0 1 0 84 84 ff 2 7
3 0 0 1 88 c9 ff 1 7
3 0 1 0 cf cf ff 2 7
3 0 1 0 8a 8a ff 3 7
3 0 0 1 70 cf ff 2 7
3 0 0 0 fe cf ff 2 7
3 0 1 0 d5 d5 ff 3 7
3 0 1 0 2a 2a ff 4 7
3 0 1 0 b9 b9 ff 4 7
3 0 1 0 c0 c0 ff 4 7
3 0 1 0 08 08 ff 4 7
3 0 0 1 b6 c0 ff 3 7
3 0 1 0 17 17 ff 4 7
3 0 0 0 d0 17 ff 4 7
3 0 0 1 a3 c0 ff 3 7
3 0 0 1 28 b9 ff 2 7
3 0 0 1 90 2a ff 1 7
3 0 1 0 2e 2e ff 2 7
3 0 0 1 86 2a ff 1 7
3 0 0 0 6d 2a ff 1 7
3 0 0 0 3f 2a ff 1 7
3 0 0 1 82 00 ff 0 7
3 0 1 0 0f 0f ff 1 7
3 0 1 0 fc fc ff 2 7
3 0 1 1 52 52 ff 2 7
3 0 1 0 32 32 ff 3 7
3 0 1 0 a8 a8 ff 4 7
3 0 1 0 78 78 ff 4 7
3 0 1 1 08 08 ff 4 7
3 0 1 0 c8 c8 ff 4 7
3 0 1 0 db db ff 4 7
3 0 1 0 3c 3c ff 4 7
3 0 0 0 d9 3c ff 4 7
3 0 1 0 22 22 ff 4 7
3 0 0 0 2e 22 ff 4 7
3 0 0 0 46 22 ff 4 7
3 0 1 0 70 70 ff 4 7
3 0 1 0 39 39 ff 4 7
3 0 0 1 ec 70 ff 3 7
3 0 0 1 54 22 ff 2 7
3 0 1 0 7a 7a ff 3 7
3 0 0 0 d5 7a ff 3 7
3 0 1 0 77 77 ff 4 7
3 0 0 1 f8 7a ff 3 7
3 0 0 0 96 7a ff 3 7
3 0 0 1 6c 22 ff 2 7
3 0 1 0 d2 d2 ff 3 7
3 1 1 0 d4 00 ff 0 7
3 0 0 0 8e 00 ff 0 7
3 0 1 0 31 31 ff 1 7
3 0 1 0 33 33 ff 2 7
3 0 1 0 6b 6b ff 3 7
3 0 1 0 ef ef ff 4 7
3 0 0 0 78 ef ff 4 7
3 0 1 0 75 75 ff 4 7
3 0 0 1 76 ef ff 3 7
3 0 0 1 04 6b ff 2 7
3 0 0 0 25 6b ff 2 7
3 0 1 0 1b 1b ff 3 7
3 0 0 0 86 1b ff 3 7
3 0 0 1 f3 6b ff 2 7
3 0 0 0 b4 6b ff 2 7
3 0 0 1 d7 33 ff 1 7
3 0 1 0 5a 5a ff 2 7
3 0 0 0 2e 5a ff 2 7
3 0 0 1 5b 33 ff 1 7
3 0 0 1 ea 00 ff 0 7
3 0 0 1 1e 00 ff 0 7
3 0 0 0 af 00 ff 0 7
3 0 1 0 a2 a2 ff 1 7
3 0 0 1 ac 00 ff 0 7
3 0 0 1 7e 00 ff 0 7
3 0 1 0 fd fd ff 1 7
3 0 0 1 97 00 ff 0 7
3 0 1 0 3f 3f ff 1 7
3 0 0 1 f4 00 ff 0 7
3 0 0 1 7b 00 ff 0 7
3 0 1 0 66 66 ff 1 7
3 0 1 0 aa aa ff 2 7
3 0 1 1 01 01 ff 2 7
3 0 0 1 2e 66 ff 1 7
3 0 0 0 26 66 ff 1 7
3 0 0 1 fa 00 ff 0 7
3 0 1 0 e9 e9 ff 1 7
3 0 1 0 22 22 ff 2 7
3 0 0 1 70 e9 ff 1 7
3 0 0 1 35 00 ff 0 7
3 0 0 1 74 00 ff 0 7
3 0 0 1 5f 00 ff 0 7
3 0 1 0 77 77 ff 1 7
3 0 0 0 22 77 ff 1 7
3 0 0 1 98 00 ff 0 7
3 0 1 0 40 40 ff 1 7
3 0 0 1 9c 00 ff 0 7
3 0 0 1 67 00 ff 0 7
3 0 0 1 97 00 ff 0 7
3 0 0 1 12 00 ff 0 7
3 0 0 1 db 00 ff 0 7
3 0 1 0 a6 a6 ff 1 7
3 0 0 1 f4 00 ff 0 7
3 0 0 1 b8 00 ff 0 7
3 0 0 1 4e 00 ff 0 7
3 0 1 0 81 81 ff 1 7
3 0 0 0 00 81 ff 1 7
3 0 1 0 d9 d9 ff 2 7
3 0 1 0 19 19 ff 3 7
3 0 0 1 63 d9 ff 2 7
3 0 1 0 2e 2e ff 3 7
3 0 0 0 be 2e ff 3 7
3 0 1 0 f0 f0 ff 4 7
3 0 0 1 f6 2e ff 3 7
3 0 1 0 9d 9d ff 4 7
3 0 0 0 dd 9d ff 4 7
3 0 0 1 77 2e ff 3 7
3 0 0 1 46 d9 ff 2 7
3 0 0 1 41 81 ff 1 7
3 0 0 1 12 00 ff 0 7
3 0 1 0 b8 b8 ff 1 7
3 0 0 1 6f 00 ff 0 7
3 0 0 0 28 00 ff 0 7
3 0 1 0 48 48 ff 1 7
3 0 0 0 7a 48 ff 1 7
3 0 1 1 70 70 ff 1 7
3 0 0 1 fa 00 ff 0 7
3 0 0 1 a8 00 ff 0 7
3 0 1 0 e8 e8 ff 1 7
3 0 1 0 04 04 ff 2 7
3 0 1 1 81 81 ff 2 7
3 0 1 0 ca ca ff 3 7
3 0 0 0 3d ca ff 3 7
3 0 0 1 41 81 ff 2 7
3 0 0 0 f1 81 ff 2 7
3 0 1 0 32 32 ff 3 7
3 0 0 1 39 81 ff 2 7
3 0 0 1 47 e8 ff 1 7
3 0 0 0 b8 e8 ff 1 7
3 0 1 0 7e 7e ff 2 7
3 0 1 0 61 61 ff 3 7
3 0 0 1 08 7e ff 2 7
3 0 0 1 7b e8 ff 1 7
3 0 1 0 06 06 ff 2 7
3 0 1 0 79 79 ff 3 7
3 0 1 0 5f 5f ff 4 7
3 0 1 0 fc fc ff 4 7
3 0 1 0 8d 8d ff 4 7
3 0 1 1 81 81 ff 4 7
3 0 1 0 ba ba ff 4 7
3 0 1 0 30 30 ff 4 7
3 0 0 1 30 ba ff 3 7
3 0 0 1 dd 81 ff 2 7
3 0 0 0 49 81 ff 2 7
3 0 1 0 47 47 ff 3 7
3 0 0 1 01 81 ff 2 7
3 0 0 1 fc fc ff 1 7
3 0 0 1 4d 00 ff 0 7
3 0 1 0 e8 e8 ff 1 7
3 0 0 1 9f 00 ff 0 7
3 0 0 0 55 00 ff 0 7
3 0 0 0 4f 00 ff 0 7
3 0 1 0 51 51 ff 1 7
3 0 1 0 a9 a9 ff 2 7
3 0 0 1 2d 51 ff 1 7
3 0 0 1 d4 00 ff 0 7
3 0 0 1 88 00 ff 0 7
3 0 0 1 d0 00 ff 0 7
3 0 1 0 a3 a3 ff 1 7
3 0 0 1 8b 00 ff 0 7
3 0 1 0 e5 e5 ff 1 7
3 0 1 0 2a 2a ff 2 7
3 0 1 0 9b 9b ff 3 7
3 0 0 1 0d 2a ff 2 7
3 0 0 1 04 e5 ff 1 7
3 0 1 0 ad ad ff 2 7
3 0 0 0 80 ad ff 2 7
3 0 0 0 bc ad ff 2 7
3 0 0 1 58 e5 ff 1 7
3 0 0 1 13 00 ff 0 7
3 0 0 1 c9 00 ff 0 7
3 0 1 0 63 63 ff 1 7
3 0 0 1 3f 00 ff 0 7
3 0 0 0 6a 00 ff 0 7
3 0 1 0 fc fc ff 1 7
3 0 1 0 36 36 ff 2 7
3 0 1 1 13 13 ff 2 7
3 0 1 0 22 22 ff 3 7
3 0 0 1 dd 13 ff 2 7
3 0 0 0 7f 13 ff 2 7
3 0 0 1 c3 fc ff 1 7
3 0 0 0 af fc ff 1 7
3 0 0 1 8f 00 ff 0 7
3 0 1 0 98 98 ff 1 7
3 0 0 1 77 00 ff 0 7
3 0 0 0 40 00 ff 0 7
3 0 0 1 c6 00 ff 0 7
3 0 0 0 1a 00 ff 0 7
3 0 1 0 6a 6a ff 1 7
3 0 0 1 8f 00 ff 0 7
3 0 0 0 95 00 ff 0 7
3 0 0 1 55 00 ff 0 7
3 0 0 1 9d 00 ff 0 7
3 0 0 0 e6 00 ff 0 7
3 0 1 0 fc fc ff 1 7
3 0 1 0 e3 e3 ff 2 7
3 0 1 0 ac ac ff 3 7
3 0 1 0 79 79 ff 4 7
3 0 0 1 90 ac ff 3 7
3 0 0 1 9c e3 ff 2 7
3 0 0 1 59 fc ff 1 7
3 0 1 0 33 33 ff 2 7
3 0 1 0 cb cb ff 3 7
3 0 0 1 51 33 ff 2 7
3 0 0 1 f6 fc ff 1 7
3 0 1 0 ab ab ff 2 7
3 0 1 0 cf cf ff 3 7
3 0 0 1 76 ab ff 2 7
3 0 1 0 d9 d9 ff 3 7
3 0 0 1 05 ab ff 2 7
3 0 0 0 31 ab ff 2 7
3 0 0 0 14 ab ff 2 7
3 0 0 0 02 ab ff 2 7
3 0 0 0 b3 ab ff 2 7
3 0 1 1 19 19 ff 2 7
3 0 1 0 6e 6e ff 3 7
3 0 0 0 07 6e ff 3 7
3 0 1 0 42 42 ff 4 7
3 0 0 1 77 6e ff 3 7
3 0 0 1 b6 19 ff 2 7
3 0 0 1 e2 fc ff 1 7
3 0 0 0 4b fc ff 1 7
3 0 0 0 c5 fc ff 1 7
3 0 0 1 59 00 ff 0 7
3 0 0 1 dc 00 ff 0 7
3 0 0 1 87 00 ff 0 7
3 0 0 1 6c 00 ff 0 7
3 0 0 0 08 00 ff 0 7
3 0 0 1 fd 00 ff 0 7
3 0 0 1 11 00 ff 0 7
3 0 1 0 53 53 ff 1 7
3 0 0 1 79 00 ff 0 7
3 0 0 1 e7 00 ff 0 7
3 0 0 1 4b 00 ff 0 7
3 0 0 1 01 00 ff 0 7
3 0 0 1 fd 00 ff 0 7
3 0 1 0 fe fe ff 1 7
3 0 1 0 5a 5a ff 2 7
3 0 0 1 20 fe ff 1 7
3 0 0 1 5a 00 ff 0 7
3 0 0 1 a8 00 ff 0 7
3 0 1 0 cb cb ff 1 7
3 0 1 0 9b 9b ff 2 7
3 0 0 0 88 9b ff 2 7
3 0 0 0 7b 9b ff 2 7
3 0 1 0 22 22 ff 3 7
3 0 0 1 52 9b ff 2 7
3 0 0 0 bf 9b ff 2 7
3 0 0 1 bf cb ff 1 7
3 0 1 0 d5 d5 ff 2 7
3 0 0 1 a6 cb ff 1 7
3 0 0 0 34 cb ff 1 7
3 0 0 1 fd 00 ff 0 7
3 0 0 1 55 00 ff 0 7
3 0 1 0 cf cf ff 1 7
3 0 0 1 f1 00 ff 0 7
3 0 0 0 14 00 ff 0 7
3 0 0 1 50 00 ff 0 7
3 0 1 0 be be ff 1 7
3 0 1 0 70 70 ff 2 7
3 0 0 1 71 be ff 1 7
3 0 1 0 fb fb ff 2 7
3 0 1 0 03 03 ff 3 7
3 0 1 0 ab ab ff 4 7
3 0 1 0 61 61 ff 4 7
3 0 1 0 a5 a5 ff 4 7
3 0 1 0 75 75 ff 4 7
3 0 1 0 53 53 ff 4 7
3 0 1 0 27 27 ff 4 7
3 0 0 1 4a 53 ff 3 7
3 0 1 0 41 41 ff 4 7
3 0 0 0 60 41 ff 4 7
3 0 1 0 11 11 ff 4 7
3 0 0 0 92 11 ff 4 7
3 0 0 1 26 41 ff 3 7
3 0 1 0 f2 f2 ff 4 7
3 0 0 1 f0 41 ff 3 7
3 0 0 1 92 53 ff 2 7
3 0 1 0 ac ac ff 3 7
3 0 1 0 68 68 ff 4 7
3 0 0 1 e9 ac ff 3 7
3 0 0 1 35 53 ff 2 7
3 0 0 1 a3 75 ff 1 7
3 0 0 1 d3 00 ff 0 7
3 0 0 0 57 00 ff 0 7
3 0 1 0 0e 0e ff 1 7
3 0 0 1 ab 00 ff 0 7
3 0 1 1 3a 3a ff 1 7
3 0 0 1 dd 00 ff 0 7
3 0 0 1 a5 00 ff 0 7
3 0 1 0 87 87 ff 1 7
3 0 0 1 31 00 ff 0 7
3 0 0 0 53 00 ff 0 7
3 0 1 1 c8 c8 ff 1 7
3 0 0 0 6d c8 ff 1 7
3 0 1 0 38 38 ff 2 7
3 0 1 0 71 71 ff 3 7
3 0 1 0 2d 2d ff 4 7
3 0 1 0 9e 9e ff 4 7
3 0 0 0 34 9e ff 4 7
3 0 0 1 14 2d ff 3 7
3 0 0 1 32 71 ff 2 7
3 0 0 1 3a 38 ff 1 7
3 0 0 1 a9 00 ff 0 7
3 0 1 0 1d 1d ff 1 7
3 0 0 1 f1 00 ff 0 7
3 0 0 1 fe 00 ff 0 7
3 0 1 0 3c 3c ff 1 7
3 0 0 1 8c 00 ff 0 7
3 0 0 1 6f 00 ff 0 7
3 0 1 0 d3 d3 ff 1 7
3 0 1 0 ef ef ff 2 7
3 0 0 1 24 d3 ff 1 7
3 0 0 0 ce d3 ff 1 7
3 0 1 0 bd bd ff 2 7
3 0 1 0 79 79 ff 3 7
3 0 0 1 b2 bd ff 2 7
3 0 0 1 f4 d3 ff 1 7
3 0 1 0 7b 7b ff 2 7
3 0 0 1 45 d3 ff 1 7
3 0 0 0 b8 d3 ff 1 7
3 0 0 1 90 00 ff 0 7
3 0 0 1 5f 00 ff 0 7
3 0 1 0 1c 1c ff 1 7
3 0 1 0 2c 2c ff 2 7
3 0 1 1 cc cc ff 2 7
3 0 0 0 f2 cc ff 2 7
3 0 0 0 27 cc ff 2 7
3 0 1 0 67 67 ff 3 7
3 0 0 1 34 cc ff 2 7
3 0 0 1 af 1c ff 1 7
3 0 0 0 48 1c ff 1 7
3 0 1 0 26 26 ff 2 7
3 0 1 0 f9 f9 ff 3 7
3 0 0 1 f8 26 ff 2 7
3 0 1 0 e1 e1 ff 3 7
3 0 1 0 6f 6f ff 4 7
3 0 0 1 a5 e1 ff 3 7
3 0 0 1 d6 26 ff 2 7
3 0 0 1 1b 1c ff 1 7
3 0 0 1 1c 00 ff 0 7
3 0 0 0 5a 00 ff 0 7
3 0 0 1 46 00 ff 0 7
3 0 1 0 c2 c2 ff 1 7
3 0 1 0 b1 b1 ff 2 7
3 0 0 1 9c c2 ff 1 7
3 0 1 1 fe fe ff 1 7
3 0 1 0 7e 7e ff 2 7
3 0 1 0 dc dc ff 3 7
3 0 1 0 f6 f6 ff 4 7
3 0 0 1 19 dc ff 3 7
3 0 1 0 16 16 ff 4 7
3 0 0 1 fd dc ff 3 7
3 0 0 1 03 7e ff 2 7
3 0 0 1 00 fe ff 1 7
3 0 0 0 2c fe ff 1 7
3 0 0 0 b7 fe ff 1 7
3 0 0 1 df 00 ff 0 7
3 0 0 1 c3 00 ff 0 7
3 0 0 1 79 00 ff 0 7
3 0 0 1 0f 00 ff 0 7
3 0 1 0 86 86 ff 1 7
3 0 1 0 13 13 ff 2 7
3 0 0 1 d0 86 ff 1 7
3 0 1 0 15 15 ff 2 7
3 0 1 0 29 29 ff 3 7
3 0 0 1 95 15 ff 2 7
3 0 1 0 e5 e5 ff 3 7
3 0 1 0 c5 c5 ff 4 7
3 0 1 0 62 62 ff 4 7
3 0 0 0 08 62 ff 4 7
3 0 0 0 48 62 ff 4 7
3 0 0 0 4b 62 ff 4 7
3 0 0 0 b4 62 ff 4 7
3 0 0 1 72 c5 ff 3 7
3 0 0 0 5a c5 ff 3 7
3 0 1 0 f1 f1 ff 4 7
3 0 0 0 6b f1 ff 4 7
3 0 1 0 fd fd ff 4 7
3 0 0 1 7a f1 ff 3 7
3 0 1 0 3f 3f ff 4 7
3 0 0 1 66 f1 ff 3 7
3 0 1 0 cb cb ff 4 7
3 0 0 0 19 cb ff 4 7
3 0 1 0 7a 7a ff 4 7
3 0 0 1 26 cb ff 3 7
3 0 0 1 28 f1 ff 2 7
3 0 0 1 c9 c5 ff 1 7
3 0 0 0 c1 c5 ff 1 7
3 0 1 0 be be ff 2 7
3 0 0 1 42 c5 ff 1 7
3 0 0 1 7e 00 ff 0 7
3 0 1 0 1f 1f ff 1 7
3 0 1 0 89 89 ff 2 7
3 0 0 1 80 1f ff 1 7
3 0 1 0 d3 d3 ff 2 7
3 0 0 1 31 1f ff 1 7
3 0 0 1 26 00 ff 0 7
3 0 1 0 9b 9b ff 1 7
3 0 1 0 74 74 ff 2 7
3 0 0 1 fb 9b ff 1 7
3 0 0 1 84 00 ff 0 7
3 0 1 0 4d 4d ff 1 7
3 0 0 1 07 00 ff 0 7
3 0 0 1 06 00 ff 0 7
3 0 0 1 85 00 ff 0 7
3 0 1 0 e1 e1 ff 1 7
3 0 1 0 b8 b8 ff 2 7
3 0 0 0 03 b8 ff 2 7
3 0 0 0 b4 b8 ff 2 7
3 0 1 0 14 14 ff 3 7
3 0 1 0 70 70 ff 4 7
3 0 0 1 46 14 ff 3 7
3 0 1 0 77 77 ff 4 7
3 0 0 0 05 77 ff 4 7
3 0 1 0 c9 c9 ff 4 7
3 0 1 0 0d 0d ff 4 7
3 0 0 1 e2 c9 ff 3 7
3 0 0 1 13 77 ff 2 7
3 0 0 0 69 77 ff 2 7
3 0 1 0 d7 d7 ff 3 7
3 0 1 1 89 89 ff 3 7
3 0 0 1 53 77 ff 2 7
3 0 1 0 9f 9f ff 3 7
3 0 0 1 1b 77 ff 2 7
3 0 0 1 e2 14 ff 1 7
3 0 1 0 9d 9d ff 2 7
3 0 1 0 80 80 ff 3 7
3 0 1 0 49 49 ff 4 7
3 0 1 0 32 32 ff 4 7
3 0 0 1 ac 49 ff 3 7
3 0 1 1 a9 a9 ff 3 7
3 0 1 0 8e 8e ff 4 7
3 0 0 1 9a a9 ff 3 7
3 0 1 0 eb eb ff 4 7
3 0 1 0 50 50 ff 4 7
3 0 1 0 d3 d3 ff 4 7
3 0 0 1 40 50 ff 3 7
3 0 0 1 db eb ff 2 7
3 0 0 1 53 a9 ff 1 7
3 0 1 0 a3 a3 ff 2 7
3 0 1 0 f4 f4 ff 3 7
3 0 1 0 26 26 ff 4 7
3 0 1 0 e2 e2 ff 4 7
3 0 1 0 3c 3c ff 4 7
3 0 1 0 da da ff 4 7
3 0 1 0 04 04 ff 4 7
3 0 1 0 e7 e7 ff 4 7
3 0 0 1 26 04 ff 3 7
3 0 0 1 12 da ff 2 7
3 0 0 1 53 3c ff 1 7
3 0 1 0 e8 e8 ff 2 7
3 0 1 0 c7 c7 ff 3 7
3 0 1 0 d4 d4 ff 4 7
3 0 0 1 f6 c7 ff 3 7
3 0 1 0 78 78 ff 4 7
3 0 0 0 a2 78 ff 4 7
3 0 0 1 e2 c7 ff 3 7
3 0 0 0 07 c7 ff 3 7
3 0 1 0 60 60 ff 4 7
3 0 1 0 28 28 ff 4 7
3 0 1 0 6d 6d ff 4 7
3 0 0 1 43 28 ff 3 7
3 0 0 1 8d 60 ff 2 7
3 0 1 0 c1 c1 ff 3 7
3 0 1 0 9e 9e ff 4 7
3 0 0 1 b5 c1 ff 3 7
3 0 0 0 d8 c1 ff 3 7
3 0 1 0 e7 e7 ff 4 7
3 0 1 0 15 15 ff 4 7
3 0 0 1 60 e7 ff 3 7
3 0 1 0 2e 2e ff 4 7
3 0 0 0 57 2e ff 4 7
3 0 1 0 97 97 ff 4 7
3 0 1 0 35 35 ff 4 7
3 0 0 0 36 35 ff 4 7
3 0 1 0 df df ff 4 7
3 0 1 0 84 84 ff 4 7
3 0 0 1 15 df ff 3 7
3 0 1 0 93 93 ff 4 7
3 0 0 1 a4 df ff 3 7
3 0 0 0 92 df ff 3 7
3 0 0 1 68 35 ff 2 7
3 0 0 1 ad 97 ff 1 7
3 0 0 0 1e 97 ff 1 7
3 0 0 1 6c 00 ff 0 7
3 0 0 1 40 00 ff 0 7
3 0 0 1 4b 00 ff 0 7
3 0 0 0 7a 00 ff 0 7
3 0 0 1 77 00 ff 0 7
3 0 1 0 74 74 ff 1 7
3 0 0 1 13 00 ff 0 7
3 0 0 1 20 00 ff 0 7
3 0 0 1 58 00 ff 0 7
3 0 0 0 15 00 ff 0 7
3 0 0 1 43 00 ff 0 7
3 0 1 0 df df ff 1 7
3 0 0 0 a6 df ff 1 7
3 0 1 0 52 52 ff 2 7
3 0 1 0 19 19 ff 3 7
3 0 1 0 a5 a5 ff 4 7
3 0 0 1 f2 19 ff 3 7
3 0 1 0 e3 e3 ff 4 7
3 0 0 0 ec e3 ff 4 7
3 0 0 1 89 19 ff 3 7
3 0 0 0 4b 19 ff 3 7
3 0 0 1 3f 52 ff 2 7
3 0 1 0 16 16 ff 3 7
3 0 1 0 45 45 ff 4 7
3 0 0 1 08 16 ff 3 7
3 0 1 1 35 35 ff 3 7
3 0 1 0 46 46 ff 4 7
3 0 1 0 0f 0f ff 4 7
3 0 1 0 26 26 ff 4 7
3 0 1 1 a0 a0 ff 4 7
3 0 1 0 81 81 ff 4 7
3 0 1 0 7c 7c ff 4 7
3 0 0 1 41 81 ff 3 7
3 0 1 0 7e 7e ff 4 7
3 0 1 0 a2 a2 ff 4 7
3 0 0 1 9f 7e ff 3 7
3 0 1 0 dc dc ff 4 7
3 0 0 1 46 7e ff 3 7
3 0 0 1 bf 81 ff 2 7
3 0 0 1 09 a0 ff 1 7
3 0 0 0 1f a0 ff 1 7
3 0 0 1 ad 00 ff 0 7
3 0 0 1 95 00 ff 0 7
3 0 0 0 c9 00 ff 0 7
3 0 0 1 38 00 ff 0 7
3 0 0 1 fe 00 ff 0 7
3 0 1 0 bc bc ff 1 7
3 0 0 1 5e 00 ff 0 7
3 0 0 1 57 00 ff 0 7
3 0 0 1 de 00 ff 0 7
3 0 0 1 23 00 ff 0 7
3 0 0 0 23 00 ff 0 7
3 0 1 1 a7 a7 ff 1 7
3 0 1 0 d1 d1 ff 2 7
3 0 1 0 9e 9e ff 3 7
3 0 0 1 87 d1 ff 2 7
3 0 1 0 80 80 ff 3 7
3 0 1 0 46 46 ff 4 7
3 0 1 0 f2 f2 ff 4 7
3 0 1 0 c6 c6 ff 4 7
3 0 0 1 c1 f2 ff 3 7
3 0 0 1 73 46 ff 2 7
3 0 0 1 23 80 ff 1 7
3 0 0 1 cf 00 ff 0 7
3 0 1 0 cd cd ff 1 7
3 0 1 0 a4 a4 ff 2 7
3 0 0 1 bf cd ff 1 7
3 0 1 0 96 96 ff 2 7
3 0 0 1 19 cd ff 1 7
3 0 0 0 a4 cd ff 1 7
3 0 0 1 b2 00 ff 0 7
3 0 0 1 20 00 ff 0 7
3 0 1 0 3e 3e ff 1 7
3 0 1 0 e2 e2 ff 2 7
3 0 0 1 3e 3e ff 1 7
3 0 0 1 61 00 ff 0 7
3 0 1 0 03 03 ff 1 7
3 0 1 0 cf cf ff 2 7
3 0 1 1 f5 f5 ff 2 7
3 0 0 1 b2 03 ff 1 7
3 0 0 1 d7 00 ff 0 7
3 0 0 1 52 00 ff 0 7
3 0 1 0 eb eb ff 1 7
3 0 1 0 50 50 ff 2 7
3 0 1 0 ac ac ff 3 7
3 0 0 1 5e 50 ff 2 7
3 0 0 1 a0 eb ff 1 7
3 1 0 1 e5 00 ff 0 7
3 0 0 1 a1 00 ff 0 7
3 0 1 0 e0 e0 ff 1 7
3 0 1 0 3c 3c ff 2 7
3 0 1 0 8d 8d ff 3 7
3 0 1 0 2c 2c ff 4 7
3 0 1 1 36 36 ff 4 7
3 0 1 0 59 59 ff 4 7
3 0 0 1 5d 36 ff 3 7
3 0 0 0 ef 36 ff 3 7
3 0 0 1 fb 8d ff 2 7
3 0 1 0 09 09 ff 3 7
3 0 0 1 78 8d ff 2 7
3 0 0 1 7f 3c ff 1 7
3 0 1 0 76 76 ff 2 7
3 0 0 1 28 3c ff 1 7
3 0 1 0 4f 4f ff 2 7
3 0 0 1 5a 3c ff 1 7
3 0 1 0 ec ec ff 2 7
3 0 0 0 2f ec ff 2 7
3 0 0 1 95 3c ff 1 7
3 0 0 0 25 3c ff 1 7
3 0 0 1 86 00 ff 0 7
3 0 1 0 18 18 ff 1 7
3 0 1 0 32 32 ff 2 7
3 0 0 1 a2 18 ff 1 7
3 0 1 0 98 98 ff 2 7
3 0 0 1 ff 18 ff 1 7
3 0 1 0 f5 f5 ff 2 7
3 0 0 0 65 f5 ff 2 7
3 0 1 0 6f 6f ff 3 7
3 0 0 0 d4 6f ff 3 7
3 0 0 0 6b 6f ff 3 7
3 0 0 1 79 f5 ff 2 7
3 0 1 0 cb cb ff 3 7
3 0 0 1 a8 f5 ff 2 7
3 0 1 0 2d 2d ff 3 7
3 0 0 0 92 2d ff 3 7
3 0 1 0 43 43 ff 4 7
3 0 0 1 87 2d ff 3 7
3 0 0 1 73 f5 ff 2 7
3 0 1 0 96 96 ff 3 7
3 0 0 1 55 f5 ff 2 7
3 0 1 0 ff ff ff 3 7
3 0 0 1 0c f5 ff 2 7
3 0 0 0 9e f5 ff 2 7
3 0 0 1 94 18 ff 1 7
3 0 0 1 8b 00 ff 0 7
3 0 1 0 ea ea ff 1 7
3 0 1 0 7c 7c ff 2 7
3 0 0 1 e5 ea ff 1 7
3 0 1 0 b1 b1 ff 2 7
3 0 1 1 13 13 ff 2 7
3 0 0 1 4e ea ff 1 7
3 0 0 1 99 00 ff 0 7
3 1 0 1 e9 00 ff 0 7
3 0 0 0 ac 00 ff 0 7
3 0 0 1 90 00 ff 0 7
3 0 0 1 39 00 ff 0 7
3 0 0 1 27 00 ff 0 7
3 0 1 0 e1 e1 ff 1 7
3 0 1 0 cf cf ff 2 7
3 0 0 1 7e e1 ff 1 7
3 0 1 0 82 82 ff 2 7
3 0 0 1 51 e1 ff 1 7
3 0 0 1 27 00 ff 0 7
3 0 1 0 49 49 ff 1 7
3 0 0 1 4a 00 ff 0 7
3 0 1 1 32 32 ff 1 7
3 0 0 1 4e 00 ff 0 7
3 0 0 1 ad 00 ff 0 7
3 0 0 1 c2 00 ff 0 7
3 0 0 1 ed 00 ff 0 7
3 0 1 0 bd bd ff 1 7
3 0 1 0 71 71 ff 2 7
3 0 0 1 6c bd ff 1 7
3 0 0 1 c6 00 ff 0 7
3 0 1 0 4d 4d ff 1 7
3 0 0 1 34 00 ff 0 7
3 0 0 0 c6 00 ff 0 7
3 0 0 0 fc 00 ff 0 7
3 0 0 1 ca 00 ff 0 7
3 0 1 0 ad ad ff 1 7
3 0 1 0 40 40 ff 2 7
3 0 0 0 3f 40 ff 2 7
3 0 0 0 dc 40 ff 2 7
3 0 0 1 be ad ff 1 7
3 0 0 1 67 00 ff 0 7
3 0 1 0 8b 8b ff 1 7
3 0 0 1 78 00 ff 0 7
3 0 0 0 57 00 ff 0 7
3 0 0 1 56 00 ff 0 7
3 0 1 0 67 67 ff 1 7
3 0 1 0 74 74 ff 2 7
3 0 1 0 b4 b4 ff 3 7
3 0 1 1 a0 a0 ff 3 7
3 0 1 0 81 81 ff 4 7
3 0 0 1 9a a0 ff 3 7
3 0 1 0 4b 4b ff 4 7
3 0 1 0 55 55 ff 4 7
3 0 1 0 ce ce ff 4 7
3 0 0 1 be 55 ff 3 7
3 0 1 0 92 92 ff 4 7
3 0 0 1 f9 55 ff 3 7
3 0 0 1 1e 4b ff 2 7
3 0 0 0 49 4b ff 2 7
3 0 0 1 ae a0 ff 1 7
3 0 0 1 c2 00 ff 0 7
3 0 1 0 44 44 ff 1 7
3 0 0 1 05 00 ff 0 7
3 0 1 0 37 37 ff 1 7
3 0 0 1 8b 00 ff 0 7
3 0 1 0 dd dd ff 1 7
3 0 1 0 f3 f3 ff 2 7
3 0 0 0 60 f3 ff 2 7
3 0 1 1 a1 a1 ff 2 7
3 0 1 0 02 02 ff 3 7
3 0 1 1 5f 5f ff 3 7
3 0 1 0 55 55 ff 4 7
3 0 1 0 40 40 ff 4 7
3 0 0 1 26 55 ff 3 7
3 0 0 0 0c 55 ff 3 7
3 0 0 1 f7 5f ff 2 7
3 0 1 0 31 31 ff 3 7
3 0 0 1 00 5f ff 2 7
3 0 1 0 74 74 ff 3 7
3 0 0 1 59 5f ff 2 7
3 0 0 1 de a1 ff 1 7
3 0 1 0 c8 c8 ff 2 7
3 0 0 0 91 c8 ff 2 7
3 0 1 1 66 66 ff 2 7
3 0 1 0 95 95 ff 3 7
3 0 1 0 78 78 ff 4 7
3 0 1 0 04 04 ff 4 7
3 0 0 1 bb 78 ff 3 7
3 0 1 0 e5 e5 ff 4 7
3 0 0 1 e8 78 ff 3 7
3 0 0 1 18 95 ff 2 7
3 0 1 0 f0 f0 ff 3 7
3 0 0 1 fe 95 ff 2 7
3 0 0 1 6b 66 ff 1 7
3 0 0 1 17 00 ff 0 7
3 0 1 0 b9 b9 ff 1 7
3 0 0 1 e0 00 ff 0 7
3 0 1 1 1f 1f ff 1 7
3 0 1 0 0f 0f ff 2 7
3 0 1 0 13 13 ff 3 7
3 0 0 1 24 0f ff 2 7
3 0 0 1 9e 1f ff 1 7
3 0 1 0 4a 4a ff 2 7
3 0 0 1 5a 1f ff 1 7
3 0 1 0 17 17 ff 2 7
3 0 1 0 73 73 ff 3 7
3 0 0 1 18 17 ff 2 7
3 0 1 0 f7 f7 ff 3 7
3 0 0 1 b7 17 ff 2 7
3 0 1 0 45 45 ff 3 7
3 0 1 0 14 14 ff 4 7
3 0 0 0 61 14 ff 4 7
3 0 0 1 3d 45 ff 3 7
3 0 0 1 97 17 ff 2 7
3 0 0 1 c0 1f ff 1 7
3 0 1 0 b9 b9 ff 2 7
3 0 0 0 98 b9 ff 2 7
3 0 0 1 21 1f ff 1 7
3 0 1 0 ca ca ff 2 7
3 0 0 0 3d ca ff 2 7
3 0 1 0 cc cc ff 3 7
3 0 1 1 6a 6a ff 3 7
3 0 1 0 93 93 ff 4 7
3 0 0 1 82 6a ff 3 7
3 0 1 0 88 88 ff 4 7
3 0 1 0 99 99 ff 4 7
3 0 0 1 f0 88 ff 3 7
3 0 0 1 a4 6a ff 2 7
3 0 1 0 22 22 ff 3 7
3 0 0 1 50 6a ff 2 7
3 0 0 1 b8 ca ff 1 7
3 0 1 0 b2 b2 ff 2 7
3 0 1 1 bb bb ff 2 7
3 0 0 0 d0 bb ff 2 7
3 0 0 0 31 bb ff 2 7
3 0 0 1 2a ca ff 1 7
3 0 0 0 14 ca ff 1 7
3 0 1 0 5d 5d ff 2 7
3 0 1 0 03 03 ff 3 7
3 0 1 0 f2 f2 ff 4 7
3 0 1 0 e6 e6 ff 4 7
3 0 1 0 7d 7d ff 4 7
3 0 1 0 14 14 ff 4 7
3 0 1 0 14 14 ff 4 7
3 0 1 0 5d 5d ff 4 7
3 0 1 1 35 35 ff 4 7
3 0 0 1 f2 14 ff 3 7
3 0 1 1 2e 2e ff 3 7
3 0 1 0 c9 c9 ff 4 7
3 0 0 0 ce c9 ff 4 7
3 0 1 0 c6 c6 ff 4 7
3 0 1 0 59 59 ff 4 7
3 0 0 1 d1 c6 ff 3 7
3 0 0 1 34 c9 ff 2 7
3 0 0 0 d8 c9 ff 2 7
3 0 1 0 f9 f9 ff 3 7
3 0 0 0 67 f9 ff 3 7
3 0 1 0 21 21 ff 4 7
3 0 1 0 8d 8d ff 4 7
3 0 0 0 7d 8d ff 4 7
3 0 0 0 39 8d ff 4 7
3 0 1 0 07 07 ff 4 7
3 0 1 1 a7 a7 ff 4 7
3 0 1 0 7a 7a ff 4 7
3 0 0 1 17 a7 ff 3 7
3 0 0 1 76 8d ff 2 7
3 0 0 1 f3 21 ff 1 7
3 0 0 0 d7 21 ff 1 7
3 0 0 1 83 00 ff 0 7
3 0 1 0 19 19 ff 1 7
3 0 1 0 61 61 ff 2 7
3 0 0 1 35 19 ff 1 7
3 0 1 0 90 90 ff 2 7
3 0 1 0 6b 6b ff 3 7
3 0 1 0 a2 a2 ff 4 7
3 0 0 1 6c 6b ff 3 7
3 0 1 0 c8 c8 ff 4 7
3 0 1 0 cd cd ff 4 7
3 0 0 1 92 c8 ff 3 7
3 0 1 0 d0 d0 ff 4 7
3 0 1 0 5d 5d ff 4 7
3 0 1 0 39 39 ff 4 7
3 0 1 0 5d 5d ff 4 7
3 0 0 0 05 5d ff 4 7
3 0 1 0 a6 a6 ff 4 7
3 0 1 0 23 23 ff 4 7
3 0 0 1 11 a6 ff 3 7
3 0 0 1 f6 5d ff 2 7
3 0 0 1 d1 39 ff 1 7
3 0 1 0 2d 2d ff 2 7
3 0 0 1 72 39 ff 1 7
3 0 1 1 76 76 ff 1 7
3 0 1 1 2d 2d ff 1 7
3 0 1 0 51 51 ff 2 7
3 0 0 0 99 51 ff 2 7
3 0 0 1 2e 2d ff 1 7
3 0 1 0 f5 f5 ff 2 7
3 0 1 0 53 53 ff 3 7
3 0 0 0 3e 53 ff 3 7
3 0 0 1 ad f5 ff 2 7
3 0 0 1 af 2d ff 1 7
3 0 1 0 b3 b3 ff 2 7
3 0 1 1 59 59 ff 2 7
3 0 1 0 3f 3f ff 3 7
3 0 1 0 50 50 ff 4 7
3 0 1 1 04 04 ff 4 7
3 0 0 0 fd 04 ff 4 7
3 0 0 1 5a 3f ff 3 7
3 0 1 0 b0 b0 ff 4 7
3 0 0 1 9b 3f ff 3 7
3 0 0 1 eb 59 ff 2 7
3 0 0 1 ac 2d ff 1 7
3 0 0 1 5d 00 ff 0 7
3 0 0 0 e5 00 ff 0 7
3 0 0 1 4b 00 ff 0 7
3 0 0 1 3a 00 ff 0 7
3 0 0 0 7d 00 ff 0 7
3 0 0 1 d1 00 ff 0 7
3 0 0 1 fe 00 ff 0 7
3 0 0 1 99 00 ff 0 7
3 0 0 1 ae 00 ff 0 7
3 0 1 0 76 76 ff 1 7
3 0 0 1 fa 00 ff 0 7
3 0 1 0 79 79 ff 1 7
3 0 1 0 1f 1f ff 2 7
3 0 0 1 ef 79 ff 1 7
3 0 0 0 00 79 ff 1 7
3 0 1 0 4e 4e ff 2 7
3 0 0 0 53 4e ff 2 7
3 0 0 1 11 79 ff 1 7
3 0 0 1 2f 00 ff 0 7
3 0 1 0 52 52 ff 1 7
3 0 1 0 5f 5f ff 2 7
3 0 0 1 c7 52 ff 1 7
3 0 0 0 70 52 ff 1 7
3 0 0 1 b8 00 ff 0 7
3 0 1 0 1c 1c ff 1 7
3 0 1 0 32 32 ff 2 7
3 0 0 1 7e 1c ff 1 7
3 0 0 1 8f 00 ff 0 7
3 0 0 1 a4 00 ff 0 7
3 0 0 1 fa 00 ff 0 7
3 0 1 0 c2 c2 ff 1 7
3 0 0 1 1d 00 ff 0 7
3 0 1 0 4a 4a ff 1 7
3 0 0 1 63 00 ff 0 7
3 0 0 0 7f 00 ff 0 7
3 0 1 0 d2 d2 ff 1 7
3 0 0 1 34 00 ff 0 7
3 0 1 0 1d 1d ff 1 7
3 0 1 0 0d 0d ff 2 7
3 0 1 0 34 34 ff 3 7
3 0 1 0 fe fe ff 4 7
3 0 0 1 fd 34 ff 3 7
3 0 0 0 32 34 ff 3 7
3 0 1 0 22 22 ff 4 7
3 0 1 0 d7 d7 ff 4 7
3 0 1 0 ef ef ff 4 7
3 0 0 1 da d7 ff 3 7
3 0 0 0 68 d7 ff 3 7
3 0 0 1 2a 22 ff 2 7
3 0 0 1 dc 34 ff 1 7
3 0 0 1 36 00 ff 0 7
3 0 1 0 5b 5b ff 1 7
3 0 0 1 3c 00 ff 0 7
3 0 0 1 70 00 ff 0 7
3 0 1 0 23 23 ff 1 7
3 0 0 1 26 00 ff 0 7
3 0 0 1 13 00 ff 0 7
3 0 0 1 ec 00 ff 0 7
3 0 0 1 c6 00 ff 0 7
3 0 1 0 92 92 ff 1 7
3 0 0 1 36 00 ff 0 7
3 0 1 0 59 59 ff 1 7
3 0 0 1 4a 00 ff 0 7
3 0 1 0 85 85 ff 1 7
3 0 1 0 a1 a1 ff 2 7
3 0 0 1 3d 85 ff 1 7
3 0 1 0 41 41 ff 2 7
3 0 1 0 07 07 ff 3 7
3 0 0 1 66 41 ff 2 7
3 0 0 1 ae 85 ff 1 7
3 0 0 1 55 00 ff 0 7
3 0 1 0 21 21 ff 1 7
3 0 0 1 4b 00 ff 0 7
3 0 1 0 be be ff 1 7
3 0 0 1 81 00 ff 0 7
3 0 0 1 2f 00 ff 0 7
3 0 1 0 c7 c7 ff 1 7
3 0 1 0 c7 c7 ff 2 7
3 0 1 0 a7 a7 ff 3 7
3 0 0 1 a3 c7 ff 2 7
3 0 0 1 86 c7 ff 1 7
3 0 0 1 b0 00 ff 0 7
3 0 1 0 43 43 ff 1 7
3 0 1 0 24 24 ff 2 7
3 0 0 0 88 24 ff 2 7
3 1 1 0 4d 00 ff 0 7
3 0 0 0 0b 00 ff 0 7
3 0 1 0 84 84 ff 1 7
3 0 0 1 eb 00 ff 0 7
3 0 1 1 70 70 ff 1 7
3 0 1 0 7a 7a ff 2 7
3 0 0 0 2f 7a ff 2 7
3 0 0 0 67 7a ff 2 7
3 0 0 1 03 70 ff 1 7
3 0 0 1 d1 00 ff 0 7
3 0 0 1 52 00 ff 0 7
3 0 1 0 e0 e0 ff 1 7
3 0 1 0 5c 5c ff 2 7
3 0 0 1 9c e0 ff 1 7
3 0 0 1 07 00 ff 0 7
3 0 0 1 16 00 ff 0 7
3 0 0 1 5e 00 ff 0 7
3 0 0 1 ab 00 ff 0 7
3 0 0 1 10 00 ff 0 7
3 0 0 1 b8 00 ff 0 7
3 0 1 0 fc fc ff 1 7
3 0 1 0 1e 1e ff 2 7
3 0 0 0 43 1e ff 2 7
3 0 0 0 6c 1e ff 2 7
3 0 1 0 8a 8a ff 3 7
3 0 0 0 6f 8a ff 3 7
3 0 0 1 80 1e ff 2 7
3 0 1 0 ce ce ff 3 7
3 0 1 0 bc bc ff 4 7
3 0 0 1 98 ce ff 3 7
3 0 1 0 d8 d8 ff 4 7
3 0 0 1 92 ce ff 3 7
3 0 0 0 c3 ce ff 3 7
3 0 0 0 2d ce ff 3 7
3 0 0 1 40 1e ff 2 7
3 0 0 1 af fc ff 1 7
3 0 1 0 56 56 ff 2 7
3 0 1 0 c4 c4 ff 3 7
3 0 0 0 4e c4 ff 3 7
3 0 0 1 d5 56 ff 2 7
3 0 0 1 94 fc ff 1 7
3 0 0 0 f2 fc ff 1 7
3 0 1 0 0e 0e ff 2 7
3 0 0 1 a0 fc ff 1 7
3 0 0 0 f1 fc ff 1 7
3 0 0 1 39 00 ff 0 7
3 0 0 0 60 00 ff 0 7
3 0 1 0 70 70 ff 1 7
3 0 1 0 c6 c6 ff 2 7
3 0 1 0 73 73 ff 3 7
3 0 0 0 18 73 ff 3 7
3 0 1 0 61 61 ff 4 7
3 0 1 0 02 02 ff 4 7
3 0 0 1 74 61 ff 3 7
3 0 1 1 54 54 ff 3 7
3 0 0 0 da 54 ff 3 7
3 0 0 0 42 54 ff 3 7
3 0 1 0 4f 4f ff 4 7
3 0 0 1 45 54 ff 3 7
3 0 1 0 d8 d8 ff 4 7
3 0 0 1 47 54 ff 3 7
3 0 0 1 f7 73 ff 2 7
3 0 0 0 66 73 ff 2 7
3 0 0 1 6f c6 ff 1 7
3 0 0 1 25 00 ff 0 7
3 0 0 0 bb 00 ff 0 7
3 0 1 0 9d 9d ff 1 7
3 0 0 0 ae 9d ff 1 7
3 0 0 1 74 00 ff 0 7
3 0 1 0 67 67 ff 1 7
3 0 0 1 c1 00 ff 0 7
3 0 0 1 2e 00 ff 0 7
3 0 1 0 e4 e4 ff 1 7
3 0 0 1 27 00 ff 0 7
3 0 1 0 1b 1b ff 1 7
3 0 0 1 75 00 ff 0 7
3 0 1 1 be be ff 1 7
3 0 0 1 2d 00 ff 0 7
3 0 1 0 2a 2a ff 1 7
3 0 1 1 3c 3c ff 1 7
3 0 0 1 9a 00 ff 0 7
3 0 1 0 a2 a2 ff 1 7
3 0 1 0 a2 a2 ff 2 7
3 0 0 1 ab a2 ff 1 7
3 0 0 1 94 00 ff 0 7
3 0 0 0 4b 00 ff 0 7
3 0 1 0 a8 a8 ff 1 7
3 0 0 0 9a a8 ff 1 7
3 0 0 1 83 00 ff 0 7
3 0 0 1 89 00 ff 0 7
3 0 1 0 b0 b0 ff 1 7
3 0 0 0 30 b0 ff 1 7
3 0 0 1 51 00 ff 0 7
3 0 0 1 c0 00 ff 0 7
3 0 0 1 e6 00 ff 0 7
3 0 1 1 5a 5a ff 1 7
3 0 0 1 a3 00 ff 0 7
3 0 1 0 d5 d5 ff 1 7
3 0 0 1 f0 00 ff 0 7
3 0 0 1 db 00 ff 0 7
3 0 1 0 d5 d5 ff 1 7
3 0 0 1 2d 00 ff 0 7
3 0 0 1 d9 00 ff 0 7
3 0 0 1 81 00 ff 0 7
3 0 0 0 5d 00 ff 0 7
3 0 0 0 32 00 ff 0 7
3 0 1 0 d0 d0 ff 1 7
3 0 0 1 e9 00 ff 0 7
3 0 0 1 98 00 ff 0 7
3 0 0 1 ce 00 ff 0 7
3 0 1 0 d0 d0 ff 1 7
3 0 0 1 2a 00 ff 0 7
3 0 1 0 b3 b3 ff 1 7
3 0 0 1 94 00 ff 0 7
3 0 1 0 70 70 ff 1 7
3 0 0 1 3d 00 ff 0 7
3 0 1 0 fe fe ff 1 7
3 0 0 1 a0 00 ff 0 7
3 0 1 0 23 23 ff 1 7
3 0 1 0 cd cd ff 2 7
3 0 0 1 61 23 ff 1 7
3 0 0 1 e2 00 ff 0 7
3 0 0 1 1a 00 ff 0 7
3 0 1 0 ba ba ff 1 7
3 0 0 0 db ba ff 1 7
3 0 0 1 c9 00 ff 0 7
3 0 0 1 36 00 ff 0 7
3 0 1 0 12 12 ff 1 7
3 0 0 0 3a 12 ff 1 7
3 0 0 0 39 12 ff 1 7
3 0 0 0 e8 12 ff 1 7
3 1 0 1 b6 00 ff 0 7
3 0 0 1 b2 00 ff 0 7
3 0 0 1 87 00 ff 0 7
3 0 1 0 2b 2b ff 1 7
3 0 0 0 c1 2b ff 1 7
3 0 0 1 a1 00 ff 0 7
3 0 1 1 02 02 ff 1 7
3 0 1 0 45 45 ff 2 7
3 0 0 0 fb 45 ff 2 7
3 0 0 1 a2 02 ff 1 7
3 0 1 0 38 38 ff 2 7
3 0 1 0 22 22 ff 3 7
3 0 0 1 19 38 ff 2 7
3 0 1 0 83 83 ff 3 7
3 0 1 0 42 42 ff 4 7
3 0 1 0 cd cd ff 4 7
3 0 0 0 93 cd ff 4 7
3 1 0 1 74 00 ff 0 7
3 0 0 1 b6 00 ff 0 7
3 0 1 0 16 16 ff 1 7
3 0 0 1 66 00 ff 0 7
3 0 0 1 fb 00 ff 0 7
3 0 1 1 ba ba ff 1 7
3 0 1 0 ac ac ff 2 7
3 0 0 1 49 ba ff 1 7
3 0 0 1 25 00 ff 0 7
3 0 1 0 44 44 ff 1 7
3 0 1 0 bf bf ff 2 7
3 0 1 0 0d 0d ff 3 7
3 0 1 0 cb cb ff 4 7
3 0 1 0 ce ce ff 4 7
3 0 1 0 ba ba ff 4 7
3 0 1 0 c8 c8 ff 4 7
3 0 1 0 5b 5b ff 4 7
3 0 0 1 c5 c8 ff 3 7
3 0 0 1 2e ba ff 2 7
3 0 0 1 a5 ce ff 1 7
3 0 1 0 66 66 ff 2 7
3 0 1 0 05 05 ff 3 7
3 0 1 0 a7 a7 ff 4 7
3 0 0 0 c5 a7 ff 4 7
3 0 1 0 b0 b0 ff 4 7
3 0 0 1 c0 a7 ff 3 7
3 0 1 0 b2 b2 ff 4 7
3 0 1 0 8b 8b ff 4 7
3 0 0 0 47 8b ff 4 7
3 0 1 0 9d 9d ff 4 7
3 0 1 0 07 07 ff 4 7
3 0 0 1 be 9d ff 3 7
3 0 1 0 0a 0a ff 4 7
3 1 1 0 86 00 ff 0 7
3 0 1 0 3d 3d ff 1 7
3 0 0 1 e4 00 ff 0 7
3 0 0 0 14 00 ff 0 7
3 0 1 0 85 85 ff 1 7
3 0 1 0 57 57 ff 2 7
3 0 0 1 59 85 ff 1 7
3 0 0 1 45 00 ff 0 7
3 0 0 1 22 00 ff 0 7
3 0 0 1 00 00 ff 0 7
3 0 1 0 e3 e3 ff 1 7
3 0 0 1 a3 00 ff 0 7
3 0 0 1 e9 00 ff 0 7
3 0 1 0 82 82 ff 1 7
3 0 1 0 84 84 ff 2 7
3 0 0 1 7c 82 ff 1 7
3 0 0 0 9a 82 ff 1 7
3 0 0 1 d8 00 ff 0 7
3 0 1 0 5f 5f ff 1 7
3 0 1 0 02 02 ff 2 7
3 0 1 0 9e 9e ff 3 7
3 0 0 1 eb 02 ff 2 7
3 0 1 0 b5 b5 ff 3 7
3 0 1 0 b3 b3 ff 4 7
3 0 1 0 03 03 ff 4 7
3 0 0 1 85 b3 ff 3 7
3 0 1 0 d3 d3 ff 4 7
3 0 0 0 b9 d3 ff 4 7
3 0 1 0 b8 b8 ff 4 7
3 0 1 0 e2 e2 ff 4 7
3 0 0 1 b3 b8 ff 3 7
3 0 1 1 81 81 ff 3 7
3 0 0 1 84 d3 ff 2 7
3 0 1 1 51 51 ff 2 7
3 0 0 1 c5 b3 ff 1 7
3 0 1 0 8b 8b ff 2 7
3 0 0 0 a7 8b ff 2 7
3 0 0 0 4c 8b ff 2 7
3 0 0 1 e9 b3 ff 1 7
3 0 0 1 e7 00 ff 0 7
3 0 1 0 57 57 ff 1 7
3 0 1 0 55 55 ff 2 7
3 0 0 1 a2 57 ff 1 7
3 0 0 1 fa 00 ff 0 7
3 0 0 0 73 00 ff 0 7
3 0 0 1 3e 00 ff 0 7
3 0 0 1 1e 00 ff 0 7
3 0 0 1 af 00 ff 0 7
3 0 0 0 fc 00 ff 0 7
3 0 1 1 61 61 ff 1 7
3 0 1 0 cc cc ff 2 7
3 0 1 0 e7 e7 ff 3 7
3 0 0 1 d9 cc ff 2 7
3 0 0 1 c5 61 ff 1 7
3 0 0 0 cf 61 ff 1 7
3 0 0 1 f2 00 ff 0 7
3 0 0 0 95 00 ff 0 7
3 0 1 1 ea ea ff 1 7
3 0 1 0 31 31 ff 2 7
3 0 1 0 4f 4f ff 3 7
3 0 0 1 8a 31 ff 2 7
3 0 0 0 e8 31 ff 2 7
3 0 0 1 57 ea ff 1 7
3 0 0 1 14 00 ff 0 7
3 0 1 1 8a 8a ff 1 7
3 0 0 1 18 00 ff 0 7
3 0 0 0 2d 00 ff 0 7
3 0 1 0 14 14 ff 1 7
3 0 0 0 d8 14 ff 1 7
3 0 1 0 61 61 ff 2 7
3 0 1 0 fe fe ff 3 7
3 1 0 1 9f 00 ff 0 7
3 0 0 1 a6 00 ff 0 7
3 0 1 0 f8 f8 ff 1 7
3 0 0 1 cb 00 ff 0 7
3 0 1 0 a9 a9 ff 1 7
3 0 0 0 e0 a9 ff 1 7
3 0 0 1 02 00 ff 0 7
3 0 0 1 07 00 ff 0 7
3 0 1 0 fe fe ff 1 7
3 0 0 0 59 fe ff 1 7
3 0 0 0 fb fe ff 1 7
3 0 0 1 1f 00 ff 0 7
3 0 1 0 7a 7a ff 1 7
3 0 1 0 d3 d3 ff 2 7
3 0 0 0 97 d3 ff 2 7
3 0 0 1 c1 7a ff 1 7
3 0 0 1 90 00 ff 0 7
3 0 0 1 0a 00 ff 0 7
3 0 0 0 12 00 ff 0 7
3 0 1 0 1f 1f ff 1 7
3 0 0 0 71 1f ff 1 7
3 0 1 0 f6 f6 ff 2 7
3 0 0 0 48 f6 ff 2 7
3 0 0 1 2b 1f ff 1 7
3 0 0 1 33 00 ff 0 7
3 0 0 1 7a 00 ff 0 7
3 0 1 0 f6 f6 ff 1 7
3 0 0 1 84 00 ff 0 7
3 0 0 1 c0 00 ff 0 7
3 0 1 0 97 97 ff 1 7
3 0 0 0 84 97 ff 1 7
3 0 0 1 95 00 ff 0 7
3 0 0 0 73 00 ff 0 7
3 0 0 1 c3 00 ff 0 7
3 0 0 0 c4 00 ff 0 7
3 0 0 1 09 00 ff 0 7
3 0 1 0 ba ba ff 1 7
3 0 1 0 bc bc ff 2 7
3 0 1 0 01 01 ff 3 7
3 0 0 1 22 bc ff 2 7
3 0 0 1 28 ba ff 1 7
3 0 0 1 08 00 ff 0 7
3 0 1 0 51 51 ff 1 7
3 0 1 0 56 56 ff 2 7
3 0 1 0 43 43 ff 3 7
3 0 1 0 db db ff 4 7
3 0 0 1 77 43 ff 3 7
3 0 0 1 b7 56 ff 2 7
3 0 1 0 29 29 ff 3 7
3 0 0 1 8a 56 ff 2 7
3 0 0 1 a7 51 ff 1 7
3 0 0 0 ab 51 ff 1 7
3 0 1 1 21 21 ff 1 7
3 0 0 1 91 00 ff 0 7
3 0 1 0 6b 6b ff 1 7
3 0 1 0 d5 d5 ff 2 7
3 0 0 1 87 6b ff 1 7
3 0 1 0 19 19 ff 2 7
3 0 1 0 8f 8f ff 3 7
3 0 0 1 fb 19 ff 2 7
3 0 1 0 81 81 ff 3 7
3 0 1 0 55 55 ff 4 7
3 0 1 0 49 49 ff 4 7
3 0 0 0 de 49 ff 4 7
3 0 0 0 71 49 ff 4 7
3 0 0 0 9f 49 ff 4 7
3 0 0 1 b3 55 ff 3 7
3 0 0 1 01 81 ff 2 7
3 0 1 0 da da ff 3 7
3 0 1 0 38 38 ff 4 7
3 0 1 1 d6 d6 ff 4 7
3 0 0 0 91 d6 ff 4 7
3 0 0 1 4b da ff 3 7
3 0 0 1 63 81 ff 2 7
3 0 1 0 72 72 ff 3 7
3 0 0 1 c9 81 ff 2 7
3 0 0 1 13 19 ff 1 7
3 0 0 1 5e 00 ff 0 7
3 0 1 0 9a 9a ff 1 7
3 0 0 1 c2 00 ff 0 7
3 0 0 0 de 00 ff 0 7
3 0 0 1 76 00 ff 0 7
3 0 0 1 70 00 ff 0 7
3 0 1 0 b8 b8 ff 1 7
3 0 0 0 89 b8 ff 1 7
3 0 1 0 fb fb ff 2 7
3 0 1 0 52 52 ff 3 7
3 0 1 0 e9 e9 ff 4 7
3 0 0 0 97 e9 ff 4 7
3 0 0 0 b3 e9 ff 4 7
3 0 1 0 d6 d6 ff 4 7
3 0 0 1 b6 e9 ff 3 7
3 0 0 1 30 52 ff 2 7
3 0 0 0 bf 52 ff 2 7
3 0 0 1 2d fb ff 1 7
3 0 1 0 d4 d4 ff 2 7
3 0 0 1 68 fb ff 1 7
3 0 0 1 0f 00 ff 0 7
3 0 1 0 80 80 ff 1 7
3 0 0 1 77 00 ff 0 7
3 0 0 1 f7 00 ff 0 7
3 0 1 0 2d 2d ff 1 7
3 0 1 0 f3 f3 ff 2 7
3 0 0 1 c2 2d ff 1 7
3 0 0 1 d9 00 ff 0 7
3 0 0 0 30 00 ff 0 7
3 0 0 1 e2 00 ff 0 7
3 0 0 1 22 00 ff 0 7
3 0 0 1 74 00 ff 0 7
3 0 0 1 38 00 ff 0 7
3 0 1 0 3e 3e ff 1 7
3 0 1 0 b0 b0 ff 2 7
3 0 1 0 89 89 ff 3 7
3 0 0 1 68 b0 ff 2 7
3 0 1 0 93 93 ff 3 7
3 0 1 0 f7 f7 ff 4 7
3 0 0 1 4b 93 ff 3 7
3 0 1 0 92 92 ff 4 7
3 0 1 0 15 15 ff 4 7
3 0 1 0 e5 e5 ff 4 7
3 0 1 0 5b 5b ff 4 7
3 0 1 0 e7 e7 ff 4 7
3 0 1 0 d7 d7 ff 4 7
3 0 0 0 6c d7 ff 4 7
3 0 1 0 11 11 ff 4 7
3 0 0 1 e0 d7 ff 3 7
3 0 0 0 49 d7 ff 3 7
3 0 1 0 bd bd ff 4 7
3 0 1 0 aa aa ff 4 7
3 0 1 1 9d 9d ff 4 7
3 0 1 0 8c 8c ff 4 7
3 0 1 0 13 13 ff 4 7
3 0 0 1 f1 8c ff 3 7
3 0 0 1 6c 9d ff 2 7
3 0 1 1 35 35 ff 2 7
3 0 1 0 5a 5a ff 3 7
3 0 1 0 63 63 ff 4 7
3 0 0 1 f1 5a ff 3 7
3 0 0 0 ae 5a ff 3 7
3 0 0 0 4d 5a ff 3 7
3 0 1 0 fa fa ff 4 7
3 0 1 0 69 69 ff 4 7
3 0 1 0 dc dc ff 4 7
3 0 1 0 41 41 ff 4 7
3 0 1 0 14 14 ff 4 7
3 0 1 1 d3 d3 ff 4 7
3 0 1 0 de de ff 4 7
3 0 0 1 34 d3 ff 3 7
3 1 1 1 8e 00 ff 0 7
3 0 0 1 f1 00 ff 0 7
3 0 0 0 4e 00 ff 0 7
3 0 0 1 82 00 ff 0 7
3 0 1 1 55 55 ff 1 7
3 0 1 0 de de ff 2 7
3 0 0 0 94 de ff 2 7
3 0 0 1 b8 55 ff 1 7
3 0 1 0 d6 d6 ff 2 7
3 0 1 0 3d 3d ff 3 7
3 0 1 0 aa aa ff 4 7
3 0 0 1 b1 3d ff 3 7
3 0 1 0 18 18 ff 4 7
3 0 0 1 d8 3d ff 3 7
3 0 0 1 3f d6 ff 2 7
3 0 0 1 c6 55 ff 1 7
3 0 0 1 df 00 ff 0 7
3 0 0 1 72 00 ff 0 7
3 0 0 1 43 00 ff 0 7
3 0 1 0 7f 7f ff 1 7
3 0 1 0 e1 e1 ff 2 7
3 0 1 0 6a 6a ff 3 7
3 0 1 1 37 37 ff 3 7
3 0 1 0 68 68 ff 4 7
3 0 1 0 f3 f3 ff 4 7
3 0 0 1 d0 68 ff 3 7
3 0 1 0 f6 f6 ff 4 7
3 0 1 0 b0 b0 ff 4 7
3 0 0 1 94 f6 ff 3 7
3 0 0 0 32 f6 ff 3 7
3 0 0 1 98 68 ff 2 7
3 0 0 1 12 37 ff 1 7
3 0 1 1 84 84 ff 1 7
3 0 1 0 b0 b0 ff 2 7
3 0 0 1 2a 84 ff 1 7
3 0 0 0 1b 84 ff 1 7
3 0 0 1 ac 00 ff 0 7
3 0 1 0 21 21 ff 1 7
3 0 0 1 b8 00 ff 0 7
3 0 1 0 1c 1c ff 1 7
3 0 1 0 53 53 ff 2 7
3 0 0 1 ab 1c ff 1 7
3 0 0 1 90 00 ff 0 7
3 0 0 1 95 00 ff 0 7
3 0 1 0 56 56 ff 1 7
3 0 0 1 a3 00 ff 0 7
3 0 0 1 19 00 ff 0 7
3 0 1 0 b9 b9 ff 1 7
3 0 0 1 ad 00 ff 0 7
3 0 0 0 dd 00 ff 0 7
3 0 1 0 a1 a1 ff 1 7
3 0 0 1 03 00 ff 0 7
3 0 0 1 1a 00 ff 0 7
3 0 1 0 bc bc ff 1 7
3 0 0 0 99 bc ff 1 7
3 0 0 1 e5 00 ff 0 7
3 0 0 0 74 00 ff 0 7
3 0 1 1 7b 7b ff 1 7
3 0 0 1 8f 00 ff 0 7
3 0 1 0 9b 9b ff 1 7
3 0 0 0 7b 9b ff 1 7
3 0 0 1 8f 00 ff 0 7
3 0 0 0 c1 00 ff 0 7
3 0 0 1 22 00 ff 0 7
3 0 0 1 35 00 ff 0 7
3 0 1 0 b1 b1 ff 1 7
3 0 1 0 aa aa ff 2 7
3 0 0 1 7f b1 ff 1 7
3 0 0 0 80 b1 ff 1 7
3 0 1 1 e3 e3 ff 1 7
3 0 0 1 9f 00 ff 0 7
3 0 1 0 4c 4c ff 1 7
3 0 0 0 99 4c ff 1 7
3 0 1 0 91 91 ff 2 7
3 0 0 0 26 91 ff 2 7
3 0 1 0 77 77 ff 3 7
3 0 0 1 5c 91 ff 2 7
3 0 0 0 17 91 ff 2 7
3 0 1 0 4d 4d ff 3 7
3 0 0 1 0f 91 ff 2 7
3 0 0 1 ef 4c ff 1 7
3 0 1 0 74 74 ff 2 7
3 0 1 0 30 30 ff 3 7
3 0 0 1 0f 74 ff 2 7
3 0 0 0 9d 74 ff 2 7
3 0 1 0 b2 b2 ff 3 7
3 0 1 0 65 65 ff 4 7
3 0 1 0 39 39 ff 4 7
3 0 1 0 d1 d1 ff 4 7
3 0 0 1 54 39 ff 3 7
3 0 1 0 ab ab ff 4 7
3 0 0 1 26 39 ff 3 7
3 0 1 0 5e 5e ff 4 7
3 0 0 1 6a 39 ff 3 7
3 0 1 0 cf cf ff 4 7
3 0 0 1 0c 39 ff 3 7
3 0 0 1 39 65 ff 2 7
3 0 0 0 ac 65 ff 2 7
3 0 0 1 f7 b2 ff 1 7
3 0 1 0 da da ff 2 7
3 0 0 1 26 b2 ff 1 7
3 0 1 0 fe fe ff 2 7
3 0 1 0 0d 0d ff 3 7
3 0 1 0 a4 a4 ff 4 7
3 0 0 1 38 0d ff 3 7
3 0 1 0 56 56 ff 4 7
3 1 0 1 41 00 ff 0 7
3 0 1 0 09 09 ff 1 7
3 0 1 0 b6 b6 ff 2 7
3 0 0 1 6f 09 ff 1 7
3 0 1 0 b4 b4 ff 2 7
3 0 0 1 b2 09 ff 1 7
3 0 1 0 4a 4a ff 2 7
3 0 1 0 da da ff 3 7
3 0 1 0 32 32 ff 4 7
3 0 1 0 6a 6a ff 4 7
3 0 0 0 01 6a ff 4 7
3 0 0 1 37 32 ff 3 7
3 0 1 0 a5 a5 ff 4 7
3 0 0 0 54 a5 ff 4 7
3 0 0 1 12 32 ff 3 7
3 0 1 1 97 97 ff 3 7
3 0 0 1 ab da ff 2 7
3 0 1 0 5e 5e ff 3 7
3 0 0 0 41 5e ff 3 7
3 0 1 1 fe fe ff 3 7
3 0 1 0 ab ab ff 4 7
3 0 1 0 a3 a3 ff 4 7
3 0 1 0 c0 c0 ff 4 7
3 0 0 0 12 c0 ff 4 7
3 0 1 0 e7 e7 ff 4 7
3 0 1 0 60 60 ff 4 7
3 0 1 0 e7 e7 ff 4 7
3 0 1 0 27 27 ff 4 7
3 0 0 1 96 e7 ff 3 7
3 0 0 1 ed 60 ff 2 7
3 0 1 0 87 87 ff 3 7
3 0 1 0 94 94 ff 4 7
3 0 0 0 d9 94 ff 4 7
3 0 0 1 a2 87 ff 3 7
3 0 0 0 8d 87 ff 3 7
3 0 0 0 5b 87 ff 3 7
3 0 1 0 72 72 ff 4 7
3 0 1 0 6b 6b ff 4 7
3 0 0 0 37 6b ff 4 7
3 0 0 0 40 6b ff 4 7
3 0 1 0 9f 9f ff 4 7
3 0 0 1 ac 6b ff 3 7
3 0 0 1 d7 72 ff 2 7
3 0 0 1 cb 87 ff 1 7
3 0 0 1 e8 00 ff 0 7
3 0 0 0 6c 00 ff 0 7
3 0 0 1 14 00 ff 0 7
3 0 0 0 bc 00 ff 0 7
3 0 0 0 c2 00 ff 0 7
3 0 0 1 75 00 ff 0 7
3 0 0 1 9f 00 ff 0 7
3 0 0 1 8d 00 ff 0 7
3 0 1 1 f6 f6 ff 1 7
3 0 1 0 41 41 ff 2 7
3 0 1 0 83 83 ff 3 7
3 0 0 1 4d 41 ff 2 7
3 0 0 1 3e f6 ff 1 7
3 0 1 0 d4 d4 ff 2 7
3 0 1 0 4c 4c ff 3 7
3 0 0 1 2f d4 ff 2 7
3 0 1 0 5a 5a ff 3 7
3 0 1 1 6e 6e ff 3 7
3 0 1 0 b5 b5 ff 4 7
3 0 1 0 48 48 ff 4 7
3 0 0 1 2e b5 ff 3 7
3 0 0 0 61 b5 ff 3 7
3 0 0 0 75 b5 ff 3 7
3 0 1 0 3b 3b ff 4 7
3 0 1 0 5b 5b ff 4 7
3 0 1 0 78 78 ff 4 7
3 0 0 1 27 5b ff 3 7
3 0 1 0 21 21 ff 4 7
3 0 0 1 80 5b ff 3 7
3 0 0 1 06 3b ff 2 7
3 0 0 1 10 b5 ff 1 7
3 0 1 0 05 05 ff 2 7
3 0 1 0 e5 e5 ff 3 7
3 0 0 1 59 05 ff 2 7
3 0 1 0 92 92 ff 3 7
3 0 1 0 9e 9e ff 4 7
3 0 0 1 05 92 ff 3 7
3 0 0 1 df 05 ff 2 7
3 0 1 0 a1 a1 ff 3 7
3 0 1 0 e6 e6 ff 4 7
3 0 0 1 92 a1 ff 3 7
3 0 0 0 ed a1 ff 3 7
3 0 1 0 cb cb ff 4 7
3 0 1 1 3b 3b ff 4 7
3 0 1 0 3f 3f ff 4 7
3 0 0 1 62 3b ff 3 7
3 0 1 0 1b 1b ff 4 7
3 0 0 1 ea 3b ff 3 7
3 0 1 0 85 85 ff 4 7
3 0 0 1 36 3b ff 3 7
3 0 0 0 e8 3b ff 3 7
3 0 1 0 5a 5a ff 4 7
3 0 1 0 a9 a9 ff 4 7
3 0 1 0 e8 e8 ff 4 7
3 0 1 0 65 65 ff 4 7
3 0 1 0 da da ff 4 7
3 0 1 0 57 57 ff 4 7
3 0 1 0 24 24 ff 4 7
3 0 0 0 bd 24 ff 4 7
3 0 0 1 b4 57 ff 3 7
3 0 0 0 30 57 ff 3 7
3 0 1 0 16 16 ff 4 7
3 0 1 0 43 43 ff 4 7
3 0 0 0 27 43 ff 4 7
3 0 1 0 4c 4c ff 4 7
3 0 1 0 96 96 ff 4 7
3 0 0 1 f6 4c ff 3 7
3 0 0 0 0d 4c ff 3 7
3 0 0 1 89 43 ff 2 7
3 0 1 0 08 08 ff 3 7
3 0 1 0 dd dd ff 4 7
3 0 0 0 53 dd ff 4 7
3 0 0 1 44 08 ff 3 7
3 0 0 1 78 43 ff 2 7
3 0 1 0 81 81 ff 3 7
3 0 0 1 45 43 ff 2 7
3 0 0 1 13 16 ff 1 7
3 0 0 1 8b 00 ff 0 7
3 0 0 1 d2 00 ff 0 7
3 0 0 1 a4 00 ff 0 7
3 0 0 1 16 00 ff 0 7
3 0 1 0 4a 4a ff 1 7
3 0 0 0 4f 4a ff 1 7
3 0 0 1 76 00 ff 0 7
3 0 0 1 9f 00 ff 0 7
3 0 0 0 ba 00 ff 0 7
3 0 1 0 0e 0e ff 1 7
3 0 0 1 36 00 ff 0 7
3 0 1 0 c5 c5 ff 1 7
3 0 0 1 ed 00 ff 0 7
3 0 1 0 ea ea ff 1 7
3 0 0 1 ce 00 ff 0 7
3 0 0 1 88 00 ff 0 7
3 0 0 0 42 00 ff 0 7
3 0 0 1 14 00 ff 0 7
3 0 0 1 20 00 ff 0 7
3 0 1 0 3a 3a ff 1 7
3 0 0 1 2d 00 ff 0 7
3 0 0 1 9c 00 ff 0 7
3 0 0 1 58 00 ff 0 7
3 0 1 0 7a 7a ff 1 7
3 0 0 1 c4 00 ff 0 7
3 0 1 0 3a 3a ff 1 7
3 0 0 1 e5 00 ff 0 7
3 0 0 0 82 00 ff 0 7
3 0 1 0 53 53 ff 1 7
3 0 0 0 ac 53 ff 1 7
3 0 1 0 d3 d3 ff 2 7
3 0 0 0 06 d3 ff 2 7
3 0 0 1 7a 53 ff 1 7
3 0 0 1 63 00 ff 0 7
3 0 1 0 ee ee ff 1 7
3 0 0 1 00 00 ff 0 7
3 0 0 0 0b 00 ff 0 7
3 0 1 0 02 02 ff 1 7
3 0 0 1 f1 00 ff 0 7
3 0 0 0 f6 00 ff 0 7
3 0 0 1 a5 00 ff 0 7
3 0 0 1 69 00 ff 0 7
3 0 0 1 6f 00 ff 0 7
3 0 0 0 7d 00 ff 0 7
3 0 1 0 d6 d6 ff 1 7
3 0 0 1 e4 00 ff 0 7
3 0 0 1 11 00 ff 0 7
3 0 1 0 cc cc ff 1 7
3 0 1 1 f0 f0 ff 1 7
3 0 0 1 ac 00 ff 0 7
3 0 0 0 d2 00 ff 0 7
3 0 1 0 76 76 ff 1 7
3 0 1 0 ce ce ff 2 7
3 0 1 0 d3 d3 ff 3 7
3 0 0 1 c5 ce ff 2 7
3 0 1 0 a6 a6 ff 3 7
3 0 0 0 ad a6 ff 3 7
3 0 1 0 20 20 ff 4 7
3 0 0 1 0d a6 ff 3 7
3 0 1 0 02 02 ff 4 7
3 0 0 0 18 02 ff 4 7
3 0 1 0 b6 b6 ff 4 7
3 0 1 1 be be ff 4 7
3 0 0 1 c3 02 ff 3 7
3 0 1 0 87 87 ff 4 7
3 0 1 1 5f 5f ff 4 7
3 0 0 1 8c 02 ff 3 7
3 0 1 0 b6 b6 ff 4 7
3 0 1 0 23 23 ff 4 7
3 0 1 0 2c 2c ff 4 7
3 0 0 1 d7 23 ff 3 7
3 0 1 0 1d 1d ff 4 7
3 0 0 0 57 1d ff 4 7
3 0 1 0 e0 e0 ff 4 7
3 0 1 0 a7 a7 ff 4 7
3 0 0 1 72 e0 ff 3 7
3 0 1 0 98 98 ff 4 7
3 0 1 0 58 58 ff 4 7
3 0 0 1 3c 98 ff 3 7
3 0 0 1 e4 e0 ff 2 7
3 0 0 1 4d 1d ff 1 7
3 0 0 1 08 00 ff 0 7
3 0 0 1 ee 00 ff 0 7
3 0 0 1 80 00 ff 0 7
3 0 0 1 31 00 ff 0 7
3 0 1 0 d2 d2 ff 1 7
3 0 1 0 1f 1f ff 2 7
3 0 0 1 96 d2 ff 1 7
3 0 1 0 26 26 ff 2 7
3 0 0 0 10 26 ff 2 7
3 0 0 0 7b 26 ff 2 7
3 0 0 1 0d d2 ff 1 7
3 0 0 1 af 00 ff 0 7
3 0 0 1 bb 00 ff 0 7
3 0 0 0 cf 00 ff 0 7
3 0 1 0 8d 8d ff 1 7
3 0 0 1 2e 00 ff 0 7
3 0 0 1 96 00 ff 0 7
3 0 1 1 c5 c5 ff 1 7
3 0 1 0 36 36 ff 2 7
3 0 1 0 9c 9c ff 3 7
3 0 0 1 b1 36 ff 2 7
3 0 0 1 0c c5 ff 1 7
3 0 0 1 7f 00 ff 0 7
3 0 0 1 e2 00 ff 0 7
3 0 0 1 dd 00 ff 0 7
3 0 1 0 35 35 ff 1 7
3 0 0 1 07 00 ff 0 7
3 0 0 1 cf 00 ff 0 7
3 0 0 1 92 00 ff 0 7
3 0 0 0 83 00 ff 0 7
3 0 1 0 94 94 ff 1 7
3 0 1 0 a6 a6 ff 2 7
3 0 1 0 20 20 ff 3 7
3 0 1 0 ad ad ff 4 7
3 0 1 0 c0 c0 ff 4 7
3 0 1 0 11 11 ff 4 7
3 0 0 1 f9 c0 ff 3 7
3 0 1 0 e7 e7 ff 4 7
3 0 0 1 0b c0 ff 3 7
3 0 1 0 0b 0b ff 4 7
3 0 1 0 25 25 ff 4 7
3 0 0 0 1d 25 ff 4 7
3 0 0 1 80 0b ff 3 7
3 0 0 0 71 0b ff 3 7
3 0 0 0 12 0b ff 3 7
3 0 1 0 09 09 ff 4 7
3 0 0 0 a5 09 ff 4 7
3 0 1 0 db db ff 4 7
3 0 1 0 6c 6c ff 4 7
3 0 0 1 4b db ff 3 7
3 0 1 0 7c 7c ff 4 7
3 0 0 1 42 db ff 3 7
3 0 0 1 75 09 ff 2 7
3 0 1 0 ee ee ff 3 7
3 0 1 0 ff ff ff 4 7
3 0 1 1 a0 a0 ff 4 7
3 0 0 1 b7 ee ff 3 7
3 0 0 0 35 ee ff 3 7
3 0 1 0 76 76 ff 4 7
3 0 0 0 7b 76 ff 4 7
3 0 0 1 01 ee ff 3 7
3 0 0 1 b9 09 ff 2 7
3 0 1 0 d7 d7 ff 3 7
3 0 1 0 b8 b8 ff 4 7
3 0 0 0 4d b8 ff 4 7
3 0 0 0 40 b8 ff 4 7
3 0 0 1 ea d7 ff 3 7
3 0 1 0 6f 6f ff 4 7
3 0 0 0 2e 6f ff 4 7
3 0 0 1 8e d7 ff 3 7
3 0 0 1 de 09 ff 2 7
3 0 0 1 2c 0b ff 1 7
3 0 0 0 27 0b ff 1 7
3 0 0 0 89 0b ff 1 7
3 0 0 1 bf 00 ff 0 7
3 0 0 1 ab 00 ff 0 7
3 0 1 0 a1 a1 ff 1 7
3 0 0 0 16 a1 ff 1 7
3 0 1 0 af af ff 2 7
3 0 0 1 ad a1 ff 1 7
3 0 0 1 49 00 ff 0 7
3 0 0 0 5e 00 ff 0 7
3 0 0 1 fe 00 ff 0 7
3 0 1 0 f8 f8 ff 1 7
3 0 1 0 3d 3d ff 2 7
3 0 1 0 fe fe ff 3 7
3 0 1 0 78 78 ff 4 7
3 0 0 0 7f 78 ff 4 7
3 0 1 0 22 22 ff 4 7
3 0 1 0 de de ff 4 7
3 0 0 0 7a de ff 4 7
3 0 0 1 0c 22 ff 3 7
3 0 1 1 8a 8a ff 3 7
3 0 1 0 68 68 ff 4 7
3 0 0 1 61 8a ff 3 7
3 0 1 0 d1 d1 ff 4 7
3 0 0 1 77 8a ff 3 7
3 0 1 0 77 77 ff 4 7
3 0 0 1 eb 8a ff 3 7
3 0 0 1 29 78 ff 2 7
3 0 0 0 37 78 ff 2 7
3 0 0 1 61 fe ff 1 7
3 0 0 1 6a 00 ff 0 7
3 0 0 1 36 00 ff 0 7
3 0 0 1 70 00 ff 0 7
3 0 1 0 c5 c5 ff 1 7
3 0 1 0 dd dd ff 2 7
3 0 0 1 0c c5 ff 1 7
3 0 1 0 0e 0e ff 2 7
3 0 1 0 5a 5a ff 3 7
3 0 0 1 92 0e ff 2 7
3 0 1 0 63 63 ff 3 7
3 0 0 1 a7 0e ff 2 7
3 0 0 1 af c5 ff 1 7
3 0 0 1 0c 00 ff 0 7
3 0 1 1 1b 1b ff 1 7
3 0 0 1 6c 00 ff 0 7
3 0 0 1 4b 00 ff 0 7
3 0 0 1 da 00 ff 0 7
3 0 1 0 d2 d2 ff 1 7
3 0 0 0 7b d2 ff 1 7
3 0 1 0 59 59 ff 2 7
3 0 1 0 ff ff ff 3 7
3 0 0 1 e2 59 ff 2 7
3 0 1 0 9a 9a ff 3 7
3 0 0 1 c0 59 ff 2 7
3 0 0 1 d5 d2 ff 1 7
3 0 0 0 70 d2 ff 1 7
3 0 0 1 82 00 ff 0 7
3 0 0 1 4d 00 ff 0 7
3 0 0 1 c7 00 ff 0 7
3 0 0 0 e9 00 ff 0 7
3 0 1 0 d6 d6 ff 1 7
3 0 0 0 bb d6 ff 1 7
3 0 0 0 c9 d6 ff 1 7
3 0 0 1 c2 00 ff 0 7
3 0 0 1 a7 00 ff 0 7
3 0 1 0 f6 f6 ff 1 7
3 0 0 1 de 00 ff 0 7
3 0 1 0 30 30 ff 1 7
3 0 0 0 44 30 ff 1 7
3 0 1 0 8d 8d ff 2 7
3 0 0 1 da 30 ff 1 7
3 0 0 1 a7 00 ff 0 7
3 0 0 1 b1 00 ff 0 7
3 0 1 0 ec ec ff 1 7
3 0 1 0 f1 f1 ff 2 7
3 0 0 1 eb ec ff 1 7
3 0 1 0 83 83 ff 2 7
3 0 0 1 4d ec ff 1 7
3 0 0 0 a6 ec ff 1 7
3 0 0 1 c1 00 ff 0 7
3 0 1 0 dd dd ff 1 7
3 0 1 0 90 90 ff 2 7
3 0 0 1 6d dd ff 1 7
3 0 0 0 e6 dd ff 1 7
3 0 1 1 2b 2b ff 1 7
3 0 0 1 38 00 ff 0 7
3 0 1 0 91 91 ff 1 7
3 0 0 1 28 00 ff 0 7
3 0 1 1 6d 6d ff 1 7
3 0 0 0 65 6d ff 1 7
3 0 0 1 e9 00 ff 0 7
3 0 0 1 a0 00 ff 0 7
3 0 1 0 be be ff 1 7
3 0 1 0 ff ff ff 2 7
3 0 1 0 7e 7e ff 3 7
3 0 0 1 9f ff ff 2 7
3 0 0 1 bb be ff 1 7
3 0 1 0 b4 b4 ff 2 7
3 0 0 1 39 be ff 1 7
3 0 0 1 7b 00 ff 0 7
3 0 0 1 7a 00 ff 0 7
3 0 0 1 fe 00 ff 0 7
3 0 0 0 f8 00 ff 0 7
3 0 0 0 fa 00 ff 0 7
3 0 1 1 2a 2a ff 1 7
3 0 0 1 35 00 ff 0 7
3 0 0 1 57 00 ff 0 7
3 0 1 0 f6 f6 ff 1 7
3 0 1 0 20 20 ff 2 7
3 0 0 0 4d 20 ff 2 7
3 0 0 1 66 f6 ff 1 7
3 0 0 1 29 00 ff 0 7
3 0 0 1 1a 00 ff 0 7
3 0 1 0 c7 c7 ff 1 7
3 0 1 0 6a 6a ff 2 7
3 0 0 1 a9 c7 ff 1 7
3 0 1 0 09 09 ff 2 7
3 0 1 0 a1 a1 ff 3 7
3 0 0 0 53 a1 ff 3 7
3 0 0 0 55 a1 ff 3 7
3 0 0 1 51 09 ff 2 7
3 0 0 1 1d c7 ff 1 7
3 0 1 0 ea ea ff 2 7
3 0 1 0 c9 c9 ff 3 7
3 0 0 1 6a ea ff 2 7
3 0 1 1 22 22 ff 2 7
3 0 0 1 47 c7 ff 1 7
3 0 0 1 8b 00 ff 0 7
3 0 1 0 ca ca ff 1 7
3 0 1 0 9e 9e ff 2 7
3 0 1 0 a7 a7 ff 3 7
3 0 1 0 6c 6c ff 4 7
3 0 0 1 7c a7 ff 3 7
3 0 0 1 1c 9e ff 2 7
3 0 1 0 56 56 ff 3 7
3 0 0 1 58 9e ff 2 7
3 0 1 0 ae ae ff 3 7
3 0 0 1 4d 9e ff 2 7
3 0 1 0 0d 0d ff 3 7
3 0 0 0 17 0d ff 3 7
3 0 1 0 4e 4e ff 4 7
3 0 0 1 4e 0d ff 3 7
3 0 0 1 d2 9e ff 2 7
3 0 0 1 0d ca ff 1 7
3 0 1 0 d3 d3 ff 2 7
3 0 0 0 7e d3 ff 2 7
3 0 1 0 0a 0a ff 3 7
3 0 1 0 2e 2e ff 4 7
3 0 1 1 d1 d1 ff 4 7
3 0 0 1 ee 0a ff 3 7
3 0 0 1 78 d3 ff 2 7
3 0 0 1 ad ca ff 1 7
3 0 1 1 3e 3e ff 1 7
3 0 0 1 a2 00 ff 0 7
3 0 0 1 95 00 ff 0 7
3 0 0 1 43 00 ff 0 7
3 0 1 0 14 14 ff 1 7
3 0 0 0 91 14 ff 1 7
3 0 1 0 1c 1c ff 2 7
3 0 0 1 8f 14 ff 1 7
3 0 1 0 d2 d2 ff 2 7
3 0 0 1 27 14 ff 1 7
3 0 0 1 09 00 ff 0 7
3 0 1 0 c7 c7 ff 1 7
3 0 1 0 08 08 ff 2 7
3 0 0 1 88 c7 ff 1 7
3 0 0 1 9c 00 ff 0 7
3 0 0 1 c7 00 ff 0 7
3 0 1 0 cd cd ff 1 7
3 0 0 1 fd 00 ff 0 7
3 0 0 0 34 00 ff 0 7
3 0 0 1 bd 00 ff 0 7
3 0 1 0 c4 c4 ff 1 7
3 0 0 1 a2 00 ff 0 7
3 0 1 0 8f 8f ff 1 7
3 0 1 0 fd fd ff 2 7
3 0 1 1 ed ed ff 2 7
3 0 1 0 cf cf ff 3 7
3 0 0 0 a4 cf ff 3 7
3 0 0 1 e5 ed ff 2 7
3 0 1 1 57 57 ff 2 7
3 0 1 0 0a 0a ff 3 7
3 0 1 1 40 40 ff 3 7
3 0 0 0 f1 40 ff 3 7
3 0 0 1 34 57 ff 2 7
3 0 1 0 58 58 ff 3 7
3 0 0 0 49 58 ff 3 7
3 0 1 0 b0 b0 ff 4 7
3 0 1 0 b4 b4 ff 4 7
3 0 0 0 1a b4 ff 4 7
3 0 1 0 36 36 ff 4 7
3 0 0 0 1e 36 ff 4 7
3 0 0 1 cf b4 ff 3 7
3 0 1 0 8e 8e ff 4 7
3 0 1 0 c7 c7 ff 4 7
3 0 1 0 56 56 ff 4 7
3 0 1 0 cc cc ff 4 7
3 0 1 0 4b 4b ff 4 7
3 0 1 0 36 36 ff 4 7
3 0 0 0 b3 36 ff 4 7
3 0 1 0 24 24 ff 4 7
3 0 1 0 88 88 ff 4 7
3 0 1 0 13 13 ff 4 7
3 0 1 0 56 56 ff 4 7
3 0 1 1 ea ea ff 4 7
3 0 1 0 6e 6e ff 4 7
3 0 0 0 4b 6e ff 4 7
3 0 0 1 2e ea ff 3 7
3 0 0 1 72 13 ff 2 7
3 0 0 1 7f 88 ff 1 7
3 0 0 1 53 00 ff 0 7
3 0 1 0 25 25 ff 1 7
3 0 0 1 d5 00 ff 0 7
3 0 0 1 f0 00 ff 0 7
3 0 1 0 78 78 ff 1 7
3 0 0 0 bf 78 ff 1 7
3 0 0 0 fa 78 ff 1 7
3 0 0 0 75 78 ff 1 7
3 0 0 1 a1 00 ff 0 7
3 0 1 0 a3 a3 ff 1 7
3 0 0 0 b2 a3 ff 1 7
3 0 0 1 05 00 ff 0 7
3 0 1 0 eb eb ff 1 7
3 0 1 0 f3 f3 ff 2 7
3 0 1 1 ec ec ff 2 7
3 0 1 1 d0 d0 ff 2 7
3 0 1 0 f1 f1 ff 3 7
3 0 1 0 8d 8d ff 4 7
3 0 0 1 b0 f1 ff 3 7
3 0 1 0 72 72 ff 4 7
3 0 1 0 03 03 ff 4 7
3 0 0 1 3d 72 ff 3 7
3 0 0 1 15 f1 ff 2 7
3 0 0 1 c2 d0 ff 1 7
3 0 0 1 b5 00 ff 0 7
3 0 0 0 df 00 ff 0 7
3 0 1 0 93 93 ff 1 7
3 0 0 0 df 93 ff 1 7
3 0 0 0 fa 93 ff 1 7
3 0 0 1 7a 00 ff 0 7
3 0 0 1 c7 00 ff 0 7
3 0 0 1 64 00 ff 0 7
3 0 0 1 e7 00 ff 0 7
3 0 1 0 8f 8f ff 1 7
3 0 1 1 cc cc ff 1 7
3 0 0 1 ff 00 ff 0 7
3 0 1 0 1a 1a ff 1 7
3 0 1 0 c8 c8 ff 2 7
3 0 1 0 dd dd ff 3 7
3 0 1 0 12 12 ff 4 7
3 0 1 0 c8 c8 ff 4 7
3 0 1 0 21 21 ff 4 7
3 0 0 1 c5 c8 ff 3 7
3 0 1 0 b7 b7 ff 4 7
3 0 1 1 73 73 ff 4 7
3 0 1 0 10 10 ff 4 7
3 0 1 0 4a 4a ff 4 7
3 0 0 1 d8 10 ff 3 7
3 0 0 1 d5 73 ff 2 7
3 0 1 0 5c 5c ff 3 7
3 0 0 1 05 73 ff 2 7
3 0 0 1 57 c8 ff 1 7
3 0 0 1 82 00 ff 0 7
3 0 1 0 bb bb ff 1 7
3 0 0 1 91 00 ff 0 7
3 0 1 0 d0 d0 ff 1 7
3 0 0 0 ff d0 ff 1 7
3 0 0 1 38 00 ff 0 7
3 0 1 0 30 30 ff 1 7
3 0 1 0 07 07 ff 2 7
3 0 0 1 5c 30 ff 1 7
3 0 0 1 bd 00 ff 0 7
3 0 0 1 79 00 ff 0 7
3 0 1 1 66 66 ff 1 7
3 0 0 0 8c 66 ff 1 7
3 0 1 0 75 75 ff 2 7
3 0 1 0 1e 1e ff 3 7
3 0 0 1 73 75 ff 2 7
3 0 0 1 12 66 ff 1 7
3 0 0 1 d1 00 ff 0 7
3 0 0 1 71 00 ff 0 7
3 0 0 1 96 00 ff 0 7
3 0 1 0 48 48 ff 1 7
3 0 0 1 b3 00 ff 0 7
3 0 0 1 f7 00 ff 0 7
3 0 0 1 76 00 ff 0 7
3 0 0 1 62 00 ff 0 7
3 0 1 0 55 55 ff 1 7
3 0 0 1 97 00 ff 0 7
3 0 0 0 75 00 ff 0 7
3 0 0 1 99 00 ff 0 7
3 0 1 0 04 04 ff 1 7
3 0 0 0 00 04 ff 1 7
3 0 1 0 a3 a3 ff 2 7
3 0 0 1 d8 04 ff 1 7
3 0 1 0 24 24 ff 2 7
3 0 0 0 2a 24 ff 2 7
3 0 1 0 14 14 ff 3 7
3 0 0 1 c3 24 ff 2 7
3 0 1 0 e1 e1 ff 3 7
3 0 1 1 e0 e0 ff 3 7
3 0 0 0 de e0 ff 3 7
3 0 0 1 57 24 ff 2 7
3 0 0 1 b1 04 ff 1 7
3 0 0 1 9f 00 ff 0 7
3 0 1 0 85 85 ff 1 7
3 0 1 0 c8 c8 ff 2 7
3 0 0 1 58 85 ff 1 7
3 0 1 0 d1 d1 ff 2 7
3 0 0 1 bc 85 ff 1 7
3 0 0 1 23 00 ff 0 7
3 0 1 1 2c 2c ff 1 7
3 0 0 1 b3 00 ff 0 7
3 0 0 1 32 00 ff 0 7
3 0 1 0 1a 1a ff 1 7
3 0 0 0 9e 1a ff 1 7
3 0 0 1 94 00 ff 0 7
3 0 0 0 91 00 ff 0 7
3 0 0 0 f3 00 ff 0 7
3 0 1 1 ed ed ff 1 7
3 0 1 0 8f 8f ff 2 7
3 0 1 0 07 07 ff 3 7
3 0 0 0 ee 07 ff 3 7
3 0 0 0 b7 07 ff 3 7
3 0 1 0 57 57 ff 4 7
3 0 0 0 73 57 ff 4 7
3 0 1 0 1d 1d ff 4 7
3 0 0 1 fd 57 ff 3 7
3 0 0 0 68 57 ff 3 7
3 0 1 0 68 68 ff 4 7
3 0 1 0 9d 9d ff 4 7
3 0 1 0 73 73 ff 4 7
3 0 1 0 87 87 ff 4 7
3 0 0 1 26 73 ff 3 7
3 0 1 0 d0 d0 ff 4 7
3 0 1 0 ce ce ff 4 7
3 0 0 1 db d0 ff 3 7
3 0 1 0 3f 3f ff 4 7
3 0 0 1 23 d0 ff 3 7
3 0 0 0 49 d0 ff 3 7
3 0 0 1 c8 73 ff 2 7
3 0 1 0 a4 a4 ff 3 7
3 0 0 1 4a 73 ff 2 7
3 0 0 1 de 9d ff 1 7
3 0 0 1 a4 00 ff 0 7
3 0 0 1 92 00 ff 0 7
3 0 1 0 54 54 ff 1 7
3 0 0 1 79 00 ff 0 7
3 0 0 1 c7 00 ff 0 7
3 0 0 1 a4 00 ff 0 7
3 0 0 1 7e 00 ff 0 7
3 0 0 1 6b 00 ff 0 7
3 0 0 1 0a 00 ff 0 7
3 0 1 0 dc dc ff 1 7
3 0 0 0 fa dc ff 1 7
3 0 0 0 f7 dc ff 1 7
3 0 1 0 26 26 ff 2 7
3 0 0 1 54 dc ff 1 7
3 0 1 0 ae ae ff 2 7
3 0 0 1 1e dc ff 1 7
3 0 1 0 ee ee ff 2 7
3 0 0 1 c4 dc ff 1 7
3 0 1 0 cc cc ff 2 7
3 0 0 1 ad dc ff 1 7
3 0 0 1 fb 00 ff 0 7
3 0 1 0 0f 0f ff 1 7
3 0 1 0 62 62 ff 2 7
3 0 0 0 68 62 ff 2 7
3 0 1 0 99 99 ff 3 7
3 0 0 1 34 62 ff 2 7
3 0 0 1 88 0f ff 1 7
3 0 0 1 57 00 ff 0 7
3 0 0 1 4d 00 ff 0 7
3 0 0 0 c8 00 ff 0 7
3 0 0 0 77 00 ff 0 7
3 0 1 0 2f 2f ff 1 7
3 0 0 0 cf 2f ff 1 7
3 0 0 1 6c 00 ff 0 7
3 0 0 0 cd 00 ff 0 7
3 0 1 0 6f 6f ff 1 7
3 0 0 1 71 00 ff 0 7
3 0 0 0 9b 00 ff 0 7
3 0 0 1 03 00 ff 0 7
3 0 0 1 95 00 ff 0 7
3 0 1 0 06 06 ff 1 7
3 0 1 0 05 05 ff 2 7
3 0 1 0 ca ca ff 3 7
3 0 1 0 89 89 ff 4 7
3 0 1 0 0d 0d ff 4 7
3 0 0 1 05 89 ff 3 7
3 0 0 0 79 89 ff 3 7
3 0 0 1 fc ca ff 2 7
3 0 1 0 e0 e0 ff 3 7
3 0 0 1 1e ca ff 2 7
3 0 0 0 0d ca ff 2 7
3 0 0 0 de ca ff 2 7
3 0 0 1 91 05 ff 1 7
3 0 1 0 3a 3a ff 2 7
3 0 0 0 99 3a ff 2 7
3 0 1 0 e6 e6 ff 3 7
3 0 0 1 94 3a ff 2 7
3 0 1 0 85 85 ff 3 7
3 0 0 1 f9 3a ff 2 7
3 0 1 1 42 42 ff 2 7
3 0 0 1 ad 05 ff 1 7
3 0 0 0 e9 05 ff 1 7
3 0 0 1 46 00 ff 0 7
3 0 0 1 19 00 ff 0 7
3 0 0 0 81 00 ff 0 7
3 0 1 0 34 34 ff 1 7
3 0 1 0 d7 d7 ff 2 7
3 0 0 1 29 34 ff 1 7
3 0 1 0 a5 a5 ff 2 7
3 0 1 0 26 26 ff 3 7
3 0 0 1 d6 a5 ff 2 7
3 0 0 0 38 a5 ff 2 7
3 0 1 0 dd dd ff 3 7
3 0 1 0 74 74 ff 4 7
3 0 1 0 b7 b7 ff 4 7
3 0 1 0 e5 e5 ff 4 7
3 0 0 1 52 b7 ff 3 7
3 0 0 1 47 74 ff 2 7
3 0 0 0 b6 74 ff 2 7
3 0 0 1 1b dd ff 1 7
3 0 0 1 d9 00 ff 0 7
3 0 0 0 af 00 ff 0 7
3 0 1 0 fb fb ff 1 7
3 0 0 1 e2 00 ff 0 7
3 0 0 1 c0 00 ff 0 7
3 0 1 1 76 76 ff 1 7
3 0 0 1 ed 00 ff 0 7
3 0 0 1 2e 00 ff 0 7
3 0 0 0 87 00 ff 0 7
3 0 1 0 a5 a5 ff 1 7
3 0 0 0 99 a5 ff 1 7
3 0 0 1 b8 00 ff 0 7
3 0 0 1 dc 00 ff 0 7
3 0 0 1 00 00 ff 0 7
3 0 1 1 1b 1b ff 1 7
3 0 0 1 b6 00 ff 0 7
3 0 1 0 12 12 ff 1 7
3 0 1 0 dc dc ff 2 7
3 0 1 0 8f 8f ff 3 7
3 0 0 1 62 dc ff 2 7
3 0 1 0 fe fe ff 3 7
3 0 1 0 ec ec ff 4 7
3 0 1 0 7a 7a ff 4 7
3 0 1 0 7f 7f ff 4 7
3 0 0 1 80 7a ff 3 7
3 0 0 1 3a ec ff 2 7
3 0 0 1 b4 fe ff 1 7
3 0 1 0 88 88 ff 2 7
3 0 0 0 7f 88 ff 2 7
3 0 0 0 68 88 ff 2 7
3 0 0 1 4e fe ff 1 7
3 0 1 0 e7 e7 ff 2 7
3 0 1 0 53 53 ff 3 7
3 0 1 1 fb fb ff 3 7
3 0 1 0 b9 b9 ff 4 7
3 0 0 1 ca fb ff 3 7
3 0 0 1 7b e7 ff 2 7
3 0 1 0 0e 0e ff 3 7
3 0 0 0 87 0e ff 3 7
3 0 0 1 a2 e7 ff 2 7
3 0 0 1 f1 fe ff 1 7
3 0 0 0 7a fe ff 1 7
3 0 1 0 1f 1f ff 2 7
3 0 0 0 07 1f ff 2 7
3 0 0 1 67 fe ff 1 7
3 0 1 0 9c 9c ff 2 7
3 0 1 0 54 54 ff 3 7
3 0 1 0 fd fd ff 4 7
3 0 0 0 04 fd ff 4 7
3 0 0 1 be 54 ff 3 7
3 0 0 0 f9 54 ff 3 7
3 0 0 1 33 9c ff 2 7
3 0 1 0 34 34 ff 3 7
3 0 1 0 61 61 ff 4 7
3 0 0 0 66 61 ff 4 7
3 0 0 1 d0 34 ff 3 7
3 0 0 1 4a 9c ff 2 7
3 0 1 0 d4 d4 ff 3 7
3 0 0 1 bc 9c ff 2 7
3 0 1 1 7c 7c ff 2 7
3 0 1 1 c8 c8 ff 2 7
3 0 1 0 bc bc ff 3 7
3 0 1 0 1e 1e ff 4 7
3 0 1 0 8b 8b ff 4 7
3 0 0 0 05 8b ff 4 7
3 0 0 1 8c 1e ff 3 7
3 0 0 1 0a bc ff 2 7
3 0 1 0 ea ea ff 3 7
3 0 1 0 cf cf ff 4 7
3 0 1 0 b6 b6 ff 4 7
3 0 0 1 a8 cf ff 3 7
3 0 0 1 09 ea ff 2 7
3 0 1 1 a6 a6 ff 2 7
3 0 1 0 0f 0f ff 3 7
3 0 1 0 ab ab ff 4 7
3 0 0 1 e4 0f ff 3 7
3 0 1 0 f5 f5 ff 4 7
3 0 1 0 5d 5d ff 4 7
3 0 1 0 8b 8b ff 4 7
3 0 1 0 6f 6f ff 4 7
3 0 0 1 ad 8b ff 3 7
3 0 0 1 c8 5d ff 2 7
3 0 1 0 00 00 ff 3 7
3 0 0 0 18 00 ff 3 7
3 0 0 1 5e 5d ff 2 7
3 0 0 1 21 f5 ff 1 7
3 0 0 0 24 f5 ff 1 7
3 0 0 1 c6 00 ff 0 7
3 0 0 1 0e 00 ff 0 7
3 0 1 0 78 78 ff 1 7
3 0 0 0 f0 78 ff 1 7
3 0 0 1 b6 00 ff 0 7
3 0 0 1 c7 00 ff 0 7
3 0 1 0 96 96 ff 1 7
3 0 1 0 c8 c8 ff 2 7
3 0 0 0 ae c8 ff 2 7
3 0 1 0 ed ed ff 3 7
3 0 0 1 b7 c8 ff 2 7
3 0 0 0 17 c8 ff 2 7
3 0 1 0 73 73 ff 3 7
3 0 1 0 ed ed ff 4 7
3 0 0 1 b0 73 ff 3 7
3 0 0 1 05 c8 ff 2 7
3 0 1 0 fb fb ff 3 7
3 0 0 0 19 fb ff 3 7
3 0 1 0 53 53 ff 4 7
3 0 1 0 2b 2b ff 4 7
3 0 1 0 0c 0c ff 4 7
3 0 0 1 20 2b ff 3 7
3 0 0 1 f8 53 ff 2 7
3 0 0 1 7d fb ff 1 7
3 0 1 1 10 10 ff 1 7
3 0 1 0 cb cb ff 2 7
3 0 1 0 33 33 ff 3 7
3 0 0 1 75 cb ff 2 7
3 0 0 1 81 10 ff 1 7
3 0 0 1 1f 00 ff 0 7
3 0 1 0 cf cf ff 1 7
3 0 1 0 0b 0b ff 2 7
3 0 0 0 19 0b ff 2 7
3 0 1 1 99 99 ff 2 7
3 0 0 1 82 cf ff 1 7
3 0 0 1 ff 00 ff 0 7
3 0 0 1 6f 00 ff 0 7
3 0 1 0 eb eb ff 1 7
3 0 0 1 ce 00 ff 0 7
3 0 0 1 ec 00 ff 0 7
3 0 1 0 9b 9b ff 1 7
3 0 0 0 44 9b ff 1 7
3 0 0 1 db 00 ff 0 7
3 0 0 1 31 00 ff 0 7
3 0 1 0 2e 2e ff 1 7
3 0 0 1 03 00 ff 0 7
3 0 1 0 1c 1c ff 1 7
3 0 1 0 90 90 ff 2 7
3 0 0 1 d3 1c ff 1 7
3 0 1 0 0d 0d ff 2 7
3 0 0 1 66 1c ff 1 7
3 0 0 0 cd 1c ff 1 7
3 0 0 0 f9 1c ff 1 7
3 0 0 1 2c 00 ff 0 7
3 0 1 0 45 45 ff 1 7
3 0 1 0 01 01 ff 2 7
3 0 0 1 0e 45 ff 1 7
3 0 1 0 03 03 ff 2 7
3 0 0 1 d7 45 ff 1 7
3 0 0 1 c3 00 ff 0 7
3 0 0 1 fe 00 ff 0 7
3 0 0 1 66 00 ff 0 7
3 0 1 0 9b 9b ff 1 7
3 0 1 0 a4 a4 ff 2 7
3 0 1 0 f2 f2 ff 3 7
3 0 0 1 47 a4 ff 2 7
3 0 0 0 dc a4 ff 2 7
3 0 1 1 91 91 ff 2 7
3 0 0 1 af 9b ff 1 7
3 0 0 0 11 9b ff 1 7
3 0 0 0 4a 9b ff 1 7
3 0 0 0 e6 9b ff 1 7
3 0 0 0 0d 9b ff 1 7
3 0 0 1 12 00 ff 0 7
3 0 0 1 29 00 ff 0 7
3 0 0 0 85 00 ff 0 7
3 0 1 0 7c 7c ff 1 7
3 0 1 0 3b 3b ff 2 7
3 0 1 0 84 84 ff 3 7
3 0 0 1 7a 3b ff 2 7
3 0 0 1 0c 7c ff 1 7
3 0 0 1 0e 00 ff 0 7
3 0 0 1 7e 00 ff 0 7
3 0 1 0 8b 8b ff 1 7
3 0 1 0 55 55 ff 2 7
3 0 0 0 2f 55 ff 2 7
3 0 1 0 6b 6b ff 3 7
3 0 1 0 72 72 ff 4 7
3 0 0 1 20 6b ff 3 7
3 0 0 0 2f 6b ff 3 7
3 0 0 1 36 55 ff 2 7
3 0 1 0 eb eb ff 3 7
3 0 1 0 32 32 ff 4 7
3 0 0 1 af eb ff 3 7
3 0 0 1 76 55 ff 2 7
3 0 0 1 b8 8b ff 1 7
3 0 0 1 c9 00 ff 0 7
3 0 0 0 11 00 ff 0 7
3 0 1 0 04 04 ff 1 7
3 0 1 0 76 76 ff 2 7
3 0 1 0 20 20 ff 3 7
3 0 1 0 bf bf ff 4 7
3 0 1 0 f9 f9 ff 4 7
3 1 1 0 87 00 ff 0 7
3 0 1 0 ff ff ff 1 7
3 0 1 1 e3 e3 ff 1 7
3 0 1 1 0e 0e ff 1 7
3 0 0 1 a9 00 ff 0 7
3 0 0 1 a1 00 ff 0 7
3 0 1 0 17 17 ff 1 7
3 0 1 0 ea ea ff 2 7
3 0 0 1 05 17 ff 1 7
3 0 0 0 08 17 ff 1 7
3 0 1 0 73 73 ff 2 7
3 0 0 1 6b 17 ff 1 7
