0 1 0 0 0 1 0 1 0000 ffff
0 0 0 0 0 1 0 1 0001 ffff
0 0 1 0 1 1 0 1 0002 ffff
0 0 1 0 1 1 1 1 0002 ffff
0 0 1 0 1 1 1 1 0002 ffff
1 0 0 0 1 1 1 1 0002 ffff
1 0 0 0 1 1 1 1 0002 ffff
1 0 1 0 1 1 1 1 0002 ffff
1 0 0 0 1 1 1 1 0002 ffff
1 0 0 0 1 1 1 1 0002 ffff
1 0 0 0 0 1 0 1 0002 ffff
1 0 0 0 0 1 0 1 0003 ffff
2 0 0 1 1 1 0 1 0004 ffff
2 0 0 1 1 1 1 1 0004 ffff
2 0 0 1 1 1 1 1 0004 ffff
2 0 0 1 1 1 1 1 0004 ffff
2 0 0 1 1 1 1 1 0004 ffff
2 0 0 1 1 1 1 1 0004 ffff
2 0 0 1 1 1 1 1 0004 ffff
2 0 0 1 1 1 1 1 0004 ffff
2 0 0 1 1 1 1 1 0004 ffff
2 0 0 0 1 1 1 1 0004 ffff
2 0 0 0 1 1 1 1 0004 ffff
2 0 0 0 0 1 0 1 0004 ffff
2 0 0 0 0 1 0 1 0005 ffff
3 0 0 0 0 1 0 1 0006 ffff
3 0 0 0 0 1 0 1 0007 ffff
3 0 0 0 0 1 0 1 0008 ffff
3 0 1 0 1 1 0 1 0009 ffff
3 0 1 0 1 1 1 1 0009 ffff
3 0 1 0 1 1 1 1 0009 ffff
3 0 1 0 1 1 1 1 0009 ffff
3 0 0 0 1 1 1 1 0009 ffff
3 0 0 0 1 1 1 1 0009 ffff
3 0 1 0 1 1 1 1 0009 ffff
3 0 1 0 1 1 1 1 0009 ffff
3 0 0 0 1 1 1 1 0009 ffff
3 0 0 0 1 1 1 1 0009 ffff
3 0 0 0 0 1 0 1 0009 ffff
3 0 1 0 1 1 0 1 000a ffff
3 0 0 0 1 1 1 1 000a ffff
3 0 0 0 1 1 1 1 000a ffff
3 0 0 0 1 1 1 1 000a ffff
3 0 0 0 0 1 0 1 000a ffff
3 0 0 0 0 1 0 1 000b ffff
3 0 0 0 0 1 0 1 000c ffff
3 0 0 0 0 1 0 1 000d ffff
3 0 0 0 0 1 0 1 000e ffff
3 0 0 0 0 1 0 1 000f ffff
3 0 1 0 1 1 0 1 0010 ffff
3 0 0 0 1 1 1 1 0010 ffff
3 0 0 0 1 1 1 1 0010 ffff
3 0 1 0 1 1 1 1 0010 ffff
3 0 0 0 1 1 1 1 0010 ffff
3 0 0 0 1 1 1 1 0010 ffff
3 0 0 0 0 1 0 1 0010 ffff
3 0 0 0 0 1 0 1 0011 ffff
3 0 0 0 0 1 0 1 0012 ffff
3 0 0 0 0 1 0 1 0013 ffff
3 0 0 0 0 1 0 1 0014 ffff
3 0 0 0 0 1 0 1 0015 ffff
3 0 0 0 0 1 0 1 0016 ffff
3 0 1 0 1 1 0 1 0017 ffff
3 0 0 0 1 1 1 1 0017 ffff
3 0 0 0 1 1 1 1 0017 ffff
3 0 0 0 1 1 1 1 0017 ffff
3 0 1 0 1 1 1 1 0017 ffff
3 0 1 0 1 1 1 1 0017 ffff
3 0 0 0 1 1 1 1 0017 ffff
3 0 0 0 1 1 1 1 0017 ffff
3 0 0 0 0 1 0 1 0017 ffff
3 0 0 0 0 1 0 1 0018 ffff
3 0 0 0 0 1 0 1 0019 ffff
3 0 1 0 1 1 0 1 001a ffff
3 0 1 0 1 1 1 1 001a ffff
3 0 1 0 1 1 1 1 001a ffff
3 0 0 1 1 1 1 1 001a ffff
3 0 0 0 1 1 1 1 001a ffff
3 0 0 0 1 1 1 1 001a ffff
3 0 0 0 0 1 0 1 001a ffff
3 0 0 0 0 1 0 1 001b ffff
3 0 1 0 1 1 0 1 001c ffff
3 0 1 0 1 1 1 1 001c ffff
3 0 0 0 1 1 1 1 001c ffff
3 0 1 0 1 1 1 1 001c ffff
3 0 0 0 1 1 1 1 001c ffff
3 0 1 0 1 1 1 1 001c ffff
3 0 1 0 1 1 1 1 001c ffff
3 0 1 0 1 1 1 1 001c ffff
3 0 0 0 1 1 1 1 001c ffff
3 0 0 0 1 1 1 1 001c ffff
3 0 0 0 0 1 0 1 001c ffff
3 0 1 0 1 1 0 1 001d ffff
3 0 1 0 1 1 1 1 001d ffff
3 0 0 0 1 1 1 1 001d ffff
3 0 1 0 1 1 1 1 001d ffff
3 0 1 0 1 1 1 1 001d ffff
3 0 0 0 1 1 1 1 001d ffff
3 0 1 0 1 1 1 1 001d ffff
3 0 0 0 1 1 1 1 001d ffff
3 0 1 0 1 1 1 1 001d ffff
3 0 0 0 1 1 1 1 001d ffff
3 0 1 0 1 1 1 1 001d ffff
3 0 1 0 1 1 1 1 001d ffff
3 0 1 0 1 1 1 1 001d ffff
3 0 1 0 1 1 1 1 001d ffff
3 0 0 0 1 1 1 1 001d ffff
3 0 0 0 1 1 1 1 001d ffff
3 0 1 0 1 1 1 1 001d ffff
3 0 1 0 1 1 1 1 001d ffff
3 0 0 0 1 1 1 1 001d ffff
3 0 0 0 1 1 1 1 001d ffff
3 0 0 0 0 1 0 1 001d ffff
3 0 0 1 1 1 0 1 001e ffff
3 0 0 0 1 1 1 1 001e ffff
3 0 1 0 1 1 1 1 001e ffff
3 0 0 0 1 1 1 1 001e ffff
3 0 0 0 1 1 1 1 001e ffff
3 0 1 0 1 1 1 1 001e ffff
3 0 0 0 1 1 1 1 001e ffff
3 0 0 0 1 1 1 1 001e ffff
3 0 0 0 0 1 0 1 001e ffff
3 0 1 0 1 1 0 1 001f ffff
3 0 0 0 1 1 1 1 001f ffff
3 0 1 0 1 1 1 1 001f ffff
3 0 0 0 1 1 1 1 001f ffff
3 0 0 0 1 1 1 1 001f ffff
3 0 0 0 0 1 0 1 001f ffff
3 0 1 0 1 1 0 1 0020 ffff
3 0 0 0 1 1 1 1 0020 ffff
3 0 1 0 1 1 1 1 0020 ffff
3 0 1 0 1 1 1 1 0020 ffff
3 0 0 0 1 1 1 1 0020 ffff
3 0 0 0 1 1 1 1 0020 ffff
3 0 0 0 0 1 0 1 0020 ffff
3 0 0 0 0 1 0 1 0021 ffff
3 0 1 0 1 1 0 1 0022 ffff
3 0 0 0 1 1 1 1 0022 ffff
3 0 1 0 1 1 1 1 0022 ffff
3 0 0 0 1 1 1 1 0022 ffff
3 0 0 0 1 1 1 1 0022 ffff
3 0 1 0 1 1 1 1 0022 ffff
3 0 0 0 1 1 1 1 0022 ffff
3 0 1 0 1 1 1 1 0022 ffff
3 0 0 0 1 1 1 1 0022 ffff
3 0 0 0 1 1 1 1 0022 ffff
3 0 0 0 0 1 0 1 0022 ffff
3 0 0 0 0 1 0 1 0023 ffff
3 0 0 0 0 1 0 1 0024 ffff
3 0 0 0 0 1 0 1 0025 ffff
3 0 1 0 1 1 0 1 0026 ffff
3 0 0 0 1 1 1 1 0026 ffff
3 0 0 0 1 1 1 1 0026 ffff
3 0 1 0 1 1 1 1 0026 ffff
3 0 0 0 1 1 1 1 0026 ffff
3 0 0 0 1 1 1 1 0026 ffff
3 0 0 0 0 1 0 1 0026 ffff
3 0 1 0 1 1 0 1 0027 ffff
3 0 0 0 1 1 1 1 0027 ffff
3 0 0 0 1 1 1 1 0027 ffff
3 0 0 0 1 1 1 1 0027 ffff
3 0 0 0 0 1 0 1 0027 ffff
3 0 1 0 1 1 0 1 0028 ffff
3 0 0 0 1 1 1 1 0028 ffff
3 0 1 0 1 1 1 1 0028 ffff
3 0 0 0 1 1 1 1 0028 ffff
3 0 0 0 1 1 1 1 0028 ffff
3 0 0 0 0 1 0 1 0028 ffff
3 0 0 0 0 1 0 1 0029 ffff
3 0 0 0 0 1 0 1 002a ffff
3 0 0 0 0 1 0 1 002b ffff
3 0 0 0 0 1 0 1 002c ffff
3 0 0 0 0 1 0 1 002d ffff
3 0 0 0 0 1 0 1 002e ffff
3 0 0 0 0 1 0 1 002f ffff
3 0 0 0 0 1 0 1 0030 ffff
3 0 0 0 0 1 0 1 0031 ffff
3 0 1 0 1 1 0 1 0032 ffff
3 0 0 0 1 1 1 1 0032 ffff
3 0 0 0 1 1 1 1 0032 ffff
3 0 1 0 1 1 1 1 0032 ffff
3 0 0 0 1 1 1 1 0032 ffff
3 0 1 0 1 1 1 1 0032 ffff
3 0 1 0 1 1 1 1 0032 ffff
3 0 0 0 1 1 1 1 0032 ffff
3 0 0 0 1 1 1 1 0032 ffff
3 0 0 0 0 1 0 1 0032 ffff
3 0 0 0 0 1 0 1 0033 ffff
3 0 0 0 0 1 0 1 0034 ffff
3 0 0 0 0 1 0 1 0035 ffff
3 0 0 0 0 1 0 1 0036 ffff
3 0 0 0 0 1 0 1 0037 ffff
3 0 0 0 0 1 0 1 0038 ffff
3 0 0 0 0 1 0 1 0039 ffff
3 0 0 0 0 1 0 1 003a ffff
3 0 0 0 0 1 0 1 003b ffff
3 0 0 0 0 1 0 1 003c ffff
3 0 0 0 0 1 0 1 003d ffff
3 0 0 0 0 1 0 1 003e ffff
3 0 1 0 1 1 0 1 003f ffff
3 0 1 0 1 1 1 1 003f ffff
3 0 0 0 1 1 1 1 003f ffff
3 0 0 0 1 1 1 1 003f ffff
3 0 0 0 0 1 0 1 003f ffff
3 0 1 0 1 1 0 1 0040 ffff
3 0 1 0 1 1 1 1 0040 ffff
3 0 0 0 1 1 1 1 0040 ffff
3 0 0 0 1 1 1 1 0040 ffff
3 0 0 0 0 1 0 1 0040 ffff
3 0 0 0 0 1 0 1 0041 ffff
3 0 0 0 0 1 0 1 0042 ffff
3 0 1 0 1 1 0 1 0043 ffff
3 0 0 0 1 1 1 1 0043 ffff
3 0 1 0 1 1 1 1 0043 ffff
3 0 0 0 1 1 1 1 0043 ffff
3 0 0 0 1 1 1 1 0043 ffff
3 0 0 0 0 1 0 1 0043 ffff
3 0 0 0 0 1 0 1 0044 ffff
3 0 0 0 0 1 0 1 0045 ffff
3 0 1 0 1 1 0 1 0046 ffff
3 0 0 0 1 1 1 1 0046 ffff
3 0 1 0 1 1 1 1 0046 ffff
3 0 0 0 1 1 1 1 0046 ffff
3 0 0 0 1 1 1 1 0046 ffff
3 0 0 0 0 1 0 1 0046 ffff
3 0 0 0 0 1 0 1 0047 ffff
3 0 0 0 0 1 0 1 0048 ffff
3 0 0 0 0 1 0 1 0049 ffff
3 0 0 0 0 1 0 1 004a ffff
3 0 0 0 0 1 0 1 004b ffff
3 0 0 0 0 1 0 1 004c ffff
3 0 0 0 0 1 0 1 004d ffff
3 0 1 0 1 1 0 1 004e ffff
3 0 0 0 1 1 1 1 004e ffff
3 0 1 0 1 1 1 1 004e ffff
3 0 1 0 1 1 1 1 004e ffff
3 0 1 0 1 1 1 1 004e ffff
3 0 0 0 1 1 1 1 004e ffff
3 0 0 0 1 1 1 1 004e ffff
3 0 0 0 0 1 0 1 004e ffff
3 0 0 0 0 1 0 1 004f ffff
3 0 0 0 0 1 0 1 0050 ffff
3 0 0 0 0 1 0 1 0051 ffff
3 0 1 0 1 1 0 1 0052 ffff
3 0 0 0 1 1 1 1 0052 ffff
3 0 0 0 1 1 1 1 0052 ffff
3 0 1 0 1 1 1 1 0052 ffff
3 0 1 0 1 1 1 1 0052 ffff
3 0 0 0 1 1 1 1 0052 ffff
3 0 0 0 1 1 1 1 0052 ffff
3 0 0 0 0 1 0 1 0052 ffff
3 0 0 0 0 1 0 1 0053 ffff
3 0 1 0 1 1 0 1 0054 ffff
3 0 1 0 1 1 1 1 0054 ffff
3 0 0 0 1 1 1 1 0054 ffff
3 0 1 0 1 1 1 1 0054 ffff
3 0 0 0 1 1 1 1 0054 ffff
3 0 1 0 1 1 1 1 0054 ffff
3 0 0 0 1 1 1 1 0054 ffff
3 0 1 0 1 1 1 1 0054 ffff
3 0 0 0 1 1 1 1 0054 ffff
3 0 1 0 1 1 1 1 0054 ffff
3 0 0 0 1 1 1 1 0054 ffff
3 0 0 0 1 1 1 1 0054 ffff
3 0 0 0 0 1 0 1 0054 ffff
3 0 0 0 0 1 0 1 0055 ffff
3 0 0 0 0 1 0 1 0056 ffff
3 0 1 0 1 1 0 1 0057 ffff
3 1 0 0 0 1 0 1 0000 ffff
3 0 1 1 1 1 0 1 0001 ffff
3 0 0 0 1 1 1 1 0001 ffff
3 0 1 0 1 1 1 1 0001 ffff
3 0 1 0 1 1 1 1 0001 ffff
3 0 0 0 1 1 1 1 0001 ffff
3 0 0 0 1 1 1 1 0001 ffff
3 0 0 0 0 1 0 1 0001 ffff
3 0 0 0 0 1 0 1 0002 ffff
3 0 0 0 0 1 0 1 0003 ffff
3 0 0 0 0 1 0 1 0004 ffff
3 0 0 0 0 1 0 1 0005 ffff
3 0 0 1 1 1 0 1 0006 ffff
3 0 1 0 1 1 1 1 0006 ffff
3 0 0 0 1 1 1 1 0006 ffff
3 0 0 0 1 1 1 1 0006 ffff
3 0 1 0 1 1 1 1 0006 ffff
3 0 0 0 1 1 1 1 0006 ffff
3 0 0 0 1 1 1 1 0006 ffff
3 0 0 0 0 1 0 1 0006 ffff
3 0 0 0 0 1 0 1 0007 ffff
3 0 0 0 0 1 0 1 0008 ffff
3 0 0 0 0 1 0 1 0009 ffff
3 0 0 0 0 1 0 1 000a ffff
3 0 0 0 0 1 0 1 000b ffff
3 0 1 0 1 1 0 1 000c ffff
3 0 1 0 1 1 1 1 000c ffff
3 0 0 0 1 1 1 1 000c ffff
3 0 0 0 1 1 1 1 000c ffff
3 0 0 0 0 1 0 1 000c ffff
3 0 1 0 1 1 0 1 000d ffff
3 0 1 0 1 1 1 1 000d ffff
3 0 0 1 1 1 1 1 000d ffff
3 0 0 0 1 1 1 1 000d ffff
3 0 0 0 1 1 1 1 000d ffff
3 0 0 0 0 1 0 1 000d ffff
3 0 1 0 1 1 0 1 000e ffff
3 0 0 1 1 1 1 1 000e ffff
3 0 0 0 1 1 1 1 000e ffff
3 0 0 0 1 1 1 1 000e ffff
3 0 1 0 1 1 1 1 000e ffff
3 0 0 0 1 1 1 1 000e ffff
3 0 0 0 1 1 1 1 000e ffff
3 0 0 0 0 1 0 1 000e ffff
3 0 0 0 0 1 0 1 000f ffff
3 0 1 0 1 1 0 1 0010 ffff
3 0 1 0 1 1 1 1 0010 ffff
3 0 1 0 1 1 1 1 0010 ffff
3 0 0 0 1 1 1 1 0010 ffff
3 0 0 0 1 1 1 1 0010 ffff
3 0 0 0 0 1 0 1 0010 ffff
3 0 0 0 0 1 0 1 0011 ffff
3 0 0 0 0 1 0 1 0012 ffff
3 0 0 0 0 1 0 1 0013 ffff
3 0 1 0 1 1 0 1 0014 ffff
3 0 0 0 1 1 1 1 0014 ffff
3 0 0 0 1 1 1 1 0014 ffff
3 0 0 0 1 1 1 1 0014 ffff
3 0 1 0 1 1 1 1 0014 ffff
3 0 0 0 1 1 1 1 0014 ffff
3 0 0 0 1 1 1 1 0014 ffff
3 0 0 0 0 1 0 1 0014 ffff
3 0 0 1 1 1 0 1 0015 ffff
3 0 1 1 1 1 1 1 0015 ffff
3 0 0 0 1 1 1 1 0015 ffff
3 0 0 0 1 1 1 1 0015 ffff
3 0 0 0 0 1 0 1 0015 ffff
3 0 0 0 0 1 0 1 0016 ffff
3 0 0 0 0 1 0 1 0017 ffff
3 0 0 0 0 1 0 1 0018 ffff
3 0 0 0 0 1 0 1 0019 ffff
3 0 1 0 1 1 0 1 001a ffff
3 0 0 0 1 1 1 1 001a ffff
3 0 0 0 1 1 1 1 001a ffff
3 0 0 0 1 1 1 1 001a ffff
3 0 0 0 0 1 0 1 001a ffff
3 0 1 0 1 1 0 1 001b ffff
3 0 1 1 1 1 1 1 001b ffff
3 0 1 0 1 1 1 1 001b ffff
3 0 0 0 1 1 1 1 001b ffff
3 0 0 0 1 1 1 1 001b ffff
3 0 0 0 0 1 0 1 001b ffff
3 0 0 0 0 1 0 1 001c ffff
3 0 0 0 0 1 0 1 001d ffff
3 0 0 0 0 1 0 1 001e ffff
3 0 0 1 1 1 0 1 001f ffff
3 0 0 0 1 1 1 1 001f ffff
3 0 0 0 1 1 1 1 001f ffff
3 0 0 0 1 1 1 1 001f ffff
3 0 0 1 1 1 1 1 001f ffff
3 0 0 0 1 1 1 1 001f ffff
3 0 0 0 1 1 1 1 001f ffff
3 0 0 0 0 1 0 1 001f ffff
3 0 1 0 1 1 0 1 0020 ffff
3 0 1 0 1 1 1 1 0020 ffff
3 0 0 0 1 1 1 1 0020 ffff
3 0 0 0 1 1 1 1 0020 ffff
3 0 0 0 0 1 0 1 0020 ffff
3 0 1 0 1 1 0 1 0021 ffff
3 0 0 0 1 1 1 1 0021 ffff
3 0 0 0 1 1 1 1 0021 ffff
3 0 1 0 1 1 1 1 0021 ffff
3 0 0 0 1 1 1 1 0021 ffff
3 0 1 0 1 1 1 1 0021 ffff
3 0 1 0 1 1 1 1 0021 ffff
3 0 1 0 1 1 1 1 0021 ffff
3 0 0 0 1 1 1 1 0021 ffff
3 0 0 0 1 1 1 1 0021 ffff
3 0 0 0 0 1 0 1 0021 ffff
3 0 0 0 0 1 0 1 0022 ffff
3 0 1 0 1 1 0 1 0023 ffff
3 0 1 0 1 1 1 1 0023 ffff
3 0 0 0 1 1 1 1 0023 ffff
3 0 0 0 1 1 1 1 0023 ffff
3 0 1 0 1 1 1 1 0023 ffff
3 0 0 0 1 1 1 1 0023 ffff
3 0 0 0 1 1 1 1 0023 ffff
3 0 1 0 1 1 1 1 0023 ffff
3 0 0 0 1 1 1 1 0023 ffff
3 0 0 0 1 1 1 1 0023 ffff
3 0 0 0 0 1 0 1 0023 ffff
3 0 0 0 0 1 0 1 0024 ffff
3 0 1 0 1 1 0 1 0025 ffff
3 0 0 0 1 1 1 1 0025 ffff
3 0 0 0 1 1 1 1 0025 ffff
3 0 0 0 1 1 1 1 0025 ffff
3 0 0 0 0 1 0 1 0025 ffff
3 0 1 0 1 1 0 1 0026 ffff
3 0 1 0 1 1 1 1 0026 ffff
3 0 1 0 1 1 1 1 0026 ffff
3 0 1 0 1 1 1 1 0026 ffff
3 0 0 0 1 1 1 1 0026 ffff
3 0 1 0 1 1 1 1 0026 ffff
3 0 0 0 1 1 1 1 0026 ffff
3 0 1 0 1 1 1 1 0026 ffff
3 0 1 0 1 1 1 1 0026 ffff
3 0 0 0 1 1 1 1 0026 ffff
3 0 1 0 1 1 1 1 0026 ffff
3 0 0 0 1 1 1 1 0026 ffff
3 0 0 0 1 1 1 1 0026 ffff
3 0 0 0 0 1 0 1 0026 ffff
3 0 0 0 0 1 0 1 0027 ffff
3 0 0 0 0 1 0 1 0028 ffff
3 0 0 0 0 1 0 1 0029 ffff
3 0 0 0 0 1 0 1 002a ffff
3 0 0 0 0 1 0 1 002b ffff
3 0 0 0 0 1 0 1 002c ffff
3 0 0 0 0 1 0 1 002d ffff
3 0 1 1 1 1 0 1 002e ffff
3 0 0 0 1 1 1 1 002e ffff
3 0 0 0 1 1 1 1 002e ffff
3 0 1 0 1 1 1 1 002e ffff
3 0 1 0 1 1 1 1 002e ffff
3 0 1 0 1 1 1 1 002e ffff
3 0 0 0 1 1 1 1 002e ffff
3 0 0 0 1 1 1 1 002e ffff
3 0 0 0 0 1 0 1 002e ffff
3 0 0 0 0 1 0 1 002f ffff
3 0 0 0 0 1 0 1 0030 ffff
3 0 0 0 0 1 0 1 0031 ffff
3 0 1 0 1 1 0 1 0032 ffff
3 0 0 0 1 1 1 1 0032 ffff
3 0 1 0 1 1 1 1 0032 ffff
3 0 0 0 1 1 1 1 0032 ffff
3 0 1 0 1 1 1 1 0032 ffff
3 0 0 0 1 1 1 1 0032 ffff
3 0 0 0 1 1 1 1 0032 ffff
3 0 0 0 0 1 0 1 0032 ffff
3 0 0 0 0 1 0 1 0033 ffff
3 0 1 0 1 1 0 1 0034 ffff
3 0 0 0 1 1 1 1 0034 ffff
3 0 0 0 1 1 1 1 0034 ffff
3 0 0 0 1 1 1 1 0034 ffff
3 0 0 0 0 1 0 1 0034 ffff
3 0 0 0 0 1 0 1 0035 ffff
3 0 0 0 0 1 0 1 0036 ffff
3 0 0 0 0 1 0 1 0037 ffff
3 0 0 0 0 1 0 1 0038 ffff
3 0 1 0 1 1 0 1 0039 ffff
3 0 1 0 1 1 1 1 0039 ffff
3 0 0 0 1 1 1 1 0039 ffff
3 0 0 0 1 1 1 1 0039 ffff
3 0 0 0 0 1 0 1 0039 ffff
3 0 0 0 0 1 0 1 003a ffff
3 0 0 0 0 1 0 1 003b ffff
3 0 1 1 1 1 0 1 003c ffff
3 0 0 0 1 1 1 1 003c ffff
3 0 1 0 1 1 1 1 003c ffff
3 0 1 0 1 1 1 1 003c ffff
3 0 0 0 1 1 1 1 003c ffff
3 0 0 0 1 1 1 1 003c ffff
3 0 0 0 0 1 0 1 003c ffff
3 0 0 0 0 1 0 1 003d ffff
3 0 0 0 0 1 0 1 003e ffff
3 0 1 0 1 1 0 1 003f ffff
3 0 0 0 1 1 1 1 003f ffff
3 0 1 0 1 1 1 1 003f ffff
3 0 0 0 1 1 1 1 003f ffff
3 0 0 0 1 1 1 1 003f ffff
3 0 0 0 0 1 0 1 003f ffff
3 0 0 0 0 1 0 1 0040 ffff
3 0 0 1 1 1 0 1 0041 ffff
3 0 1 0 1 1 1 1 0041 ffff
3 0 0 0 1 1 1 1 0041 ffff
3 0 0 0 1 1 1 1 0041 ffff
3 0 1 0 1 1 1 1 0041 ffff
3 0 0 0 1 1 1 1 0041 ffff
3 0 0 0 1 1 1 1 0041 ffff
3 0 0 0 0 1 0 1 0041 ffff
3 0 0 0 0 1 0 1 0042 ffff
3 0 0 0 0 1 0 1 0043 ffff
3 0 0 0 0 1 0 1 0044 ffff
3 0 0 0 0 1 0 1 0045 ffff
3 0 0 0 0 1 0 1 0046 ffff
3 0 0 0 0 1 0 1 0047 ffff
3 0 1 0 1 1 0 1 0048 ffff
3 0 0 0 1 1 1 1 0048 ffff
3 0 0 0 1 1 1 1 0048 ffff
3 0 0 1 1 1 1 1 0048 ffff
3 0 0 0 1 1 1 1 0048 ffff
3 0 0 0 1 1 1 1 0048 ffff
3 0 0 0 0 1 0 1 0048 ffff
3 0 1 0 1 1 0 1 0049 ffff
3 0 0 0 1 1 1 1 0049 ffff
3 0 1 0 1 1 1 1 0049 ffff
3 0 1 0 1 1 1 1 0049 ffff
3 0 1 0 1 1 1 1 0049 ffff
3 0 0 0 1 1 1 1 0049 ffff
3 0 0 0 1 1 1 1 0049 ffff
3 0 1 0 1 1 1 1 0049 ffff
3 0 0 0 1 1 1 1 0049 ffff
3 0 0 0 1 1 1 1 0049 ffff
3 0 0 0 0 1 0 1 0049 ffff
3 0 0 0 0 1 0 1 004a ffff
3 0 0 0 0 1 0 1 004b ffff
3 0 0 0 0 1 0 1 004c ffff
3 0 1 0 1 1 0 1 004d ffff
3 0 1 0 1 1 1 1 004d ffff
3 0 0 0 1 1 1 1 004d ffff
3 0 0 0 1 1 1 1 004d ffff
3 0 0 0 0 1 0 1 004d ffff
3 0 0 1 1 1 0 1 004e ffff
3 0 1 0 1 1 1 1 004e ffff
3 0 0 0 1 1 1 1 004e ffff
3 0 0 0 1 1 1 1 004e ffff
3 0 0 0 0 1 0 1 004e ffff
3 0 0 0 0 1 0 1 004f ffff
3 0 0 0 0 1 0 1 0050 ffff
3 0 0 0 0 1 0 1 0051 ffff
3 0 1 0 1 1 0 1 0052 ffff
3 0 0 0 1 1 1 1 0052 ffff
3 0 0 0 1 1 1 1 0052 ffff
3 0 1 0 1 1 1 1 0052 ffff
3 0 0 0 1 1 1 1 0052 ffff
3 0 0 0 1 1 1 1 0052 ffff
3 0 0 0 0 1 0 1 0052 ffff
3 0 0 0 0 1 0 1 0053 ffff
3 0 0 0 0 1 0 1 0054 ffff
3 0 1 0 1 1 0 1 0055 ffff
3 0 0 0 1 1 1 1 0055 ffff
3 0 0 0 1 1 1 1 0055 ffff
3 0 0 0 1 1 1 1 0055 ffff
3 0 0 0 0 1 0 1 0055 ffff
3 0 0 0 0 1 0 1 0056 ffff
3 0 0 0 0 1 0 1 0057 ffff
3 0 1 0 1 1 0 1 0058 ffff
3 0 0 0 1 1 1 1 0058 ffff
3 0 0 0 1 1 1 1 0058 ffff
3 0 1 0 1 1 1 1 0058 ffff
3 0 1 0 1 1 1 1 0058 ffff
3 0 1 0 1 1 1 1 0058 ffff
3 0 0 0 1 1 1 1 0058 ffff
3 0 0 0 1 1 1 1 0058 ffff
3 0 0 0 0 1 0 1 0058 ffff
3 0 0 0 0 1 0 1 0059 ffff
3 0 1 0 1 1 0 1 005a ffff
3 0 0 0 1 1 1 1 005a ffff
3 0 1 0 1 1 1 1 005a ffff
3 0 1 0 1 1 1 1 005a ffff
3 0 0 0 1 1 1 1 005a ffff
3 0 1 0 1 1 1 1 005a ffff
3 0 0 0 1 1 1 1 005a ffff
3 0 0 0 1 1 1 1 005a ffff
3 0 1 0 1 1 1 1 005a ffff
3 0 1 0 1 1 1 1 005a ffff
3 0 0 0 1 1 1 1 005a ffff
3 0 0 0 1 1 1 1 005a ffff
3 0 0 0 0 1 0 1 005a ffff
3 0 0 0 0 1 0 1 005b ffff
3 0 0 0 0 1 0 1 005c ffff
3 0 1 0 1 1 0 1 005d ffff
3 0 1 0 1 1 1 1 005d ffff
3 0 1 0 1 1 1 1 005d ffff
3 0 0 0 1 1 1 1 005d ffff
3 0 0 0 1 1 1 1 005d ffff
3 0 0 0 0 1 0 1 005d ffff
3 0 0 0 0 1 0 1 005e ffff
3 0 0 0 0 1 0 1 005f ffff
3 0 0 0 0 1 0 1 0060 ffff
3 0 0 0 0 1 0 1 0061 ffff
3 0 0 1 1 1 0 1 0062 ffff
3 0 0 0 1 1 1 1 0062 ffff
3 0 0 0 1 1 1 1 0062 ffff
3 0 0 0 1 1 1 1 0062 ffff
3 0 0 0 0 1 0 1 0062 ffff
3 0 1 0 1 1 0 1 0063 ffff
3 0 0 0 1 1 1 1 0063 ffff
3 0 0 0 1 1 1 1 0063 ffff
3 0 0 0 1 1 1 1 0063 ffff
3 0 1 0 1 1 1 1 0063 ffff
3 0 0 0 1 1 1 1 0063 ffff
3 0 0 0 1 1 1 1 0063 ffff
3 0 1 0 1 1 1 1 0063 ffff
3 0 0 0 1 1 1 1 0063 ffff
3 0 0 0 1 1 1 1 0063 ffff
3 0 0 0 0 1 0 1 0063 ffff
3 0 0 0 0 1 0 1 0064 ffff
3 0 1 0 1 1 0 1 0065 ffff
3 0 0 0 1 1 1 1 0065 ffff
3 0 0 0 1 1 1 1 0065 ffff
3 0 1 0 1 1 1 1 0065 ffff
3 0 0 0 1 1 1 1 0065 ffff
3 0 1 0 1 1 1 1 0065 ffff
3 0 0 1 1 1 1 1 0065 ffff
3 0 0 0 1 1 1 1 0065 ffff
3 0 1 0 1 1 1 1 0065 ffff
3 0 0 0 1 1 1 1 0065 ffff
3 0 0 0 1 1 1 1 0065 ffff
3 0 1 0 1 1 1 1 0065 ffff
3 0 0 0 1 1 1 1 0065 ffff
3 0 0 0 1 1 1 1 0065 ffff
3 0 0 0 0 1 0 1 0065 ffff
3 0 1 0 1 1 0 1 0066 ffff
3 0 1 0 1 1 1 1 0066 ffff
3 0 0 0 1 1 1 1 0066 ffff
3 0 0 0 1 1 1 1 0066 ffff
3 0 0 0 0 1 0 1 0066 ffff
3 0 0 0 0 1 0 1 0067 ffff
3 0 1 0 1 1 0 1 0068 ffff
3 0 0 0 1 1 1 1 0068 ffff
3 0 1 0 1 1 1 1 0068 ffff
3 0 1 0 1 1 1 1 0068 ffff
3 0 0 0 1 1 1 1 0068 ffff
3 0 0 0 1 1 1 1 0068 ffff
3 0 0 0 0 1 0 1 0068 ffff
3 0 0 0 0 1 0 1 0069 ffff
3 0 1 0 1 1 0 1 006a ffff
3 0 0 0 1 1 1 1 006a ffff
3 0 1 1 1 1 1 1 006a ffff
3 0 0 0 1 1 1 1 006a ffff
3 0 0 0 1 1 1 1 006a ffff
3 0 1 0 1 1 1 1 006a ffff
3 0 0 0 1 1 1 1 006a ffff
3 0 0 0 1 1 1 1 006a ffff
3 0 0 0 0 1 0 1 006a ffff
3 0 1 0 1 1 0 1 006b ffff
3 0 1 0 1 1 1 1 006b ffff
3 0 0 0 1 1 1 1 006b ffff
3 0 0 0 1 1 1 1 006b ffff
3 0 1 0 1 1 1 1 006b ffff
3 0 0 0 1 1 1 1 006b ffff
3 0 0 0 1 1 1 1 006b ffff
3 0 0 0 0 1 0 1 006b ffff
3 0 0 0 0 1 0 1 006c ffff
3 0 0 0 0 1 0 1 006d ffff
3 0 0 0 0 1 0 1 006e ffff
3 0 0 0 0 1 0 1 006f ffff
3 0 0 0 0 1 0 1 0070 ffff
3 0 0 0 0 1 0 1 0071 ffff
3 0 0 0 0 1 0 1 0072 ffff
3 0 1 0 1 1 0 1 0073 ffff
3 0 0 0 1 1 1 1 0073 ffff
3 0 0 0 1 1 1 1 0073 ffff
3 0 0 0 1 1 1 1 0073 ffff
3 0 0 0 0 1 0 1 0073 ffff
3 0 1 0 1 1 0 1 0074 ffff
3 0 1 0 1 1 1 1 0074 ffff
3 0 1 0 1 1 1 1 0074 ffff
3 0 0 0 1 1 1 1 0074 ffff
3 0 0 0 1 1 1 1 0074 ffff
3 0 0 0 0 1 0 1 0074 ffff
3 0 0 0 0 1 0 1 0075 ffff
3 0 0 0 0 1 0 1 0076 ffff
3 0 0 0 0 1 0 1 0077 ffff
3 0 0 0 0 1 0 1 0078 ffff
3 0 1 0 1 1 0 1 0079 ffff
3 0 0 0 1 1 1 1 0079 ffff
3 0 0 0 1 1 1 1 0079 ffff
3 0 1 0 1 1 1 1 0079 ffff
3 0 1 0 1 1 1 1 0079 ffff
3 0 0 0 1 1 1 1 0079 ffff
3 0 0 0 1 1 1 1 0079 ffff
3 0 0 0 0 1 0 1 0079 ffff
3 0 0 0 0 1 0 1 007a ffff
3 0 0 0 0 1 0 1 007b ffff
3 0 1 0 1 1 0 1 007c ffff
3 0 0 0 1 1 1 1 007c ffff
3 0 0 0 1 1 1 1 007c ffff
3 0 0 0 1 1 1 1 007c ffff
3 0 1 0 1 1 1 1 007c ffff
3 0 0 0 1 1 1 1 007c ffff
3 0 0 0 1 1 1 1 007c ffff
3 0 1 0 1 1 1 1 007c ffff
3 0 1 1 1 1 1 1 007c ffff
3 0 0 0 1 1 1 1 007c ffff
3 0 0 0 1 1 1 1 007c ffff
3 0 0 0 0 1 0 1 007c ffff
3 0 1 0 1 1 0 1 007d ffff
3 0 0 0 1 1 1 1 007d ffff
3 0 0 0 1 1 1 1 007d ffff
3 0 1 0 1 1 1 1 007d ffff
3 0 1 0 1 1 1 1 007d ffff
3 0 0 0 1 1 1 1 007d ffff
3 0 0 0 1 1 1 1 007d ffff
3 0 1 0 1 1 1 1 007d ffff
3 0 0 0 1 1 1 1 007d ffff
3 0 0 0 1 1 1 1 007d ffff
3 0 0 0 0 1 0 1 007d ffff
3 0 0 0 0 1 0 1 007e ffff
3 0 0 0 0 1 0 1 007f ffff
3 0 0 0 0 1 0 1 0080 ffff
3 0 1 0 1 1 0 1 0081 ffff
3 0 0 0 1 1 1 1 0081 ffff
3 0 1 0 1 1 1 1 0081 ffff
3 0 0 0 1 1 1 1 0081 ffff
3 0 0 0 1 1 1 1 0081 ffff
3 0 0 0 0 1 0 1 0081 ffff
3 0 1 0 1 1 0 1 0082 ffff
3 0 0 0 1 1 1 1 0082 ffff
3 0 0 0 1 1 1 1 0082 ffff
3 0 0 0 1 1 1 1 0082 ffff
3 0 0 0 0 1 0 1 0082 ffff
3 0 1 0 1 1 0 1 0083 ffff
3 0 0 0 1 1 1 1 0083 ffff
3 0 0 0 1 1 1 1 0083 ffff
3 0 1 0 1 1 1 1 0083 ffff
3 0 1 0 1 1 1 1 0083 ffff
3 0 0 0 1 1 1 1 0083 ffff
3 0 1 0 1 1 1 1 0083 ffff
3 0 0 0 1 1 1 1 0083 ffff
3 0 1 0 1 1 1 1 0083 ffff
3 0 0 0 1 1 1 1 0083 ffff
3 0 1 0 1 1 1 1 0083 ffff
3 0 0 0 1 1 1 1 0083 ffff
3 0 0 0 1 1 1 1 0083 ffff
3 0 0 0 0 1 0 1 0083 ffff
3 0 0 0 0 1 0 1 0084 ffff
3 0 0 0 0 1 0 1 0085 ffff
3 0 0 0 0 1 0 1 0086 ffff
3 0 0 0 0 1 0 1 0087 ffff
3 0 0 0 0 1 0 1 0088 ffff
3 0 0 0 0 1 0 1 0089 ffff
3 0 0 0 0 1 0 1 008a ffff
3 0 1 0 1 1 0 1 008b ffff
3 0 0 0 1 1 1 1 008b ffff
3 0 0 0 1 1 1 1 008b ffff
3 0 0 0 1 1 1 1 008b ffff
3 0 1 0 1 1 1 1 008b ffff
3 0 0 0 1 1 1 1 008b ffff
3 0 1 0 1 1 1 1 008b ffff
3 0 1 1 1 1 1 1 008b ffff
3 0 0 0 1 1 1 1 008b ffff
3 0 0 0 1 1 1 1 008b ffff
3 0 0 1 1 1 1 1 008b ffff
3 0 0 0 1 1 1 1 008b ffff
3 0 1 0 1 1 1 1 008b ffff
3 0 0 0 1 1 1 1 008b ffff
3 0 1 0 1 1 1 1 008b ffff
3 0 0 0 1 1 1 1 008b ffff
3 0 0 0 1 1 1 1 008b ffff
3 0 0 0 0 1 0 1 008b ffff
3 0 1 0 1 1 0 1 008c ffff
3 0 0 1 1 1 1 1 008c ffff
3 0 1 0 1 1 1 1 008c ffff
3 0 1 0 1 1 1 1 008c ffff
3 0 0 0 1 1 1 1 008c ffff
3 0 0 0 1 1 1 1 008c ffff
3 0 0 0 0 1 0 1 008c ffff
3 0 1 0 1 1 0 1 008d ffff
3 0 0 1 1 1 1 1 008d ffff
3 0 0 0 1 1 1 1 008d ffff
3 0 1 0 1 1 1 1 008d ffff
3 0 1 0 1 1 1 1 008d ffff
3 0 1 0 1 1 1 1 008d ffff
3 0 0 0 1 1 1 1 008d ffff
3 0 0 0 1 1 1 1 008d ffff
3 0 0 0 0 1 0 1 008d ffff
3 0 0 0 0 1 0 1 008e ffff
3 0 0 0 0 1 0 1 008f ffff
3 0 1 0 1 1 0 1 0090 ffff
3 0 0 0 1 1 1 1 0090 ffff
3 0 1 0 1 1 1 1 0090 ffff
3 0 0 0 1 1 1 1 0090 ffff
3 0 0 0 1 1 1 1 0090 ffff
3 0 0 0 0 1 0 1 0090 ffff
3 0 0 0 0 1 0 1 0091 ffff
3 0 0 0 0 1 0 1 0092 ffff
3 0 1 0 1 1 0 1 0093 ffff
3 0 1 0 1 1 1 1 0093 ffff
3 0 0 0 1 1 1 1 0093 ffff
3 0 0 0 1 1 1 1 0093 ffff
3 0 0 0 0 1 0 1 0093 ffff
3 0 1 0 1 1 0 1 0094 ffff
3 0 1 0 1 1 1 1 0094 ffff
3 0 0 0 1 1 1 1 0094 ffff
3 0 1 0 1 1 1 1 0094 ffff
3 0 1 0 1 1 1 1 0094 ffff
3 0 0 0 1 1 1 1 0094 ffff
3 0 0 0 1 1 1 1 0094 ffff
3 0 1 0 1 1 1 1 0094 ffff
3 0 1 0 1 1 1 1 0094 ffff
3 0 0 0 1 1 1 1 0094 ffff
3 0 0 0 1 1 1 1 0094 ffff
3 0 0 1 1 1 1 1 0094 ffff
3 0 0 0 1 1 1 1 0094 ffff
3 0 0 0 1 1 1 1 0094 ffff
3 0 0 0 0 1 0 1 0094 ffff
3 0 1 0 1 1 0 1 0095 ffff
3 0 0 0 1 1 1 1 0095 ffff
3 0 0 0 1 1 1 1 0095 ffff
3 0 0 0 1 1 1 1 0095 ffff
3 0 0 0 0 1 0 1 0095 ffff
3 0 0 0 0 1 0 1 0096 ffff
3 0 0 1 1 1 0 1 0097 ffff
3 0 0 0 1 1 1 1 0097 ffff
3 0 1 0 1 1 1 1 0097 ffff
3 0 0 0 1 1 1 1 0097 ffff
3 0 0 0 1 1 1 1 0097 ffff
3 0 1 0 1 1 1 1 0097 ffff
3 0 1 0 1 1 1 1 0097 ffff
3 0 0 0 1 1 1 1 0097 ffff
3 0 0 0 1 1 1 1 0097 ffff
3 0 1 0 1 1 1 1 0097 ffff
3 0 0 0 1 1 1 1 0097 ffff
3 0 1 0 1 1 1 1 0097 ffff
3 0 1 0 1 1 1 1 0097 ffff
3 0 0 0 1 1 1 1 0097 ffff
3 0 0 0 1 1 1 1 0097 ffff
3 0 0 0 0 1 0 1 0097 ffff
3 0 0 0 0 1 0 1 0098 ffff
3 0 0 0 0 1 0 1 0099 ffff
3 0 0 0 0 1 0 1 009a ffff
3 0 0 0 0 1 0 1 009b ffff
3 0 0 0 0 1 0 1 009c ffff
3 0 0 0 0 1 0 1 009d ffff
3 0 0 0 0 1 0 1 009e ffff
3 0 0 0 0 1 0 1 009f ffff
3 0 1 0 1 1 0 1 00a0 ffff
3 0 0 0 1 1 1 1 00a0 ffff
3 0 1 0 1 1 1 1 00a0 ffff
3 0 1 0 1 1 1 1 00a0 ffff
3 0 0 0 1 1 1 1 00a0 ffff
3 0 0 0 1 1 1 1 00a0 ffff
3 0 0 0 0 1 0 1 00a0 ffff
3 0 0 1 1 1 0 1 00a1 ffff
3 0 0 0 1 1 1 1 00a1 ffff
3 0 1 0 1 1 1 1 00a1 ffff
3 0 0 0 1 1 1 1 00a1 ffff
3 0 0 0 1 1 1 1 00a1 ffff
3 0 0 0 0 1 0 1 00a1 ffff
3 0 1 0 1 1 0 1 00a2 ffff
3 0 1 0 1 1 1 1 00a2 ffff
3 0 1 0 1 1 1 1 00a2 ffff
3 0 1 0 1 1 1 1 00a2 ffff
3 0 0 0 1 1 1 1 00a2 ffff
3 0 0 0 1 1 1 1 00a2 ffff
3 0 0 0 0 1 0 1 00a2 ffff
3 0 0 0 0 1 0 1 00a3 ffff
3 0 0 0 0 1 0 1 00a4 ffff
3 0 1 0 1 1 0 1 00a5 ffff
3 0 1 0 1 1 1 1 00a5 ffff
3 0 1 0 1 1 1 1 00a5 ffff
3 0 0 0 1 1 1 1 00a5 ffff
3 0 0 0 1 1 1 1 00a5 ffff
3 0 1 0 1 1 1 1 00a5 ffff
3 0 1 0 1 1 1 1 00a5 ffff
3 0 0 0 1 1 1 1 00a5 ffff
3 0 0 0 1 1 1 1 00a5 ffff
3 0 0 0 0 1 0 1 00a5 ffff
3 0 0 0 0 1 0 1 00a6 ffff
3 0 0 0 0 1 0 1 00a7 ffff
3 0 1 0 1 1 0 1 00a8 ffff
3 0 0 0 1 1 1 1 00a8 ffff
3 0 0 0 1 1 1 1 00a8 ffff
3 0 1 0 1 1 1 1 00a8 ffff
3 0 0 0 1 1 1 1 00a8 ffff
3 0 1 0 1 1 1 1 00a8 ffff
3 0 0 0 1 1 1 1 00a8 ffff
3 0 0 0 1 1 1 1 00a8 ffff
3 0 0 0 0 1 0 1 00a8 ffff
3 0 1 0 1 1 0 1 00a9 ffff
3 0 0 0 1 1 1 1 00a9 ffff
3 0 1 0 1 1 1 1 00a9 ffff
3 0 0 0 1 1 1 1 00a9 ffff
3 0 0 0 1 1 1 1 00a9 ffff
3 0 0 0 0 1 0 1 00a9 ffff
3 0 0 0 0 1 0 1 00aa ffff
3 0 0 0 0 1 0 1 00ab ffff
3 0 0 0 0 1 0 1 00ac ffff
3 0 1 0 1 1 0 1 00ad ffff
3 0 0 0 1 1 1 1 00ad ffff
3 0 0 0 1 1 1 1 00ad ffff
3 0 0 0 1 1 1 1 00ad ffff
3 0 0 0 0 1 0 1 00ad ffff
3 0 0 0 0 1 0 1 00ae ffff
3 0 1 0 1 1 0 1 00af ffff
3 0 0 0 1 1 1 1 00af ffff
3 0 0 0 1 1 1 1 00af ffff
3 0 0 0 1 1 1 1 00af ffff
3 0 0 0 0 1 0 1 00af ffff
3 0 0 0 0 1 0 1 00b0 ffff
3 0 0 0 0 1 0 1 00b1 ffff
3 0 0 0 0 1 0 1 00b2 ffff
3 0 0 0 0 1 0 1 00b3 ffff
3 0 1 0 1 1 0 1 00b4 ffff
3 0 1 0 1 1 1 1 00b4 ffff
3 0 0 0 1 1 1 1 00b4 ffff
3 0 0 0 1 1 1 1 00b4 ffff
3 0 0 0 0 1 0 1 00b4 ffff
3 0 0 0 0 1 0 1 00b5 ffff
3 0 0 0 0 1 0 1 00b6 ffff
3 0 1 0 1 1 0 1 00b7 ffff
3 0 0 0 1 1 1 1 00b7 ffff
3 0 1 0 1 1 1 1 00b7 ffff
3 0 0 0 1 1 1 1 00b7 ffff
3 0 0 0 1 1 1 1 00b7 ffff
3 0 1 0 1 1 1 1 00b7 ffff
3 0 0 0 1 1 1 1 00b7 ffff
3 0 0 0 1 1 1 1 00b7 ffff
3 0 0 0 0 1 0 1 00b7 ffff
3 0 0 0 0 1 0 1 00b8 ffff
3 0 0 0 0 1 0 1 00b9 ffff
3 0 0 0 0 1 0 1 00ba ffff
3 0 0 0 0 1 0 1 00bb ffff
3 0 1 0 1 1 0 1 00bc ffff
3 0 0 0 1 1 1 1 00bc ffff
3 0 0 0 1 1 1 1 00bc ffff
3 0 1 0 1 1 1 1 00bc ffff
3 0 1 0 1 1 1 1 00bc ffff
3 0 0 0 1 1 1 1 00bc ffff
3 0 0 0 1 1 1 1 00bc ffff
3 0 0 0 0 1 0 1 00bc ffff
3 0 0 0 0 1 0 1 00bd ffff
3 0 0 0 0 1 0 1 00be ffff
3 0 0 0 0 1 0 1 00bf ffff
3 0 0 0 0 1 0 1 00c0 ffff
3 0 0 0 0 1 0 1 00c1 ffff
3 0 0 0 0 1 0 1 00c2 ffff
3 0 0 0 0 1 0 1 00c3 ffff
3 0 0 0 0 1 0 1 00c4 ffff
3 0 0 0 0 1 0 1 00c5 ffff
3 0 1 0 1 1 0 1 00c6 ffff
3 0 0 0 1 1 1 1 00c6 ffff
3 0 0 0 1 1 1 1 00c6 ffff
3 0 1 0 1 1 1 1 00c6 ffff
3 0 0 0 1 1 1 1 00c6 ffff
3 0 0 0 1 1 1 1 00c6 ffff
3 0 0 0 0 1 0 1 00c6 ffff
3 0 1 0 1 1 0 1 00c7 ffff
3 0 1 0 1 1 1 1 00c7 ffff
3 0 0 0 1 1 1 1 00c7 ffff
3 0 0 0 1 1 1 1 00c7 ffff
3 0 0 0 0 1 0 1 00c7 ffff
3 0 0 0 0 1 0 1 00c8 ffff
3 0 0 0 0 1 0 1 00c9 ffff
3 0 1 0 1 1 0 1 00ca ffff
3 0 1 0 1 1 1 1 00ca ffff
3 0 0 0 1 1 1 1 00ca ffff
3 0 1 0 1 1 1 1 00ca ffff
3 0 0 0 1 1 1 1 00ca ffff
3 0 0 0 1 1 1 1 00ca ffff
3 0 0 0 0 1 0 1 00ca ffff
3 0 0 0 0 1 0 1 00cb ffff
3 0 0 0 0 1 0 1 00cc ffff
3 0 1 0 1 1 0 1 00cd ffff
3 0 0 0 1 1 1 1 00cd ffff
3 0 0 0 1 1 1 1 00cd ffff
3 0 0 0 1 1 1 1 00cd ffff
3 0 0 0 0 1 0 1 00cd ffff
3 0 0 0 0 1 0 1 00ce ffff
3 0 1 0 1 1 0 1 00cf ffff
3 0 0 0 1 1 1 1 00cf ffff
3 0 0 0 1 1 1 1 00cf ffff
3 0 0 0 1 1 1 1 00cf ffff
3 0 0 0 0 1 0 1 00cf ffff
3 0 1 0 1 1 0 1 00d0 ffff
3 0 0 0 1 1 1 1 00d0 ffff
3 0 0 0 1 1 1 1 00d0 ffff
3 0 0 0 1 1 1 1 00d0 ffff
3 0 1 0 1 1 1 1 00d0 ffff
3 0 0 0 1 1 1 1 00d0 ffff
3 0 0 0 1 1 1 1 00d0 ffff
3 0 1 0 1 1 1 1 00d0 ffff
3 0 0 0 1 1 1 1 00d0 ffff
3 0 0 0 1 1 1 1 00d0 ffff
3 0 0 0 0 1 0 1 00d0 ffff
3 0 0 0 0 1 0 1 00d1 ffff
3 0 0 1 1 1 0 1 00d2 ffff
3 0 1 0 1 1 1 1 00d2 ffff
3 0 0 0 1 1 1 1 00d2 ffff
3 0 0 0 1 1 1 1 00d2 ffff
3 0 0 0 0 1 0 1 00d2 ffff
3 0 0 0 0 1 0 1 00d3 ffff
3 0 1 0 1 1 0 1 00d4 ffff
3 0 1 0 1 1 1 1 00d4 ffff
3 0 0 0 1 1 1 1 00d4 ffff
3 0 0 0 1 1 1 1 00d4 ffff
3 0 0 0 0 1 0 1 00d4 ffff
3 0 1 0 1 1 0 1 00d5 ffff
3 0 0 0 1 1 1 1 00d5 ffff
3 0 0 0 1 1 1 1 00d5 ffff
3 0 0 0 1 1 1 1 00d5 ffff
3 0 0 0 0 1 0 1 00d5 ffff
3 0 0 0 0 1 0 1 00d6 ffff
3 0 0 0 0 1 0 1 00d7 ffff
3 0 0 0 0 1 0 1 00d8 ffff
3 0 0 0 0 1 0 1 00d9 ffff
3 0 0 0 0 1 0 1 00da ffff
3 0 0 0 0 1 0 1 00db ffff
3 0 0 0 0 1 0 1 00dc ffff
3 0 1 1 1 1 0 1 00dd ffff
3 0 0 0 1 1 1 1 00dd ffff
3 0 0 0 1 1 1 1 00dd ffff
3 0 0 0 1 1 1 1 00dd ffff
3 0 0 0 0 1 0 1 00dd ffff
3 0 1 0 1 1 0 1 00de ffff
3 0 0 0 1 1 1 1 00de ffff
3 0 1 0 1 1 1 1 00de ffff
3 0 1 0 1 1 1 1 00de ffff
3 0 1 0 1 1 1 1 00de ffff
3 0 0 0 1 1 1 1 00de ffff
3 0 0 0 1 1 1 1 00de ffff
3 0 0 0 0 1 0 1 00de ffff
3 0 0 0 0 1 0 1 00df ffff
3 0 0 0 0 1 0 1 00e0 ffff
3 0 0 0 0 1 0 1 00e1 ffff
3 0 0 0 0 1 0 1 00e2 ffff
3 0 0 0 0 1 0 1 00e3 ffff
3 0 0 0 0 1 0 1 00e4 ffff
3 0 1 0 1 1 0 1 00e5 ffff
3 0 0 0 1 1 1 1 00e5 ffff
3 0 0 0 1 1 1 1 00e5 ffff
3 0 1 0 1 1 1 1 00e5 ffff
3 0 0 0 1 1 1 1 00e5 ffff
3 0 0 0 1 1 1 1 00e5 ffff
3 0 0 0 0 1 0 1 00e5 ffff
3 0 0 0 0 1 0 1 00e6 ffff
3 0 1 0 1 1 0 1 00e7 ffff
3 0 0 0 1 1 1 1 00e7 ffff
3 0 0 0 1 1 1 1 00e7 ffff
3 0 1 0 1 1 1 1 00e7 ffff
3 0 0 0 1 1 1 1 00e7 ffff
3 0 1 0 1 1 1 1 00e7 ffff
3 0 0 0 1 1 1 1 00e7 ffff
3 0 1 1 1 1 1 1 00e7 ffff
3 0 0 0 1 1 1 1 00e7 ffff
3 0 0 0 1 1 1 1 00e7 ffff
3 0 0 0 0 1 0 1 00e7 ffff
3 0 0 0 0 1 0 1 00e8 ffff
3 0 0 0 0 1 0 1 00e9 ffff
3 0 0 0 0 1 0 1 00ea ffff
3 0 1 0 1 1 0 1 00eb ffff
3 0 0 0 1 1 1 1 00eb ffff
3 0 0 0 1 1 1 1 00eb ffff
3 0 0 0 1 1 1 1 00eb ffff
3 0 0 0 0 1 0 1 00eb ffff
3 0 0 0 0 1 0 1 00ec ffff
3 0 0 0 0 1 0 1 00ed ffff
3 0 0 0 0 1 0 1 00ee ffff
3 0 0 0 0 1 0 1 00ef ffff
3 0 1 0 1 1 0 1 00f0 ffff
3 0 0 0 1 1 1 1 00f0 ffff
3 0 0 0 1 1 1 1 00f0 ffff
3 0 0 0 1 1 1 1 00f0 ffff
3 0 0 0 0 1 0 1 00f0 ffff
3 0 0 0 0 1 0 1 00f1 ffff
3 0 0 0 0 1 0 1 00f2 ffff
3 0 0 0 0 1 0 1 00f3 ffff
3 0 0 0 0 1 0 1 00f4 ffff
3 0 0 0 0 1 0 1 00f5 ffff
3 0 0 0 0 1 0 1 00f6 ffff
3 0 0 0 0 1 0 1 00f7 ffff
3 0 0 0 0 1 0 1 00f8 ffff
3 0 0 0 0 1 0 1 00f9 ffff
3 0 0 0 0 1 0 1 00fa ffff
3 0 0 0 0 1 0 1 00fb ffff
3 0 0 0 0 1 0 1 00fc ffff
3 0 0 0 0 1 0 1 00fd ffff
3 0 0 0 0 1 0 1 00fe ffff
3 0 0 0 0 1 0 1 00ff ffff
3 0 0 1 1 1 0 1 0100 ffff
3 0 0 0 1 1 1 1 0100 ffff
3 0 1 0 1 1 1 1 0100 ffff
3 0 0 0 1 1 1 1 0100 ffff
3 0 1 0 1 1 1 1 0100 ffff
3 0 0 0 1 1 1 1 0100 ffff
3 0 1 0 1 1 1 1 0100 ffff
3 0 0 0 1 1 1 1 0100 ffff
3 0 0 0 1 1 1 1 0100 ffff
3 0 1 0 1 1 1 1 0100 ffff
3 0 0 0 1 1 1 1 0100 ffff
3 0 0 0 1 1 1 1 0100 ffff
3 0 1 0 1 1 1 1 0100 ffff
3 0 0 0 1 1 1 1 0100 ffff
3 0 0 0 1 1 1 1 0100 ffff
3 0 0 0 0 1 0 1 0100 ffff
3 0 0 0 0 1 0 1 0101 ffff
3 0 0 0 0 1 0 1 0102 ffff
3 0 0 0 0 1 0 1 0103 ffff
3 0 0 0 0 1 0 1 0104 ffff
3 0 0 0 0 1 0 1 0105 ffff
3 0 0 0 0 1 0 1 0106 ffff
3 0 0 1 1 1 0 1 0107 ffff
3 0 0 0 1 1 1 1 0107 ffff
3 0 0 0 1 1 1 1 0107 ffff
3 0 0 0 1 1 1 1 0107 ffff
3 0 1 0 1 1 1 1 0107 ffff
3 0 0 0 1 1 1 1 0107 ffff
3 0 0 0 1 1 1 1 0107 ffff
3 0 1 0 1 1 1 1 0107 ffff
3 0 1 0 1 1 1 1 0107 ffff
3 0 0 0 1 1 1 1 0107 ffff
3 0 1 0 1 1 1 1 0107 ffff
3 0 0 0 1 1 1 1 0107 ffff
3 0 0 0 1 1 1 1 0107 ffff
3 0 0 0 0 1 0 1 0107 ffff
3 0 0 0 0 1 0 1 0108 ffff
3 0 0 0 0 1 0 1 0109 ffff
3 0 0 0 0 1 0 1 010a ffff
3 0 0 0 0 1 0 1 010b ffff
3 0 1 0 1 1 0 1 010c ffff
3 0 1 1 1 1 1 1 010c ffff
3 0 1 0 1 1 1 1 010c ffff
3 0 0 0 1 1 1 1 010c ffff
3 0 1 0 1 1 1 1 010c ffff
3 0 0 0 1 1 1 1 010c ffff
3 0 0 0 1 1 1 1 010c ffff
3 0 0 0 0 1 0 1 010c ffff
3 0 1 0 1 1 0 1 010d ffff
3 0 0 0 1 1 1 1 010d ffff
3 0 0 1 1 1 1 1 010d ffff
3 0 0 0 1 1 1 1 010d ffff
3 0 1 0 1 1 1 1 010d ffff
3 0 0 0 1 1 1 1 010d ffff
3 0 0 0 1 1 1 1 010d ffff
3 0 0 0 0 1 0 1 010d ffff
3 0 1 0 1 1 0 1 010e ffff
3 0 1 0 1 1 1 1 010e ffff
3 0 0 0 1 1 1 1 010e ffff
3 0 1 0 1 1 1 1 010e ffff
3 0 0 0 1 1 1 1 010e ffff
3 0 0 0 1 1 1 1 010e ffff
3 0 1 0 1 1 1 1 010e ffff
3 0 0 0 1 1 1 1 010e ffff
3 0 0 0 1 1 1 1 010e ffff
3 0 0 0 0 1 0 1 010e ffff
3 0 0 0 0 1 0 1 010f ffff
3 0 0 0 0 1 0 1 0110 ffff
3 0 0 0 0 1 0 1 0111 ffff
3 0 0 0 0 1 0 1 0112 ffff
3 0 0 0 0 1 0 1 0113 ffff
3 0 1 0 1 1 0 1 0114 ffff
3 0 0 0 1 1 1 1 0114 ffff
3 0 1 0 1 1 1 1 0114 ffff
3 0 0 0 1 1 1 1 0114 ffff
3 0 0 0 1 1 1 1 0114 ffff
3 0 1 0 1 1 1 1 0114 ffff
3 0 0 1 1 1 1 1 0114 ffff
3 0 0 0 1 1 1 1 0114 ffff
3 0 1 0 1 1 1 1 0114 ffff
3 0 0 0 1 1 1 1 0114 ffff
3 0 1 0 1 1 1 1 0114 ffff
3 0 0 0 1 1 1 1 0114 ffff
3 0 1 0 1 1 1 1 0114 ffff
3 0 0 0 1 1 1 1 0114 ffff
3 0 0 0 1 1 1 1 0114 ffff
3 0 0 0 0 1 0 1 0114 ffff
3 0 0 0 0 1 0 1 0115 ffff
3 0 1 0 1 1 0 1 0116 ffff
3 0 1 0 1 1 1 1 0116 ffff
3 0 0 0 1 1 1 1 0116 ffff
3 0 0 0 1 1 1 1 0116 ffff
3 0 0 0 0 1 0 1 0116 ffff
3 0 0 0 0 1 0 1 0117 ffff
3 0 0 0 0 1 0 1 0118 ffff
3 0 0 0 0 1 0 1 0119 ffff
3 0 0 0 0 1 0 1 011a ffff
3 0 0 0 0 1 0 1 011b ffff
3 0 0 0 0 1 0 1 011c ffff
3 0 1 0 1 1 0 1 011d ffff
3 0 0 0 1 1 1 1 011d ffff
3 0 0 0 1 1 1 1 011d ffff
3 0 0 0 1 1 1 1 011d ffff
3 0 0 0 0 1 0 1 011d ffff
3 0 0 0 0 1 0 1 011e ffff
3 0 1 0 1 1 0 1 011f ffff
3 0 0 0 1 1 1 1 011f ffff
3 0 0 0 1 1 1 1 011f ffff
3 0 0 0 1 1 1 1 011f ffff
3 0 0 0 0 1 0 1 011f ffff
3 0 0 0 0 1 0 1 0120 ffff
3 0 0 0 0 1 0 1 0121 ffff
3 0 1 0 1 1 0 1 0122 ffff
3 0 1 0 1 1 1 1 0122 ffff
3 0 0 0 1 1 1 1 0122 ffff
3 0 0 0 1 1 1 1 0122 ffff
3 0 0 0 0 1 0 1 0122 ffff
3 0 0 0 0 1 0 1 0123 ffff
3 0 0 0 0 1 0 1 0124 ffff
3 0 0 0 0 1 0 1 0125 ffff
3 0 0 0 0 1 0 1 0126 ffff
3 0 0 0 0 1 0 1 0127 ffff
3 0 0 0 0 1 0 1 0128 ffff
3 0 0 0 0 1 0 1 0129 ffff
3 0 0 0 0 1 0 1 012a ffff
3 0 0 0 0 1 0 1 012b ffff
3 0 0 0 0 1 0 1 012c ffff
3 0 0 0 0 1 0 1 012d ffff
3 0 0 0 0 1 0 1 012e ffff
3 0 0 0 0 1 0 1 012f ffff
3 0 0 0 0 1 0 1 0130 ffff
3 0 0 0 0 1 0 1 0131 ffff
3 0 0 0 0 1 0 1 0132 ffff
3 0 1 0 1 1 0 1 0133 ffff
3 0 0 0 1 1 1 1 0133 ffff
3 0 0 0 1 1 1 1 0133 ffff
3 0 1 0 1 1 1 1 0133 ffff
3 0 0 0 1 1 1 1 0133 ffff
3 0 1 0 1 1 1 1 0133 ffff
3 0 0 0 1 1 1 1 0133 ffff
3 0 0 0 1 1 1 1 0133 ffff
3 0 0 0 0 1 0 1 0133 ffff
3 0 0 0 0 1 0 1 0134 ffff
3 0 0 0 0 1 0 1 0135 ffff
3 0 0 0 0 1 0 1 0136 ffff
3 0 0 0 0 1 0 1 0137 ffff
3 0 0 0 0 1 0 1 0138 ffff
3 0 0 0 0 1 0 1 0139 ffff
3 0 1 0 1 1 0 1 013a ffff
3 0 0 0 1 1 1 1 013a ffff
3 0 0 0 1 1 1 1 013a ffff
3 0 0 0 1 1 1 1 013a ffff
3 0 0 0 0 1 0 1 013a ffff
3 0 0 0 0 1 0 1 013b ffff
3 0 0 0 0 1 0 1 013c ffff
3 0 0 0 0 1 0 1 013d ffff
3 0 0 0 0 1 0 1 013e ffff
3 0 0 0 0 1 0 1 013f ffff
3 0 0 0 0 1 0 1 0140 ffff
3 0 0 0 0 1 0 1 0141 ffff
3 0 1 0 1 1 0 1 0142 ffff
3 0 1 0 1 1 1 1 0142 ffff
3 0 0 0 1 1 1 1 0142 ffff
3 0 1 0 1 1 1 1 0142 ffff
3 0 0 0 1 1 1 1 0142 ffff
3 0 0 0 1 1 1 1 0142 ffff
3 0 1 0 1 1 1 1 0142 ffff
3 0 1 0 1 1 1 1 0142 ffff
3 0 1 0 1 1 1 1 0142 ffff
3 0 0 0 1 1 1 1 0142 ffff
3 0 0 0 1 1 1 1 0142 ffff
3 0 0 0 0 1 0 1 0142 ffff
3 0 0 0 0 1 0 1 0143 ffff
3 0 0 0 0 1 0 1 0144 ffff
3 0 0 0 0 1 0 1 0145 ffff
3 0 1 0 1 1 0 1 0146 ffff
3 0 0 0 1 1 1 1 0146 ffff
3 0 0 0 1 1 1 1 0146 ffff
3 0 0 0 1 1 1 1 0146 ffff
3 0 0 0 0 1 0 1 0146 ffff
3 0 0 0 0 1 0 1 0147 ffff
3 0 1 0 1 1 0 1 0148 ffff
3 0 0 0 1 1 1 1 0148 ffff
3 0 0 0 1 1 1 1 0148 ffff
3 0 0 0 1 1 1 1 0148 ffff
3 0 0 0 0 1 0 1 0148 ffff
3 0 1 0 1 1 0 1 0149 ffff
3 0 0 1 1 1 1 1 0149 ffff
3 0 1 0 1 1 1 1 0149 ffff
3 0 0 0 1 1 1 1 0149 ffff
3 0 0 0 1 1 1 1 0149 ffff
3 0 0 0 0 1 0 1 0149 ffff
3 0 0 0 0 1 0 1 014a ffff
3 0 1 0 1 1 0 1 014b ffff
3 0 0 0 1 1 1 1 014b ffff
3 0 0 0 1 1 1 1 014b ffff
3 0 0 0 1 1 1 1 014b ffff
3 0 1 0 1 1 1 1 014b ffff
3 0 0 0 1 1 1 1 014b ffff
3 0 0 0 1 1 1 1 014b ffff
3 0 1 0 1 1 1 1 014b ffff
3 0 0 0 1 1 1 1 014b ffff
3 0 0 0 1 1 1 1 014b ffff
3 0 1 0 1 1 1 1 014b ffff
3 0 0 0 1 1 1 1 014b ffff
3 0 0 0 1 1 1 1 014b ffff
3 0 0 0 0 1 0 1 014b ffff
3 0 0 0 0 1 0 1 014c ffff
3 0 1 0 1 1 0 1 014d ffff
3 0 0 0 1 1 1 1 014d ffff
3 0 0 0 1 1 1 1 014d ffff
3 0 0 0 1 1 1 1 014d ffff
3 0 0 0 0 1 0 1 014d ffff
3 0 0 0 0 1 0 1 014e ffff
3 0 0 0 0 1 0 1 014f ffff
3 0 0 0 0 1 0 1 0150 ffff
3 0 0 0 0 1 0 1 0151 ffff
3 0 0 0 0 1 0 1 0152 ffff
3 0 0 0 0 1 0 1 0153 ffff
3 0 0 0 0 1 0 1 0154 ffff
3 0 0 0 0 1 0 1 0155 ffff
3 0 1 0 1 1 0 1 0156 ffff
3 0 1 1 1 1 1 1 0156 ffff
3 0 0 0 1 1 1 1 0156 ffff
3 0 1 0 1 1 1 1 0156 ffff
3 0 0 0 1 1 1 1 0156 ffff
3 0 1 0 1 1 1 1 0156 ffff
3 0 0 0 1 1 1 1 0156 ffff
3 0 0 0 1 1 1 1 0156 ffff
3 0 0 0 0 1 0 1 0156 ffff
3 0 0 0 0 1 0 1 0157 ffff
3 0 1 0 1 1 0 1 0158 ffff
3 0 0 0 1 1 1 1 0158 ffff
3 0 0 0 1 1 1 1 0158 ffff
3 0 0 0 1 1 1 1 0158 ffff
3 0 0 0 0 1 0 1 0158 ffff
3 0 0 0 0 1 0 1 0159 ffff
3 0 1 0 1 1 0 1 015a ffff
3 0 0 0 1 1 1 1 015a ffff
3 0 0 0 1 1 1 1 015a ffff
3 0 0 0 1 1 1 1 015a ffff
3 0 0 0 0 1 0 1 015a ffff
3 0 1 0 1 1 0 1 015b ffff
3 0 0 0 1 1 1 1 015b ffff
3 0 0 0 1 1 1 1 015b ffff
3 0 1 0 1 1 1 1 015b ffff
3 0 0 0 1 1 1 1 015b ffff
3 0 0 0 1 1 1 1 015b ffff
3 0 0 0 0 1 0 1 015b ffff
3 0 1 0 1 1 0 1 015c ffff
3 0 0 0 1 1 1 1 015c ffff
3 0 0 0 1 1 1 1 015c ffff
3 0 1 0 1 1 1 1 015c ffff
3 0 0 0 1 1 1 1 015c ffff
3 0 0 0 1 1 1 1 015c ffff
3 0 1 0 1 1 1 1 015c ffff
3 0 0 0 1 1 1 1 015c ffff
3 0 1 0 1 1 1 1 015c ffff
3 0 0 0 1 1 1 1 015c ffff
3 0 0 0 1 1 1 1 015c ffff
3 0 0 0 0 1 0 1 015c ffff
3 0 0 0 0 1 0 1 015d ffff
3 0 1 0 1 1 0 1 015e ffff
3 0 1 0 1 1 1 1 015e ffff
3 0 0 0 1 1 1 1 015e ffff
3 0 0 0 1 1 1 1 015e ffff
3 0 0 0 0 1 0 1 015e ffff
3 0 0 0 0 1 0 1 015f ffff
3 0 0 0 0 1 0 1 0160 ffff
3 0 1 1 1 1 0 1 0161 ffff
3 0 0 0 1 1 1 1 0161 ffff
3 0 1 0 1 1 1 1 0161 ffff
3 0 1 0 1 1 1 1 0161 ffff
3 0 1 1 1 1 1 1 0161 ffff
3 0 1 0 1 1 1 1 0161 ffff
3 0 0 0 1 1 1 1 0161 ffff
3 0 1 0 1 1 1 1 0161 ffff
3 0 0 0 1 1 1 1 0161 ffff
3 0 0 0 1 1 1 1 0161 ffff
3 0 1 0 1 1 1 1 0161 ffff
3 0 0 0 1 1 1 1 0161 ffff
3 0 0 0 1 1 1 1 0161 ffff
3 0 0 0 0 1 0 1 0161 ffff
3 0 0 0 0 1 0 1 0162 ffff
3 0 0 0 0 1 0 1 0163 ffff
3 0 0 0 0 1 0 1 0164 ffff
3 0 0 0 0 1 0 1 0165 ffff
3 0 0 0 0 1 0 1 0166 ffff
3 0 1 0 1 1 0 1 0167 ffff
3 0 0 0 1 1 1 1 0167 ffff
3 0 1 0 1 1 1 1 0167 ffff
3 0 0 0 1 1 1 1 0167 ffff
3 0 0 0 1 1 1 1 0167 ffff
3 0 0 0 0 1 0 1 0167 ffff
3 0 0 0 0 1 0 1 0168 ffff
3 0 0 0 0 1 0 1 0169 ffff
3 0 0 0 0 1 0 1 016a ffff
3 0 0 0 0 1 0 1 016b ffff
3 0 0 0 0 1 0 1 016c ffff
3 0 0 0 0 1 0 1 016d ffff
3 0 0 0 0 1 0 1 016e ffff
3 0 0 0 0 1 0 1 016f ffff
3 0 1 0 1 1 0 1 0170 ffff
3 0 1 0 1 1 1 1 0170 ffff
3 0 0 0 1 1 1 1 0170 ffff
3 0 0 0 1 1 1 1 0170 ffff
3 0 0 0 0 1 0 1 0170 ffff
3 0 0 0 0 1 0 1 0171 ffff
3 0 0 0 0 1 0 1 0172 ffff
3 0 0 0 0 1 0 1 0173 ffff
3 0 0 0 0 1 0 1 0174 ffff
3 0 1 0 1 1 0 1 0175 ffff
3 0 0 0 1 1 1 1 0175 ffff
3 0 1 1 1 1 1 1 0175 ffff
3 0 0 0 1 1 1 1 0175 ffff
3 0 0 0 1 1 1 1 0175 ffff
3 0 0 0 0 1 0 1 0175 ffff
3 0 0 0 0 1 0 1 0176 ffff
3 0 1 0 1 1 0 1 0177 ffff
3 0 0 0 1 1 1 1 0177 ffff
3 0 1 0 1 1 1 1 0177 ffff
3 0 0 0 1 1 1 1 0177 ffff
3 0 1 0 1 1 1 1 0177 ffff
3 0 0 0 1 1 1 1 0177 ffff
3 0 0 0 1 1 1 1 0177 ffff
3 0 0 0 0 1 0 1 0177 ffff
3 0 0 0 0 1 0 1 0178 ffff
3 0 0 0 0 1 0 1 0179 ffff
3 0 0 0 0 1 0 1 017a ffff
3 0 0 0 0 1 0 1 017b ffff
3 0 0 0 0 1 0 1 017c ffff
3 0 1 0 1 1 0 1 017d ffff
3 0 0 0 1 1 1 1 017d ffff
3 0 0 0 1 1 1 1 017d ffff
3 0 0 0 1 1 1 1 017d ffff
3 0 1 0 1 1 1 1 017d ffff
3 0 0 0 1 1 1 1 017d ffff
3 0 0 0 1 1 1 1 017d ffff
3 0 0 0 0 1 0 1 017d ffff
3 0 0 0 0 1 0 1 017e ffff
3 0 0 0 0 1 0 1 017f ffff
3 0 0 0 0 1 0 1 0180 ffff
3 0 0 0 0 1 0 1 0181 ffff
3 0 0 0 0 1 0 1 0182 ffff
3 0 0 0 0 1 0 1 0183 ffff
3 0 0 0 0 1 0 1 0184 ffff
3 0 0 0 0 1 0 1 0185 ffff
3 0 0 0 0 1 0 1 0186 ffff
3 0 0 0 0 1 0 1 0187 ffff
3 0 0 0 0 1 0 1 0188 ffff
3 0 1 0 1 1 0 1 0189 ffff
3 0 1 0 1 1 1 1 0189 ffff
3 0 0 0 1 1 1 1 0189 ffff
3 0 0 0 1 1 1 1 0189 ffff
3 0 0 0 0 1 0 1 0189 ffff
3 0 0 0 0 1 0 1 018a ffff
3 0 1 0 1 1 0 1 018b ffff
3 0 0 0 1 1 1 1 018b ffff
3 0 0 0 1 1 1 1 018b ffff
3 0 0 0 1 1 1 1 018b ffff
3 0 0 0 0 1 0 1 018b ffff
3 0 1 0 1 1 0 1 018c ffff
3 0 0 0 1 1 1 1 018c ffff
3 0 0 0 1 1 1 1 018c ffff
3 0 0 0 1 1 1 1 018c ffff
3 0 0 0 0 1 0 1 018c ffff
3 0 1 0 1 1 0 1 018d ffff
3 0 0 0 1 1 1 1 018d ffff
3 0 0 0 1 1 1 1 018d ffff
3 0 0 0 1 1 1 1 018d ffff
3 0 0 0 0 1 0 1 018d ffff
3 0 1 0 1 1 0 1 018e ffff
3 0 1 0 1 1 1 1 018e ffff
3 0 1 0 1 1 1 1 018e ffff
3 0 0 0 1 1 1 1 018e ffff
3 0 0 0 1 1 1 1 018e ffff
3 0 1 0 1 1 1 1 018e ffff
3 0 0 0 1 1 1 1 018e ffff
3 0 0 0 1 1 1 1 018e ffff
3 0 0 0 0 1 0 1 018e ffff
3 0 0 0 0 1 0 1 018f ffff
3 0 1 0 1 1 0 1 0190 ffff
3 0 1 0 1 1 1 1 0190 ffff
3 0 0 0 1 1 1 1 0190 ffff
3 0 0 0 1 1 1 1 0190 ffff
3 0 1 0 1 1 1 1 0190 ffff
3 0 0 0 1 1 1 1 0190 ffff
3 0 0 0 1 1 1 1 0190 ffff
3 0 0 0 0 1 0 1 0190 ffff
3 0 0 0 0 1 0 1 0191 ffff
3 0 0 0 0 1 0 1 0192 ffff
3 0 1 0 1 1 0 1 0193 ffff
3 0 1 0 1 1 1 1 0193 ffff
3 0 0 0 1 1 1 1 0193 ffff
3 0 1 0 1 1 1 1 0193 ffff
3 0 0 0 1 1 1 1 0193 ffff
3 0 0 0 1 1 1 1 0193 ffff
3 0 0 1 1 1 1 1 0193 ffff
3 0 1 0 1 1 1 1 0193 ffff
3 0 0 0 1 1 1 1 0193 ffff
3 0 1 0 1 1 1 1 0193 ffff
3 0 0 0 1 1 1 1 0193 ffff
3 0 0 0 1 1 1 1 0193 ffff
3 0 0 0 0 1 0 1 0193 ffff
3 0 1 0 1 1 0 1 0194 ffff
3 0 1 0 1 1 1 1 0194 ffff
3 0 0 0 1 1 1 1 0194 ffff
3 0 0 0 1 1 1 1 0194 ffff
3 0 1 0 1 1 1 1 0194 ffff
3 0 0 0 1 1 1 1 0194 ffff
3 0 0 0 1 1 1 1 0194 ffff
3 0 1 0 1 1 1 1 0194 ffff
3 0 0 0 1 1 1 1 0194 ffff
3 0 1 0 1 1 1 1 0194 ffff
3 0 0 0 1 1 1 1 0194 ffff
3 0 0 0 1 1 1 1 0194 ffff
3 0 0 0 0 1 0 1 0194 ffff
3 0 1 0 1 1 0 1 0195 ffff
3 0 0 0 1 1 1 1 0195 ffff
3 0 1 0 1 1 1 1 0195 ffff
3 0 0 0 1 1 1 1 0195 ffff
3 0 0 0 1 1 1 1 0195 ffff
3 0 1 0 1 1 1 1 0195 ffff
3 0 0 0 1 1 1 1 0195 ffff
3 0 0 0 1 1 1 1 0195 ffff
3 0 1 0 1 1 1 1 0195 ffff
3 0 0 0 1 1 1 1 0195 ffff
3 0 1 0 1 1 1 1 0195 ffff
3 0 0 0 1 1 1 1 0195 ffff
3 0 1 0 1 1 1 1 0195 ffff
3 0 0 1 1 1 1 1 0195 ffff
3 0 1 0 1 1 1 1 0195 ffff
3 0 1 0 1 1 1 1 0195 ffff
3 0 0 0 1 1 1 1 0195 ffff
3 0 0 0 1 1 1 1 0195 ffff
3 0 1 0 1 1 1 1 0195 ffff
3 0 0 1 1 1 1 1 0195 ffff
3 0 0 0 1 1 1 1 0195 ffff
3 0 0 0 1 1 1 1 0195 ffff
3 0 0 0 0 1 0 1 0195 ffff
3 0 0 0 0 1 0 1 0196 ffff
3 0 0 0 0 1 0 1 0197 ffff
3 0 1 0 1 1 0 1 0198 ffff
3 0 0 0 1 1 1 1 0198 ffff
3 0 0 0 1 1 1 1 0198 ffff
3 0 0 0 1 1 1 1 0198 ffff
3 0 1 0 1 1 1 1 0198 ffff
3 0 1 0 1 1 1 1 0198 ffff
3 0 0 0 1 1 1 1 0198 ffff
3 0 1 0 1 1 1 1 0198 ffff
3 0 1 0 1 1 1 1 0198 ffff
3 0 0 0 1 1 1 1 0198 ffff
3 0 0 0 1 1 1 1 0198 ffff
3 0 1 0 1 1 1 1 0198 ffff
3 0 1 0 1 1 1 1 0198 ffff
3 0 0 0 1 1 1 1 0198 ffff
3 0 0 0 1 1 1 1 0198 ffff
3 0 0 0 0 1 0 1 0198 ffff
3 0 0 0 0 1 0 1 0199 ffff
3 0 0 0 0 1 0 1 019a ffff
3 0 0 0 0 1 0 1 019b ffff
3 0 0 0 0 1 0 1 019c ffff
3 0 1 0 1 1 0 1 019d ffff
3 0 0 0 1 1 1 1 019d ffff
3 0 0 0 1 1 1 1 019d ffff
3 0 0 0 1 1 1 1 019d ffff
3 0 0 0 0 1 0 1 019d ffff
3 0 1 0 1 1 0 1 019e ffff
3 0 0 0 1 1 1 1 019e ffff
3 0 0 0 1 1 1 1 019e ffff
3 0 0 0 1 1 1 1 019e ffff
3 0 0 0 0 1 0 1 019e ffff
3 0 0 0 0 1 0 1 019f ffff
3 0 0 0 0 1 0 1 01a0 ffff
3 0 0 0 0 1 0 1 01a1 ffff
3 0 0 0 0 1 0 1 01a2 ffff
3 0 0 0 0 1 0 1 01a3 ffff
3 0 0 1 1 1 0 1 01a4 ffff
3 0 0 0 1 1 1 1 01a4 ffff
3 0 0 1 1 1 1 1 01a4 ffff
3 0 1 0 1 1 1 1 01a4 ffff
3 0 0 0 1 1 1 1 01a4 ffff
3 0 0 0 1 1 1 1 01a4 ffff
3 0 0 0 0 1 0 1 01a4 ffff
3 0 0 0 0 1 0 1 01a5 ffff
3 0 1 0 1 1 0 1 01a6 ffff
3 0 0 0 1 1 1 1 01a6 ffff
3 1 1 0 0 1 0 1 0000 ffff
3 0 0 0 0 1 0 1 0001 ffff
3 0 1 0 1 1 0 1 0002 ffff
3 0 0 0 1 1 1 1 0002 ffff
3 0 1 0 1 1 1 1 0002 ffff
3 0 0 0 1 1 1 1 0002 ffff
3 0 1 0 1 1 1 1 0002 ffff
3 0 0 0 1 1 1 1 0002 ffff
3 0 0 0 1 1 1 1 0002 ffff
3 0 0 0 0 1 0 1 0002 ffff
3 0 0 0 0 1 0 1 0003 ffff
3 0 1 0 1 1 0 1 0004 ffff
3 0 0 0 1 1 1 1 0004 ffff
3 0 0 0 1 1 1 1 0004 ffff
3 0 0 0 1 1 1 1 0004 ffff
3 0 0 0 0 1 0 1 0004 ffff
3 0 0 0 0 1 0 1 0005 ffff
3 0 0 0 0 1 0 1 0006 ffff
3 0 0 0 0 1 0 1 0007 ffff
3 0 0 0 0 1 0 1 0008 ffff
3 0 0 0 0 1 0 1 0009 ffff
3 0 1 0 1 1 0 1 000a ffff
3 0 1 0 1 1 1 1 000a ffff
3 0 0 0 1 1 1 1 000a ffff
3 0 1 0 1 1 1 1 000a ffff
3 0 0 0 1 1 1 1 000a ffff
3 0 1 0 1 1 1 1 000a ffff
3 0 0 1 1 1 1 1 000a ffff
3 0 0 0 1 1 1 1 000a ffff
3 0 0 0 1 1 1 1 000a ffff
3 0 1 0 1 1 1 1 000a ffff
3 0 0 0 1 1 1 1 000a ffff
3 0 0 0 1 1 1 1 000a ffff
3 0 0 0 0 1 0 1 000a ffff
3 0 0 0 0 1 0 1 000b ffff
3 0 0 0 0 1 0 1 000c ffff
3 0 0 0 0 1 0 1 000d ffff
3 0 0 0 0 1 0 1 000e ffff
3 0 1 0 1 1 0 1 000f ffff
3 0 0 0 1 1 1 1 000f ffff
3 0 0 0 1 1 1 1 000f ffff
3 0 0 0 1 1 1 1 000f ffff
3 0 0 1 1 1 1 1 000f ffff
3 0 1 0 1 1 1 1 000f ffff
3 0 1 0 1 1 1 1 000f ffff
3 0 1 0 1 1 1 1 000f ffff
3 0 0 0 1 1 1 1 000f ffff
3 0 0 0 1 1 1 1 000f ffff
3 0 0 0 0 1 0 1 000f ffff
3 0 0 0 0 1 0 1 0010 ffff
3 0 1 0 1 1 0 1 0011 ffff
3 0 0 0 1 1 1 1 0011 ffff
3 0 0 0 1 1 1 1 0011 ffff
3 0 0 0 1 1 1 1 0011 ffff
3 0 1 0 1 1 1 1 0011 ffff
3 0 1 0 1 1 1 1 0011 ffff
3 0 0 0 1 1 1 1 0011 ffff
3 0 0 0 1 1 1 1 0011 ffff
3 0 0 0 0 1 0 1 0011 ffff
3 0 0 0 0 1 0 1 0012 ffff
3 0 0 0 0 1 0 1 0013 ffff
3 0 1 0 1 1 0 1 0014 ffff
3 0 0 0 1 1 1 1 0014 ffff
3 0 0 0 1 1 1 1 0014 ffff
3 0 1 0 1 1 1 1 0014 ffff
3 0 0 0 1 1 1 1 0014 ffff
3 0 1 0 1 1 1 1 0014 ffff
3 0 0 0 1 1 1 1 0014 ffff
3 0 0 0 1 1 1 1 0014 ffff
3 0 0 0 0 1 0 1 0014 ffff
3 0 0 0 0 1 0 1 0015 ffff
3 0 0 0 0 1 0 1 0016 ffff
3 0 0 0 0 1 0 1 0017 ffff
3 0 0 0 0 1 0 1 0018 ffff
3 0 1 0 1 1 0 1 0019 ffff
3 0 0 0 1 1 1 1 0019 ffff
3 0 1 0 1 1 1 1 0019 ffff
3 0 1 0 1 1 1 1 0019 ffff
3 0 0 0 1 1 1 1 0019 ffff
3 0 0 0 1 1 1 1 0019 ffff
3 0 0 0 0 1 0 1 0019 ffff
3 0 0 0 0 1 0 1 001a ffff
3 0 0 0 0 1 0 1 001b ffff
3 0 0 0 0 1 0 1 001c ffff
3 0 0 0 0 1 0 1 001d ffff
3 0 0 0 0 1 0 1 001e ffff
3 0 1 0 1 1 0 1 001f ffff
3 0 0 0 1 1 1 1 001f ffff
3 0 1 1 1 1 1 1 001f ffff
3 0 1 0 1 1 1 1 001f ffff
3 0 0 0 1 1 1 1 001f ffff
3 0 0 0 1 1 1 1 001f ffff
3 0 0 0 0 1 0 1 001f ffff
3 0 0 0 0 1 0 1 0020 ffff
3 0 0 0 0 1 0 1 0021 ffff
3 0 0 0 0 1 0 1 0022 ffff
3 0 0 0 0 1 0 1 0023 ffff
3 0 0 0 0 1 0 1 0024 ffff
3 0 0 0 0 1 0 1 0025 ffff
3 0 0 0 0 1 0 1 0026 ffff
3 0 0 0 0 1 0 1 0027 ffff
3 0 0 0 0 1 0 1 0028 ffff
3 0 0 0 0 1 0 1 0029 ffff
3 0 1 0 1 1 0 1 002a ffff
3 0 0 0 1 1 1 1 002a ffff
3 0 1 0 1 1 1 1 002a ffff
3 0 0 0 1 1 1 1 002a ffff
3 0 0 0 1 1 1 1 002a ffff
3 0 0 0 0 1 0 1 002a ffff
3 0 0 0 0 1 0 1 002b ffff
3 0 0 0 0 1 0 1 002c ffff
3 0 0 0 0 1 0 1 002d ffff
3 0 0 0 0 1 0 1 002e ffff
3 0 0 0 0 1 0 1 002f ffff
3 0 0 0 0 1 0 1 0030 ffff
3 0 0 1 1 1 0 1 0031 ffff
3 0 0 0 1 1 1 1 0031 ffff
3 0 1 0 1 1 1 1 0031 ffff
3 0 0 0 1 1 1 1 0031 ffff
3 0 0 0 1 1 1 1 0031 ffff
3 0 0 0 0 1 0 1 0031 ffff
3 0 0 0 0 1 0 1 0032 ffff
3 0 0 0 0 1 0 1 0033 ffff
3 0 0 0 0 1 0 1 0034 ffff
3 0 0 0 0 1 0 1 0035 ffff
3 0 0 0 0 1 0 1 0036 ffff
3 0 0 1 1 1 0 1 0037 ffff
3 0 0 0 1 1 1 1 0037 ffff
3 0 0 0 1 1 1 1 0037 ffff
3 0 0 0 1 1 1 1 0037 ffff
3 0 1 0 1 1 1 1 0037 ffff
3 0 0 0 1 1 1 1 0037 ffff
3 0 0 1 1 1 1 1 0037 ffff
3 0 0 0 1 1 1 1 0037 ffff
3 0 0 0 1 1 1 1 0037 ffff
3 0 0 0 0 1 0 1 0037 ffff
3 0 0 0 0 1 0 1 0038 ffff
3 0 0 0 0 1 0 1 0039 ffff
3 0 0 0 0 1 0 1 003a ffff
3 0 0 0 0 1 0 1 003b ffff
3 0 0 0 0 1 0 1 003c ffff
3 0 0 0 0 1 0 1 003d ffff
3 0 0 0 0 1 0 1 003e ffff
3 0 0 0 0 1 0 1 003f ffff
3 0 0 0 0 1 0 1 0040 ffff
3 0 0 0 0 1 0 1 0041 ffff
3 0 0 0 0 1 0 1 0042 ffff
3 0 0 0 0 1 0 1 0043 ffff
3 0 0 0 0 1 0 1 0044 ffff
3 0 0 0 0 1 0 1 0045 ffff
3 0 0 0 0 1 0 1 0046 ffff
3 0 0 0 0 1 0 1 0047 ffff
3 0 0 0 0 1 0 1 0048 ffff
3 0 1 0 1 1 0 1 0049 ffff
3 0 0 0 1 1 1 1 0049 ffff
3 0 0 0 1 1 1 1 0049 ffff
3 0 0 0 1 1 1 1 0049 ffff
3 0 0 0 0 1 0 1 0049 ffff
3 0 0 0 0 1 0 1 004a ffff
3 0 0 0 0 1 0 1 004b ffff
3 0 1 0 1 1 0 1 004c ffff
3 0 1 0 1 1 1 1 004c ffff
3 0 0 0 1 1 1 1 004c ffff
3 0 0 0 1 1 1 1 004c ffff
3 0 0 0 0 1 0 1 004c ffff
3 0 0 0 0 1 0 1 004d ffff
3 0 1 0 1 1 0 1 004e ffff
3 0 0 1 1 1 1 1 004e ffff
3 0 0 0 1 1 1 1 004e ffff
3 0 0 0 1 1 1 1 004e ffff
3 0 1 0 1 1 1 1 004e ffff
3 0 0 0 1 1 1 1 004e ffff
3 0 0 0 1 1 1 1 004e ffff
3 0 0 0 0 1 0 1 004e ffff
3 0 0 0 0 1 0 1 004f ffff
3 0 0 0 0 1 0 1 0050 ffff
3 0 1 0 1 1 0 1 0051 ffff
3 0 0 0 1 1 1 1 0051 ffff
3 0 1 0 1 1 1 1 0051 ffff
3 0 0 1 1 1 1 1 0051 ffff
3 0 0 0 1 1 1 1 0051 ffff
3 0 0 0 1 1 1 1 0051 ffff
3 0 0 0 0 1 0 1 0051 ffff
3 0 0 0 0 1 0 1 0052 ffff
3 0 1 0 1 1 0 1 0053 ffff
3 0 0 0 1 1 1 1 0053 ffff
3 0 0 0 1 1 1 1 0053 ffff
3 0 0 0 1 1 1 1 0053 ffff
3 0 0 0 0 1 0 1 0053 ffff
3 0 0 0 0 1 0 1 0054 ffff
3 0 1 0 1 1 0 1 0055 ffff
3 0 0 0 1 1 1 1 0055 ffff
3 0 1 0 1 1 1 1 0055 ffff
3 0 0 0 1 1 1 1 0055 ffff
3 0 1 0 1 1 1 1 0055 ffff
3 0 0 0 1 1 1 1 0055 ffff
3 0 1 0 1 1 1 1 0055 ffff
3 0 0 0 1 1 1 1 0055 ffff
3 0 1 0 1 1 1 1 0055 ffff
3 0 0 0 1 1 1 1 0055 ffff
3 0 0 0 1 1 1 1 0055 ffff
3 0 0 0 0 1 0 1 0055 ffff
3 0 0 0 0 1 0 1 0056 ffff
3 0 0 0 0 1 0 1 0057 ffff
3 0 0 0 0 1 0 1 0058 ffff
3 0 0 0 0 1 0 1 0059 ffff
3 0 0 0 0 1 0 1 005a ffff
3 0 0 0 0 1 0 1 005b ffff
3 0 0 0 0 1 0 1 005c ffff
3 0 1 0 1 1 0 1 005d ffff
3 0 1 0 1 1 1 1 005d ffff
3 0 0 0 1 1 1 1 005d ffff
3 0 0 0 1 1 1 1 005d ffff
3 0 0 0 0 1 0 1 005d ffff
3 0 0 0 0 1 0 1 005e ffff
3 0 0 1 1 1 0 1 005f ffff
3 0 0 0 1 1 1 1 005f ffff
3 0 0 0 1 1 1 1 005f ffff
3 0 0 0 1 1 1 1 005f ffff
3 0 0 0 0 1 0 1 005f ffff
3 0 1 0 1 1 0 1 0060 ffff
3 0 0 0 1 1 1 1 0060 ffff
3 0 0 0 1 1 1 1 0060 ffff
3 0 0 0 1 1 1 1 0060 ffff
3 0 0 0 0 1 0 1 0060 ffff
3 0 0 0 0 1 0 1 0061 ffff
3 0 0 0 0 1 0 1 0062 ffff
3 0 0 0 0 1 0 1 0063 ffff
3 0 1 0 1 1 0 1 0064 ffff
3 0 0 0 1 1 1 1 0064 ffff
3 0 0 0 1 1 1 1 0064 ffff
3 0 0 0 1 1 1 1 0064 ffff
3 0 1 0 1 1 1 1 0064 ffff
3 0 0 0 1 1 1 1 0064 ffff
3 0 0 0 1 1 1 1 0064 ffff
3 0 0 0 0 1 0 1 0064 ffff
3 0 1 0 1 1 0 1 0065 ffff
3 0 1 0 1 1 1 1 0065 ffff
3 0 1 0 1 1 1 1 0065 ffff
3 0 0 0 1 1 1 1 0065 ffff
3 0 0 0 1 1 1 1 0065 ffff
3 0 0 0 0 1 0 1 0065 ffff
3 0 0 0 0 1 0 1 0066 ffff
3 0 0 0 0 1 0 1 0067 ffff
3 0 0 0 0 1 0 1 0068 ffff
3 0 0 0 0 1 0 1 0069 ffff
3 0 0 0 0 1 0 1 006a ffff
3 0 0 0 0 1 0 1 006b ffff
3 0 1 0 1 1 0 1 006c ffff
3 0 0 0 1 1 1 1 006c ffff
3 0 1 0 1 1 1 1 006c ffff
3 0 0 0 1 1 1 1 006c ffff
3 0 0 0 1 1 1 1 006c ffff
3 0 0 0 0 1 0 1 006c ffff
3 0 0 0 0 1 0 1 006d ffff
3 0 1 0 1 1 0 1 006e ffff
3 0 0 0 1 1 1 1 006e ffff
3 0 0 0 1 1 1 1 006e ffff
3 0 0 0 1 1 1 1 006e ffff
3 0 0 0 0 1 0 1 006e ffff
3 0 0 0 0 1 0 1 006f ffff
3 0 0 0 0 1 0 1 0070 ffff
3 0 0 1 1 1 0 1 0071 ffff
3 0 1 0 1 1 1 1 0071 ffff
3 0 1 0 1 1 1 1 0071 ffff
3 0 0 0 1 1 1 1 0071 ffff
3 0 0 0 1 1 1 1 0071 ffff
3 0 1 0 1 1 1 1 0071 ffff
3 0 1 0 1 1 1 1 0071 ffff
3 0 0 0 1 1 1 1 0071 ffff
3 0 1 0 1 1 1 1 0071 ffff
3 0 0 0 1 1 1 1 0071 ffff
3 0 0 0 1 1 1 1 0071 ffff
3 0 0 0 0 1 0 1 0071 ffff
3 0 0 0 0 1 0 1 0072 ffff
3 0 0 0 0 1 0 1 0073 ffff
3 0 0 0 0 1 0 1 0074 ffff
3 0 1 0 1 1 0 1 0075 ffff
3 0 0 0 1 1 1 1 0075 ffff
3 0 0 0 1 1 1 1 0075 ffff
3 0 0 0 1 1 1 1 0075 ffff
3 0 0 0 0 1 0 1 0075 ffff
3 0 0 0 0 1 0 1 0076 ffff
3 0 0 0 0 1 0 1 0077 ffff
3 1 1 0 0 1 0 1 0000 ffff
3 0 0 0 0 1 0 1 0001 ffff
3 0 0 0 0 1 0 1 0002 ffff
3 0 0 0 0 1 0 1 0003 ffff
3 0 0 0 0 1 0 1 0004 ffff
3 0 0 0 0 1 0 1 0005 ffff
3 0 0 0 0 1 0 1 0006 ffff
3 0 0 0 0 1 0 1 0007 ffff
3 0 0 0 0 1 0 1 0008 ffff
3 0 1 0 1 1 0 1 0009 ffff
3 0 0 0 1 1 1 1 0009 ffff
3 0 0 0 1 1 1 1 0009 ffff
3 0 0 0 1 1 1 1 0009 ffff
3 0 0 0 0 1 0 1 0009 ffff
3 0 0 0 0 1 0 1 000a ffff
3 0 0 0 0 1 0 1 000b ffff
3 0 0 0 0 1 0 1 000c ffff
3 0 0 0 0 1 0 1 000d ffff
3 0 1 0 1 1 0 1 000e ffff
3 0 0 0 1 1 1 1 000e ffff
3 0 0 0 1 1 1 1 000e ffff
3 0 0 0 1 1 1 1 000e ffff
3 0 0 0 0 1 0 1 000e ffff
3 0 1 0 1 1 0 1 000f ffff
3 0 0 0 1 1 1 1 000f ffff
3 0 1 0 1 1 1 1 000f ffff
3 0 0 0 1 1 1 1 000f ffff
3 0 1 0 1 1 1 1 000f ffff
3 0 1 0 1 1 1 1 000f ffff
3 0 0 0 1 1 1 1 000f ffff
3 0 0 0 1 1 1 1 000f ffff
3 0 0 0 0 1 0 1 000f ffff
3 0 0 0 0 1 0 1 0010 ffff
3 0 0 0 0 1 0 1 0011 ffff
3 0 0 0 0 1 0 1 0012 ffff
3 0 1 0 1 1 0 1 0013 ffff
3 0 1 0 1 1 1 1 0013 ffff
3 0 1 0 1 1 1 1 0013 ffff
3 0 0 0 1 1 1 1 0013 ffff
3 0 1 0 1 1 1 1 0013 ffff
3 0 1 0 1 1 1 1 0013 ffff
3 0 0 0 1 1 1 1 0013 ffff
3 0 1 0 1 1 1 1 0013 ffff
3 0 0 0 1 1 1 1 0013 ffff
3 0 1 0 1 1 1 1 0013 ffff
3 0 0 0 1 1 1 1 0013 ffff
3 0 0 0 1 1 1 1 0013 ffff
3 0 1 0 1 1 1 1 0013 ffff
3 0 0 0 1 1 1 1 0013 ffff
3 0 0 0 1 1 1 1 0013 ffff
3 0 0 1 1 1 1 1 0013 ffff
3 0 0 0 1 1 1 1 0013 ffff
3 0 0 0 1 1 1 1 0013 ffff
3 0 0 0 0 1 0 1 0013 ffff
3 0 1 1 1 1 0 1 0014 ffff
3 0 0 0 1 1 1 1 0014 ffff
3 0 0 0 1 1 1 1 0014 ffff
3 0 0 0 1 1 1 1 0014 ffff
3 0 0 0 0 1 0 1 0014 ffff
3 0 1 0 1 1 0 1 0015 ffff
3 0 0 0 1 1 1 1 0015 ffff
3 0 0 0 1 1 1 1 0015 ffff
3 0 0 0 1 1 1 1 0015 ffff
3 0 0 0 0 1 0 1 0015 ffff
3 0 1 0 1 1 0 1 0016 ffff
3 0 0 0 1 1 1 1 0016 ffff
3 0 1 0 1 1 1 1 0016 ffff
3 0 0 0 1 1 1 1 0016 ffff
3 0 1 0 1 1 1 1 0016 ffff
3 0 1 0 1 1 1 1 0016 ffff
3 0 0 0 1 1 1 1 0016 ffff
3 0 1 0 1 1 1 1 0016 ffff
3 0 0 0 1 1 1 1 0016 ffff
3 0 0 0 1 1 1 1 0016 ffff
3 0 0 0 0 1 0 1 0016 ffff
3 0 0 0 0 1 0 1 0017 ffff
3 0 1 0 1 1 0 1 0018 ffff
3 0 0 0 1 1 1 1 0018 ffff
3 0 0 0 1 1 1 1 0018 ffff
3 0 0 0 1 1 1 1 0018 ffff
3 0 0 0 0 1 0 1 0018 ffff
3 0 1 0 1 1 0 1 0019 ffff
3 0 0 0 1 1 1 1 0019 ffff
3 0 1 0 1 1 1 1 0019 ffff
3 0 0 0 1 1 1 1 0019 ffff
3 0 0 0 1 1 1 1 0019 ffff
3 0 0 0 0 1 0 1 0019 ffff
3 0 0 0 0 1 0 1 001a ffff
3 0 1 0 1 1 0 1 001b ffff
3 0 1 0 1 1 1 1 001b ffff
3 0 0 0 1 1 1 1 001b ffff
3 0 1 1 1 1 1 1 001b ffff
3 0 0 0 1 1 1 1 001b ffff
3 0 0 0 1 1 1 1 001b ffff
3 0 0 0 0 1 0 1 001b ffff
3 0 0 0 0 1 0 1 001c ffff
3 0 0 0 0 1 0 1 001d ffff
3 0 0 0 0 1 0 1 001e ffff
3 0 0 0 0 1 0 1 001f ffff
3 0 0 0 0 1 0 1 0020 ffff
3 0 0 0 0 1 0 1 0021 ffff
3 0 0 0 0 1 0 1 0022 ffff
3 0 1 0 1 1 0 1 0023 ffff
3 0 0 0 1 1 1 1 0023 ffff
3 0 0 0 1 1 1 1 0023 ffff
3 0 0 0 1 1 1 1 0023 ffff
3 0 0 0 0 1 0 1 0023 ffff
3 0 1 0 1 1 0 1 0024 ffff
3 0 0 0 1 1 1 1 0024 ffff
3 0 0 0 1 1 1 1 0024 ffff
3 0 1 0 1 1 1 1 0024 ffff
3 0 0 0 1 1 1 1 0024 ffff
3 0 0 0 1 1 1 1 0024 ffff
3 0 1 0 1 1 1 1 0024 ffff
3 0 0 0 1 1 1 1 0024 ffff
3 0 0 0 1 1 1 1 0024 ffff
3 0 0 0 0 1 0 1 0024 ffff
3 0 0 0 0 1 0 1 0025 ffff
3 0 0 0 0 1 0 1 0026 ffff
3 0 1 0 1 1 0 1 0027 ffff
3 0 0 0 1 1 1 1 0027 ffff
3 0 0 0 1 1 1 1 0027 ffff
3 0 0 0 1 1 1 1 0027 ffff
3 0 0 0 0 1 0 1 0027 ffff
3 0 0 0 0 1 0 1 0028 ffff
3 0 1 0 1 1 0 1 0029 ffff
3 0 1 0 1 1 1 1 0029 ffff
3 0 1 0 1 1 1 1 0029 ffff
3 0 0 0 1 1 1 1 0029 ffff
3 0 0 0 1 1 1 1 0029 ffff
3 0 0 0 0 1 0 1 0029 ffff
3 0 0 0 0 1 0 1 002a ffff
3 0 0 0 0 1 0 1 002b ffff
3 0 0 0 0 1 0 1 002c ffff
3 0 0 0 0 1 0 1 002d ffff
3 0 0 0 0 1 0 1 002e ffff
3 0 1 0 1 1 0 1 002f ffff
3 0 1 0 1 1 1 1 002f ffff
3 0 1 0 1 1 1 1 002f ffff
3 0 0 0 1 1 1 1 002f ffff
3 0 0 0 1 1 1 1 002f ffff
3 0 0 0 0 1 0 1 002f ffff
3 0 0 0 0 1 0 1 0030 ffff
3 0 0 0 0 1 0 1 0031 ffff
3 0 0 0 0 1 0 1 0032 ffff
3 0 1 0 1 1 0 1 0033 ffff
3 0 0 0 1 1 1 1 0033 ffff
3 0 1 0 1 1 1 1 0033 ffff
3 0 0 0 1 1 1 1 0033 ffff
3 0 0 0 1 1 1 1 0033 ffff
3 0 0 0 0 1 0 1 0033 ffff
3 0 1 0 1 1 0 1 0034 ffff
3 0 0 0 1 1 1 1 0034 ffff
3 0 0 0 1 1 1 1 0034 ffff
3 0 0 0 1 1 1 1 0034 ffff
3 0 0 0 0 1 0 1 0034 ffff
3 0 0 0 0 1 0 1 0035 ffff
3 0 1 0 1 1 0 1 0036 ffff
3 0 0 0 1 1 1 1 0036 ffff
3 0 0 0 1 1 1 1 0036 ffff
3 0 1 0 1 1 1 1 0036 ffff
3 0 1 0 1 1 1 1 0036 ffff
3 0 1 0 1 1 1 1 0036 ffff
3 0 0 0 1 1 1 1 0036 ffff
3 0 1 0 1 1 1 1 0036 ffff
3 0 0 0 1 1 1 1 0036 ffff
3 0 0 0 1 1 1 1 0036 ffff
3 0 0 0 0 1 0 1 0036 ffff
3 0 1 0 1 1 0 1 0037 ffff
3 0 0 1 1 1 1 1 0037 ffff
3 0 1 0 1 1 1 1 0037 ffff
3 0 0 1 1 1 1 1 0037 ffff
3 0 0 0 1 1 1 1 0037 ffff
3 0 1 0 1 1 1 1 0037 ffff
3 0 0 0 1 1 1 1 0037 ffff
3 0 0 0 1 1 1 1 0037 ffff
3 0 1 0 1 1 1 1 0037 ffff
3 0 0 0 1 1 1 1 0037 ffff
3 0 1 0 1 1 1 1 0037 ffff
3 0 1 0 1 1 1 1 0037 ffff
3 0 1 0 1 1 1 1 0037 ffff
3 0 0 0 1 1 1 1 0037 ffff
3 0 1 1 1 1 1 1 0037 ffff
3 0 0 0 1 1 1 1 0037 ffff
3 0 0 1 1 1 1 1 0037 ffff
3 0 1 0 1 1 1 1 0037 ffff
3 0 1 0 1 1 1 1 0037 ffff
3 0 1 0 1 1 1 1 0037 ffff
3 0 1 0 1 1 1 1 0037 ffff
3 0 0 0 1 1 1 1 0037 ffff
3 0 0 0 1 1 1 1 0037 ffff
3 0 0 0 0 1 0 1 0037 ffff
3 0 0 0 0 1 0 1 0038 ffff
3 0 0 0 0 1 0 1 0039 ffff
3 0 1 0 1 1 0 1 003a ffff
3 0 0 0 1 1 1 1 003a ffff
3 0 0 0 1 1 1 1 003a ffff
3 0 1 0 1 1 1 1 003a ffff
3 0 1 0 1 1 1 1 003a ffff
3 0 0 1 1 1 1 1 003a ffff
3 0 0 0 1 1 1 1 003a ffff
3 0 0 0 1 1 1 1 003a ffff
3 0 0 0 0 1 0 1 003a ffff
3 0 0 0 0 1 0 1 003b ffff
3 0 0 0 0 1 0 1 003c ffff
3 0 1 0 1 1 0 1 003d ffff
3 0 1 0 1 1 1 1 003d ffff
3 0 1 0 1 1 1 1 003d ffff
3 0 0 0 1 1 1 1 003d ffff
3 0 0 0 1 1 1 1 003d ffff
3 0 0 0 0 1 0 1 003d ffff
3 0 0 0 0 1 0 1 003e ffff
3 0 1 1 1 1 0 1 003f ffff
3 0 0 0 1 1 1 1 003f ffff
3 0 1 0 1 1 1 1 003f ffff
3 0 1 1 1 1 1 1 003f ffff
3 0 1 0 1 1 1 1 003f ffff
3 0 1 0 1 1 1 1 003f ffff
3 0 0 0 1 1 1 1 003f ffff
3 0 0 0 1 1 1 1 003f ffff
3 0 1 0 1 1 1 1 003f ffff
3 0 0 0 1 1 1 1 003f ffff
3 0 0 0 1 1 1 1 003f ffff
3 0 0 0 0 1 0 1 003f ffff
3 0 1 0 1 1 0 1 0040 ffff
3 0 0 0 1 1 1 1 0040 ffff
3 0 0 0 1 1 1 1 0040 ffff
3 0 0 0 1 1 1 1 0040 ffff
3 0 1 0 1 1 1 1 0040 ffff
3 0 1 0 1 1 1 1 0040 ffff
3 0 0 0 1 1 1 1 0040 ffff
3 0 0 0 1 1 1 1 0040 ffff
3 0 0 0 0 1 0 1 0040 ffff
3 0 1 0 1 1 0 1 0041 ffff
3 0 0 0 1 1 1 1 0041 ffff
3 0 1 0 1 1 1 1 0041 ffff
3 0 1 0 1 1 1 1 0041 ffff
3 0 0 0 1 1 1 1 0041 ffff
3 0 0 0 1 1 1 1 0041 ffff
3 0 1 1 1 1 1 1 0041 ffff
3 0 0 0 1 1 1 1 0041 ffff
3 0 0 0 1 1 1 1 0041 ffff
3 0 0 0 0 1 0 1 0041 ffff
3 0 1 0 1 1 0 1 0042 ffff
3 0 0 0 1 1 1 1 0042 ffff
3 0 0 0 1 1 1 1 0042 ffff
3 0 0 0 1 1 1 1 0042 ffff
3 0 0 0 0 1 0 1 0042 ffff
3 0 0 0 0 1 0 1 0043 ffff
3 0 0 0 0 1 0 1 0044 ffff
3 0 0 0 0 1 0 1 0045 ffff
3 0 0 0 0 1 0 1 0046 ffff
3 0 0 0 0 1 0 1 0047 ffff
3 0 0 0 0 1 0 1 0048 ffff
3 0 0 0 0 1 0 1 0049 ffff
3 0 1 0 1 1 0 1 004a ffff
3 0 0 0 1 1 1 1 004a ffff
3 0 0 0 1 1 1 1 004a ffff
3 0 0 0 1 1 1 1 004a ffff
3 0 0 0 0 1 0 1 004a ffff
3 0 1 0 1 1 0 1 004b ffff
3 0 1 0 1 1 1 1 004b ffff
3 0 0 0 1 1 1 1 004b ffff
3 0 1 0 1 1 1 1 004b ffff
3 0 0 0 1 1 1 1 004b ffff
3 0 0 0 1 1 1 1 004b ffff
3 0 0 0 0 1 0 1 004b ffff
3 0 0 0 0 1 0 1 004c ffff
3 0 0 0 0 1 0 1 004d ffff
3 0 0 0 0 1 0 1 004e ffff
3 0 0 0 0 1 0 1 004f ffff
3 0 1 1 1 1 0 1 0050 ffff
3 0 0 0 1 1 1 1 0050 ffff
3 0 0 0 1 1 1 1 0050 ffff
3 0 0 0 1 1 1 1 0050 ffff
3 0 0 0 0 1 0 1 0050 ffff
3 0 1 0 1 1 0 1 0051 ffff
3 0 0 0 1 1 1 1 0051 ffff
3 0 0 0 1 1 1 1 0051 ffff
3 0 0 0 1 1 1 1 0051 ffff
3 0 0 0 0 1 0 1 0051 ffff
3 0 0 0 0 1 0 1 0052 ffff
3 0 0 0 0 1 0 1 0053 ffff
3 0 0 0 0 1 0 1 0054 ffff
3 0 0 0 0 1 0 1 0055 ffff
3 0 1 0 1 1 0 1 0056 ffff
3 0 1 0 1 1 1 1 0056 ffff
3 0 1 0 1 1 1 1 0056 ffff
3 0 0 0 1 1 1 1 0056 ffff
3 0 0 0 1 1 1 1 0056 ffff
3 0 0 0 0 1 0 1 0056 ffff
3 0 0 0 0 1 0 1 0057 ffff
3 0 0 0 0 1 0 1 0058 ffff
3 0 0 0 0 1 0 1 0059 ffff
3 0 0 0 0 1 0 1 005a ffff
3 0 0 0 0 1 0 1 005b ffff
3 0 0 0 0 1 0 1 005c ffff
3 0 0 1 1 1 0 1 005d ffff
3 0 0 0 1 1 1 1 005d ffff
3 0 1 0 1 1 1 1 005d ffff
3 0 0 0 1 1 1 1 005d ffff
3 0 0 0 1 1 1 1 005d ffff
3 0 0 0 0 1 0 1 005d ffff
3 0 1 0 1 1 0 1 005e ffff
3 0 0 1 1 1 1 1 005e ffff
3 0 0 0 1 1 1 1 005e ffff
3 0 0 0 1 1 1 1 005e ffff
3 0 0 0 0 1 0 1 005e ffff
3 0 1 0 1 1 0 1 005f ffff
3 0 0 0 1 1 1 1 005f ffff
3 0 0 0 1 1 1 1 005f ffff
3 0 0 0 1 1 1 1 005f ffff
3 0 0 0 0 1 0 1 005f ffff
3 0 0 0 0 1 0 1 0060 ffff
3 0 1 0 1 1 0 1 0061 ffff
3 0 0 0 1 1 1 1 0061 ffff
3 0 0 0 1 1 1 1 0061 ffff
3 0 1 0 1 1 1 1 0061 ffff
3 0 0 0 1 1 1 1 0061 ffff
3 0 0 0 1 1 1 1 0061 ffff
3 0 0 0 0 1 0 1 0061 ffff
3 0 0 0 0 1 0 1 0062 ffff
3 0 0 0 0 1 0 1 0063 ffff
3 0 0 0 0 1 0 1 0064 ffff
3 0 1 0 1 1 0 1 0065 ffff
3 0 0 0 1 1 1 1 0065 ffff
3 0 1 0 1 1 1 1 0065 ffff
3 0 0 0 1 1 1 1 0065 ffff
3 0 0 0 1 1 1 1 0065 ffff
3 0 1 0 1 1 1 1 0065 ffff
3 0 0 0 1 1 1 1 0065 ffff
3 0 0 0 1 1 1 1 0065 ffff
3 0 1 0 1 1 1 1 0065 ffff
3 0 0 0 1 1 1 1 0065 ffff
3 0 0 0 1 1 1 1 0065 ffff
3 0 0 0 0 1 0 1 0065 ffff
3 0 1 0 1 1 0 1 0066 ffff
3 0 1 0 1 1 1 1 0066 ffff
3 0 0 0 1 1 1 1 0066 ffff
3 0 0 0 1 1 1 1 0066 ffff
3 0 0 0 0 1 0 1 0066 ffff
3 0 0 1 1 1 0 1 0067 ffff
3 0 1 0 1 1 1 1 0067 ffff
3 0 0 0 1 1 1 1 0067 ffff
3 0 0 0 1 1 1 1 0067 ffff
3 0 1 0 1 1 1 1 0067 ffff
3 0 0 0 1 1 1 1 0067 ffff
3 0 0 0 1 1 1 1 0067 ffff
3 0 1 0 1 1 1 1 0067 ffff
3 0 0 0 1 1 1 1 0067 ffff
3 0 1 0 1 1 1 1 0067 ffff
3 0 1 0 1 1 1 1 0067 ffff
3 0 1 0 1 1 1 1 0067 ffff
3 0 1 0 1 1 1 1 0067 ffff
3 0 0 0 1 1 1 1 0067 ffff
3 0 0 0 1 1 1 1 0067 ffff
3 0 0 0 0 1 0 1 0067 ffff
3 0 0 0 0 1 0 1 0068 ffff
3 0 0 0 0 1 0 1 0069 ffff
3 0 0 0 0 1 0 1 006a ffff
3 0 0 0 0 1 0 1 006b ffff
3 0 0 0 0 1 0 1 006c ffff
3 0 1 0 1 1 0 1 006d ffff
3 0 0 0 1 1 1 1 006d ffff
3 0 0 0 1 1 1 1 006d ffff
3 0 0 0 1 1 1 1 006d ffff
3 0 0 0 0 1 0 1 006d ffff
3 0 0 0 0 1 0 1 006e ffff
3 0 1 0 1 1 0 1 006f ffff
3 0 0 0 1 1 1 1 006f ffff
3 0 0 0 1 1 1 1 006f ffff
3 0 0 0 1 1 1 1 006f ffff
3 0 1 0 1 1 1 1 006f ffff
3 0 0 0 1 1 1 1 006f ffff
3 0 0 0 1 1 1 1 006f ffff
3 0 0 0 0 1 0 1 006f ffff
3 0 0 0 0 1 0 1 0070 ffff
3 0 0 0 0 1 0 1 0071 ffff
3 0 0 0 0 1 0 1 0072 ffff
3 0 1 0 1 1 0 1 0073 ffff
3 0 0 0 1 1 1 1 0073 ffff
3 0 0 0 1 1 1 1 0073 ffff
3 0 0 0 1 1 1 1 0073 ffff
3 0 0 1 1 1 1 1 0073 ffff
3 0 0 0 1 1 1 1 0073 ffff
3 0 0 0 1 1 1 1 0073 ffff
3 0 0 0 0 1 0 1 0073 ffff
3 0 0 1 1 1 0 1 0074 ffff
3 0 0 0 1 1 1 1 0074 ffff
3 0 1 0 1 1 1 1 0074 ffff
3 0 0 0 1 1 1 1 0074 ffff
3 0 0 0 1 1 1 1 0074 ffff
3 0 1 0 1 1 1 1 0074 ffff
3 0 0 0 1 1 1 1 0074 ffff
3 0 1 0 1 1 1 1 0074 ffff
3 0 0 0 1 1 1 1 0074 ffff
3 0 0 0 1 1 1 1 0074 ffff
3 0 0 0 0 1 0 1 0074 ffff
3 0 1 0 1 1 0 1 0075 ffff
3 0 0 0 1 1 1 1 0075 ffff
3 0 0 0 1 1 1 1 0075 ffff
3 0 1 0 1 1 1 1 0075 ffff
3 0 1 0 1 1 1 1 0075 ffff
3 0 1 0 1 1 1 1 0075 ffff
3 0 0 0 1 1 1 1 0075 ffff
3 0 0 0 1 1 1 1 0075 ffff
3 0 0 0 0 1 0 1 0075 ffff
3 0 1 0 1 1 0 1 0076 ffff
3 0 0 0 1 1 1 1 0076 ffff
3 0 1 0 1 1 1 1 0076 ffff
3 0 1 0 1 1 1 1 0076 ffff
3 0 1 0 1 1 1 1 0076 ffff
3 0 0 0 1 1 1 1 0076 ffff
3 0 0 0 1 1 1 1 0076 ffff
3 0 0 0 0 1 0 1 0076 ffff
3 0 1 0 1 1 0 1 0077 ffff
3 0 0 0 1 1 1 1 0077 ffff
3 0 0 0 1 1 1 1 0077 ffff
3 0 0 0 1 1 1 1 0077 ffff
3 0 1 0 1 1 1 1 0077 ffff
3 0 1 0 1 1 1 1 0077 ffff
3 0 0 0 1 1 1 1 0077 ffff
3 0 0 0 1 1 1 1 0077 ffff
3 0 0 0 0 1 0 1 0077 ffff
3 0 1 0 1 1 0 1 0078 ffff
3 0 0 1 1 1 1 1 0078 ffff
3 1 1 0 0 1 0 1 0000 ffff
3 0 0 0 0 1 0 1 0001 ffff
3 0 1 0 1 1 0 1 0002 ffff
3 0 1 0 1 1 1 1 0002 ffff
3 0 0 0 1 1 1 1 0002 ffff
3 0 0 0 1 1 1 1 0002 ffff
3 0 1 0 1 1 1 1 0002 ffff
3 0 0 0 1 1 1 1 0002 ffff
3 0 1 0 1 1 1 1 0002 ffff
3 0 0 0 1 1 1 1 0002 ffff
3 0 1 0 1 1 1 1 0002 ffff
3 0 1 0 1 1 1 1 0002 ffff
3 0 0 0 1 1 1 1 0002 ffff
3 0 0 0 1 1 1 1 0002 ffff
3 0 0 0 0 1 0 1 0002 ffff
3 0 0 0 0 1 0 1 0003 ffff
3 0 0 0 0 1 0 1 0004 ffff
3 0 0 0 0 1 0 1 0005 ffff
3 0 0 0 0 1 0 1 0006 ffff
3 0 1 0 1 1 0 1 0007 ffff
3 0 0 0 1 1 1 1 0007 ffff
3 0 0 0 1 1 1 1 0007 ffff
3 0 0 0 1 1 1 1 0007 ffff
3 0 0 0 0 1 0 1 0007 ffff
3 0 0 1 1 1 0 1 0008 ffff
3 0 0 0 1 1 1 1 0008 ffff
3 0 0 0 1 1 1 1 0008 ffff
3 0 0 0 1 1 1 1 0008 ffff
3 0 0 0 0 1 0 1 0008 ffff
3 0 0 0 0 1 0 1 0009 ffff
3 0 0 0 0 1 0 1 000a ffff
3 0 1 0 1 1 0 1 000b ffff
3 0 0 0 1 1 1 1 000b ffff
3 0 0 0 1 1 1 1 000b ffff
3 0 0 0 1 1 1 1 000b ffff
3 0 0 0 0 1 0 1 000b ffff
3 0 1 0 1 1 0 1 000c ffff
3 0 0 0 1 1 1 1 000c ffff
3 0 0 0 1 1 1 1 000c ffff
3 0 0 0 1 1 1 1 000c ffff
3 0 0 0 0 1 0 1 000c ffff
3 0 0 0 0 1 0 1 000d ffff
3 0 0 0 0 1 0 1 000e ffff
3 0 0 0 0 1 0 1 000f ffff
3 0 0 0 0 1 0 1 0010 ffff
3 0 0 0 0 1 0 1 0011 ffff
3 0 0 0 0 1 0 1 0012 ffff
3 0 0 0 0 1 0 1 0013 ffff
3 0 1 0 1 1 0 1 0014 ffff
3 0 0 0 1 1 1 1 0014 ffff
3 0 1 0 1 1 1 1 0014 ffff
3 0 1 0 1 1 1 1 0014 ffff
3 0 1 0 1 1 1 1 0014 ffff
3 0 1 0 1 1 1 1 0014 ffff
3 0 0 0 1 1 1 1 0014 ffff
3 0 0 0 1 1 1 1 0014 ffff
3 0 0 0 0 1 0 1 0014 ffff
3 0 1 0 1 1 0 1 0015 ffff
3 0 1 0 1 1 1 1 0015 ffff
3 0 1 0 1 1 1 1 0015 ffff
3 0 1 0 1 1 1 1 0015 ffff
3 0 1 0 1 1 1 1 0015 ffff
3 0 1 0 1 1 1 1 0015 ffff
3 0 1 0 1 1 1 1 0015 ffff
3 0 0 0 1 1 1 1 0015 ffff
3 0 0 0 1 1 1 1 0015 ffff
3 0 0 0 0 1 0 1 0015 ffff
3 0 1 0 1 1 0 1 0016 ffff
3 0 0 0 1 1 1 1 0016 ffff
3 0 0 0 1 1 1 1 0016 ffff
3 0 0 0 1 1 1 1 0016 ffff
3 0 0 0 0 1 0 1 0016 ffff
3 0 1 0 1 1 0 1 0017 ffff
3 0 0 0 1 1 1 1 0017 ffff
3 0 0 0 1 1 1 1 0017 ffff
3 0 0 0 1 1 1 1 0017 ffff
3 0 0 0 0 1 0 1 0017 ffff
3 0 1 0 1 1 0 1 0018 ffff
3 0 0 0 1 1 1 1 0018 ffff
3 0 1 0 1 1 1 1 0018 ffff
3 0 0 0 1 1 1 1 0018 ffff
3 0 0 1 1 1 1 1 0018 ffff
3 0 1 0 1 1 1 1 0018 ffff
3 0 1 0 1 1 1 1 0018 ffff
3 0 1 0 1 1 1 1 0018 ffff
3 0 0 0 1 1 1 1 0018 ffff
3 0 1 0 1 1 1 1 0018 ffff
3 0 0 0 1 1 1 1 0018 ffff
3 0 1 0 1 1 1 1 0018 ffff
3 0 1 0 1 1 1 1 0018 ffff
3 0 0 0 1 1 1 1 0018 ffff
3 0 0 1 1 1 1 1 0018 ffff
3 0 0 0 1 1 1 1 0018 ffff
3 0 1 0 1 1 1 1 0018 ffff
3 0 0 0 1 1 1 1 0018 ffff
3 0 1 0 1 1 1 1 0018 ffff
3 0 0 0 1 1 1 1 0018 ffff
3 0 0 1 1 1 1 1 0018 ffff
3 0 0 0 1 1 1 1 0018 ffff
3 0 1 0 1 1 1 1 0018 ffff
3 0 0 0 1 1 1 1 0018 ffff
3 0 0 0 1 1 1 1 0018 ffff
3 0 0 0 0 1 0 1 0018 ffff
3 0 1 0 1 1 0 1 0019 ffff
3 0 1 0 1 1 1 1 0019 ffff
3 0 1 0 1 1 1 1 0019 ffff
3 0 1 0 1 1 1 1 0019 ffff
3 0 1 0 1 1 1 1 0019 ffff
3 0 1 0 1 1 1 1 0019 ffff
3 0 0 0 1 1 1 1 0019 ffff
3 0 0 0 1 1 1 1 0019 ffff
3 0 0 0 0 1 0 1 0019 ffff
3 0 0 0 0 1 0 1 001a ffff
3 0 1 0 1 1 0 1 001b ffff
3 0 0 0 1 1 1 1 001b ffff
3 0 0 0 1 1 1 1 001b ffff
3 0 0 0 1 1 1 1 001b ffff
3 0 0 0 0 1 0 1 001b ffff
3 0 0 0 0 1 0 1 001c ffff
3 0 0 0 0 1 0 1 001d ffff
3 0 1 0 1 1 0 1 001e ffff
3 0 0 1 1 1 1 1 001e ffff
3 0 0 0 1 1 1 1 001e ffff
3 0 1 0 1 1 1 1 001e ffff
3 0 0 0 1 1 1 1 001e ffff
3 0 0 0 1 1 1 1 001e ffff
3 0 0 0 0 1 0 1 001e ffff
3 0 0 0 0 1 0 1 001f ffff
3 0 0 0 0 1 0 1 0020 ffff
3 0 0 0 0 1 0 1 0021 ffff
3 0 0 0 0 1 0 1 0022 ffff
3 0 0 0 0 1 0 1 0023 ffff
3 0 0 0 0 1 0 1 0024 ffff
3 0 0 0 0 1 0 1 0025 ffff
3 0 0 0 0 1 0 1 0026 ffff
3 0 0 0 0 1 0 1 0027 ffff
3 0 0 0 0 1 0 1 0028 ffff
3 0 0 0 0 1 0 1 0029 ffff
3 0 1 0 1 1 0 1 002a ffff
3 0 0 0 1 1 1 1 002a ffff
3 0 0 0 1 1 1 1 002a ffff
3 0 1 0 1 1 1 1 002a ffff
3 0 0 0 1 1 1 1 002a ffff
3 0 0 0 1 1 1 1 002a ffff
3 0 0 0 0 1 0 1 002a ffff
3 0 0 0 0 1 0 1 002b ffff
3 0 0 0 0 1 0 1 002c ffff
3 0 0 0 0 1 0 1 002d ffff
3 0 0 0 0 1 0 1 002e ffff
3 0 0 0 0 1 0 1 002f ffff
3 0 0 0 0 1 0 1 0030 ffff
3 0 0 0 0 1 0 1 0031 ffff
3 0 0 0 0 1 0 1 0032 ffff
3 0 1 0 1 1 0 1 0033 ffff
3 0 0 0 1 1 1 1 0033 ffff
3 0 1 0 1 1 1 1 0033 ffff
3 0 0 0 1 1 1 1 0033 ffff
3 0 0 0 1 1 1 1 0033 ffff
3 0 0 0 0 1 0 1 0033 ffff
3 0 0 0 0 1 0 1 0034 ffff
3 0 1 0 1 1 0 1 0035 ffff
3 0 1 0 1 1 1 1 0035 ffff
3 0 1 0 1 1 1 1 0035 ffff
3 0 0 0 1 1 1 1 0035 ffff
3 0 0 0 1 1 1 1 0035 ffff
3 0 0 0 0 1 0 1 0035 ffff
3 0 1 0 1 1 0 1 0036 ffff
3 0 0 0 1 1 1 1 0036 ffff
3 0 0 0 1 1 1 1 0036 ffff
3 0 0 0 1 1 1 1 0036 ffff
3 0 0 0 0 1 0 1 0036 ffff
3 0 0 0 0 1 0 1 0037 ffff
3 0 0 0 0 1 0 1 0038 ffff
3 0 1 0 1 1 0 1 0039 ffff
3 0 0 0 1 1 1 1 0039 ffff
3 0 0 0 1 1 1 1 0039 ffff
3 0 0 0 1 1 1 1 0039 ffff
3 0 0 0 0 1 0 1 0039 ffff
3 0 0 0 0 1 0 1 003a ffff
3 0 0 0 0 1 0 1 003b ffff
3 0 0 0 0 1 0 1 003c ffff
3 0 0 0 0 1 0 1 003d ffff
3 0 0 0 0 1 0 1 003e ffff
3 0 0 0 0 1 0 1 003f ffff
3 0 0 0 0 1 0 1 0040 ffff
3 0 0 0 0 1 0 1 0041 ffff
3 0 0 0 0 1 0 1 0042 ffff
3 0 0 0 0 1 0 1 0043 ffff
3 0 0 0 0 1 0 1 0044 ffff
3 0 0 0 0 1 0 1 0045 ffff
3 0 1 0 1 1 0 1 0046 ffff
3 0 0 0 1 1 1 1 0046 ffff
3 0 1 0 1 1 1 1 0046 ffff
3 0 0 0 1 1 1 1 0046 ffff
3 0 1 0 1 1 1 1 0046 ffff
3 0 1 0 1 1 1 1 0046 ffff
3 0 0 0 1 1 1 1 0046 ffff
3 0 1 0 1 1 1 1 0046 ffff
3 0 0 0 1 1 1 1 0046 ffff
3 0 1 0 1 1 1 1 0046 ffff
3 0 0 0 1 1 1 1 0046 ffff
3 0 0 0 1 1 1 1 0046 ffff
3 0 0 0 0 1 0 1 0046 ffff
3 0 0 0 0 1 0 1 0047 ffff
3 0 0 0 0 1 0 1 0048 ffff
3 0 0 0 0 1 0 1 0049 ffff
3 0 1 0 1 1 0 1 004a ffff
3 0 0 0 1 1 1 1 004a ffff
3 0 1 0 1 1 1 1 004a ffff
3 0 1 0 1 1 1 1 004a ffff
3 0 0 0 1 1 1 1 004a ffff
3 0 0 0 1 1 1 1 004a ffff
3 0 0 0 0 1 0 1 004a ffff
3 0 0 0 0 1 0 1 004b ffff
3 0 1 0 1 1 0 1 004c ffff
3 0 0 0 1 1 1 1 004c ffff
3 0 0 0 1 1 1 1 004c ffff
3 0 0 0 1 1 1 1 004c ffff
3 0 0 0 0 1 0 1 004c ffff
3 0 1 0 1 1 0 1 004d ffff
3 0 1 0 1 1 1 1 004d ffff
3 0 0 0 1 1 1 1 004d ffff
3 0 0 0 1 1 1 1 004d ffff
3 0 1 0 1 1 1 1 004d ffff
3 0 0 0 1 1 1 1 004d ffff
3 0 1 0 1 1 1 1 004d ffff
3 0 0 0 1 1 1 1 004d ffff
3 0 1 0 1 1 1 1 004d ffff
3 0 0 0 1 1 1 1 004d ffff
3 0 1 0 1 1 1 1 004d ffff
3 0 1 0 1 1 1 1 004d ffff
3 0 0 0 1 1 1 1 004d ffff
3 0 0 0 1 1 1 1 004d ffff
3 0 0 0 0 1 0 1 004d ffff
3 0 0 0 0 1 0 1 004e ffff
3 0 0 0 0 1 0 1 004f ffff
3 0 0 0 0 1 0 1 0050 ffff
3 0 0 0 0 1 0 1 0051 ffff
3 0 0 0 0 1 0 1 0052 ffff
3 0 0 0 0 1 0 1 0053 ffff
3 0 0 0 0 1 0 1 0054 ffff
3 0 0 0 0 1 0 1 0055 ffff
3 0 1 0 1 1 0 1 0056 ffff
3 0 1 0 1 1 1 1 0056 ffff
3 0 0 1 1 1 1 1 0056 ffff
3 0 0 0 1 1 1 1 0056 ffff
3 0 0 0 1 1 1 1 0056 ffff
3 0 0 0 0 1 0 1 0056 ffff
3 0 1 0 1 1 0 1 0057 ffff
3 0 0 0 1 1 1 1 0057 ffff
3 0 0 0 1 1 1 1 0057 ffff
3 0 0 0 1 1 1 1 0057 ffff
3 0 0 0 0 1 0 1 0057 ffff
3 0 0 0 0 1 0 1 0058 ffff
3 0 0 0 0 1 0 1 0059 ffff
3 0 0 0 0 1 0 1 005a ffff
3 0 0 0 0 1 0 1 005b ffff
3 0 0 0 0 1 0 1 005c ffff
3 0 1 0 1 1 0 1 005d ffff
3 0 1 0 1 1 1 1 005d ffff
3 0 0 0 1 1 1 1 005d ffff
3 0 0 0 1 1 1 1 005d ffff
3 0 0 0 0 1 0 1 005d ffff
3 0 1 0 1 1 0 1 005e ffff
3 0 0 0 1 1 1 1 005e ffff
3 0 0 0 1 1 1 1 005e ffff
3 0 0 0 1 1 1 1 005e ffff
3 0 0 0 0 1 0 1 005e ffff
3 0 0 0 0 1 0 1 005f ffff
3 0 0 0 0 1 0 1 0060 ffff
3 0 0 0 0 1 0 1 0061 ffff
3 0 0 0 0 1 0 1 0062 ffff
3 0 0 1 1 1 0 1 0063 ffff
3 0 0 0 1 1 1 1 0063 ffff
3 0 1 0 1 1 1 1 0063 ffff
3 0 0 0 1 1 1 1 0063 ffff
3 0 0 0 1 1 1 1 0063 ffff
3 0 0 0 0 1 0 1 0063 ffff
3 0 0 0 0 1 0 1 0064 ffff
3 0 0 0 0 1 0 1 0065 ffff
3 0 0 0 0 1 0 1 0066 ffff
3 0 1 0 1 1 0 1 0067 ffff
3 0 0 0 1 1 1 1 0067 ffff
3 0 0 0 1 1 1 1 0067 ffff
3 0 1 0 1 1 1 1 0067 ffff
3 0 0 0 1 1 1 1 0067 ffff
3 0 0 0 1 1 1 1 0067 ffff
3 0 0 0 0 1 0 1 0067 ffff
3 0 0 0 0 1 0 1 0068 ffff
3 0 0 0 0 1 0 1 0069 ffff
3 0 0 0 0 1 0 1 006a ffff
3 0 0 0 0 1 0 1 006b ffff
3 0 0 0 0 1 0 1 006c ffff
3 0 0 0 0 1 0 1 006d ffff
3 0 0 0 0 1 0 1 006e ffff
3 0 1 0 1 1 0 1 006f ffff
3 0 1 0 1 1 1 1 006f ffff
3 0 0 0 1 1 1 1 006f ffff
3 0 1 0 1 1 1 1 006f ffff
3 0 1 0 1 1 1 1 006f ffff
3 0 0 0 1 1 1 1 006f ffff
3 0 1 0 1 1 1 1 006f ffff
3 0 0 0 1 1 1 1 006f ffff
3 0 1 0 1 1 1 1 006f ffff
3 0 0 0 1 1 1 1 006f ffff
3 0 1 0 1 1 1 1 006f ffff
3 0 0 0 1 1 1 1 006f ffff
3 0 1 0 1 1 1 1 006f ffff
3 0 0 0 1 1 1 1 006f ffff
3 0 0 0 1 1 1 1 006f ffff
3 0 0 0 0 1 0 1 006f ffff
3 0 0 0 0 1 0 1 0070 ffff
3 0 0 0 0 1 0 1 0071 ffff
3 0 0 0 0 1 0 1 0072 ffff
3 0 1 0 1 1 0 1 0073 ffff
3 0 0 0 1 1 1 1 0073 ffff
3 0 0 0 1 1 1 1 0073 ffff
3 0 1 0 1 1 1 1 0073 ffff
3 0 0 0 1 1 1 1 0073 ffff
3 0 0 0 1 1 1 1 0073 ffff
3 0 0 0 0 1 0 1 0073 ffff
3 0 0 0 0 1 0 1 0074 ffff
3 0 1 0 1 1 0 1 0075 ffff
3 0 0 0 1 1 1 1 0075 ffff
3 0 0 0 1 1 1 1 0075 ffff
3 0 0 0 1 1 1 1 0075 ffff
3 0 0 0 0 1 0 1 0075 ffff
3 0 1 0 1 1 0 1 0076 ffff
3 0 0 0 1 1 1 1 0076 ffff
3 0 0 0 1 1 1 1 0076 ffff
3 0 0 0 1 1 1 1 0076 ffff
3 0 0 0 0 1 0 1 0076 ffff
3 0 0 1 1 1 0 1 0077 ffff
3 0 0 0 1 1 1 1 0077 ffff
3 0 0 0 1 1 1 1 0077 ffff
3 0 0 0 1 1 1 1 0077 ffff
3 0 0 1 1 1 1 1 0077 ffff
3 0 0 0 1 1 1 1 0077 ffff
3 0 0 0 1 1 1 1 0077 ffff
3 0 0 0 0 1 0 1 0077 ffff
3 0 1 0 1 1 0 1 0078 ffff
3 0 0 0 1 1 1 1 0078 ffff
3 0 0 0 1 1 1 1 0078 ffff
3 0 0 0 1 1 1 1 0078 ffff
3 0 0 0 0 1 0 1 0078 ffff
3 0 0 0 0 1 0 1 0079 ffff
3 0 0 0 0 1 0 1 007a ffff
3 0 0 0 0 1 0 1 007b ffff
3 0 0 0 0 1 0 1 007c ffff
3 0 0 0 0 1 0 1 007d ffff
3 0 1 0 1 1 0 1 007e ffff
3 0 0 0 1 1 1 1 007e ffff
3 0 0 0 1 1 1 1 007e ffff
3 0 0 0 1 1 1 1 007e ffff
3 0 0 0 0 1 0 1 007e ffff
3 0 0 0 0 1 0 1 007f ffff
3 0 0 0 0 1 0 1 0080 ffff
3 0 0 0 0 1 0 1 0081 ffff
3 0 0 0 0 1 0 1 0082 ffff
3 0 0 0 0 1 0 1 0083 ffff
3 0 1 0 1 1 0 1 0084 ffff
3 0 0 0 1 1 1 1 0084 ffff
3 0 0 0 1 1 1 1 0084 ffff
3 0 0 0 1 1 1 1 0084 ffff
3 0 0 0 0 1 0 1 0084 ffff
3 0 1 0 1 1 0 1 0085 ffff
3 0 1 0 1 1 1 1 0085 ffff
3 0 0 0 1 1 1 1 0085 ffff
3 0 0 0 1 1 1 1 0085 ffff
3 0 0 0 0 1 0 1 0085 ffff
3 0 0 0 0 1 0 1 0086 ffff
3 0 0 0 0 1 0 1 0087 ffff
3 0 1 0 1 1 0 1 0088 ffff
3 0 1 0 1 1 1 1 0088 ffff
3 0 0 0 1 1 1 1 0088 ffff
3 0 0 0 1 1 1 1 0088 ffff
3 0 1 0 1 1 1 1 0088 ffff
3 0 0 0 1 1 1 1 0088 ffff
3 0 0 1 1 1 1 1 0088 ffff
3 0 0 0 1 1 1 1 0088 ffff
3 0 0 0 1 1 1 1 0088 ffff
3 0 0 0 0 1 0 1 0088 ffff
3 0 0 0 0 1 0 1 0089 ffff
3 0 0 0 0 1 0 1 008a ffff
3 0 0 0 0 1 0 1 008b ffff
3 0 0 0 0 1 0 1 008c ffff
3 0 0 0 0 1 0 1 008d ffff
3 0 0 0 0 1 0 1 008e ffff
3 0 1 0 1 1 0 1 008f ffff
3 0 1 0 1 1 1 1 008f ffff
3 0 0 0 1 1 1 1 008f ffff
3 0 0 0 1 1 1 1 008f ffff
3 0 0 0 0 1 0 1 008f ffff
3 0 0 0 0 1 0 1 0090 ffff
3 0 0 0 0 1 0 1 0091 ffff
3 0 0 0 0 1 0 1 0092 ffff
3 0 0 0 0 1 0 1 0093 ffff
3 0 1 0 1 1 0 1 0094 ffff
3 0 1 0 1 1 1 1 0094 ffff
3 0 1 0 1 1 1 1 0094 ffff
3 0 0 0 1 1 1 1 0094 ffff
3 0 1 0 1 1 1 1 0094 ffff
3 0 0 0 1 1 1 1 0094 ffff
3 0 0 0 1 1 1 1 0094 ffff
3 0 0 0 0 1 0 1 0094 ffff
3 0 0 1 1 1 0 1 0095 ffff
3 0 0 0 1 1 1 1 0095 ffff
3 0 0 0 1 1 1 1 0095 ffff
3 0 0 0 1 1 1 1 0095 ffff
3 0 0 0 0 1 0 1 0095 ffff
3 0 0 0 0 1 0 1 0096 ffff
3 0 1 0 1 1 0 1 0097 ffff
3 0 0 0 1 1 1 1 0097 ffff
3 0 0 0 1 1 1 1 0097 ffff
3 0 0 0 1 1 1 1 0097 ffff
3 0 1 0 1 1 1 1 0097 ffff
3 0 1 0 1 1 1 1 0097 ffff
3 0 1 0 1 1 1 1 0097 ffff
3 0 0 0 1 1 1 1 0097 ffff
3 0 0 0 1 1 1 1 0097 ffff
3 0 0 0 0 1 0 1 0097 ffff
3 0 1 0 1 1 0 1 0098 ffff
3 0 0 0 1 1 1 1 0098 ffff
3 0 0 0 1 1 1 1 0098 ffff
3 0 0 0 1 1 1 1 0098 ffff
3 0 0 0 0 1 0 1 0098 ffff
3 0 0 0 0 1 0 1 0099 ffff
3 0 0 0 0 1 0 1 009a ffff
3 0 1 0 1 1 0 1 009b ffff
3 0 0 0 1 1 1 1 009b ffff
3 0 0 0 1 1 1 1 009b ffff
3 0 0 0 1 1 1 1 009b ffff
3 0 0 0 0 1 0 1 009b ffff
3 0 0 0 0 1 0 1 009c ffff
3 0 0 0 0 1 0 1 009d ffff
3 0 0 0 0 1 0 1 009e ffff
3 0 0 0 0 1 0 1 009f ffff
3 0 0 0 0 1 0 1 00a0 ffff
3 0 1 0 1 1 0 1 00a1 ffff
3 0 0 0 1 1 1 1 00a1 ffff
3 0 0 0 1 1 1 1 00a1 ffff
3 0 0 0 1 1 1 1 00a1 ffff
3 0 0 0 0 1 0 1 00a1 ffff
3 0 0 0 0 1 0 1 00a2 ffff
3 0 1 0 1 1 0 1 00a3 ffff
3 0 0 0 1 1 1 1 00a3 ffff
3 0 1 0 1 1 1 1 00a3 ffff
3 0 0 0 1 1 1 1 00a3 ffff
3 0 0 1 1 1 1 1 00a3 ffff
3 0 1 0 1 1 1 1 00a3 ffff
3 0 0 0 1 1 1 1 00a3 ffff
3 0 0 0 1 1 1 1 00a3 ffff
3 0 0 0 0 1 0 1 00a3 ffff
3 0 0 0 0 1 0 1 00a4 ffff
3 0 0 0 0 1 0 1 00a5 ffff
3 0 0 0 0 1 0 1 00a6 ffff
3 0 0 0 0 1 0 1 00a7 ffff
3 0 0 0 0 1 0 1 00a8 ffff
3 0 1 0 1 1 0 1 00a9 ffff
3 0 0 0 1 1 1 1 00a9 ffff
3 0 0 0 1 1 1 1 00a9 ffff
3 0 0 0 1 1 1 1 00a9 ffff
3 0 0 0 0 1 0 1 00a9 ffff
3 0 0 0 0 1 0 1 00aa ffff
3 0 0 0 0 1 0 1 00ab ffff
3 0 0 0 0 1 0 1 00ac ffff
3 0 0 0 0 1 0 1 00ad ffff
3 0 1 0 1 1 0 1 00ae ffff
3 0 1 0 1 1 1 1 00ae ffff
3 0 0 0 1 1 1 1 00ae ffff
3 0 0 1 1 1 1 1 00ae ffff
3 0 0 0 1 1 1 1 00ae ffff
3 0 0 0 1 1 1 1 00ae ffff
3 0 0 0 0 1 0 1 00ae ffff
3 0 0 0 0 1 0 1 00af ffff
3 0 0 1 1 1 0 1 00b0 ffff
3 0 0 0 1 1 1 1 00b0 ffff
3 0 1 0 1 1 1 1 00b0 ffff
3 0 0 0 1 1 1 1 00b0 ffff
3 0 0 0 1 1 1 1 00b0 ffff
3 0 0 0 0 1 0 1 00b0 ffff
3 0 0 0 0 1 0 1 00b1 ffff
3 0 0 0 0 1 0 1 00b2 ffff
3 0 0 0 0 1 0 1 00b3 ffff
3 0 0 0 0 1 0 1 00b4 ffff
3 0 0 0 0 1 0 1 00b5 ffff
3 0 0 0 0 1 0 1 00b6 ffff
3 0 1 0 1 1 0 1 00b7 ffff
3 0 0 0 1 1 1 1 00b7 ffff
3 0 0 0 1 1 1 1 00b7 ffff
3 0 0 0 1 1 1 1 00b7 ffff
3 0 0 0 0 1 0 1 00b7 ffff
3 0 0 0 0 1 0 1 00b8 ffff
3 0 1 0 1 1 0 1 00b9 ffff
3 0 0 0 1 1 1 1 00b9 ffff
3 0 0 0 1 1 1 1 00b9 ffff
3 1 0 1 0 1 0 1 0000 ffff
3 0 0 0 0 1 0 1 0001 ffff
3 0 0 0 0 1 0 1 0002 ffff
3 0 0 0 0 1 0 1 0003 ffff
3 0 0 0 0 1 0 1 0004 ffff
3 0 0 0 0 1 0 1 0005 ffff
3 0 0 0 0 1 0 1 0006 ffff
3 0 0 0 0 1 0 1 0007 ffff
3 0 0 0 0 1 0 1 0008 ffff
3 0 0 0 0 1 0 1 0009 ffff
3 0 0 0 0 1 0 1 000a ffff
3 0 0 0 0 1 0 1 000b ffff
3 0 0 0 0 1 0 1 000c ffff
3 0 1 0 1 1 0 1 000d ffff
3 0 0 0 1 1 1 1 000d ffff
3 0 1 0 1 1 1 1 000d ffff
3 0 0 0 1 1 1 1 000d ffff
3 0 1 0 1 1 1 1 000d ffff
3 0 0 0 1 1 1 1 000d ffff
3 0 0 0 1 1 1 1 000d ffff
3 0 0 0 0 1 0 1 000d ffff
3 0 0 0 0 1 0 1 000e ffff
3 0 0 0 0 1 0 1 000f ffff
3 0 1 0 1 1 0 1 0010 ffff
3 0 1 0 1 1 1 1 0010 ffff
3 0 1 0 1 1 1 1 0010 ffff
3 0 0 0 1 1 1 1 0010 ffff
3 0 1 0 1 1 1 1 0010 ffff
3 0 0 0 1 1 1 1 0010 ffff
3 0 0 0 1 1 1 1 0010 ffff
3 0 0 0 0 1 0 1 0010 ffff
3 0 0 0 0 1 0 1 0011 ffff
3 0 1 0 1 1 0 1 0012 ffff
3 0 0 0 1 1 1 1 0012 ffff
3 0 0 0 1 1 1 1 0012 ffff
3 0 0 1 1 1 1 1 0012 ffff
3 0 0 0 1 1 1 1 0012 ffff
3 0 0 0 1 1 1 1 0012 ffff
3 0 0 0 0 1 0 1 0012 ffff
3 0 1 0 1 1 0 1 0013 ffff
3 0 0 0 1 1 1 1 0013 ffff
3 0 0 0 1 1 1 1 0013 ffff
3 0 0 1 1 1 1 1 0013 ffff
3 0 0 0 1 1 1 1 0013 ffff
3 0 0 0 1 1 1 1 0013 ffff
3 0 0 0 0 1 0 1 0013 ffff
3 0 1 0 1 1 0 1 0014 ffff
3 0 1 0 1 1 1 1 0014 ffff
3 0 1 1 1 1 1 1 0014 ffff
3 0 1 0 1 1 1 1 0014 ffff
3 0 0 0 1 1 1 1 0014 ffff
3 0 0 0 1 1 1 1 0014 ffff
3 0 0 0 0 1 0 1 0014 ffff
3 0 0 0 0 1 0 1 0015 ffff
3 0 0 0 0 1 0 1 0016 ffff
3 0 0 0 0 1 0 1 0017 ffff
3 0 0 0 0 1 0 1 0018 ffff
3 0 0 0 0 1 0 1 0019 ffff
3 0 0 0 0 1 0 1 001a ffff
3 0 0 0 0 1 0 1 001b ffff
3 0 0 0 0 1 0 1 001c ffff
3 0 0 0 0 1 0 1 001d ffff
3 0 0 0 0 1 0 1 001e ffff
3 0 0 0 0 1 0 1 001f ffff
3 0 0 0 0 1 0 1 0020 ffff
3 0 0 0 0 1 0 1 0021 ffff
3 0 0 0 0 1 0 1 0022 ffff
3 0 0 0 0 1 0 1 0023 ffff
3 0 1 0 1 1 0 1 0024 ffff
3 0 1 0 1 1 1 1 0024 ffff
3 0 0 0 1 1 1 1 0024 ffff
3 0 0 0 1 1 1 1 0024 ffff
3 0 0 0 0 1 0 1 0024 ffff
3 0 0 0 0 1 0 1 0025 ffff
3 0 0 0 0 1 0 1 0026 ffff
3 0 0 1 1 1 0 1 0027 ffff
3 0 0 0 1 1 1 1 0027 ffff
3 0 0 0 1 1 1 1 0027 ffff
3 0 0 0 1 1 1 1 0027 ffff
3 0 0 0 0 1 0 1 0027 ffff
3 0 1 0 1 1 0 1 0028 ffff
3 0 0 0 1 1 1 1 0028 ffff
3 0 0 0 1 1 1 1 0028 ffff
3 0 0 0 1 1 1 1 0028 ffff
3 0 1 0 1 1 1 1 0028 ffff
3 0 0 0 1 1 1 1 0028 ffff
3 0 0 0 1 1 1 1 0028 ffff
3 0 0 0 0 1 0 1 0028 ffff
3 0 0 0 0 1 0 1 0029 ffff
3 0 0 0 0 1 0 1 002a ffff
3 0 0 0 0 1 0 1 002b ffff
3 0 0 0 0 1 0 1 002c ffff
3 0 0 0 0 1 0 1 002d ffff
3 0 1 0 1 1 0 1 002e ffff
3 0 0 0 1 1 1 1 002e ffff
3 0 0 0 1 1 1 1 002e ffff
3 0 0 0 1 1 1 1 002e ffff
3 0 0 0 0 1 0 1 002e ffff
3 0 0 0 0 1 0 1 002f ffff
3 0 0 0 0 1 0 1 0030 ffff
3 0 0 0 0 1 0 1 0031 ffff
3 0 1 0 1 1 0 1 0032 ffff
3 0 0 0 1 1 1 1 0032 ffff
3 0 0 0 1 1 1 1 0032 ffff
3 0 0 0 1 1 1 1 0032 ffff
3 0 0 0 0 1 0 1 0032 ffff
3 0 0 0 0 1 0 1 0033 ffff
3 0 0 0 0 1 0 1 0034 ffff
3 0 0 0 0 1 0 1 0035 ffff
3 0 0 0 0 1 0 1 0036 ffff
3 0 0 0 0 1 0 1 0037 ffff
3 0 0 0 0 1 0 1 0038 ffff
3 0 0 0 0 1 0 1 0039 ffff
3 0 1 0 1 1 0 1 003a ffff
3 0 0 0 1 1 1 1 003a ffff
3 0 1 0 1 1 1 1 003a ffff
3 0 0 0 1 1 1 1 003a ffff
3 0 0 0 1 1 1 1 003a ffff
3 0 1 0 1 1 1 1 003a ffff
3 0 1 1 1 1 1 1 003a ffff
3 0 0 0 1 1 1 1 003a ffff
3 0 1 0 1 1 1 1 003a ffff
3 0 0 0 1 1 1 1 003a ffff
3 0 0 0 1 1 1 1 003a ffff
3 0 0 0 0 1 0 1 003a ffff
3 0 0 0 0 1 0 1 003b ffff
3 0 0 0 0 1 0 1 003c ffff
3 0 0 0 0 1 0 1 003d ffff
3 0 1 0 1 1 0 1 003e ffff
3 0 1 0 1 1 1 1 003e ffff
3 0 0 0 1 1 1 1 003e ffff
3 0 0 0 1 1 1 1 003e ffff
3 0 1 0 1 1 1 1 003e ffff
3 0 0 0 1 1 1 1 003e ffff
3 0 0 0 1 1 1 1 003e ffff
3 0 0 0 0 1 0 1 003e ffff
3 0 0 0 0 1 0 1 003f ffff
3 0 1 0 1 1 0 1 0040 ffff
3 0 1 0 1 1 1 1 0040 ffff
3 0 0 0 1 1 1 1 0040 ffff
3 0 0 0 1 1 1 1 0040 ffff
3 0 1 0 1 1 1 1 0040 ffff
3 0 0 0 1 1 1 1 0040 ffff
3 0 0 0 1 1 1 1 0040 ffff
3 0 0 0 0 1 0 1 0040 ffff
3 0 0 0 0 1 0 1 0041 ffff
3 0 0 0 0 1 0 1 0042 ffff
3 0 0 0 0 1 0 1 0043 ffff
3 0 0 0 0 1 0 1 0044 ffff
3 0 0 0 0 1 0 1 0045 ffff
3 0 1 0 1 1 0 1 0046 ffff
3 0 0 0 1 1 1 1 0046 ffff
3 0 0 0 1 1 1 1 0046 ffff
3 0 1 1 1 1 1 1 0046 ffff
3 0 0 0 1 1 1 1 0046 ffff
3 0 0 0 1 1 1 1 0046 ffff
3 0 1 0 1 1 1 1 0046 ffff
3 0 0 0 1 1 1 1 0046 ffff
3 0 0 0 1 1 1 1 0046 ffff
3 0 0 0 0 1 0 1 0046 ffff
3 0 1 0 1 1 0 1 0047 ffff
3 0 0 0 1 1 1 1 0047 ffff
3 0 0 0 1 1 1 1 0047 ffff
3 0 0 0 1 1 1 1 0047 ffff
3 0 0 0 0 1 0 1 0047 ffff
3 0 1 0 1 1 0 1 0048 ffff
3 0 0 0 1 1 1 1 0048 ffff
3 0 0 0 1 1 1 1 0048 ffff
3 0 0 0 1 1 1 1 0048 ffff
3 0 0 0 0 1 0 1 0048 ffff
3 0 0 0 0 1 0 1 0049 ffff
3 0 0 0 0 1 0 1 004a ffff
3 0 0 0 0 1 0 1 004b ffff
3 0 1 0 1 1 0 1 004c ffff
3 0 0 0 1 1 1 1 004c ffff
3 0 0 0 1 1 1 1 004c ffff
3 0 1 0 1 1 1 1 004c ffff
3 0 0 0 1 1 1 1 004c ffff
3 0 1 0 1 1 1 1 004c ffff
3 0 0 0 1 1 1 1 004c ffff
3 0 1 0 1 1 1 1 004c ffff
3 0 0 0 1 1 1 1 004c ffff
3 0 1 0 1 1 1 1 004c ffff
3 0 0 0 1 1 1 1 004c ffff
3 0 0 0 1 1 1 1 004c ffff
3 0 0 0 0 1 0 1 004c ffff
3 0 0 1 1 1 0 1 004d ffff
3 0 0 0 1 1 1 1 004d ffff
3 0 1 0 1 1 1 1 004d ffff
3 0 0 0 1 1 1 1 004d ffff
3 0 0 0 1 1 1 1 004d ffff
3 0 0 0 0 1 0 1 004d ffff
3 0 0 0 0 1 0 1 004e ffff
3 0 1 0 1 1 0 1 004f ffff
3 0 0 0 1 1 1 1 004f ffff
3 0 0 0 1 1 1 1 004f ffff
3 0 0 0 1 1 1 1 004f ffff
3 0 1 0 1 1 1 1 004f ffff
3 0 0 0 1 1 1 1 004f ffff
3 0 0 0 1 1 1 1 004f ffff
3 0 0 0 0 1 0 1 004f ffff
3 0 0 0 0 1 0 1 0050 ffff
3 0 0 0 0 1 0 1 0051 ffff
3 0 0 0 0 1 0 1 0052 ffff
3 0 0 0 0 1 0 1 0053 ffff
3 0 0 1 1 1 0 1 0054 ffff
3 0 0 0 1 1 1 1 0054 ffff
3 0 0 0 1 1 1 1 0054 ffff
3 0 0 0 1 1 1 1 0054 ffff
3 0 0 0 0 1 0 1 0054 ffff
3 0 1 0 1 1 0 1 0055 ffff
3 0 0 0 1 1 1 1 0055 ffff
3 0 1 0 1 1 1 1 0055 ffff
3 0 0 0 1 1 1 1 0055 ffff
3 0 0 0 1 1 1 1 0055 ffff
3 0 0 0 0 1 0 1 0055 ffff
3 0 0 0 0 1 0 1 0056 ffff
3 0 1 0 1 1 0 1 0057 ffff
3 0 0 0 1 1 1 1 0057 ffff
3 0 0 0 1 1 1 1 0057 ffff
3 0 0 0 1 1 1 1 0057 ffff
3 0 1 0 1 1 1 1 0057 ffff
3 0 1 0 1 1 1 1 0057 ffff
3 0 0 0 1 1 1 1 0057 ffff
3 0 1 0 1 1 1 1 0057 ffff
3 0 0 0 1 1 1 1 0057 ffff
3 0 1 1 1 1 1 1 0057 ffff
3 0 0 0 1 1 1 1 0057 ffff
3 0 0 0 1 1 1 1 0057 ffff
3 0 1 1 1 1 1 1 0057 ffff
3 0 0 0 1 1 1 1 0057 ffff
3 0 0 0 1 1 1 1 0057 ffff
3 0 0 0 0 1 0 1 0057 ffff
3 0 1 0 1 1 0 1 0058 ffff
3 0 0 0 1 1 1 1 0058 ffff
3 0 1 0 1 1 1 1 0058 ffff
3 0 0 0 1 1 1 1 0058 ffff
3 0 0 0 1 1 1 1 0058 ffff
3 0 0 0 0 1 0 1 0058 ffff
3 0 0 0 0 1 0 1 0059 ffff
3 0 1 0 1 1 0 1 005a ffff
3 0 1 0 1 1 1 1 005a ffff
3 0 0 0 1 1 1 1 005a ffff
3 0 0 0 1 1 1 1 005a ffff
3 0 0 0 0 1 0 1 005a ffff
3 0 0 1 1 1 0 1 005b ffff
3 0 0 0 1 1 1 1 005b ffff
3 0 0 0 1 1 1 1 005b ffff
3 0 0 0 1 1 1 1 005b ffff
3 0 0 0 0 1 0 1 005b ffff
3 0 0 0 0 1 0 1 005c ffff
3 0 0 0 0 1 0 1 005d ffff
3 0 0 0 0 1 0 1 005e ffff
3 0 0 0 0 1 0 1 005f ffff
3 0 0 0 0 1 0 1 0060 ffff
3 0 0 0 0 1 0 1 0061 ffff
3 0 0 0 0 1 0 1 0062 ffff
3 0 0 0 0 1 0 1 0063 ffff
3 0 0 0 0 1 0 1 0064 ffff
3 0 0 0 0 1 0 1 0065 ffff
3 0 1 0 1 1 0 1 0066 ffff
3 0 1 0 1 1 1 1 0066 ffff
3 0 0 0 1 1 1 1 0066 ffff
3 0 1 0 1 1 1 1 0066 ffff
3 0 0 0 1 1 1 1 0066 ffff
3 0 0 0 1 1 1 1 0066 ffff
3 0 0 0 0 1 0 1 0066 ffff
3 0 0 0 0 1 0 1 0067 ffff
3 0 0 0 0 1 0 1 0068 ffff
3 0 0 0 0 1 0 1 0069 ffff
3 0 0 0 0 1 0 1 006a ffff
3 0 1 0 1 1 0 1 006b ffff
3 0 1 0 1 1 1 1 006b ffff
3 0 0 0 1 1 1 1 006b ffff
