0 1 40 0 00 0 0 1 1 3
0 0 40 1 40 1 1 1 2 3
0 0 40 1 40 1 1 1 3 3
0 0 40 1 40 1 1 1 3 3
0 0 40 1 40 1 1 1 3 3
1 0 40 1 40 0 1 1 2 3
1 0 40 1 40 1 1 1 3 3
1 0 40 1 40 0 1 1 2 3
1 0 40 1 40 0 0 1 1 3
1 0 40 1 40 0 0 1 0 3
2 0 80 1 00 1 0 1 1 3
2 0 80 1 40 1 1 1 2 3
2 0 40 0 00 0 1 1 2 3
3 0 78 0 64 0 0 1 1 3
3 0 50 1 cc 1 0 1 1 3
3 0 d4 1 50 1 0 1 1 3
3 0 64 1 d4 0 0 1 1 3
3 0 64 1 50 1 0 1 1 3
3 0 50 0 d4 1 1 1 3 3
3 0 78 1 d4 0 0 1 1 3
3 0 c2 1 64 0 1 1 2 3
3 0 d4 1 cc 1 0 1 0 3
3 0 cc 0 64 0 1 1 3 3
3 0 d4 1 78 1 0 1 0 3
3 0 cc 1 78 1 1 1 3 3
3 0 50 0 64 0 1 1 3 3
3 0 78 1 78 1 1 1 3 3
3 0 cc 1 64 0 1 1 3 3
3 0 64 1 78 1 0 1 0 3
3 0 cc 1 78 1 1 1 3 3
3 0 50 1 78 1 1 1 3 3
3 0 50 1 78 1 1 1 3 3
3 0 d4 1 d4 0 0 1 0 3
3 0 50 1 50 0 1 1 2 3
3 0 71 1 64 0 0 1 1 3
3 0 78 1 d4 0 1 1 3 3
3 0 cc 0 50 1 1 1 3 3
3 0 d4 1 d4 1 0 1 1 3
3 0 78 0 78 1 1 1 3 3
3 0 64 1 78 1 0 1 0 3
3 0 78 0 64 0 1 1 3 3
3 0 4d 1 78 0 1 1 3 3
3 0 78 0 50 1 1 1 2 3
3 0 64 1 78 1 0 1 0 3
3 0 d4 0 78 0 0 1 1 3
3 0 78 0 50 1 1 1 3 3
3 0 d4 1 d4 0 0 1 0 3
3 0 d4 1 78 1 0 1 0 3
3 0 0c 0 64 0 1 1 3 3
3 0 d4 0 78 0 0 1 0 3
3 0 d4 1 d4 0 0 1 0 3
3 0 60 1 78 1 0 1 1 3
3 0 cc 0 d4 0 1 1 3 3
3 0 78 1 78 1 1 1 3 3
3 0 cc 0 50 1 1 1 3 3
3 0 d4 1 78 1 0 1 0 3
3 0 78 1 64 0 1 1 3 3
3 0 cc 1 64 0 1 1 3 3
3 0 ef 1 78 1 0 1 1 3
3 0 50 0 78 1 1 1 2 3
3 0 25 1 64 0 0 1 0 3
3 0 50 1 78 1 1 1 2 3
3 0 64 1 cc 1 0 1 0 3
3 0 78 0 cc 1 1 1 3 3
3 0 cc 1 d4 0 1 1 3 3
3 0 50 0 78 0 1 1 2 3
3 0 78 1 78 1 1 1 3 3
3 0 78 0 78 1 1 1 3 3
3 0 d4 0 64 0 0 1 0 3
3 0 78 1 50 0 1 1 3 3
3 0 cc 1 78 1 1 1 3 3
3 0 64 0 78 0 0 1 0 3
3 0 78 0 50 1 1 1 3 3
3 0 04 1 50 1 0 1 1 3
3 0 94 0 cc 1 0 1 0 3
3 0 cc 1 d4 0 1 1 3 3
3 0 78 1 50 1 1 1 3 3
3 0 cc 1 64 0 1 1 3 3
3 0 78 0 78 1 1 1 3 3
3 0 38 0 50 1 1 1 3 3
3 0 78 0 78 1 1 1 3 3
3 0 c5 1 78 1 0 1 1 3
3 0 64 1 78 1 0 1 0 3
3 0 78 0 50 1 1 1 3 3
3 0 78 0 50 1 1 1 3 3
3 0 73 0 64 0 0 1 1 3
3 0 43 1 cc 1 1 1 2 3
3 0 64 1 64 0 0 1 0 3
3 0 d4 0 78 1 0 1 0 3
3 0 97 0 78 1 0 1 0 3
3 0 50 1 50 0 1 1 2 3
3 0 cc 1 50 1 1 1 3 3
3 0 50 1 50 1 1 1 3 3
3 0 64 0 64 0 0 1 0 3
3 0 cc 0 78 1 1 1 3 3
3 0 d4 0 d4 0 0 1 0 3
3 0 a5 1 cc 1 0 1 0 3
3 0 d4 1 64 0 0 1 0 3
3 0 78 0 78 1 1 1 3 3
3 0 43 1 78 1 1 1 2 3
3 0 78 1 50 1 1 1 3 3
3 0 e6 0 64 0 0 1 0 3
3 0 64 1 cc 1 0 1 0 3
3 0 cc 0 cc 1 1 1 3 3
3 0 78 1 cc 1 1 1 3 3
3 0 7b 1 50 1 1 1 3 3
3 0 64 1 d4 0 0 1 0 3
3 0 fc 1 d4 0 0 1 1 3
3 0 cc 1 d4 0 1 1 3 3
3 0 64 0 78 1 0 1 0 3
3 0 cc 1 cc 1 1 1 3 3
3 0 50 1 78 1 1 1 3 3
3 0 50 0 d4 1 1 1 3 3
3 0 d4 0 78 1 0 1 0 3
3 0 64 1 64 0 0 1 0 3
3 0 77 1 78 1 0 1 1 3
3 0 64 1 64 0 0 1 0 3
3 0 64 0 50 0 0 1 0 3
3 0 cc 1 d4 0 1 1 3 3
3 0 92 1 50 1 1 1 3 3
3 0 d4 0 50 1 0 1 0 3
3 0 cc 1 64 0 1 1 3 3
3 0 d4 1 50 1 0 1 0 3
3 0 d4 1 cc 1 0 1 0 3
3 0 64 1 d4 0 0 1 0 3
3 0 cc 0 78 1 1 1 3 3
3 0 e6 1 cc 1 0 1 0 3
3 0 d4 0 50 1 0 1 0 3
3 0 50 0 78 1 1 1 3 3
3 0 78 0 78 1 1 1 3 3
3 0 07 1 cc 1 0 1 1 3
3 0 cc 1 64 0 1 1 3 3
3 0 2d 0 78 1 0 1 1 3
3 0 78 0 78 1 1 1 3 3
3 0 cc 1 64 1 1 1 3 3
3 0 50 1 78 1 1 1 3 3
3 0 78 0 78 1 1 1 3 3
3 0 50 1 64 0 1 1 3 3
3 0 d4 1 cc 1 0 1 0 3
3 0 d4 1 64 0 0 1 0 3
3 0 78 0 78 1 1 1 3 3
3 0 d4 1 78 0 0 1 0 3
3 0 64 1 50 1 0 1 0 3
3 0 50 1 cc 1 1 1 3 3
3 0 64 0 d4 0 0 1 0 3
3 0 50 1 78 1 1 1 3 3
3 0 d4 0 d4 0 0 1 0 3
3 0 3d 1 64 1 0 1 1 3
3 0 78 1 78 1 1 1 3 3
3 0 78 1 cc 1 1 1 3 3
3 0 07 0 64 0 0 1 1 3
3 0 cc 1 78 1 1 1 3 3
3 0 78 1 50 1 1 1 3 3
3 0 cc 1 64 0 1 1 3 3
3 0 50 0 78 0 1 1 3 3
3 0 64 1 78 1 0 1 0 3
3 0 00 1 50 1 1 1 2 3
3 0 78 1 64 0 1 1 3 3
3 0 50 1 cc 1 1 1 3 3
3 0 64 0 78 1 0 1 0 3
3 0 64 1 78 1 0 1 0 3
3 0 50 1 50 1 1 1 3 3
3 0 78 1 78 1 1 1 3 3
3 0 78 1 64 1 1 1 3 3
3 0 d4 0 64 0 0 1 0 3
3 0 78 1 cc 1 1 1 3 3
3 0 50 1 64 0 1 1 3 3
3 0 d4 1 50 1 0 1 0 3
3 0 64 1 d4 0 0 1 0 3
3 0 cc 1 d4 0 1 1 3 3
3 0 78 0 cc 1 1 1 3 3
3 0 cc 1 78 1 1 1 3 3
3 0 50 1 78 1 1 1 3 3
3 0 d4 1 78 1 0 1 0 3
3 0 78 1 cc 1 1 1 3 3
3 0 ae 1 78 1 0 1 1 3
3 0 78 1 d4 0 1 1 3 3
3 0 64 1 78 1 0 1 0 3
3 0 cc 1 cc 1 1 1 3 3
3 0 cc 1 50 1 1 1 3 3
3 0 cc 0 78 1 1 1 3 3
3 0 64 1 78 1 0 1 0 3
3 0 d4 1 50 1 0 1 0 3
3 0 d4 1 50 0 0 1 0 3
3 0 64 1 64 0 0 1 0 3
3 0 64 1 78 1 0 1 0 3
3 0 28 1 78 1 0 1 1 3
3 0 cc 1 78 1 1 1 3 3
3 0 78 1 d4 0 1 1 3 3
3 0 78 1 64 0 1 1 3 3
3 0 42 0 cc 0 1 1 2 3
3 0 62 1 50 1 0 1 1 3
3 0 cc 1 64 0 1 1 3 3
3 0 78 1 78 0 1 1 2 3
3 0 50 1 78 1 1 1 3 3
3 0 64 1 78 0 0 1 0 3
3 0 50 0 64 0 1 1 3 3
3 0 64 1 cc 1 0 1 0 3
3 0 78 0 78 1 1 1 2 3
3 0 12 1 d4 0 1 1 3 3
3 0 dc 1 64 0 0 1 1 3
3 0 d4 1 78 1 0 1 0 3
3 0 78 1 78 1 1 1 3 3
3 0 64 0 cc 1 0 1 0 3
3 0 0b 1 d4 0 0 1 1 3
3 0 9a 1 cc 1 0 1 1 3
3 0 2a 0 cc 1 0 1 1 3
3 0 82 0 78 1 1 1 2 3
3 0 50 1 50 1 1 1 3 3
3 0 cc 1 78 1 1 1 3 3
3 0 78 1 64 1 1 1 3 3
3 0 7b 1 d4 0 1 1 3 3
3 0 78 1 cc 1 1 1 3 3
3 0 b3 1 50 1 0 1 1 3
3 0 50 1 78 1 1 1 3 3
3 0 64 1 78 1 0 1 1 3
3 0 c0 0 64 0 1 1 2 3
3 0 78 1 cc 1 1 1 3 3
3 0 2c 1 64 1 0 1 1 3
3 0 50 1 50 1 1 1 3 3
3 0 d4 0 d4 0 0 1 0 3
3 0 d2 0 50 1 1 1 3 3
3 0 d4 1 78 0 0 1 0 3
3 0 50 0 64 0 1 1 3 3
3 0 cc 1 78 1 1 1 3 3
3 0 27 1 78 1 1 1 2 3
3 0 f9 1 78 1 1 1 3 3
3 0 78 1 50 0 1 1 3 3
3 0 cc 0 d4 0 1 1 3 3
3 0 78 0 78 0 1 1 3 3
3 0 d4 0 d4 0 0 1 0 3
3 0 78 0 64 0 1 1 3 3
3 0 78 1 cc 1 1 1 3 3
3 0 78 1 50 0 1 1 3 3
3 0 78 0 64 0 1 1 3 3
3 0 37 0 50 0 0 1 1 3
3 0 50 1 64 0 0 1 1 3
3 0 78 1 50 1 1 1 3 3
3 0 af 1 50 1 0 1 1 3
3 0 50 1 78 1 1 1 3 3
3 0 d4 1 78 1 0 1 0 3
3 0 78 0 50 1 1 1 3 3
3 0 78 1 50 1 1 1 3 3
3 0 cc 0 64 0 1 1 3 3
3 0 64 0 78 1 0 1 1 3
3 0 50 1 64 0 1 1 3 3
3 0 64 1 cc 1 0 1 0 3
3 0 78 1 d4 0 1 1 3 3
3 0 50 0 78 1 1 1 3 3
3 0 cc 1 cc 1 1 1 3 3
3 0 d4 1 50 1 0 1 0 3
3 0 d4 1 d4 0 0 1 0 3
3 0 64 1 78 1 0 1 0 3
3 0 cc 1 50 1 1 1 3 3
3 0 d4 0 64 0 0 1 0 3
3 0 78 0 78 1 1 1 3 3
3 0 d4 0 78 1 0 1 0 3
3 0 58 0 d4 1 0 1 1 3
3 0 50 0 cc 1 1 1 3 3
3 0 78 1 78 1 1 1 3 3
3 0 8b 1 cc 1 0 1 1 3
3 0 d4 1 50 1 0 1 0 3
3 0 64 1 d4 0 0 1 0 3
3 0 64 1 50 1 0 1 0 3
3 0 50 0 50 1 1 1 3 3
3 0 78 1 d4 0 1 1 3 3
3 0 78 1 d4 0 1 1 3 3
3 0 2e 1 78 1 0 1 1 3
3 0 50 0 64 0 1 1 3 3
3 0 13 1 78 0 1 1 3 3
3 0 ca 1 50 1 0 1 1 3
3 0 d4 1 d4 0 0 1 0 3
3 0 ea 1 d4 0 0 1 1 3
3 0 cc 1 78 1 1 1 3 3
3 0 d4 0 64 0 0 1 0 3
3 0 78 1 78 1 1 1 3 3
3 0 cc 1 50 1 1 1 3 3
3 0 78 1 cc 1 1 1 3 3
3 0 78 1 78 1 1 1 3 3
3 0 64 0 64 0 0 1 0 3
3 0 d4 0 cc 1 0 1 0 3
3 0 d4 0 d4 0 0 1 0 3
3 0 50 0 cc 1 1 1 3 3
3 0 78 1 64 0 1 1 3 3
3 0 d4 1 78 1 0 1 0 3
3 0 93 1 50 1 1 1 3 3
3 0 50 1 50 0 1 1 2 3
3 0 64 0 50 1 0 1 0 3
3 0 d4 1 78 1 0 1 0 3
3 0 cc 1 d4 0 1 1 3 3
3 0 cc 1 50 1 1 1 3 3
3 0 78 0 cc 1 1 1 3 3
3 0 d4 0 50 1 0 1 0 3
3 0 64 0 78 1 0 1 0 3
3 0 50 1 d4 0 1 1 3 3
3 0 78 1 cc 1 1 1 3 3
3 0 d4 1 78 1 0 1 0 3
3 0 78 1 d4 0 1 1 3 3
3 0 50 1 cc 1 1 1 3 3
3 0 78 1 78 1 1 1 3 3
3 0 4d 0 78 1 1 1 3 3
3 0 d4 1 78 1 0 1 0 3
3 0 cc 0 cc 1 1 1 3 3
3 0 7f 0 64 0 0 1 1 3
3 0 78 0 78 1 1 1 3 3
3 0 78 1 50 0 1 1 3 3
3 0 cc 1 d4 1 1 1 3 3
3 0 d4 1 d4 0 0 1 0 3
3 0 d4 0 50 1 0 1 0 3
3 0 78 0 64 0 1 1 3 3
3 0 50 1 64 0 1 1 2 3
3 0 d4 1 50 1 0 1 0 3
3 0 cc 1 64 1 1 1 3 3
3 0 50 1 64 0 1 1 3 3
3 0 cc 1 50 0 1 1 3 3
3 0 50 0 d4 0 1 1 2 3
3 0 78 1 78 1 1 1 3 3
3 0 cc 1 d4 0 1 1 3 3
3 0 59 1 78 1 0 1 1 3
3 0 cc 1 50 1 1 1 3 3
3 0 78 1 78 1 1 1 3 3
3 0 50 1 d4 1 1 1 3 3
3 0 78 0 64 0 1 1 3 3
3 0 cc 0 78 1 1 1 3 3
3 0 78 1 50 1 1 1 3 3
3 0 50 1 64 0 1 1 3 3
3 0 cc 1 cc 1 1 1 3 3
3 0 e6 1 50 1 0 1 0 3
3 0 78 1 78 0 1 1 2 3
3 0 d4 0 50 1 0 1 1 3
3 0 64 1 64 1 0 1 1 3
3 0 72 1 cc 1 0 1 1 3
3 0 64 1 78 1 0 1 1 3
3 0 42 0 d4 0 1 1 2 3
3 0 78 0 78 0 1 1 3 3
3 0 64 0 cc 1 0 1 1 3
3 0 cc 0 78 1 1 1 3 3
3 0 64 1 64 0 0 1 0 3
3 0 cc 0 78 1 1 1 3 3
3 0 78 1 d4 0 1 1 3 3
3 0 61 0 78 1 0 1 1 3
3 0 50 1 78 1 1 1 3 3
3 0 cc 1 64 0 1 1 3 3
3 0 50 1 64 0 1 1 3 3
3 0 cc 1 78 1 1 1 3 3
3 0 78 0 50 1 1 1 3 3
3 0 78 1 64 0 1 1 3 3
3 0 d4 0 64 0 0 1 0 3
3 0 cc 1 64 0 1 1 3 3
3 0 fd 1 78 1 0 1 1 3
3 0 d4 0 78 1 0 1 0 3
3 0 78 1 50 1 1 1 3 3
3 0 0a 0 50 1 0 1 1 3
3 0 78 1 78 1 1 1 3 3
3 0 78 1 cc 1 1 1 3 3
3 0 50 0 78 1 1 1 3 3
3 0 64 1 d4 0 0 1 0 3
3 0 42 1 50 1 1 1 2 3
3 0 81 1 cc 0 1 1 2 3
3 0 d4 1 78 1 0 1 0 3
3 0 50 1 d4 0 1 1 3 3
3 0 50 1 d4 0 1 1 3 3
3 0 bc 0 d4 0 0 1 1 3
3 0 50 1 50 0 1 1 2 3
3 0 5c 1 cc 1 0 1 1 3
3 0 cc 1 64 0 1 1 3 3
3 0 cc 0 78 1 1 1 3 3
3 0 d4 1 d4 0 0 1 0 3
3 0 78 1 50 1 1 1 3 3
3 0 d4 1 cc 1 0 1 0 3
3 0 64 1 78 1 0 1 0 3
3 0 51 1 78 1 1 1 3 3
3 0 50 1 64 0 1 1 3 3
3 0 25 0 78 1 0 1 0 3
3 0 78 1 78 0 1 1 2 3
3 0 50 1 50 1 1 1 3 3
3 0 d4 0 78 1 0 1 0 3
3 0 78 1 78 1 1 1 3 3
3 0 07 1 78 1 0 1 1 3
3 0 50 1 d4 0 1 1 3 3
3 0 50 1 d4 1 1 1 3 3
3 0 78 0 78 0 1 1 3 3
3 0 78 1 64 0 1 1 3 3
3 0 64 1 50 1 0 1 0 3
3 0 78 1 cc 1 1 1 3 3
3 0 78 1 d4 0 1 1 3 3
3 0 64 1 78 1 0 1 0 3
3 0 78 1 d4 0 1 1 3 3
3 0 d4 1 78 0 0 1 0 3
3 0 78 1 78 1 1 1 3 3
3 0 64 1 50 1 0 1 0 3
3 0 64 1 64 0 0 1 0 3
3 0 64 1 78 1 0 1 0 3
3 0 78 1 50 0 1 1 3 3
3 0 78 1 78 1 1 1 3 3
3 0 cc 1 78 0 1 1 3 3
3 0 d4 1 64 0 0 1 0 3
3 0 50 1 78 1 1 1 2 3
3 0 ca 1 d4 0 0 1 1 3
3 0 64 0 cc 1 0 1 0 3
3 0 cc 0 64 0 1 1 3 3
3 0 cc 1 cc 1 1 1 3 3
3 0 50 1 cc 1 1 1 2 3
3 0 78 1 50 1 1 1 3 3
3 0 cc 1 50 1 1 1 3 3
3 0 3c 0 78 1 0 1 1 3
3 0 50 0 50 1 1 1 3 3
3 0 c0 1 78 0 1 1 2 3
3 0 50 0 78 0 1 1 3 3
3 0 78 1 cc 1 1 1 2 3
3 0 64 0 64 1 0 1 0 3
3 0 50 1 d4 0 1 1 3 3
3 0 cc 1 78 1 1 1 3 3
3 0 78 0 cc 0 1 1 3 3
3 0 cc 1 78 1 1 1 3 3
3 0 9b 1 cc 1 0 1 1 3
3 0 15 1 78 0 0 1 0 3
3 0 78 0 78 0 1 1 2 3
3 0 d4 1 50 1 0 1 0 3
3 0 50 1 78 1 1 1 3 3
3 0 78 1 50 0 1 1 3 3
3 0 64 0 64 0 0 1 0 3
3 0 d4 1 64 0 0 1 0 3
3 0 78 0 d4 0 1 1 3 3
3 0 cc 1 50 1 1 1 3 3
3 0 64 1 78 1 0 1 0 3
3 0 64 1 64 0 0 1 0 3
3 0 69 1 cc 1 0 1 1 3
3 0 78 1 cc 1 1 1 3 3
3 0 d4 0 78 1 0 1 0 3
3 0 64 1 d4 0 0 1 0 3
3 0 50 1 78 1 1 1 3 3
3 0 d4 0 64 0 0 1 0 3
3 0 50 1 78 1 1 1 3 3
3 0 d4 1 78 1 0 1 0 3
3 0 cc 1 cc 1 1 1 3 3
3 0 d0 1 78 1 1 1 3 3
3 0 76 1 d4 0 0 1 1 3
3 0 78 1 cc 1 1 1 3 3
3 0 85 1 d4 0 0 1 1 3
3 0 78 0 78 1 1 1 3 3
3 0 d4 1 78 0 0 1 0 3
3 0 cc 1 d4 1 1 1 3 3
3 0 cc 0 50 1 1 1 3 3
3 0 cc 0 78 1 1 1 3 3
3 0 64 0 cc 1 0 1 0 3
3 0 78 1 78 1 1 1 3 3
3 0 78 0 cc 1 1 1 3 3
3 0 cc 0 cc 1 1 1 3 3
3 0 6f 1 78 1 0 1 1 3
3 0 64 1 78 1 0 1 0 3
3 0 7a 1 50 1 1 1 3 3
3 0 2b 1 64 0 0 1 1 3
3 0 50 1 78 0 1 1 3 3
3 0 d4 0 78 1 0 1 1 3
3 0 cc 1 78 1 1 1 3 3
3 0 78 1 cc 1 1 1 3 3
3 0 cc 1 78 1 1 1 3 3
3 0 50 0 d4 0 1 1 3 3
3 0 64 1 64 1 0 1 1 3
3 0 cc 0 50 1 1 1 3 3
3 0 78 1 cc 1 1 1 3 3
3 0 d4 1 d4 0 0 1 0 3
3 0 50 0 d4 0 1 1 3 3
3 0 d4 1 cc 1 0 1 0 3
3 0 78 0 50 1 1 1 3 3
3 0 d4 1 d4 0 0 1 0 3
3 0 8c 1 d4 0 1 1 3 3
3 0 78 0 d4 0 1 1 3 3
3 0 78 1 50 0 1 1 3 3
3 0 02 1 78 1 1 1 2 3
3 0 5c 1 78 1 0 1 1 3
3 0 78 1 64 0 1 1 3 3
3 0 78 1 d4 0 1 1 3 3
3 0 78 1 50 1 1 1 3 3
3 0 d4 0 50 1 0 1 0 3
3 0 ba 1 78 1 1 1 3 3
3 0 14 1 50 1 0 1 0 3
3 0 cc 0 cc 1 1 1 3 3
3 0 64 1 cc 1 0 1 0 3
3 0 78 1 64 0 1 1 3 3
3 0 cc 1 78 1 1 1 3 3
3 0 64 0 cc 1 0 1 0 3
3 0 78 0 50 1 1 1 3 3
3 0 50 1 d4 0 1 1 3 3
3 0 d4 0 64 0 0 1 0 3
3 0 cc 1 78 1 1 1 3 3
3 0 64 1 cc 1 0 1 0 3
3 0 cc 1 50 1 1 1 3 3
3 0 88 1 50 1 0 1 1 3
3 0 cc 1 64 0 1 1 3 3
3 0 48 1 d4 0 0 1 1 3
3 0 01 1 78 1 1 1 2 3
3 0 d4 1 50 1 0 1 0 3
3 0 50 1 50 0 1 1 2 3
3 0 78 0 78 0 1 1 3 3
3 0 78 1 64 0 1 1 3 3
3 0 e1 1 d4 0 0 1 1 3
3 0 a5 1 78 1 0 1 0 3
3 0 d4 1 50 1 0 1 0 3
3 0 f2 0 cc 1 0 1 1 3
3 0 e3 1 50 0 0 1 1 3
3 0 cc 1 78 1 1 1 3 3
3 0 2e 1 cc 0 0 1 1 3
3 0 64 0 78 1 0 1 0 3
3 0 ea 0 78 0 0 1 1 3
3 0 fb 1 64 0 1 1 3 3
3 0 78 1 78 1 1 1 3 3
3 0 d4 1 50 1 0 1 0 3
3 0 b3 1 78 1 0 1 1 3
3 0 64 0 d4 0 0 1 0 3
3 0 a3 1 64 0 0 1 1 3
3 0 43 1 cc 1 1 1 2 3
3 0 d8 0 cc 0 0 1 1 3
3 0 d4 0 78 0 0 1 0 3
3 0 78 1 d4 0 1 1 3 3
3 0 7d 1 78 1 0 1 1 3
3 0 64 0 d4 1 0 1 0 3
3 0 de 1 64 0 0 1 1 3
3 0 64 1 cc 1 0 1 0 3
3 0 64 1 78 1 0 1 0 3
3 0 55 1 cc 0 0 1 0 3
3 0 50 0 78 0 1 1 3 3
3 0 64 1 64 0 0 1 0 3
3 0 78 1 78 1 1 1 3 3
3 0 50 0 cc 1 1 1 3 3
3 0 e8 0 64 0 0 1 1 3
3 0 78 1 50 1 1 1 3 3
3 0 7e 1 d4 0 0 1 1 3
3 0 78 0 78 0 1 1 3 3
3 0 50 1 64 0 1 1 3 3
3 0 d4 1 cc 1 0 1 0 3
3 0 66 1 cc 1 0 1 0 3
3 0 1c 1 d4 0 0 1 1 3
3 0 50 1 d4 1 1 1 3 3
3 0 cc 1 64 0 1 1 3 3
3 0 64 1 64 1 0 1 1 3
3 0 78 0 78 1 1 1 3 3
3 0 2c 1 78 1 0 1 1 3
3 0 2b 1 50 1 0 1 1 3
3 0 d4 0 78 1 0 1 1 3
3 0 78 1 64 0 1 1 3 3
3 0 d2 1 d4 0 1 1 3 3
3 0 d4 1 64 0 0 1 0 3
3 0 78 0 78 1 1 1 3 3
3 0 78 1 64 0 1 1 3 3
3 0 64 1 64 0 0 1 0 3
3 0 64 1 78 0 0 1 0 3
3 0 d4 1 50 1 0 1 0 3
3 0 78 1 d4 1 1 1 2 3
3 0 d4 1 64 1 0 1 1 3
3 0 27 1 78 1 0 1 1 3
3 0 64 1 78 0 0 1 1 3
3 0 78 1 50 1 1 1 2 3
3 0 78 1 78 0 0 1 1 3
3 0 64 0 64 0 0 1 1 3
3 0 50 1 78 1 1 1 3 3
3 0 50 1 78 1 1 1 3 3
3 0 cc 1 78 1 1 1 3 3
3 0 d4 1 cc 0 0 1 1 3
3 0 78 1 50 1 1 1 3 3
3 0 d4 1 cc 1 0 1 1 3
3 0 cc 1 78 0 1 1 3 3
3 0 cc 0 78 0 1 1 3 3
3 0 64 0 50 1 0 1 1 3
3 0 50 1 d4 0 1 1 3 3
3 0 50 1 78 1 1 1 3 3
3 0 fc 1 78 1 0 1 1 3
3 0 78 1 64 1 1 1 3 3
3 0 64 1 64 0 0 1 1 3
3 0 cb 1 50 1 0 1 1 3
3 0 d4 1 78 0 0 1 0 3
3 0 64 1 78 0 0 1 1 3
3 0 64 0 d4 0 0 1 1 3
3 0 64 0 cc 1 0 1 1 3
3 0 cc 0 64 0 1 1 3 3
3 0 64 0 50 1 0 1 1 3
3 0 d4 1 d4 0 0 1 0 3
3 0 d4 0 50 1 0 1 0 3
3 0 78 1 64 0 0 1 1 3
3 0 11 0 cc 1 1 1 3 3
3 0 50 1 78 1 1 1 3 3
3 0 e1 1 50 0 0 1 1 3
3 0 d4 0 64 0 0 1 0 3
3 0 78 1 50 1 1 1 2 3
3 0 d4 0 78 1 0 1 0 3
3 0 50 0 cc 1 1 1 3 3
3 0 d4 1 cc 1 0 1 0 3
3 0 6d 1 78 1 0 1 1 3
3 0 5c 1 78 1 0 1 1 3
3 0 90 1 78 0 1 1 3 3
3 0 cc 1 64 0 1 1 3 3
3 0 9e 1 64 0 0 1 1 3
3 0 64 1 cc 1 0 1 0 3
3 0 d4 1 78 1 0 1 0 3
3 0 cc 1 cc 1 1 1 3 3
3 0 cc 1 78 0 1 1 3 3
3 0 be 1 cc 1 0 1 1 3
3 0 cc 0 64 0 1 1 3 3
3 0 50 0 50 0 1 1 3 3
3 0 78 1 d4 0 1 1 2 3
3 0 0d 1 50 0 1 1 3 3
3 0 cc 1 64 0 1 1 3 3
3 0 78 1 cc 1 1 1 2 3
3 0 d4 1 d4 0 0 1 0 3
3 0 cc 1 64 0 1 1 3 3
3 0 b2 0 50 1 0 1 1 3
3 0 3b 1 d4 1 1 1 2 3
3 0 50 1 50 1 1 1 3 3
3 0 50 1 78 1 1 1 3 3
3 0 78 0 d4 0 1 1 3 3
3 0 50 1 d4 0 1 1 3 3
3 0 64 1 78 0 0 1 0 3
3 0 c9 1 d4 0 0 1 1 3
3 0 64 1 78 1 0 1 0 3
3 0 d4 0 78 1 0 1 0 3
3 0 50 1 d4 0 1 1 3 3
3 0 78 1 d4 0 1 1 3 3
3 0 50 0 d4 0 1 1 3 3
3 0 31 1 50 1 0 1 1 3
3 0 20 0 64 0 0 1 1 3
3 0 83 1 cc 1 1 1 2 3
3 0 79 1 78 1 1 1 3 3
3 0 bb 1 78 1 1 1 3 3
3 0 a8 1 64 0 0 1 1 3
3 0 d4 1 78 1 0 1 0 3
3 0 fb 1 50 1 1 1 3 3
3 0 cc 0 64 0 1 1 3 3
3 0 cc 1 50 1 1 1 3 3
3 0 cc 0 cc 1 1 1 3 3
3 0 be 1 78 1 0 1 1 3
3 0 9d 1 d4 0 0 1 1 3
3 0 78 0 cc 1 1 1 3 3
3 0 a6 1 78 1 0 1 0 3
3 0 d4 1 64 0 0 1 0 3
3 0 cc 1 78 1 1 1 3 3
3 0 5b 0 78 1 0 1 1 3
3 0 f8 1 78 0 1 1 2 3
3 0 6d 1 50 1 0 1 1 3
3 0 d4 1 cc 1 0 1 0 3
3 0 ac 1 cc 0 0 1 1 3
3 0 64 1 d4 0 0 1 0 3
3 0 78 1 78 1 1 1 3 3
3 0 cc 0 50 1 1 1 2 3
3 0 d4 1 d4 0 0 1 0 3
3 0 78 1 d4 0 1 1 3 3
3 0 50 1 50 1 1 1 3 3
3 0 78 1 78 1 1 1 3 3
3 0 d4 1 78 0 0 1 0 3
3 0 64 0 cc 1 0 1 0 3
3 0 50 1 64 0 1 1 3 3
3 0 50 0 cc 1 1 1 3 3
3 0 64 0 78 1 0 1 0 3
3 0 d4 1 64 0 0 1 0 3
3 0 64 1 d4 0 0 1 0 3
3 0 cc 1 78 1 1 1 2 3
3 0 78 0 cc 1 1 1 3 3
3 0 64 1 50 1 0 1 0 3
3 0 78 1 78 0 1 1 2 3
3 0 50 1 cc 0 1 1 3 3
3 0 8d 0 d4 0 0 1 1 3
3 0 78 1 64 0 1 1 2 3
3 0 1e 1 50 1 0 1 1 3
3 0 d4 0 78 1 0 1 0 3
3 0 78 1 d4 0 1 1 2 3
3 0 d4 1 cc 0 0 1 0 3
3 0 78 0 78 1 1 1 2 3
3 0 64 1 78 1 0 1 0 3
3 0 78 0 50 1 1 1 3 3
3 0 ac 1 64 0 0 1 1 3
3 0 64 1 cc 1 0 1 0 3
3 0 f7 0 78 1 0 1 1 3
3 0 64 0 64 0 0 1 0 3
3 0 78 0 78 1 1 1 3 3
3 0 78 1 50 1 1 1 3 3
3 0 cc 1 cc 1 1 1 2 3
3 0 50 0 d4 0 1 1 3 3
3 0 78 1 cc 1 1 1 3 3
3 0 cc 0 50 1 1 1 3 3
3 0 a0 1 cc 1 0 1 1 3
3 0 d4 1 78 1 0 1 0 3
3 0 cc 0 78 1 1 1 3 3
3 0 64 0 50 1 0 1 0 3
3 0 b0 1 d4 0 0 1 1 3
3 0 78 1 64 0 1 1 3 3
3 0 50 1 cc 1 1 1 3 3
3 0 d4 1 78 1 0 1 0 3
3 0 78 0 50 1 1 1 3 3
3 0 cc 1 78 1 1 1 3 3
3 0 cc 1 cc 1 1 1 3 3
3 0 64 0 cc 0 0 1 0 3
3 0 cc 0 64 0 1 1 3 3
3 0 5c 0 cc 1 0 1 1 3
3 0 cc 1 cc 1 1 1 3 3
3 0 78 1 d4 0 1 1 3 3
3 0 78 1 64 0 1 1 3 3
3 0 df 0 78 1 0 1 1 3
3 0 78 0 78 1 1 1 3 3
3 0 5d 0 64 0 0 1 1 3
3 0 78 1 cc 1 1 1 3 3
3 0 50 1 78 1 1 1 3 3
3 0 78 1 cc 0 1 1 3 3
3 0 64 1 64 0 0 1 0 3
3 0 cc 1 78 1 1 1 2 3
3 0 d4 1 78 1 0 1 0 3
3 0 78 1 78 1 1 1 3 3
3 0 78 1 78 1 1 1 3 3
3 0 78 0 64 1 1 1 3 3
3 0 d4 1 d4 0 0 1 0 3
3 0 64 1 50 1 0 1 0 3
3 0 2f 1 64 0 0 1 1 3
3 0 78 1 78 1 1 1 3 3
3 0 cc 1 50 1 1 1 2 3
3 0 78 0 78 1 1 1 3 3
3 0 d4 1 50 1 0 1 0 3
3 0 d4 0 cc 1 0 1 0 3
3 0 d4 0 64 1 0 1 0 3
3 0 cc 1 64 0 1 1 2 3
3 0 78 0 cc 1 1 1 3 3
3 0 64 1 78 1 0 1 0 3
3 0 d4 0 64 1 0 1 0 3
3 0 78 1 78 1 1 1 3 3
3 0 78 0 d4 0 1 1 3 3
3 0 78 1 78 1 1 1 3 3
3 0 44 1 78 0 0 1 1 3
3 0 15 1 d4 0 0 1 0 3
3 0 cc 1 50 1 1 1 2 3
3 0 78 1 78 1 1 1 3 3
3 0 3c 1 cc 1 0 1 1 3
3 0 cc 0 50 1 1 1 3 3
3 0 50 1 d4 1 1 1 3 3
3 0 d4 1 cc 1 0 1 1 3
3 0 31 1 50 1 0 1 1 3
3 0 cc 0 cc 1 1 1 3 3
3 0 1a 1 78 1 0 1 1 3
3 0 78 0 cc 1 1 1 3 3
3 0 78 1 d4 0 1 1 3 3
3 0 64 1 78 0 0 1 0 3
3 0 50 1 d4 0 1 1 3 3
3 0 01 1 50 0 1 1 2 3
3 0 78 1 50 1 1 1 2 3
3 0 d4 1 64 0 0 1 0 3
3 0 37 1 78 1 0 1 1 3
3 0 d4 1 78 1 0 1 0 3
3 0 64 0 d4 0 0 1 0 3
3 0 cc 1 d4 1 1 1 3 3
3 0 64 1 50 1 0 1 0 3
3 0 d0 1 78 1 1 1 3 3
3 0 cc 1 64 0 1 1 3 3
3 0 78 0 50 1 1 1 3 3
3 0 d4 0 78 0 0 1 1 3
3 0 cc 1 50 1 1 1 3 3
3 0 78 1 50 0 1 1 3 3
3 0 d4 0 78 1 0 1 1 3
3 0 a3 1 78 1 0 1 1 3
3 0 64 1 64 0 0 1 0 3
3 0 d4 1 cc 1 0 1 1 3
3 0 78 0 64 0 1 1 3 3
3 0 d4 1 64 0 0 1 1 3
3 0 64 1 64 1 0 1 1 3
3 0 d4 1 64 0 0 1 1 3
3 0 87 1 cc 0 0 1 1 3
3 0 50 1 cc 1 1 1 2 3
3 0 64 1 d4 0 0 1 0 3
3 0 78 1 cc 1 1 1 3 3
3 0 d4 0 d4 0 0 1 0 3
3 0 78 1 78 1 1 1 3 3
3 0 64 1 64 0 0 1 0 3
3 0 78 1 d4 0 1 1 3 3
3 0 d4 1 d4 0 0 1 0 3
3 0 d4 1 78 1 0 1 0 3
3 0 50 1 64 0 1 1 2 3
3 0 50 0 d4 0 1 1 2 3
3 0 0a 1 cc 1 0 1 1 3
3 0 cc 1 d4 0 1 1 3 3
3 0 90 0 50 1 1 1 2 3
3 0 64 1 50 1 0 1 0 3
3 0 d7 1 50 0 0 1 0 3
3 0 64 1 50 1 0 1 0 3
3 0 78 1 78 1 1 1 3 3
3 0 d4 1 78 1 0 1 0 3
3 0 50 1 78 1 1 1 3 3
3 0 e1 1 78 1 0 1 1 3
3 0 78 1 50 1 1 1 3 3
3 0 78 1 cc 0 1 1 3 3
3 0 30 0 78 0 0 1 1 3
3 0 24 0 64 1 0 1 0 3
3 0 d4 1 78 1 0 1 0 3
3 0 50 1 cc 1 1 1 3 3
3 0 d4 1 78 1 0 1 0 3
3 0 cc 1 50 1 1 1 3 3
3 0 50 1 78 1 1 1 3 3
3 0 64 1 64 0 0 1 0 3
3 0 3a 1 78 1 1 1 3 3
3 0 cc 0 cc 0 1 1 3 3
3 0 50 0 cc 1 1 1 3 3
3 0 78 0 cc 0 1 1 3 3
3 0 78 1 78 1 1 1 3 3
3 0 b1 1 d4 0 0 1 1 3
3 0 6f 1 78 1 0 1 1 3
3 0 78 1 50 1 1 1 3 3
3 0 50 1 50 1 1 1 3 3
3 0 50 1 78 1 1 1 3 3
3 0 78 1 d4 0 1 1 3 3
3 0 78 1 cc 1 1 1 3 3
3 0 78 1 50 1 1 1 3 3
3 0 1b 0 cc 1 0 1 1 3
3 0 d4 1 50 1 0 1 0 3
3 0 25 1 cc 1 0 1 0 3
3 0 83 0 cc 1 1 1 2 3
3 0 cc 0 d4 0 1 1 3 3
3 0 78 1 64 0 1 1 3 3
3 0 50 0 cc 1 1 1 3 3
3 0 78 0 64 0 1 1 3 3
3 0 78 1 64 0 1 1 3 3
3 0 e1 1 78 1 0 1 1 3
3 0 78 1 cc 1 1 1 3 3
3 0 78 1 50 1 1 1 3 3
3 0 78 1 d4 0 1 1 3 3
3 0 d4 0 78 1 0 1 0 3
3 0 78 1 d4 1 1 1 3 3
3 0 d4 0 78 1 0 1 1 3
3 0 78 1 50 1 1 1 3 3
3 0 73 1 d4 0 0 1 1 3
3 0 cc 1 cc 1 1 1 3 3
3 0 50 1 78 1 1 1 3 3
3 0 cc 0 d4 0 1 1 3 3
3 0 cc 1 d4 1 1 1 3 3
3 0 6e 1 cc 1 0 1 1 3
3 0 d4 1 64 0 0 1 1 3
3 0 50 1 d4 1 1 1 3 3
3 0 64 1 50 1 0 1 0 3
3 0 78 1 78 1 1 1 3 3
3 0 64 1 cc 1 0 1 0 3
3 0 50 1 d4 0 1 1 3 3
3 0 cc 1 78 1 1 1 3 3
3 0 cc 1 cc 0 1 1 2 3
3 0 78 0 50 1 1 1 3 3
3 0 50 1 78 1 1 1 3 3
3 0 78 0 78 1 1 1 3 3
3 0 d4 1 d4 0 0 1 0 3
3 0 cc 0 78 1 1 1 2 3
3 0 57 1 78 1 0 1 0 3
3 0 cc 1 64 1 1 1 2 3
3 0 78 1 64 0 1 1 3 3
3 0 78 1 cc 1 1 1 3 3
3 0 cc 1 64 0 1 1 3 3
3 0 6f 1 d4 0 0 1 1 3
3 0 78 0 64 0 1 1 3 3
3 0 cc 1 cc 1 1 1 3 3
3 0 50 1 cc 1 1 1 3 3
3 0 85 1 78 1 0 1 1 3
3 0 cc 0 50 1 1 1 3 3
3 0 45 1 78 1 0 1 1 3
3 0 64 1 64 0 0 1 0 3
3 0 d4 1 50 0 0 1 0 3
3 0 cc 0 d4 0 1 1 3 3
3 0 78 1 cc 0 1 1 3 3
3 0 cc 1 78 1 1 1 2 3
3 0 78 1 50 1 1 1 3 3
3 0 98 1 cc 1 0 1 1 3
3 0 cc 1 cc 1 1 1 3 3
3 0 d4 0 64 0 0 1 0 3
3 0 78 1 d4 0 1 1 3 3
3 0 d4 1 64 0 0 1 0 3
3 0 7b 1 78 1 1 1 3 3
3 0 78 1 64 0 1 1 3 3
3 0 24 1 78 1 0 1 0 3
3 0 cc 0 78 1 1 1 3 3
3 0 64 1 50 1 0 1 0 3
3 0 78 0 d4 0 1 1 3 3
3 0 50 1 64 0 1 1 3 3
3 0 64 1 50 1 0 1 0 3
3 0 64 1 78 1 0 1 0 3
3 0 64 1 cc 1 0 1 0 3
3 0 cc 1 78 1 1 1 3 3
3 0 cc 1 50 1 1 1 3 3
3 0 ee 0 78 1 0 1 1 3
3 0 d4 1 d4 1 0 1 1 3
3 0 cc 1 d4 0 1 1 3 3
3 0 0e 1 cc 0 1 1 2 3
3 0 78 1 64 0 1 1 3 3
3 0 d4 1 64 0 0 1 0 3
3 0 61 1 d4 0 0 1 1 3
3 0 6a 1 cc 1 0 1 1 3
3 0 d4 0 78 1 0 1 0 3
3 0 50 1 78 1 1 1 3 3
3 0 63 1 d4 0 0 1 1 3
3 0 d4 1 50 1 0 1 0 3
3 0 78 0 d4 1 1 1 3 3
3 0 d4 1 64 0 0 1 0 3
3 0 59 0 78 1 0 1 1 3
3 0 78 1 d4 0 1 1 3 3
3 0 78 1 64 0 1 1 3 3
3 0 d4 1 64 0 0 1 0 3
3 0 50 1 d4 0 1 1 3 3
3 0 15 1 50 1 0 1 0 3
3 0 64 0 d4 0 0 1 0 3
3 0 78 0 cc 1 1 1 3 3
3 0 78 1 cc 1 1 1 3 3
3 0 78 1 50 1 1 1 3 3
3 0 86 0 50 1 0 1 1 3
3 0 50 0 50 1 1 1 3 3
3 0 78 1 d4 0 1 1 3 3
3 0 d4 1 d4 0 0 1 0 3
3 0 cc 1 78 0 1 1 3 3
3 0 50 1 d4 0 1 1 3 3
3 0 78 1 cc 0 1 1 2 3
3 0 cc 0 cc 0 1 1 2 3
3 0 10 1 d4 0 1 1 3 3
3 0 75 1 d4 0 0 1 1 3
3 0 64 1 cc 1 0 1 0 3
3 0 78 1 78 0 0 1 1 3
3 0 78 0 d4 0 0 1 1 3
3 0 78 1 78 1 1 1 2 3
3 0 64 1 78 1 0 1 0 3
3 0 cc 1 64 0 1 1 3 3
3 0 d2 1 78 1 1 1 3 3
3 0 46 1 d4 0 0 1 1 3
3 0 e0 0 78 1 0 1 1 3
3 0 50 1 d4 0 1 1 3 3
3 0 cc 1 64 0 1 1 3 3
3 0 78 1 50 1 1 1 3 3
3 0 ed 1 78 1 0 1 1 3
3 0 50 1 78 1 1 1 3 3
3 0 78 0 50 1 1 1 3 3
3 0 22 1 50 1 0 1 1 3
3 0 f5 0 78 1 0 1 1 3
3 0 64 1 cc 1 0 1 0 3
3 0 78 1 d4 0 1 1 3 3
3 0 50 1 78 1 1 1 3 3
3 0 d4 1 cc 1 0 1 0 3
3 0 78 0 78 0 1 1 3 3
3 0 d4 0 50 1 0 1 0 3
3 0 78 1 78 1 1 1 3 3
3 0 d4 1 50 0 0 1 0 3
3 0 cc 1 78 1 1 1 3 3
3 0 78 1 78 1 1 1 3 3
3 0 14 0 64 0 0 1 0 3
3 0 d4 0 d4 0 0 1 0 3
3 0 87 0 d4 0 0 1 1 3
3 0 be 1 50 1 0 1 1 3
3 0 65 0 50 1 0 1 0 3
3 0 64 1 50 1 0 1 0 3
3 0 50 1 cc 1 1 1 3 3
3 0 cc 0 cc 1 1 1 3 3
3 0 64 1 d4 0 0 1 0 3
3 0 64 0 78 1 0 1 0 3
3 0 50 1 50 1 1 1 3 3
3 0 50 0 78 1 1 1 3 3
3 0 78 1 d4 0 1 1 3 3
3 0 78 1 cc 1 1 1 3 3
3 0 db 1 78 0 0 1 1 3
3 0 6c 1 d4 1 0 1 1 3
3 0 e9 1 cc 1 0 1 1 3
3 0 cc 1 78 0 1 1 3 3
3 0 d4 1 78 0 0 1 1 3
3 0 64 0 78 1 0 1 0 3
3 0 78 1 50 1 0 1 0 3
3 0 50 1 78 1 1 1 3 3
3 0 64 1 50 1 0 1 0 3
3 0 78 1 d4 0 0 1 1 3
3 0 64 1 78 1 0 1 0 3
3 0 42 1 78 1 1 1 2 3
3 0 d4 1 50 1 0 1 0 3
3 0 3e 0 50 1 0 1 1 3
3 0 2b 0 64 1 0 1 1 3
3 0 78 0 d4 0 1 1 3 3
3 0 78 0 78 1 1 1 3 3
3 0 64 1 78 1 0 1 0 3
3 0 78 1 64 0 1 1 3 3
3 0 50 1 cc 1 1 1 3 3
3 0 50 1 cc 1 1 1 3 3
3 0 ca 0 78 1 0 1 1 3
3 0 cc 1 78 1 1 1 3 3
3 0 78 1 78 1 1 1 3 3
3 0 64 1 64 0 0 1 0 3
3 0 50 1 78 1 1 1 3 3
3 0 d4 1 50 1 0 1 0 3
3 0 cc 1 d4 0 1 1 3 3
3 0 cc 1 78 1 1 1 3 3
3 0 78 1 cc 1 1 1 3 3
3 0 50 1 78 1 1 1 3 3
3 0 cc 1 64 0 1 1 3 3
3 0 cc 1 78 1 1 1 3 3
3 0 78 1 64 0 1 1 3 3
3 0 78 1 50 1 1 1 3 3
3 0 64 1 78 0 0 1 0 3
3 0 78 1 50 1 1 1 2 3
3 0 50 1 d4 0 1 1 3 3
3 0 50 1 78 0 1 1 3 3
3 0 78 1 78 1 1 1 2 3
3 0 64 1 d4 0 0 1 0 3
3 0 8b 1 cc 1 0 1 1 3
3 0 78 1 78 1 1 1 3 3
3 0 d4 0 50 1 0 1 0 3
3 0 50 1 64 0 1 1 3 3
3 0 3e 1 64 0 0 1 1 3
3 0 64 0 50 1 0 1 0 3
3 0 78 1 64 1 1 1 3 3
3 0 78 1 cc 1 1 1 3 3
3 0 78 0 78 1 1 1 3 3
3 0 78 1 d4 0 1 1 3 3
3 0 64 1 d4 0 0 1 1 3
3 0 64 1 78 1 0 1 1 3
3 0 78 1 cc 1 1 1 3 3
3 0 d4 1 d4 0 0 1 0 3
3 0 50 1 cc 1 1 1 3 3
3 0 78 1 78 1 1 1 3 3
3 0 64 1 78 1 0 1 1 3
3 0 64 0 cc 1 0 1 1 3
3 0 78 1 78 1 1 1 3 3
3 0 78 1 d4 0 1 1 3 3
3 0 cc 1 d4 0 1 1 3 3
3 0 cc 1 64 0 1 1 3 3
3 0 71 1 cc 1 0 1 1 3
3 0 78 1 64 0 1 1 3 3
3 0 50 0 50 1 1 1 3 3
3 0 78 1 d4 0 1 1 3 3
3 0 64 1 78 1 0 1 0 3
3 0 f7 0 64 0 0 1 1 3
3 0 50 1 78 1 1 1 3 3
3 0 77 0 50 1 0 1 1 3
3 0 78 1 cc 1 1 1 3 3
3 0 d4 1 64 0 0 1 0 3
3 0 bb 0 78 1 1 1 3 3
3 0 64 0 78 1 0 1 0 3
3 0 d4 0 78 1 0 1 0 3
3 0 97 1 78 1 0 1 0 3
3 0 78 0 50 1 1 1 3 3
3 0 50 1 cc 1 1 1 3 3
3 0 78 1 78 1 1 1 3 3
3 0 cc 0 78 1 1 1 3 3
3 0 fb 1 d4 0 1 1 3 3
3 0 58 1 50 0 0 1 1 3
3 0 d4 1 50 1 0 1 0 3
3 0 78 1 78 1 1 1 3 3
3 0 50 1 cc 0 1 1 3 3
3 0 78 0 cc 1 1 1 3 3
3 0 50 0 cc 0 1 1 3 3
3 0 cc 1 50 1 1 1 2 3
3 0 72 1 cc 1 0 1 1 3
3 0 78 1 64 0 1 1 3 3
3 0 cc 0 78 1 1 1 3 3
3 0 78 1 d4 0 1 1 3 3
3 0 cc 1 d4 0 1 1 3 3
3 0 78 0 78 1 1 1 3 3
3 0 d4 0 50 1 0 1 0 3
3 0 50 1 78 0 1 1 3 3
3 0 50 0 50 1 1 1 3 3
3 0 64 1 78 1 0 1 0 3
3 0 64 1 50 1 0 1 0 3
3 0 50 1 78 1 1 1 3 3
3 0 64 0 78 1 0 1 0 3
3 0 fc 1 d4 1 0 1 1 3
3 0 cc 1 78 1 1 1 3 3
3 0 d4 0 78 1 0 1 1 3
3 0 78 0 50 1 1 1 3 3
3 0 50 1 78 0 1 1 3 3
3 0 2b 1 78 1 0 1 1 3
3 0 50 0 50 0 1 1 3 3
3 0 d4 0 d4 0 0 1 1 3
3 0 c3 1 64 0 1 1 2 3
3 0 ce 1 78 1 1 1 3 3
3 0 cc 1 50 1 1 1 3 3
3 0 d4 1 78 0 0 1 1 3
3 0 d4 1 cc 1 0 1 1 3
3 0 13 1 cc 1 1 1 3 3
3 0 d4 0 50 1 0 1 1 3
3 0 cc 1 50 0 1 1 3 3
3 0 0b 1 50 1 0 1 1 3
3 0 cc 1 d4 0 1 1 3 3
3 0 cc 1 50 1 1 1 3 3
3 0 78 1 d4 0 1 1 2 3
3 0 64 1 cc 1 0 1 0 3
3 0 64 1 64 0 0 1 0 3
3 0 cc 1 78 1 1 1 3 3
3 0 35 1 50 1 0 1 1 3
3 0 cc 1 d4 0 1 1 3 3
3 0 cc 1 64 1 1 1 3 3
3 0 d4 1 cc 1 0 1 0 3
3 0 64 1 78 1 0 1 1 3
3 0 50 1 d4 0 1 1 3 3
3 0 cc 0 78 1 1 1 3 3
3 0 64 1 d4 0 0 1 1 3
3 0 f8 1 d4 1 1 1 3 3
3 0 cc 1 64 1 1 1 3 3
3 0 64 0 78 1 1 1 2 3
3 0 78 1 78 1 1 1 3 3
3 0 78 1 cc 1 1 1 3 3
3 0 04 1 cc 1 0 1 1 3
3 0 1d 1 78 1 0 1 1 3
3 0 78 1 78 0 1 1 2 3
3 0 50 1 d4 0 1 1 3 3
3 0 78 1 64 0 1 1 2 3
3 0 50 1 d4 0 1 1 3 3
3 0 5a 1 64 0 0 1 1 3
3 0 67 0 64 0 0 1 0 3
3 0 50 0 64 1 1 1 3 3
3 0 78 1 cc 0 1 1 2 3
3 0 d4 0 cc 0 0 1 0 3
3 0 78 0 78 1 1 1 2 3
3 0 50 0 50 1 1 1 3 3
3 0 78 0 64 0 1 1 2 3
3 0 19 1 78 0 0 1 1 3
3 0 6c 1 78 1 0 1 1 3
3 0 78 1 cc 1 1 1 2 3
3 0 cc 1 cc 0 1 1 2 3
3 0 50 1 78 1 1 1 3 3
3 0 50 1 78 1 1 1 3 3
3 0 50 1 78 1 1 1 3 3
3 0 78 1 d4 0 1 1 3 3
3 0 cc 1 78 1 1 1 2 3
3 0 d4 1 cc 1 0 1 0 3
3 0 cc 1 78 1 1 1 3 3
3 0 6b 1 cc 1 0 1 1 3
3 0 cc 1 64 1 1 1 3 3
3 0 d4 1 64 0 0 1 0 3
3 0 50 1 64 0 1 1 3 3
3 0 cc 1 78 1 1 1 3 3
3 0 cc 1 cc 0 1 1 2 3
3 0 88 1 d4 1 0 1 1 3
3 0 78 1 64 0 1 1 3 3
3 0 cc 1 cc 1 1 1 3 3
3 0 64 1 d4 1 0 1 0 3
3 0 50 1 78 1 1 1 3 3
3 0 50 1 cc 1 1 1 3 3
3 0 78 1 64 0 1 1 3 3
3 0 64 1 cc 1 0 1 0 3
3 0 d4 1 64 0 1 1 2 3
3 0 78 1 78 0 1 1 2 3
3 0 78 1 50 1 1 1 2 3
3 0 cc 1 64 1 1 1 3 3
3 0 50 1 50 1 1 1 3 3
3 0 50 0 cc 1 1 1 3 3
3 0 d4 1 64 0 1 1 2 3
3 0 cc 1 50 1 1 1 3 3
3 0 64 1 64 0 0 1 0 3
3 0 78 1 64 0 1 1 2 3
3 0 d4 1 50 1 1 1 2 3
3 0 50 1 78 1 1 1 3 3
3 0 50 0 64 0 1 1 3 3
3 0 50 0 cc 1 1 1 3 3
3 0 cc 0 50 1 1 1 3 3
3 0 78 0 64 0 1 1 3 3
3 0 64 1 50 1 0 1 0 3
3 0 f2 1 78 0 0 1 1 3
3 0 76 0 cc 1 0 1 1 3
3 0 d4 1 78 1 1 1 2 3
3 0 64 0 78 1 0 1 0 3
3 0 50 1 d4 1 1 1 3 3
3 0 78 1 d4 1 1 1 3 3
3 0 78 1 cc 1 1 1 3 3
3 0 78 1 cc 1 1 1 3 3
3 0 50 1 cc 1 1 1 3 3
3 0 50 1 cc 1 1 1 3 3
3 0 64 0 64 0 0 1 0 3
3 0 50 1 78 1 1 1 3 3
3 0 cc 1 78 1 1 1 3 3
3 0 78 1 cc 1 1 1 3 3
3 0 da 1 78 1 0 1 1 3
3 0 50 0 d4 0 1 1 3 3
3 0 03 1 64 0 1 1 2 3
3 0 cc 1 cc 1 1 1 3 3
3 0 d1 1 cc 1 1 1 3 3
3 0 cc 0 50 1 1 1 3 3
3 0 cc 1 d4 0 1 1 3 3
3 0 cc 0 78 1 1 1 3 3
3 0 64 1 d4 0 0 1 0 3
3 0 78 1 d4 0 1 1 3 3
3 0 78 0 78 1 1 1 3 3
3 0 7d 1 d4 0 0 1 1 3
3 0 51 1 78 1 1 1 3 3
3 0 78 1 78 1 1 1 3 3
3 0 78 1 78 1 1 1 3 3
3 0 78 0 78 1 1 1 3 3
3 0 64 1 50 1 0 1 0 3
3 0 78 1 d4 0 1 1 3 3
3 0 78 1 cc 1 1 1 3 3
3 0 24 1 50 1 0 1 0 3
3 0 d4 0 50 1 0 1 0 3
3 0 78 1 cc 0 1 1 3 3
3 0 78 1 78 1 1 1 3 3
3 0 64 1 d4 1 0 1 0 3
3 0 78 1 50 1 1 1 3 3
3 0 cc 1 50 1 1 1 2 3
3 0 64 1 50 1 0 1 0 3
3 0 78 1 64 0 1 1 3 3
3 0 d4 1 50 1 0 1 1 3
3 0 78 1 cc 1 1 1 3 3
3 0 c3 1 64 0 1 1 2 3
3 0 50 0 64 0 1 1 3 3
3 0 64 1 50 1 0 1 0 3
3 0 cc 1 cc 1 1 1 3 3
3 0 cc 1 78 1 1 1 3 3
3 0 50 1 78 1 1 1 3 3
3 0 64 1 64 0 0 1 0 3
3 0 50 1 64 0 1 1 3 3
3 0 cc 1 50 0 1 1 3 3
3 0 d9 1 78 0 0 1 1 3
3 0 d4 1 78 1 0 1 1 3
3 0 78 1 cc 1 1 1 3 3
3 0 64 1 64 1 0 1 1 3
3 0 64 1 d4 0 0 1 1 3
3 0 64 1 cc 1 0 1 1 3
3 0 64 1 d4 0 0 1 1 3
3 0 cc 0 d4 0 1 1 3 3
3 0 78 0 cc 1 1 1 3 3
3 0 cc 1 50 1 1 1 3 3
3 0 cc 1 d4 0 1 1 3 3
3 0 d4 1 78 1 0 1 0 3
3 0 79 1 50 1 1 1 3 3
3 0 64 1 50 1 0 1 1 3
3 0 64 1 d4 1 0 1 1 3
3 0 50 1 78 0 1 1 3 3
3 0 78 1 78 1 1 1 3 3
3 0 78 1 78 1 1 1 3 3
3 0 30 1 d4 0 0 1 1 3
3 0 d4 0 78 1 0 1 0 3
3 0 4c 1 78 1 1 1 3 3
3 0 78 0 50 1 1 1 3 3
3 0 50 1 cc 0 1 1 3 3
3 0 50 0 64 0 1 1 3 3
3 0 cc 1 d4 0 1 1 2 3
3 0 d4 0 78 1 0 1 0 3
3 0 6c 0 cc 0 0 1 1 3
3 0 78 1 78 1 1 1 3 3
3 0 cc 0 cc 1 1 1 2 3
3 0 78 1 50 1 1 1 3 3
3 0 64 1 50 1 0 1 1 3
3 0 d4 1 78 1 0 1 0 3
3 0 50 1 d4 0 1 1 3 3
3 0 64 1 78 1 0 1 1 3
3 0 1b 0 78 1 0 1 1 3
3 0 78 0 78 1 1 1 3 3
3 0 64 1 cc 1 0 1 1 3
3 0 78 1 50 1 1 1 3 3
3 0 64 1 d4 0 0 1 1 3
3 0 d4 1 50 1 0 1 0 3
3 0 7e 1 d4 0 0 1 1 3
3 0 78 1 50 1 1 1 3 3
3 0 78 1 cc 1 1 1 3 3
3 0 87 1 50 0 0 1 1 3
3 0 50 1 50 1 1 1 3 3
3 0 64 1 d4 0 0 1 1 3
3 0 0d 1 50 1 1 1 3 3
3 0 cc 1 d4 1 1 1 3 3
3 0 78 0 50 1 1 1 3 3
3 0 73 1 78 1 0 1 1 3
3 0 78 0 50 1 1 1 3 3
3 0 78 0 64 0 1 1 3 3
3 0 3b 1 cc 1 1 1 3 3
3 0 78 1 64 0 1 1 3 3
3 0 78 0 50 1 1 1 3 3
3 0 cc 1 78 1 1 1 3 3
3 0 cc 1 50 1 1 1 3 3
3 0 64 1 cc 1 0 1 0 3
3 0 50 0 64 0 1 1 3 3
3 0 20 1 78 1 0 1 1 3
3 0 78 1 cc 1 1 1 3 3
3 0 d4 0 d4 0 0 1 1 3
3 0 78 1 cc 1 1 1 3 3
3 0 d4 0 78 1 0 1 1 3
3 0 78 0 50 0 1 1 3 3
3 0 78 1 64 0 1 1 3 3
3 0 e9 1 64 0 0 1 1 3
3 0 78 0 64 0 1 1 3 3
3 0 cc 0 78 1 1 1 3 3
3 0 64 1 50 1 0 1 0 3
3 0 d4 1 78 1 0 1 1 3
3 0 50 0 78 1 1 1 3 3
3 0 fa 1 78 1 1 1 3 3
3 0 00 1 64 0 1 1 2 3
3 0 50 0 78 1 1 1 3 3
3 0 78 1 50 1 1 1 3 3
3 0 64 0 50 0 0 1 0 3
3 0 78 1 78 1 1 1 3 3
3 0 69 0 78 1 0 1 1 3
3 0 50 0 78 1 1 1 3 3
3 0 78 1 78 1 1 1 3 3
3 0 64 1 d4 1 0 1 0 3
3 0 d7 1 64 0 1 1 2 3
3 0 78 1 78 1 1 1 3 3
3 0 1a 1 64 1 0 1 1 3
3 0 d4 1 d4 0 0 1 1 3
3 0 64 0 cc 1 0 1 1 3
3 0 78 1 64 0 1 1 3 3
3 0 fe 1 78 1 0 1 1 3
3 0 cc 1 d4 0 1 1 3 3
3 0 50 1 cc 1 1 1 3 3
3 0 f2 1 d4 0 0 1 1 3
3 0 72 0 78 0 0 1 1 3
3 0 64 1 78 1 0 1 0 3
3 0 78 0 50 0 1 1 3 3
3 0 cc 1 78 1 1 1 3 3
3 0 64 1 78 0 0 1 0 3
3 0 cc 0 64 0 1 1 3 3
3 0 85 0 64 0 0 1 1 3
3 0 50 1 d4 0 1 1 3 3
3 0 78 1 64 0 1 1 2 3
3 0 78 1 78 0 0 1 1 3
3 0 78 1 78 1 1 1 2 3
3 0 64 0 50 1 0 1 0 3
3 0 46 1 cc 1 0 1 1 3
3 0 ec 1 50 1 0 1 1 3
3 0 e0 0 78 1 0 1 1 3
3 0 50 1 cc 1 1 1 3 3
3 0 78 1 64 0 1 1 2 3
3 0 d4 0 cc 1 0 1 0 3
3 0 64 1 78 1 0 1 0 3
3 0 50 1 50 0 1 1 2 3
3 0 50 0 d4 0 1 1 2 3
3 0 50 1 d4 0 1 1 2 3
3 0 f9 1 cc 1 1 1 3 3
3 0 cc 1 78 1 1 1 3 3
3 0 78 1 50 1 1 1 3 3
3 0 78 1 78 1 1 1 3 3
3 0 64 0 50 1 0 1 0 3
3 0 64 0 64 0 0 1 0 3
3 0 64 1 50 1 0 1 0 3
3 0 64 1 78 1 0 1 0 3
3 0 aa 0 d4 0 0 1 1 3
3 0 78 1 50 1 1 1 3 3
3 0 72 1 64 0 0 1 1 3
3 0 cc 1 50 1 1 1 3 3
3 0 f0 1 78 1 0 1 1 3
3 0 78 0 cc 1 1 1 3 3
3 0 78 0 50 0 1 1 3 3
3 1 63 1 d4 0 0 1 1 3
3 0 9a 1 cc 1 0 1 1 3
3 0 e9 1 64 1 0 1 1 3
3 0 d4 0 cc 1 0 1 1 3
3 0 d4 1 cc 1 0 1 1 3
3 0 78 0 78 1 0 1 1 3
3 0 47 0 50 0 0 1 1 3
3 0 d4 1 78 1 0 1 1 3
3 0 cc 1 78 1 1 1 3 3
3 0 d4 0 64 0 0 1 1 3
3 0 78 1 50 1 1 1 3 3
3 0 3c 1 64 0 0 1 1 3
3 0 64 0 d4 0 0 1 1 3
3 0 78 1 50 1 1 1 3 3
3 0 b2 0 78 1 0 1 1 3
3 0 50 1 78 1 1 1 3 3
3 0 cc 1 78 1 1 1 3 3
3 0 d4 0 cc 1 0 1 1 3
3 0 78 1 d4 1 1 1 3 3
3 0 cb 0 78 1 0 1 1 3
3 0 ca 0 78 1 0 1 1 3
3 0 d4 0 64 1 1 1 2 3
3 0 78 0 cc 1 1 1 3 3
3 0 d4 1 64 1 1 1 2 3
3 0 78 0 d4 1 1 1 3 3
3 0 50 0 64 0 1 1 3 3
3 0 d4 1 64 0 1 1 2 3
3 0 50 0 78 1 1 1 3 3
3 0 50 1 78 1 1 1 3 3
3 0 78 1 cc 1 1 1 3 3
3 0 f2 1 50 0 0 1 1 3
3 0 ea 1 cc 1 0 1 1 3
3 0 50 1 cc 1 1 1 2 3
3 0 a0 1 78 0 0 1 1 3
3 0 d4 1 78 1 1 1 2 3
3 0 54 1 64 0 1 1 2 3
3 0 64 1 78 0 0 1 0 3
3 0 cc 1 50 0 1 1 3 3
3 0 78 1 78 1 1 1 3 3
3 0 50 0 78 1 0 1 1 3
3 0 78 1 d4 0 1 1 3 3
3 0 64 1 78 1 0 1 0 3
3 0 78 1 d4 0 1 1 3 3
3 0 50 1 78 1 0 1 1 3
3 0 64 1 78 1 0 1 0 3
3 0 78 1 d4 0 1 1 3 3
3 0 78 1 78 0 1 1 2 3
3 0 cc 1 cc 1 1 1 3 3
3 0 d4 1 cc 0 0 1 0 3
3 0 78 0 78 0 1 1 2 3
3 0 50 1 d4 0 0 1 1 3
3 0 78 1 cc 1 1 1 2 3
3 0 cc 1 78 1 1 1 3 3
3 0 64 1 d4 0 0 1 0 3
3 0 d4 1 78 1 0 1 0 3
3 0 50 0 cc 1 0 1 1 3
3 0 91 1 64 1 0 1 1 3
3 0 78 0 64 0 1 1 3 3
3 0 64 1 64 0 0 1 0 3
3 0 64 1 50 1 0 1 0 3
3 0 64 0 d4 0 0 1 0 3
3 0 64 1 cc 0 0 1 0 3
3 0 50 1 50 1 1 1 3 3
3 0 5d 1 50 0 0 1 1 3
3 0 78 1 50 1 1 1 3 3
3 0 cc 0 cc 1 1 1 2 3
3 0 08 1 78 1 0 1 1 3
3 0 64 0 64 0 0 1 0 3
3 0 cc 1 cc 1 1 1 3 3
3 0 81 1 78 0 0 1 1 3
3 0 cc 1 78 1 1 1 3 3
3 0 78 1 cc 1 1 1 3 3
3 0 d4 1 50 1 0 1 0 3
3 0 78 1 d4 1 1 1 3 3
3 0 78 1 78 1 1 1 3 3
3 0 fb 0 64 0 1 1 3 3
3 0 78 1 78 0 1 1 2 3
3 0 78 0 78 1 1 1 2 3
3 0 78 1 78 1 1 1 3 3
3 0 d4 1 50 1 0 1 1 3
3 0 78 0 64 0 1 1 3 3
3 0 c1 1 50 1 0 1 1 3
3 0 cc 1 64 0 1 1 3 3
3 0 78 0 64 0 1 1 3 3
3 0 78 1 78 1 1 1 3 3
3 0 50 0 64 0 1 1 3 3
3 0 64 1 d4 0 0 1 0 3
3 0 d4 0 50 0 0 1 0 3
3 0 50 1 50 1 1 1 3 3
3 0 50 1 cc 0 1 1 3 3
3 0 cc 1 50 0 1 1 2 3
3 0 cc 1 64 0 1 1 2 3
3 0 50 1 78 1 1 1 2 3
3 0 50 1 78 0 1 1 2 3
3 0 86 1 50 1 0 1 1 3
3 0 78 0 50 1 1 1 2 3
3 0 50 0 64 0 1 1 3 3
3 0 cc 1 78 1 1 1 2 3
3 0 78 1 d4 0 1 1 3 3
3 0 d4 1 d4 0 0 1 0 3
3 0 64 0 d4 0 0 1 0 3
3 0 d4 0 78 1 0 1 0 3
3 0 64 1 64 0 0 1 0 3
3 0 ea 1 64 0 0 1 1 3
3 0 78 1 d4 0 1 1 3 3
3 0 78 1 cc 1 1 1 3 3
3 0 cc 0 cc 1 1 1 3 3
3 0 78 1 cc 1 1 1 3 3
3 0 64 1 78 1 0 1 0 3
3 0 78 0 64 1 1 1 3 3
3 0 50 1 cc 1 1 1 3 3
3 0 cc 1 78 1 1 1 3 3
3 0 78 1 d4 0 1 1 3 3
3 0 50 1 78 0 1 1 3 3
3 0 d4 0 78 1 0 1 0 3
3 0 a9 0 78 1 0 1 1 3
3 0 64 1 78 1 0 1 0 3
3 0 cc 1 50 0 1 1 3 3
3 0 64 1 64 0 0 1 0 3
3 0 76 0 50 1 0 1 1 3
3 0 64 1 64 0 0 1 0 3
3 0 78 1 50 1 1 1 3 3
3 0 cc 1 78 1 1 1 3 3
3 0 99 0 78 1 0 1 1 3
3 0 50 0 64 0 1 1 3 3
3 0 78 0 78 1 1 1 3 3
3 0 d0 1 50 1 1 1 3 3
3 0 50 1 64 1 1 1 3 3
3 0 64 0 d4 0 0 1 1 3
3 0 cc 0 cc 0 1 1 3 3
3 0 cc 1 78 0 1 1 3 3
3 0 cc 1 50 1 1 1 3 3
3 0 78 1 64 0 1 1 2 3
3 0 d4 1 78 1 0 1 0 3
3 0 50 1 78 1 1 1 3 3
3 0 78 1 78 1 1 1 3 3
3 0 cc 0 50 1 1 1 3 3
3 0 55 1 64 0 0 1 0 3
3 0 d4 1 50 1 0 1 0 3
3 0 cc 0 50 1 1 1 3 3
3 0 cc 1 78 1 1 1 3 3
3 0 64 1 d4 0 0 1 0 3
3 0 78 1 64 0 1 1 3 3
3 0 bd 1 64 0 0 1 1 3
3 0 aa 1 d4 0 0 1 1 3
3 0 64 1 50 1 0 1 0 3
3 0 50 0 d4 0 1 1 3 3
3 0 64 1 d4 0 0 1 0 3
3 0 4f 1 50 1 1 1 3 3
3 0 cc 1 d4 1 1 1 3 3
3 0 cc 1 78 0 1 1 3 3
3 0 cc 1 78 1 1 1 3 3
3 0 d4 1 78 1 0 1 1 3
3 0 78 0 78 1 1 1 3 3
3 0 78 1 78 1 1 1 3 3
3 0 64 0 cc 0 0 1 0 3
3 0 78 0 78 1 1 1 3 3
3 0 50 1 50 1 1 1 3 3
3 0 cc 1 cc 1 1 1 3 3
3 0 78 0 50 1 1 1 3 3
3 0 50 1 78 1 1 1 3 3
3 0 d4 1 78 1 0 1 1 3
3 0 cc 1 50 1 1 1 3 3
3 0 78 0 78 0 1 1 3 3
3 0 78 0 78 1 1 1 3 3
3 0 64 0 d4 0 0 1 0 3
3 0 41 0 d4 0 0 1 1 3
3 0 78 1 78 1 1 1 3 3
3 0 50 1 d4 1 1 1 3 3
3 0 64 1 64 0 0 1 0 3
3 0 64 1 d4 0 0 1 0 3
3 0 78 1 78 1 1 1 3 3
3 0 50 1 cc 1 1 1 3 3
3 0 cc 1 64 0 1 1 3 3
3 0 50 1 64 0 1 1 3 3
3 0 64 1 78 1 0 1 0 3
3 0 d8 1 78 1 0 1 1 3
3 0 78 1 d4 0 1 1 3 3
3 0 78 0 d4 0 1 1 3 3
3 0 78 0 78 1 1 1 3 3
3 0 64 1 50 1 0 1 0 3
3 0 54 1 78 1 0 1 0 3
3 0 78 1 78 0 1 1 2 3
3 0 64 1 78 1 0 1 0 3
3 0 62 0 78 1 0 1 1 3
3 0 78 0 d4 1 1 1 3 3
3 0 6e 1 cc 1 0 1 1 3
3 0 d4 1 78 1 0 1 0 3
3 0 50 1 50 1 1 1 3 3
3 0 78 1 78 1 1 1 3 3
3 0 50 1 d4 0 1 1 3 3
3 0 d4 1 cc 1 0 1 0 3
3 0 78 1 50 1 1 1 3 3
3 0 78 0 d4 0 1 1 3 3
3 0 78 0 78 1 1 1 3 3
3 0 cc 0 78 1 1 1 3 3
3 0 cc 0 50 0 1 1 3 3
3 0 50 1 d4 0 1 1 3 3
3 0 f4 1 78 1 0 1 1 3
3 0 78 1 d4 0 1 1 3 3
3 0 64 1 64 0 0 1 0 3
3 0 78 0 78 0 1 1 3 3
3 0 05 1 d4 1 0 1 1 3
3 0 64 1 64 0 0 1 0 3
3 0 39 1 50 1 1 1 3 3
3 0 64 1 cc 1 0 1 0 3
3 0 64 0 d4 0 0 1 0 3
3 0 78 1 50 1 1 1 3 3
3 0 d4 1 cc 1 0 1 1 3
3 0 64 1 d4 0 0 1 0 3
3 0 cc 1 64 0 1 1 3 3
3 0 d4 1 cc 1 0 1 0 3
3 0 78 0 64 1 1 1 3 3
3 0 cc 1 64 1 1 1 3 3
3 0 50 1 d4 0 1 1 3 3
3 0 d4 0 78 0 0 1 0 3
3 0 d4 0 64 0 0 1 0 3
3 0 64 1 78 1 0 1 1 3
3 0 cc 1 50 1 1 1 3 3
3 0 cc 1 50 1 1 1 3 3
3 0 6f 0 50 1 0 1 1 3
3 0 78 0 cc 1 1 1 3 3
3 0 cc 1 78 1 1 1 3 3
3 0 73 0 78 1 0 1 1 3
3 0 cc 1 cc 1 1 1 3 3
3 0 78 1 cc 1 1 1 3 3
3 0 78 1 78 1 1 1 3 3
3 0 d4 1 50 0 0 1 0 3
3 0 78 1 50 1 1 1 3 3
3 0 f8 1 78 1 1 1 3 3
3 0 78 0 cc 0 1 1 3 3
3 0 78 0 d4 1 1 1 3 3
3 0 78 1 64 0 1 1 3 3
3 0 cc 0 50 1 1 1 3 3
3 0 ab 1 d4 0 0 1 1 3
3 0 78 1 50 1 1 1 3 3
3 0 78 1 78 1 1 1 3 3
3 0 d4 0 78 0 0 1 0 3
3 0 c3 0 cc 1 0 1 1 3
3 0 50 0 78 1 1 1 3 3
3 0 64 1 78 1 0 1 0 3
3 0 cc 1 d4 0 1 1 3 3
3 0 d4 1 78 1 0 1 0 3
3 0 78 0 64 0 1 1 3 3
3 0 73 1 64 0 0 1 1 3
3 0 0f 1 cc 1 1 1 3 3
3 0 34 1 50 1 0 1 1 3
3 0 50 0 64 0 1 1 3 3
3 0 cc 0 d4 0 1 1 3 3
3 0 1f 0 d4 0 0 1 1 3
3 0 78 1 64 0 1 1 3 3
3 0 ce 1 64 1 1 1 3 3
3 0 64 1 d4 0 0 1 1 3
3 0 93 1 78 1 1 1 3 3
3 0 cc 0 50 1 1 1 3 3
3 0 d4 1 cc 1 0 1 0 3
3 0 78 0 78 1 1 1 3 3
3 0 64 1 50 1 0 1 1 3
3 0 d4 1 50 1 0 1 0 3
3 0 50 1 cc 0 1 1 3 3
3 0 d4 0 78 0 0 1 0 3
3 0 78 1 cc 0 1 1 3 3
3 0 d4 1 50 1 0 1 0 3
3 0 64 1 50 1 0 1 1 3
3 0 5b 1 cc 1 0 1 1 3
3 0 64 1 d4 0 0 1 1 3
3 0 78 1 cc 1 1 1 3 3
3 0 50 0 64 0 1 1 3 3
3 0 78 1 64 0 1 1 3 3
3 0 cc 1 78 1 1 1 3 3
3 0 cc 1 d4 0 1 1 3 3
3 0 78 1 d4 0 1 1 3 3
3 0 78 0 78 1 1 1 3 3
3 0 93 1 64 0 1 1 3 3
3 0 78 0 64 1 1 1 3 3
3 0 cc 1 d4 0 1 1 3 3
3 0 78 1 cc 0 1 1 3 3
3 0 78 1 50 1 1 1 3 3
3 0 50 1 50 0 1 1 2 3
3 0 d4 1 cc 1 0 1 0 3
3 0 78 1 78 1 1 1 3 3
3 0 64 1 78 1 0 1 0 3
3 0 d4 1 78 0 0 1 0 3
3 0 64 1 50 1 0 1 0 3
3 0 78 1 64 0 1 1 2 3
3 0 d8 0 64 0 0 1 1 3
3 0 78 0 cc 1 1 1 2 3
3 0 50 1 78 1 1 1 3 3
3 0 51 1 d4 0 1 1 3 3
3 0 ee 0 50 1 0 1 1 3
3 0 cc 0 64 1 1 1 3 3
3 0 50 0 78 1 1 1 3 3
3 0 fd 1 cc 1 0 1 1 3
3 0 d4 1 78 1 0 1 0 3
3 0 78 1 78 1 1 1 3 3
3 0 50 1 50 0 1 1 2 3
3 0 78 0 cc 1 1 1 3 3
3 0 64 0 78 1 0 1 0 3
3 0 78 1 d4 0 1 1 3 3
3 0 50 1 78 1 1 1 2 3
3 0 64 0 cc 1 0 1 0 3
3 0 d4 1 50 1 0 1 0 3
3 0 78 0 cc 0 1 1 3 3
3 0 49 1 64 0 0 1 1 3
3 0 78 1 cc 1 1 1 3 3
3 0 d4 0 50 1 0 1 0 3
3 0 50 1 d4 1 1 1 3 3
3 0 52 1 50 1 1 1 3 3
3 0 d4 0 50 1 0 1 1 3
3 0 d4 0 78 1 0 1 1 3
3 0 78 1 50 1 1 1 3 3
3 0 64 1 cc 1 0 1 0 3
3 0 c3 1 78 1 0 1 1 3
3 0 78 1 cc 1 1 1 3 3
3 0 78 1 78 1 1 1 3 3
3 0 50 1 78 1 1 1 3 3
3 0 d4 1 64 0 0 1 1 3
3 0 64 0 78 1 0 1 0 3
3 0 64 1 50 1 0 1 0 3
3 0 6a 1 78 1 0 1 1 3
3 0 54 0 cc 1 0 1 1 3
3 0 50 1 50 0 1 1 2 3
3 0 78 0 78 1 1 1 3 3
3 0 d4 1 78 1 0 1 1 3
3 0 78 1 50 1 1 1 3 3
3 0 2e 0 78 1 0 1 1 3
3 0 78 1 d4 0 1 1 3 3
3 0 22 1 78 1 0 1 1 3
3 0 ea 0 78 0 0 1 1 3
3 0 64 1 50 1 0 1 0 3
3 0 78 1 78 1 1 1 3 3
3 0 cc 1 cc 1 1 1 3 3
3 0 d4 1 cc 1 0 1 0 3
3 0 d4 0 cc 1 0 1 0 3
3 0 78 1 cc 1 1 1 3 3
3 0 92 1 64 0 1 1 3 3
3 0 cc 1 64 0 1 1 3 3
3 0 64 1 cc 1 0 1 0 3
3 0 64 1 78 1 0 1 0 3
3 0 cc 1 cc 1 1 1 3 3
3 0 cc 0 64 0 1 1 3 3
3 0 78 1 50 1 1 1 3 3
3 0 50 1 78 1 1 1 3 3
3 0 78 1 50 0 1 1 3 3
3 0 d4 0 78 1 0 1 0 3
3 0 d3 0 cc 1 1 1 2 3
3 0 50 1 78 1 1 1 2 3
3 0 cc 1 50 1 1 1 3 3
3 0 50 1 cc 1 1 1 3 3
3 0 78 1 64 0 1 1 3 3
3 0 50 1 d4 0 1 1 3 3
3 0 d4 1 64 0 0 1 0 3
3 0 50 0 cc 0 1 1 3 3
3 0 50 0 78 1 1 1 3 3
3 0 50 1 78 1 1 1 3 3
3 0 cc 1 78 1 1 1 3 3
3 0 d4 1 64 0 0 1 0 3
3 0 d4 1 64 0 0 1 0 3
3 0 78 1 78 1 1 1 3 3
3 0 cc 0 cc 1 1 1 3 3
3 0 78 1 78 1 1 1 3 3
3 0 30 1 50 1 0 1 1 3
3 0 34 1 50 1 0 1 1 3
3 0 50 1 78 1 1 1 3 3
3 0 64 1 78 1 0 1 0 3
3 0 50 0 78 1 1 1 3 3
3 0 50 1 78 0 1 1 3 3
3 0 d4 1 78 1 0 1 0 3
3 0 d4 0 78 1 0 1 0 3
3 0 78 1 64 0 1 1 3 3
3 0 50 1 78 1 1 1 3 3
3 0 d4 1 64 0 0 1 0 3
3 0 64 1 50 1 0 1 0 3
3 0 50 0 d4 0 1 1 3 3
3 0 50 1 78 1 1 1 3 3
3 0 78 0 78 1 1 1 3 3
3 0 50 1 78 1 1 1 3 3
3 0 d4 0 cc 1 0 1 0 3
3 1 77 1 78 0 0 1 1 3
3 0 78 1 78 1 1 1 2 3
3 0 78 0 64 0 1 1 2 3
3 0 78 0 78 1 1 1 2 3
3 0 78 0 78 1 1 1 2 3
3 0 50 1 78 1 0 1 1 3
3 0 78 1 cc 0 1 1 3 3
3 0 cc 1 78 1 0 1 0 3
3 0 d4 0 64 0 0 1 1 3
3 0 cc 1 cc 1 0 1 1 3
3 0 50 1 78 1 0 1 1 3
3 0 64 1 78 0 0 1 1 3
3 0 cc 1 cc 1 1 1 2 3
3 0 43 0 d4 0 0 1 1 3
3 0 64 1 78 1 0 1 1 3
3 0 d4 1 50 0 0 1 1 3
3 0 64 1 78 1 0 1 1 3
3 0 cc 1 d4 0 1 1 2 3
3 0 78 1 d4 1 1 1 3 3
3 0 78 1 64 0 1 1 3 3
3 0 d4 1 d4 0 0 1 0 3
3 0 d4 1 64 0 0 1 0 3
3 0 50 1 78 1 0 1 0 3
3 0 d4 1 cc 1 0 1 0 3
3 0 78 1 50 1 1 1 3 3
3 0 35 1 64 0 0 1 1 3
3 0 50 1 d4 0 0 1 1 3
3 0 64 0 50 1 0 1 0 3
3 0 50 0 78 1 0 1 1 3
3 0 d4 0 78 1 0 1 0 3
3 0 23 1 78 1 0 1 1 3
3 0 78 0 cc 1 1 1 3 3
3 0 d4 1 50 1 0 1 0 3
3 0 64 1 cc 1 0 1 0 3
3 0 78 1 78 1 1 1 3 3
3 0 d4 0 cc 1 0 1 0 3
3 0 d4 0 50 1 0 1 0 3
3 0 50 1 d4 0 1 1 2 3
3 0 af 0 64 0 0 1 1 3
3 0 50 1 78 1 1 1 2 3
3 0 cc 1 64 0 1 1 3 3
3 0 64 1 cc 1 0 1 0 3
3 0 d4 0 d4 0 0 1 0 3
3 0 64 1 64 1 0 1 1 3
3 0 a9 1 78 1 0 1 1 3
3 0 78 1 d4 1 1 1 3 3
3 0 d4 0 78 1 0 1 1 3
3 0 ba 1 d4 1 1 1 3 3
3 0 78 1 78 1 1 1 3 3
3 0 50 1 50 1 1 1 3 3
3 0 d4 0 50 1 1 1 2 3
3 0 d4 1 cc 1 1 1 2 3
3 0 78 1 64 0 1 1 3 3
3 0 50 1 cc 1 1 1 3 3
3 0 cc 1 64 1 1 1 3 3
3 0 d4 0 64 0 1 1 2 3
3 0 78 1 d4 0 1 1 3 3
3 0 64 1 78 1 0 1 1 3
3 0 1d 0 78 1 0 1 1 3
3 0 78 1 78 1 1 1 3 3
3 0 50 0 78 0 1 1 3 3
3 0 f9 1 78 1 1 1 3 3
3 0 78 0 d4 0 1 1 3 3
3 0 cc 1 cc 1 1 1 3 3
3 0 b1 0 78 1 0 1 1 3
3 0 78 1 78 1 1 1 3 3
3 0 78 0 50 1 1 1 3 3
3 0 78 1 d4 0 1 1 3 3
3 0 50 0 78 0 1 1 3 3
3 0 78 1 78 1 1 1 3 3
3 0 cc 1 d4 0 1 1 3 3
3 0 50 0 78 1 1 1 3 3
3 0 83 1 64 0 0 1 1 3
3 0 50 1 50 1 1 1 3 3
3 0 78 0 cc 1 1 1 3 3
3 0 62 1 78 1 0 1 1 3
3 0 83 1 50 1 0 1 1 3
3 0 28 1 64 0 0 1 1 3
3 0 78 1 d4 0 1 1 3 3
3 0 78 0 78 0 1 1 3 3
3 0 50 1 78 1 1 1 3 3
3 0 64 1 cc 1 0 1 0 3
3 0 cf 0 d4 0 1 1 3 3
3 0 17 1 78 1 0 1 0 3
3 0 c4 1 64 0 0 1 1 3
3 0 78 0 78 1 1 1 3 3
3 0 78 1 50 1 1 1 3 3
3 0 a3 1 d4 0 0 1 1 3
3 0 64 0 78 1 0 1 0 3
3 0 50 1 78 1 1 1 3 3
3 0 d4 1 78 1 0 1 0 3
3 0 d4 1 64 0 0 1 0 3
3 0 50 1 78 1 1 1 3 3
3 0 78 0 64 0 1 1 3 3
3 0 d1 1 cc 1 1 1 3 3
3 0 78 1 50 1 1 1 3 3
3 0 c9 0 64 0 0 1 1 3
3 0 80 0 78 1 0 1 1 3
3 0 64 0 50 1 0 1 0 3
3 0 64 1 78 0 0 1 0 3
3 0 78 1 50 1 1 1 2 3
3 0 78 1 cc 1 1 1 2 3
3 0 78 1 78 1 1 1 3 3
3 0 d4 0 d4 0 0 1 0 3
3 0 ff 1 64 0 0 1 1 3
3 0 50 1 64 0 1 1 3 3
3 0 cc 1 cc 1 1 1 3 3
3 0 78 0 78 0 1 1 3 3
3 0 d4 1 cc 1 0 1 0 3
3 0 d4 1 cc 1 0 1 0 3
3 0 cc 1 64 0 1 1 3 3
3 0 cc 1 64 1 1 1 3 3
3 0 cc 1 50 1 1 1 3 3
3 0 78 0 64 1 1 1 3 3
3 0 6a 1 78 0 0 1 1 3
3 0 64 1 50 1 0 1 1 3
3 0 d4 1 d4 0 0 1 0 3
3 0 23 1 78 1 0 1 1 3
3 0 d4 0 cc 0 0 1 0 3
3 0 cc 1 64 1 1 1 3 3
3 0 78 1 78 1 1 1 3 3
3 0 78 0 64 0 1 1 3 3
3 0 d4 0 50 1 0 1 0 3
3 0 9c 1 78 1 0 1 1 3
3 0 d4 1 78 1 0 1 0 3
3 0 64 1 78 1 1 1 2 3
3 0 64 1 cc 1 1 1 2 3
3 0 64 0 cc 1 1 1 2 3
3 0 d4 1 64 1 0 1 0 3
3 0 34 0 64 0 0 1 1 3
3 0 78 0 78 1 1 1 3 3
3 0 d4 1 78 1 0 1 0 3
3 0 64 1 50 1 1 1 3 3
3 0 d4 1 d4 1 0 1 1 3
3 0 b8 1 78 1 1 1 3 3
3 0 78 1 78 0 1 1 2 3
3 0 50 1 78 0 1 1 3 3
3 0 cc 1 cc 1 1 1 3 3
3 0 78 1 cc 0 0 1 1 3
3 0 cc 1 78 1 1 1 2 3
3 0 50 1 50 0 1 1 2 3
3 0 50 0 78 1 1 1 2 3
3 0 55 1 50 1 0 1 1 3
3 0 64 0 78 1 1 1 3 3
3 0 f7 1 78 0 0 1 1 3
3 0 13 1 cc 1 1 1 3 3
3 0 64 1 64 0 1 1 2 3
3 0 78 0 50 1 0 1 1 3
3 0 78 1 78 1 1 1 2 3
3 0 64 0 50 1 1 1 2 3
3 0 cc 1 cc 1 1 1 3 3
3 0 64 1 d4 0 1 1 2 3
3 0 1f 1 d4 1 0 1 1 3
3 0 d4 0 78 1 0 1 1 3
3 0 78 0 cc 1 1 1 2 3
3 0 7f 1 50 0 0 1 1 3
3 0 3c 0 d4 1 0 1 1 3
3 0 64 0 78 1 1 1 2 3
3 0 cc 1 50 1 1 1 3 3
3 0 50 1 d4 0 1 1 3 3
3 0 4b 0 d4 0 0 1 1 3
3 0 50 1 50 1 1 1 3 3
3 0 d4 1 cc 1 0 1 0 3
3 0 d4 1 64 0 0 1 0 3
3 0 35 1 50 1 0 1 1 3
3 0 09 1 d4 0 0 1 1 3
3 0 cc 0 78 1 1 1 3 3
3 0 78 1 d4 0 1 1 2 3
3 0 d4 1 64 0 0 1 0 3
3 0 10 0 d4 0 1 1 3 3
3 0 e9 0 cc 1 0 1 1 3
3 0 d4 1 78 1 0 1 0 3
3 0 78 1 64 0 1 1 3 3
3 0 cd 0 50 1 1 1 3 3
3 0 78 0 cc 1 1 1 3 3
3 0 b0 0 64 0 0 1 1 3
3 0 78 1 cc 0 1 1 3 3
3 0 64 1 78 1 0 1 0 3
3 0 cc 0 d4 0 1 1 2 3
3 0 78 0 cc 1 1 1 3 3
3 0 50 0 cc 1 1 1 3 3
3 0 50 0 64 0 1 1 3 3
3 0 cc 0 64 0 1 1 2 3
3 0 64 1 cc 1 0 1 0 3
3 0 64 0 64 0 0 1 0 3
3 0 cc 1 78 1 1 1 3 3
3 0 64 0 d4 0 0 1 0 3
3 0 50 0 78 1 1 1 3 3
3 0 8e 1 78 1 1 1 3 3
3 0 64 0 d4 0 0 1 0 3
3 0 78 0 78 1 1 1 3 3
3 0 81 1 cc 1 0 1 1 3
3 0 64 1 50 1 0 1 0 3
3 0 50 0 78 0 1 1 3 3
3 0 d4 1 50 1 0 1 0 3
3 0 78 0 d4 1 1 1 3 3
3 0 cc 1 d4 0 1 1 3 3
3 0 ee 1 d4 0 0 1 1 3
3 0 50 1 78 1 1 1 3 3
3 0 78 0 64 0 1 1 3 3
3 0 64 1 64 0 0 1 0 3
3 0 df 0 d4 0 0 1 1 3
3 0 78 0 d4 0 1 1 3 3
3 0 78 1 78 1 1 1 3 3
3 0 cc 0 cc 1 1 1 3 3
3 0 78 1 d4 0 1 1 3 3
3 0 35 1 50 1 0 1 1 3
3 0 50 0 64 0 1 1 3 3
3 0 d4 1 64 0 0 1 0 3
3 0 d4 1 cc 1 0 1 0 3
3 0 d4 1 78 0 0 1 0 3
3 0 cc 1 78 1 1 1 3 3
3 0 64 0 78 1 0 1 0 3
3 0 64 1 64 0 0 1 0 3
3 0 2e 1 78 0 0 1 1 3
3 0 64 1 cc 1 0 1 0 3
3 0 d4 1 64 0 0 1 0 3
3 0 64 1 cc 1 0 1 0 3
3 0 e8 1 d4 0 0 1 1 3
3 0 d4 1 64 1 0 1 0 3
3 0 a8 1 d4 1 0 1 1 3
3 0 78 0 78 1 1 1 2 3
3 0 64 1 64 0 0 1 0 3
3 0 cc 1 d4 0 1 1 3 3
3 0 d4 1 64 0 0 1 0 3
3 0 78 1 78 1 1 1 3 3
3 0 64 0 d4 0 0 1 0 3
3 0 78 1 cc 1 1 1 3 3
3 0 d4 1 64 0 0 1 0 3
3 0 cc 0 78 1 1 1 3 3
3 0 9f 0 50 0 0 1 1 3
3 0 78 0 cc 1 1 1 3 3
3 0 1b 1 64 0 0 1 1 3
3 0 d4 1 78 1 0 1 0 3
3 0 d4 0 50 1 0 1 0 3
3 0 d4 0 78 1 0 1 0 3
3 0 cd 0 50 1 1 1 3 3
3 0 50 0 78 0 1 1 3 3
3 0 50 0 cc 1 1 1 3 3
3 0 78 1 78 1 1 1 3 3
3 0 66 1 50 1 0 1 0 3
3 0 64 0 78 1 0 1 0 3
3 0 cc 1 50 0 1 1 3 3
3 0 64 1 78 1 0 1 0 3
3 0 d4 0 d4 0 0 1 0 3
3 0 cc 0 64 1 1 1 3 3
3 0 d4 1 78 0 0 1 0 3
3 0 78 0 cc 0 1 1 2 3
3 0 38 1 78 1 1 1 3 3
3 0 78 1 64 0 1 1 3 3
3 0 78 1 d4 0 1 1 3 3
3 0 50 1 78 1 1 1 2 3
3 0 3e 1 cc 0 0 1 1 3
3 0 64 1 cc 1 0 1 0 3
3 0 78 1 78 1 1 1 3 3
3 0 cc 0 78 1 1 1 3 3
3 0 cc 0 64 0 1 1 3 3
3 0 e3 1 78 1 0 1 1 3
3 0 d4 1 cc 1 0 1 0 3
3 0 12 1 cc 1 1 1 2 3
3 0 64 0 50 1 0 1 0 3
3 0 78 1 cc 1 1 1 3 3
3 0 97 1 78 1 0 1 0 3
3 0 cc 0 d4 0 1 1 3 3
3 0 cc 1 d4 0 1 1 3 3
3 0 ad 1 cc 1 0 1 1 3
3 0 64 0 cc 1 0 1 0 3
3 0 d4 1 64 0 0 1 0 3
3 0 47 1 cc 0 0 1 1 3
3 0 cc 1 d4 0 1 1 2 3
3 0 50 1 50 0 0 1 1 3
3 0 93 1 d4 0 0 1 1 3
3 0 5d 0 d4 1 0 1 1 3
3 0 64 1 78 0 0 1 0 3
3 0 64 1 50 1 0 1 0 3
3 0 cc 1 78 1 1 1 2 3
3 0 cc 0 64 0 1 1 2 3
3 0 cc 1 78 1 1 1 2 3
3 0 78 0 78 1 1 1 3 3
3 0 64 1 d4 0 0 1 0 3
3 0 78 1 64 1 1 1 3 3
3 0 64 1 78 1 0 1 1 3
3 0 50 0 78 0 1 1 2 3
3 0 78 1 78 1 1 1 3 3
3 0 cc 1 64 0 1 1 2 3
3 0 d4 1 d4 0 0 1 0 3
3 0 e0 1 78 1 0 1 1 3
3 0 50 0 cc 1 1 1 2 3
3 0 78 1 50 0 1 1 3 3
3 0 78 1 d4 1 1 1 3 3
3 0 78 1 78 1 1 1 3 3
3 0 58 1 64 0 0 1 1 3
3 0 78 0 cc 1 1 1 3 3
3 0 78 1 d4 1 1 1 3 3
3 0 78 1 d4 0 1 1 3 3
3 0 d4 1 cc 1 0 1 1 3
3 0 78 0 d4 0 1 1 3 3
3 1 cc 1 78 1 0 1 1 3
3 0 d4 0 64 0 0 1 1 3
3 0 74 0 78 1 0 1 1 3
3 0 78 0 50 1 0 1 1 3
3 0 cc 1 cc 1 1 1 2 3
3 0 2f 1 78 1 0 1 1 3
3 0 c0 0 78 1 0 1 1 3
3 0 78 1 78 1 1 1 3 3
3 0 64 1 78 1 0 1 1 3
3 0 64 1 78 0 0 1 1 3
3 0 64 1 50 1 0 1 1 3
3 0 d4 1 cc 1 0 1 1 3
3 0 50 1 78 1 1 1 2 3
3 0 83 1 78 0 0 1 1 3
3 0 d4 1 64 1 0 1 1 3
3 0 64 1 cc 1 1 1 2 3
3 0 a2 1 78 1 0 1 1 3
3 0 78 0 50 0 1 1 3 3
3 0 56 1 78 1 0 1 1 3
3 0 64 1 78 1 1 1 2 3
3 0 78 1 64 0 1 1 3 3
3 0 64 1 cc 0 0 1 1 3
3 0 cc 1 cc 1 1 1 3 3
3 0 b1 1 50 1 0 1 1 3
3 0 78 1 78 0 1 1 2 3
3 0 3b 1 50 0 1 1 2 3
3 0 64 1 cc 1 0 1 1 3
3 0 50 1 64 1 1 1 2 3
3 0 50 0 64 0 1 1 2 3
3 0 60 1 cc 1 0 1 1 3
3 0 d4 1 d4 0 0 1 0 3
3 0 a7 1 78 1 1 1 2 3
3 0 50 1 cc 1 1 1 2 3
3 0 78 1 78 0 1 1 2 3
3 0 78 1 d4 0 1 1 2 3
3 0 cc 1 cc 1 1 1 3 3
3 0 78 1 78 1 1 1 3 3
3 0 78 1 64 0 1 1 3 3
3 0 78 1 50 0 1 1 3 3
3 0 64 1 78 1 0 1 1 3
3 0 cc 1 cc 1 1 1 3 3
3 0 78 1 64 0 1 1 3 3
3 0 50 0 d4 0 0 1 1 3
3 0 78 0 50 1 1 1 3 3
3 0 78 1 78 0 1 1 2 3
3 0 cc 1 64 0 1 1 3 3
3 0 78 1 cc 0 1 1 2 3
3 0 cc 0 d4 0 1 1 2 3
3 0 9c 1 cc 1 0 1 1 3
3 0 d4 0 50 1 0 1 0 3
3 0 50 1 50 1 1 1 2 3
3 0 93 0 d4 0 1 1 2 3
3 0 49 1 78 1 0 1 1 3
3 0 d4 1 78 0 0 1 0 3
3 0 e6 1 78 1 0 1 0 3
3 0 c6 1 50 1 0 1 1 3
3 0 78 1 d4 0 1 1 3 3
3 0 78 1 d4 0 1 1 3 3
3 0 cc 0 cc 1 1 1 3 3
3 0 78 1 d4 0 1 1 3 3
3 0 cc 1 78 1 1 1 3 3
3 0 15 0 64 1 0 1 0 3
3 0 d4 0 d4 0 0 1 0 3
3 0 64 1 78 1 0 1 0 3
3 0 d4 1 64 0 0 1 0 3
3 0 cc 1 d4 1 1 1 3 3
3 0 50 0 78 1 1 1 3 3
3 0 78 1 cc 1 1 1 3 3
3 0 d4 1 78 1 0 1 1 3
3 0 d4 1 78 0 0 1 1 3
3 0 64 1 50 1 0 1 0 3
3 0 d4 1 cc 0 0 1 1 3
3 0 50 1 78 1 1 1 3 3
3 0 64 0 64 1 0 1 0 3
3 0 dd 1 64 0 0 1 1 3
3 0 78 1 d4 0 1 1 3 3
3 0 64 0 50 1 0 1 0 3
3 0 5b 1 d4 0 0 1 1 3
3 0 cc 0 50 1 1 1 2 3
3 0 64 1 64 0 0 1 0 3
3 0 78 0 78 1 1 1 3 3
3 0 64 1 78 1 0 1 0 3
3 0 78 1 64 1 1 1 3 3
3 0 50 1 50 1 1 1 3 3
3 0 64 1 78 1 0 1 1 3
3 0 50 1 cc 1 1 1 3 3
3 0 94 0 78 1 0 1 0 3
3 0 cc 1 d4 0 1 1 3 3
3 0 78 1 d4 0 1 1 3 3
3 0 93 1 64 0 1 1 3 3
3 0 d4 1 64 0 0 1 0 3
3 0 50 1 d4 0 1 1 3 3
3 0 64 1 64 0 0 1 0 3
3 0 cc 1 78 1 1 1 3 3
3 0 64 1 cc 0 0 1 0 3
3 0 cc 1 78 1 1 1 2 3
3 0 50 1 d4 0 1 1 3 3
3 0 d4 1 d4 1 0 1 1 3
3 0 78 1 64 0 1 1 3 3
3 0 d4 0 78 1 0 1 1 3
3 0 cc 1 64 1 1 1 2 3
3 0 d4 1 cc 1 0 1 1 3
3 0 7b 1 d4 0 1 1 3 3
3 0 64 1 78 1 0 1 1 3
3 0 78 0 cc 1 1 1 3 3
3 0 06 1 cc 1 0 1 1 3
3 0 d8 1 cc 1 0 1 1 3
3 0 50 0 78 0 1 1 3 3
3 0 cc 1 64 0 1 1 3 3
3 0 1b 1 64 0 0 1 1 3
3 0 64 1 cc 1 0 1 0 3
3 0 ba 1 78 1 1 1 3 3
3 0 78 1 cc 1 1 1 3 3
3 0 50 1 64 0 1 1 3 3
3 0 ed 1 cc 1 0 1 1 3
3 0 c3 1 78 0 0 1 1 3
3 0 78 1 78 1 1 1 3 3
3 0 64 1 50 1 0 1 0 3
3 0 d5 1 78 1 0 1 0 3
3 0 d4 1 50 1 0 1 0 3
3 0 64 1 50 1 0 1 0 3
3 0 cc 1 cc 1 1 1 3 3
3 0 dc 1 d4 0 0 1 1 3
3 0 78 1 64 0 1 1 3 3
3 0 21 0 64 0 0 1 1 3
3 0 d4 0 50 1 0 1 0 3
3 0 32 1 50 1 0 1 1 3
3 0 d4 1 78 1 0 1 0 3
3 0 d4 1 64 0 0 1 0 3
3 0 cc 1 cc 1 1 1 3 3
3 0 64 1 78 1 0 1 0 3
3 0 67 1 78 0 0 1 0 3
3 0 70 1 50 1 0 1 1 3
3 0 50 1 cc 1 1 1 3 3
3 0 78 0 50 1 1 1 2 3
3 0 2e 1 64 0 0 1 1 3
3 0 50 1 64 0 1 1 3 3
3 0 50 1 50 0 1 1 2 3
3 0 cc 1 78 1 1 1 3 3
3 0 78 1 78 0 1 1 2 3
3 0 5f 1 50 1 0 1 1 3
3 0 32 1 cc 1 0 1 1 3
3 0 78 0 d4 0 1 1 2 3
3 0 cc 1 cc 1 1 1 3 3
3 0 78 1 50 1 1 1 2 3
3 0 7e 0 64 0 0 1 1 3
3 0 1a 1 cc 1 0 1 1 3
3 0 78 0 cc 1 1 1 2 3
3 0 44 1 78 1 0 1 1 3
3 0 78 0 50 1 1 1 3 3
3 0 64 0 50 1 0 1 0 3
3 0 50 1 50 1 1 1 3 3
3 0 cc 1 cc 1 1 1 3 3
3 0 78 0 cc 1 1 1 3 3
3 0 e7 1 50 1 0 1 0 3
3 0 64 1 78 0 0 1 0 3
3 0 b4 1 50 1 0 1 1 3
3 0 39 1 cc 1 1 1 2 3
3 0 64 1 78 1 0 1 0 3
3 0 64 1 78 1 0 1 0 3
3 0 d4 1 64 0 0 1 0 3
3 0 78 1 cc 1 1 1 3 3
3 0 cc 0 78 1 1 1 3 3
3 0 64 1 64 0 0 1 0 3
3 0 d4 1 d4 0 0 1 0 3
3 0 78 0 cc 1 1 1 3 3
3 0 78 1 50 1 1 1 3 3
3 0 85 1 78 0 0 1 1 3
3 0 d4 1 64 1 0 1 0 3
3 0 cc 1 50 1 1 1 3 3
3 0 cc 1 78 1 1 1 3 3
3 0 cc 1 78 1 1 1 3 3
3 0 78 0 78 1 1 1 3 3
3 0 ab 1 50 1 0 1 1 3
3 0 64 1 50 1 0 1 1 3
3 0 80 1 50 0 0 1 1 3
3 0 64 1 78 1 0 1 1 3
3 0 64 1 50 1 0 1 1 3
3 1 d4 1 d4 0 0 1 1 3
3 0 d4 1 cc 0 0 1 1 3
3 0 d4 1 78 0 0 1 1 3
3 0 d4 1 64 0 0 1 1 3
3 0 78 0 78 1 0 1 0 3
3 0 78 1 78 1 0 1 1 3
3 0 78 0 50 1 0 1 1 3
3 0 78 1 cc 1 0 1 1 3
3 0 50 1 78 0 0 1 1 3
3 0 78 1 50 1 0 1 0 3
3 0 cc 0 64 0 0 1 1 3
3 0 78 0 d4 0 0 1 0 3
3 0 d4 0 78 1 0 1 1 3
3 0 49 0 d4 0 0 1 1 3
3 0 6a 1 50 1 0 1 1 3
3 0 84 0 64 0 0 1 1 3
3 0 50 1 78 1 1 1 3 3
3 0 50 0 d4 0 1 1 3 3
3 0 64 1 78 1 0 1 0 3
3 0 78 1 50 0 1 1 2 3
3 0 cc 1 cc 1 1 1 2 3
3 0 cc 1 50 0 1 1 2 3
3 0 d3 1 78 0 0 1 1 3
3 0 7a 0 78 1 0 1 1 3
3 0 64 1 d4 0 0 1 0 3
3 0 cc 1 64 0 1 1 2 3
3 0 21 0 64 0 0 1 1 3
3 0 cc 1 78 1 1 1 2 3
3 0 50 0 d4 0 0 1 1 3
3 0 cc 1 78 1 1 1 2 3
3 0 78 1 78 1 1 1 3 3
3 0 64 1 78 1 0 1 0 3
3 0 50 0 50 1 0 1 1 3
3 0 d4 1 50 1 0 1 0 3
3 0 50 0 78 1 1 1 2 3
3 0 cc 1 64 0 1 1 2 3
3 0 9e 1 64 0 0 1 1 3
3 0 14 1 d4 1 0 1 1 3
3 0 d4 1 cc 1 0 1 1 3
3 0 d4 0 78 1 0 1 1 3
3 0 8c 1 d4 0 1 1 3 3
3 0 78 1 64 0 1 1 3 3
3 0 78 0 50 1 1 1 3 3
3 0 d4 1 d4 0 0 1 0 3
3 0 d4 1 d4 0 0 1 0 3
3 0 78 1 78 0 1 1 2 3
3 0 d4 1 50 1 0 1 0 3
3 0 64 0 50 1 0 1 0 3
3 0 64 1 64 0 0 1 0 3
3 0 50 1 d4 0 1 1 3 3
3 0 d4 1 78 1 0 1 0 3
3 0 78 1 50 1 1 1 3 3
3 0 78 1 78 1 1 1 3 3
3 0 1f 0 64 0 0 1 1 3
3 0 cc 1 d4 0 1 1 3 3
3 0 cc 1 cc 1 1 1 3 3
3 0 5f 0 64 0 0 1 1 3
3 0 d4 1 64 0 0 1 0 3
3 0 78 0 64 0 1 1 3 3
3 0 97 1 78 1 0 1 0 3
3 0 78 1 78 1 1 1 3 3
3 0 80 1 64 0 0 1 1 3
3 0 cc 1 78 1 1 1 3 3
3 0 84 0 64 0 0 1 1 3
3 0 d4 1 d4 0 0 1 0 3
3 0 50 1 d4 0 1 1 3 3
3 0 78 1 cc 1 1 1 3 3
3 0 c8 1 64 0 0 1 1 3
3 0 64 1 78 1 0 1 0 3
3 0 d4 1 64 1 0 1 0 3
3 0 7c 0 cc 1 0 1 1 3
3 0 50 1 cc 1 1 1 3 3
3 0 cc 1 78 1 1 1 3 3
3 0 d4 1 cc 1 0 1 0 3
3 0 17 1 78 0 0 1 0 3
3 0 78 1 64 0 1 1 2 3
3 0 50 0 50 1 1 1 3 3
3 0 50 1 50 1 1 1 3 3
3 0 78 1 cc 1 1 1 2 3
3 0 cc 0 78 1 1 1 3 3
3 0 78 1 64 0 1 1 2 3
3 0 50 1 50 0 1 1 2 3
3 0 64 1 50 1 0 1 0 3
3 0 64 1 78 0 0 1 0 3
3 0 15 1 78 1 0 1 0 3
3 0 d3 1 cc 1 1 1 3 3
3 0 92 1 d4 0 1 1 3 3
3 0 78 1 d4 0 1 1 2 3
3 0 78 1 64 0 1 1 2 3
3 0 ef 0 cc 1 0 1 1 3
3 0 d4 0 d4 0 0 1 0 3
3 0 50 1 cc 1 1 1 3 3
3 0 d4 1 64 0 0 1 0 3
3 0 50 1 64 0 1 1 3 3
3 0 78 1 78 1 1 1 3 3
3 0 78 1 78 1 1 1 3 3
3 0 50 0 64 0 1 1 3 3
3 0 78 0 cc 1 1 1 3 3
3 0 64 0 78 1 0 1 0 3
3 0 cc 1 50 1 1 1 3 3
3 0 64 1 cc 0 0 1 0 3
3 0 78 1 d4 0 1 1 3 3
3 0 ba 1 78 1 1 1 3 3
3 0 d4 1 78 1 0 1 0 3
3 0 64 1 64 0 0 1 0 3
3 0 d4 1 d4 0 0 1 0 3
3 0 78 0 d4 0 1 1 3 3
3 0 50 1 78 1 1 1 3 3
3 0 78 1 78 1 1 1 3 3
3 0 50 0 64 0 1 1 3 3
3 0 78 0 78 0 1 1 3 3
3 0 3d 1 d4 1 0 1 1 3
3 0 d4 1 d4 0 0 1 0 3
3 0 78 0 78 1 1 1 3 3
3 0 78 1 78 0 1 1 2 3
3 0 78 0 d4 1 1 1 2 3
3 0 78 1 64 0 1 1 2 3
3 0 ba 1 78 1 1 1 3 3
3 0 64 0 d4 0 0 1 0 3
3 0 07 0 64 0 0 1 1 3
3 0 d4 1 cc 0 0 1 0 3
3 0 9a 1 50 1 0 1 1 3
3 0 50 1 d4 0 1 1 3 3
3 0 64 0 cc 0 0 1 0 3
3 0 50 0 78 1 1 1 3 3
3 0 64 1 50 1 0 1 0 3
3 0 64 0 50 1 0 1 0 3
3 0 d4 1 78 1 0 1 0 3
3 0 50 0 78 0 1 1 3 3
3 0 50 1 78 1 1 1 3 3
3 0 64 1 64 1 0 1 1 3
3 0 78 1 50 1 1 1 3 3
3 0 78 1 50 1 1 1 3 3
3 0 cc 0 78 1 0 1 1 3
3 0 64 1 78 1 0 1 1 3
3 0 da 1 78 1 0 1 1 3
3 0 78 1 cc 1 1 1 3 3
3 0 7c 1 d4 0 0 1 1 3
3 0 50 0 64 0 1 1 3 3
3 0 d4 1 50 1 0 1 0 3
3 0 50 1 64 1 1 1 3 3
3 0 ea 1 50 0 0 1 1 3
3 0 78 1 64 0 1 1 3 3
3 0 cc 1 78 1 1 1 2 3
3 0 5c 1 50 0 0 1 1 3
3 0 50 1 64 1 0 1 1 3
3 0 50 1 50 1 1 1 2 3
3 0 6e 1 50 1 0 1 1 3
3 0 78 0 cc 1 1 1 3 3
3 0 50 1 50 1 1 1 3 3
3 0 cc 0 cc 1 1 1 2 3
3 0 50 1 78 1 1 1 3 3
3 0 cc 1 50 1 1 1 2 3
3 0 78 1 78 1 1 1 3 3
3 0 91 0 50 0 1 1 3 3
3 0 cc 1 d4 0 1 1 2 3
3 0 22 1 cc 1 0 1 1 3
3 0 64 1 78 1 1 1 2 3
3 0 64 1 50 1 1 1 2 3
3 0 78 0 50 1 1 1 3 3
3 0 78 1 cc 1 1 1 3 3
3 0 50 0 64 0 1 1 3 3
3 0 d4 1 d4 0 0 1 0 3
3 0 d4 0 d4 0 0 1 0 3
3 1 cc 0 78 1 0 1 1 3
3 0 64 1 cc 1 0 1 1 3
3 0 f8 1 50 1 0 1 1 3
3 0 cc 0 64 0 1 1 2 3
3 0 cc 1 50 1 1 1 2 3
3 0 64 1 d4 1 0 1 1 3
3 0 50 0 50 1 1 1 3 3
3 0 64 1 78 0 0 1 1 3
3 0 78 0 64 0 0 1 0 3
3 0 78 1 d4 0 0 1 0 3
3 0 cc 1 50 1 1 1 2 3
3 0 78 1 cc 1 0 1 0 3
3 0 cc 1 64 0 1 1 3 3
3 0 78 1 d4 0 0 1 0 3
3 0 78 1 78 1 0 1 1 3
3 0 78 0 78 1 0 1 1 3
3 0 78 0 cc 0 0 1 1 3
3 0 d4 1 d4 0 0 1 0 3
3 0 50 1 cc 1 1 1 3 3
3 0 64 1 cc 1 0 1 0 3
3 0 78 0 cc 1 0 1 1 3
3 0 d4 0 78 1 0 1 0 3
3 0 d4 1 d4 0 0 1 0 3
3 0 d4 1 cc 0 0 1 0 3
3 0 50 1 78 1 1 1 3 3
3 0 2f 1 64 0 0 1 1 3
3 0 50 0 cc 1 1 1 3 3
3 0 64 0 78 1 0 1 0 3
3 0 cc 1 78 1 1 1 2 3
3 0 40 1 50 1 0 1 1 3
3 0 78 1 78 1 1 1 3 3
3 0 78 1 50 1 1 1 3 3
3 0 d7 1 78 1 0 1 0 3
3 0 64 1 d4 1 0 1 0 3
3 0 df 1 64 0 0 1 1 3
3 0 cc 0 78 1 1 1 2 3
3 0 d4 1 78 1 0 1 1 3
3 0 50 1 78 1 1 1 3 3
3 0 64 0 78 1 0 1 0 3
3 0 50 1 64 0 1 1 3 3
3 0 77 1 d4 1 0 1 1 3
3 0 2b 1 d4 1 0 1 1 3
3 0 64 1 50 1 0 1 0 3
3 0 50 0 50 1 1 1 3 3
3 0 78 1 50 1 1 1 3 3
3 0 10 0 64 0 1 1 3 3
3 0 64 1 78 1 0 1 0 3
3 0 98 1 50 0 0 1 1 3
3 0 78 1 78 1 1 1 3 3
3 0 50 0 78 1 1 1 2 3
3 0 78 1 78 1 1 1 3 3
3 0 78 1 64 0 1 1 3 3
3 0 78 1 78 1 1 1 3 3
3 0 64 1 78 1 0 1 0 3
3 0 33 0 50 0 0 1 1 3
3 0 37 1 64 0 0 1 1 3
3 0 cc 1 d4 0 1 1 2 3
3 0 64 1 cc 1 0 1 0 3
3 0 78 1 78 1 1 1 3 3
3 0 da 1 64 0 0 1 1 3
3 0 78 0 50 1 1 1 3 3
3 0 78 0 78 1 1 1 3 3
3 0 78 0 d4 1 1 1 3 3
3 0 78 1 78 1 1 1 3 3
3 0 e1 1 d4 0 0 1 1 3
3 0 50 0 cc 1 1 1 2 3
3 0 64 1 d4 0 0 1 0 3
3 0 78 1 50 1 1 1 3 3
3 0 78 0 64 1 1 1 3 3
3 0 64 0 78 1 0 1 0 3
3 1 26 1 cc 1 0 1 1 3
3 0 d4 1 cc 1 0 1 1 3
3 0 78 1 d4 0 0 1 1 3
3 0 d4 1 78 1 0 1 0 3
3 0 cc 1 78 1 1 1 2 3
3 0 cc 1 50 1 1 1 2 3
3 0 50 1 cc 1 1 1 2 3
3 0 1b 1 50 1 0 1 1 3
3 0 d4 1 50 1 0 1 0 3
3 0 78 1 78 1 1 1 3 3
3 0 18 1 78 1 0 1 1 3
3 0 64 1 50 1 0 1 1 3
3 0 af 0 50 1 0 1 1 3
3 0 78 1 50 1 1 1 3 3
3 0 64 0 78 1 0 1 1 3
3 0 cc 1 d4 0 1 1 3 3
3 0 2d 1 50 1 0 1 1 3
3 0 cd 1 d4 0 1 1 3 3
3 0 7f 1 d4 1 0 1 1 3
3 0 d4 1 d4 0 0 1 0 3
3 0 a3 1 cc 1 0 1 1 3
3 0 b1 1 78 1 0 1 1 3
3 0 50 1 78 1 1 1 3 3
3 0 78 1 78 1 1 1 3 3
3 0 d4 1 64 0 0 1 0 3
3 0 be 0 d4 0 0 1 1 3
3 0 eb 1 50 1 0 1 1 3
3 0 cc 1 64 0 1 1 3 3
3 0 86 0 78 1 0 1 1 3
3 0 50 0 78 0 1 1 3 3
3 0 78 1 78 1 1 1 3 3
3 0 78 1 cc 0 1 1 3 3
3 0 78 1 64 0 1 1 3 3
3 0 64 1 50 1 0 1 0 3
3 0 64 0 50 1 0 1 0 3
3 0 d4 1 78 1 0 1 0 3
3 0 cc 0 cc 0 1 1 2 3
3 0 64 0 cc 1 0 1 0 3
3 0 50 0 50 1 1 1 3 3
3 0 78 1 78 1 1 1 3 3
3 0 cc 0 50 1 1 1 2 3
3 0 d4 1 50 0 0 1 0 3
3 0 78 0 d4 0 1 1 3 3
3 0 78 1 d4 0 1 1 3 3
3 0 f4 1 50 0 0 1 1 3
3 0 d6 1 78 1 0 1 0 3
3 0 d4 1 64 0 0 1 0 3
3 0 78 1 64 0 1 1 3 3
3 0 9f 1 78 1 0 1 1 3
3 0 78 1 78 0 1 1 2 3
3 0 50 1 78 0 0 1 1 3
3 0 78 1 78 1 1 1 2 3
3 0 d4 1 50 1 0 1 0 3
3 0 78 1 78 1 1 1 3 3
3 0 d4 1 d4 0 0 1 0 3
3 0 cc 1 78 1 1 1 2 3
3 0 78 0 cc 1 1 1 3 3
3 0 d4 1 50 1 0 1 0 3
3 0 cc 0 78 1 1 1 2 3
3 0 50 1 50 1 1 1 3 3
3 0 14 1 d4 0 0 1 0 3
3 0 b2 0 78 1 0 1 1 3
3 0 cc 1 78 1 1 1 2 3
3 0 78 0 78 0 1 1 3 3
3 0 cc 0 78 0 1 1 2 3
3 0 78 1 78 1 1 1 3 3
3 0 a9 1 78 1 0 1 1 3
3 0 6d 0 cc 1 0 1 1 3
3 0 78 1 78 1 1 1 3 3
3 0 64 0 50 1 0 1 0 3
3 0 64 1 64 1 0 1 1 3
3 0 c9 1 64 0 0 1 1 3
3 0 27 1 50 1 0 1 0 3
3 0 78 1 64 0 1 1 3 3
3 0 cc 1 78 1 1 1 2 3
3 0 78 0 78 1 1 1 3 3
3 0 cc 1 64 0 1 1 2 3
3 0 78 1 64 0 1 1 3 3
3 0 cc 1 64 1 1 1 2 3
3 0 d0 1 78 1 1 1 3 3
3 0 50 1 d4 0 1 1 3 3
3 0 d4 1 d4 1 0 1 1 3
3 0 50 1 78 1 1 1 3 3
3 0 78 1 50 1 1 1 3 3
3 0 78 1 78 1 1 1 3 3
3 0 50 0 64 0 1 1 3 3
3 0 cc 0 78 0 1 1 2 3
3 0 b5 1 78 1 0 1 1 3
3 0 78 1 78 1 1 1 3 3
3 0 50 1 50 1 1 1 3 3
3 0 d4 1 78 1 0 1 1 3
3 0 71 0 78 1 0 1 1 3
3 0 64 1 64 1 1 1 2 3
3 0 64 0 d4 0 1 1 2 3
3 0 d4 0 d4 0 0 1 1 3
3 0 d4 0 78 1 0 1 1 3
3 0 d4 0 78 1 0 1 1 3
3 0 50 0 78 1 1 1 3 3
3 0 64 1 78 1 1 1 2 3
3 0 cc 0 d4 0 1 1 2 3
3 0 d4 1 cc 1 0 1 1 3
3 0 78 0 78 1 1 1 3 3
3 0 d4 1 78 1 0 1 1 3
3 0 d4 0 50 1 0 1 1 3
3 0 d4 1 64 0 0 1 1 3
3 0 cc 1 d4 0 1 1 3 3
3 0 78 1 d4 1 1 1 3 3
3 0 d4 1 cc 1 0 1 1 3
3 0 78 1 78 0 1 1 2 3
3 0 50 1 cc 1 1 1 3 3
3 0 2c 1 78 1 0 1 1 3
3 0 64 1 d4 0 0 1 1 3
3 0 b0 1 64 0 0 1 1 3
3 0 78 0 cc 1 1 1 3 3
3 0 b5 1 78 1 0 1 1 3
3 0 78 0 50 1 1 1 3 3
3 0 78 1 78 1 1 1 3 3
3 0 d4 1 78 1 0 1 0 3
3 0 50 1 cc 1 1 1 3 3
3 0 3f 0 78 1 0 1 1 3
3 0 50 1 78 1 1 1 3 3
3 0 50 0 78 1 1 1 3 3
3 0 cc 0 cc 1 1 1 3 3
3 0 d4 1 78 1 0 1 0 3
3 0 d4 0 50 0 0 1 0 3
3 0 78 1 78 0 1 1 2 3
3 0 d4 1 78 1 0 1 0 3
3 0 ca 0 d4 0 0 1 1 3
3 0 78 0 64 0 1 1 3 3
3 0 d2 1 78 1 1 1 3 3
3 0 64 0 78 1 0 1 0 3
3 0 78 1 d4 0 1 1 3 3
3 0 50 1 64 0 1 1 3 3
3 0 d4 0 64 0 0 1 0 3
3 0 64 1 78 1 0 1 0 3
3 0 d4 1 64 0 0 1 0 3
3 0 78 1 cc 0 1 1 3 3
3 0 cc 1 d4 0 1 1 2 3
3 0 64 1 cc 1 0 1 0 3
3 0 78 1 d4 0 1 1 3 3
3 0 78 0 64 1 1 1 3 3
3 0 d4 1 64 0 0 1 0 3
3 0 d4 1 78 0 0 1 0 3
3 0 78 0 d4 0 1 1 2 3
3 0 64 0 cc 1 0 1 0 3
3 0 78 1 78 1 1 1 3 3
3 0 cc 0 78 1 1 1 3 3
3 0 78 0 d4 0 1 1 3 3
3 0 d4 1 64 0 0 1 0 3
3 0 50 0 78 1 1 1 3 3
3 0 50 1 d4 0 1 1 3 3
3 0 64 1 78 1 0 1 0 3
3 0 cc 1 50 1 1 1 3 3
3 0 78 1 64 1 1 1 3 3
3 0 78 0 64 0 1 1 3 3
3 0 31 1 d4 0 0 1 1 3
3 0 78 1 d4 0 1 1 3 3
3 0 78 0 78 1 1 1 3 3
3 0 50 1 cc 1 1 1 3 3
3 0 50 1 d4 0 1 1 3 3
3 0 d4 1 50 1 0 1 0 3
3 0 35 1 cc 1 0 1 1 3
3 0 78 1 64 1 1 1 3 3
3 0 cc 1 cc 1 1 1 3 3
3 0 e5 1 d4 0 1 1 2 3
3 0 d4 1 64 0 0 1 0 3
3 0 10 0 64 0 1 1 3 3
3 0 d4 1 50 1 0 1 0 3
3 0 cc 1 78 1 1 1 3 3
3 0 d4 1 64 0 0 1 0 3
3 0 78 0 d4 0 1 1 3 3
3 0 d4 1 78 0 0 1 0 3
3 0 d4 1 64 0 0 1 0 3
3 0 78 1 78 1 1 1 3 3
3 0 cc 0 50 1 1 1 3 3
3 0 50 1 64 0 1 1 3 3
3 0 64 1 cc 1 0 1 0 3
3 0 78 0 64 0 1 1 3 3
3 0 64 0 78 1 0 1 0 3
3 0 50 1 cc 1 1 1 3 3
3 0 d4 1 50 0 0 1 0 3
3 0 78 1 64 0 1 1 3 3
3 0 cc 1 d4 0 1 1 3 3
3 0 78 1 50 0 1 1 3 3
3 0 c7 1 d4 0 0 1 1 3
3 0 50 1 50 0 0 1 0 3
3 0 78 1 78 1 1 1 3 3
3 0 cc 1 78 1 1 1 3 3
3 0 78 1 50 1 1 1 3 3
3 0 50 1 cc 1 0 1 1 3
3 0 d3 0 78 1 0 1 1 3
3 0 64 1 64 0 0 1 0 3
3 0 d4 1 64 0 0 1 0 3
3 0 78 0 78 1 1 1 3 3
3 0 78 1 d4 0 1 1 3 3
3 0 d4 0 d4 0 0 1 0 3
3 0 64 1 d4 0 0 1 0 3
3 0 d4 1 78 0 0 1 0 3
3 0 64 0 78 1 0 1 0 3
3 0 78 1 78 1 1 1 3 3
3 0 78 1 78 1 1 1 3 3
3 0 50 1 50 1 1 1 2 3
3 0 d4 1 d4 0 0 1 0 3
3 0 d4 1 78 1 0 1 0 3
3 0 f5 1 50 1 0 1 1 3
3 0 64 1 64 0 0 1 0 3
3 0 78 1 d4 1 1 1 3 3
3 0 78 1 d4 0 1 1 3 3
3 0 78 1 d4 0 1 1 3 3
3 0 50 1 50 0 1 1 2 3
3 0 7e 0 64 0 0 1 1 3
3 0 de 1 64 0 0 1 1 3
3 0 d4 0 cc 1 0 1 0 3
3 0 64 1 50 1 0 1 0 3
3 0 50 0 78 0 1 1 3 3
3 0 74 0 64 1 0 1 1 3
3 0 e5 1 50 1 0 1 0 3
3 0 78 0 64 0 1 1 3 3
3 0 cc 0 64 0 1 1 3 3
3 0 d4 1 d4 0 0 1 0 3
3 0 cc 1 64 0 1 1 3 3
3 0 78 0 cc 0 1 1 3 3
3 0 d4 1 d4 0 0 1 0 3
3 0 78 0 d4 0 1 1 3 3
3 0 64 1 50 1 0 1 0 3
3 0 78 0 50 1 1 1 3 3
3 0 78 1 78 1 1 1 3 3
3 0 78 1 cc 1 1 1 3 3
3 0 64 1 d4 0 0 1 0 3
3 0 cd 1 cc 0 1 1 2 3
3 0 50 1 64 0 1 1 3 3
3 0 d4 0 78 1 0 1 0 3
3 0 d4 1 78 1 0 1 0 3
3 0 50 1 64 0 1 1 3 3
3 0 78 1 78 1 1 1 3 3
3 0 50 1 64 0 1 1 3 3
3 0 d4 1 50 0 0 1 0 3
3 0 13 1 d4 0 1 1 2 3
3 0 d4 1 cc 1 0 1 0 3
3 0 5a 1 64 0 0 1 1 3
3 0 64 1 78 0 0 1 0 3
3 0 cc 1 78 1 1 1 3 3
3 0 78 1 78 1 1 1 3 3
3 0 cc 0 cc 1 1 1 3 3
3 0 78 1 50 1 1 1 3 3
3 0 50 0 cc 1 1 1 3 3
3 0 98 0 78 1 0 1 1 3
3 0 03 1 d4 0 0 1 1 3
3 0 78 0 50 1 1 1 3 3
3 0 a1 0 d4 0 0 1 1 3
3 0 cc 1 64 0 1 1 3 3
3 0 64 0 cc 1 0 1 0 3
3 0 cc 0 d4 0 1 1 3 3
3 0 64 1 d4 0 0 1 0 3
3 0 cc 0 cc 0 1 1 3 3
3 0 cc 0 cc 1 1 1 3 3
3 0 64 1 78 1 0 1 0 3
3 0 50 0 78 1 1 1 3 3
3 0 50 1 cc 1 1 1 3 3
3 0 78 1 64 0 1 1 3 3
3 0 64 1 d4 0 0 1 0 3
3 0 cc 1 50 1 1 1 3 3
3 0 78 0 78 1 1 1 3 3
3 0 eb 0 78 0 0 1 1 3
3 0 64 1 78 1 0 1 0 3
3 0 69 1 78 0 0 1 1 3
3 0 cc 1 cc 1 1 1 3 3
3 0 d4 0 50 1 0 1 0 3
3 0 d4 1 cc 1 0 1 0 3
3 0 d4 0 d4 0 0 1 0 3
3 0 38 0 78 1 1 1 2 3
3 0 78 1 78 0 0 1 1 3
3 0 64 1 64 0 0 1 0 3
3 0 d4 1 78 0 0 1 0 3
3 0 78 1 cc 1 0 1 0 3
3 0 78 1 cc 1 0 1 0 3
3 0 8d 1 64 0 1 1 3 3
3 0 78 0 78 1 0 1 0 3
3 0 64 0 64 0 0 1 0 3
3 0 64 1 78 1 0 1 0 3
3 0 64 0 64 0 0 1 0 3
3 0 78 1 d4 0 0 1 1 3
3 0 78 0 d4 0 0 1 1 3
3 0 50 0 78 0 1 1 3 3
3 0 50 0 d4 0 1 1 3 3
3 0 fe 0 cc 1 0 1 1 3
3 0 50 0 78 1 1 1 3 3
3 0 ed 1 64 0 0 1 1 3
3 0 78 0 cc 1 0 1 1 3
3 0 cc 1 50 1 1 1 3 3
3 0 d4 1 78 1 0 1 0 3
3 0 50 1 50 1 1 1 3 3
3 0 78 0 78 1 1 1 2 3
3 0 64 1 cc 1 0 1 0 3
3 0 cc 1 cc 1 1 1 3 3
3 0 50 0 50 1 1 1 3 3
3 0 d4 1 50 1 0 1 0 3
3 0 cc 1 cc 0 1 1 2 3
3 0 cc 1 cc 0 0 1 1 3
3 0 50 1 50 1 1 1 3 3
3 0 d4 1 50 0 0 1 0 3
3 0 64 1 d4 1 0 1 0 3
3 0 9d 1 d4 0 0 1 1 3
3 0 d4 0 d4 0 0 1 0 3
3 0 ca 1 78 1 0 1 1 3
3 0 50 1 64 0 1 1 2 3
3 0 78 0 d4 0 1 1 3 3
3 0 78 1 d4 0 1 1 3 3
3 0 78 0 d4 0 1 1 3 3
3 0 3d 1 78 1 0 1 1 3
3 0 78 1 78 1 1 1 3 3
3 0 3c 0 64 0 0 1 1 3
3 0 78 1 64 1 1 1 3 3
3 0 78 1 cc 1 1 1 3 3
3 0 50 0 78 0 1 1 2 3
3 0 78 1 64 1 1 1 3 3
3 0 37 0 cc 1 0 1 1 3
3 0 d4 1 64 0 0 1 0 3
3 0 e4 1 cc 1 0 1 1 3
3 0 d4 1 cc 1 0 1 0 3
3 0 78 1 50 1 1 1 3 3
3 0 78 1 50 0 1 1 3 3
3 0 cc 1 cc 1 1 1 3 3
3 0 a9 1 50 1 0 1 1 3
3 0 50 0 64 0 1 1 3 3
3 0 d4 0 78 1 0 1 0 3
3 0 78 0 50 1 1 1 3 3
3 0 3b 0 64 0 1 1 3 3
3 0 64 1 d4 0 0 1 1 3
3 0 d4 1 78 0 0 1 0 3
3 0 cc 1 cc 1 1 1 3 3
3 0 cc 0 50 1 1 1 3 3
3 0 cc 0 cc 1 1 1 3 3
3 0 78 1 64 0 1 1 2 3
3 0 d4 0 50 1 0 1 0 3
3 0 78 1 78 1 1 1 3 3
3 0 50 0 78 1 1 1 3 3
3 0 b8 1 78 1 1 1 3 3
3 0 78 1 64 0 1 1 3 3
3 0 78 1 78 1 1 1 3 3
3 0 78 0 78 0 1 1 3 3
3 0 d0 1 d4 0 1 1 3 3
3 0 64 1 78 1 0 1 0 3
3 0 78 0 50 1 1 1 3 3
3 0 50 1 cc 1 1 1 3 3
3 0 70 1 d4 0 0 1 1 3
3 0 78 1 50 0 1 1 3 3
3 0 2c 1 78 1 0 1 1 3
3 0 50 1 cc 0 1 1 2 3
3 0 0e 1 64 0 1 1 2 3
3 0 64 0 d4 0 0 1 0 3
3 0 78 1 78 1 1 1 3 3
3 0 64 1 78 0 0 1 0 3
3 0 50 1 d4 0 1 1 2 3
3 0 cc 0 64 0 1 1 2 3
3 0 cc 0 d4 0 1 1 2 3
3 0 d4 0 d4 0 0 1 0 3
3 0 78 0 64 0 1 1 2 3
3 0 50 1 d4 0 1 1 2 3
3 0 78 0 78 1 1 1 2 3
3 0 30 1 cc 1 0 1 1 3
3 0 50 1 64 0 1 1 2 3
3 0 64 1 50 1 0 1 0 3
3 0 64 1 cc 1 0 1 0 3
3 0 64 1 78 0 0 1 0 3
3 0 64 1 50 1 0 1 0 3
3 0 50 1 cc 1 1 1 3 3
3 0 cc 0 d4 0 1 1 3 3
3 0 42 1 64 1 0 1 1 3
3 0 50 1 d4 0 1 1 3 3
3 0 50 0 cc 1 1 1 3 3
3 0 cc 1 78 1 1 1 3 3
3 0 78 0 64 1 1 1 2 3
3 0 64 1 cc 1 0 1 1 3
3 0 64 1 cc 1 0 1 1 3
3 0 78 1 64 1 1 1 2 3
3 0 78 0 d4 0 1 1 2 3
3 0 0a 1 78 1 0 1 1 3
3 0 cc 1 78 0 1 1 3 3
3 0 cc 1 d4 0 1 1 3 3
3 0 50 1 d4 0 1 1 3 3
3 0 78 1 cc 0 1 1 2 3
3 0 78 1 64 0 1 1 2 3
3 0 64 0 50 1 0 1 1 3
3 0 78 0 50 1 1 1 2 3
3 0 64 0 64 0 0 1 1 3
3 0 64 1 78 1 0 1 1 3
3 0 78 1 d4 0 1 1 3 3
3 0 d4 1 d4 0 0 1 0 3
3 0 78 1 78 1 1 1 3 3
3 0 cc 1 64 0 1 1 2 3
3 0 6d 0 64 1 0 1 1 3
3 0 78 1 d4 0 1 1 3 3
3 0 78 1 78 1 1 1 3 3
3 0 78 1 cc 1 1 1 3 3
3 0 d4 1 64 0 0 1 0 3
3 0 78 0 50 1 1 1 3 3
3 0 50 1 50 1 1 1 3 3
3 0 50 0 64 0 1 1 3 3
3 0 50 0 78 1 1 1 3 3
3 0 cc 1 d4 0 1 1 3 3
3 0 d4 1 d4 0 0 1 0 3
3 0 1c 0 78 1 0 1 1 3
3 0 78 1 78 0 1 1 2 3
3 0 78 1 d4 1 1 1 2 3
3 0 64 1 78 1 0 1 0 3
3 0 78 1 50 1 1 1 3 3
3 0 78 1 64 0 1 1 3 3
3 0 78 1 64 0 1 1 3 3
3 0 64 1 cc 1 0 1 0 3
3 0 78 0 50 1 1 1 3 3
3 0 78 0 cc 1 1 1 3 3
3 0 50 1 78 1 1 1 3 3
3 0 8f 1 d4 0 1 1 3 3
3 0 64 1 50 1 0 1 0 3
3 0 d4 0 d4 1 0 1 0 3
3 0 b4 1 78 1 0 1 1 3
3 0 64 0 78 1 0 1 0 3
3 0 ce 0 78 1 1 1 3 3
3 0 64 1 d4 1 0 1 0 3
3 0 64 0 50 1 0 1 0 3
3 0 78 0 d4 0 1 1 3 3
3 0 d4 1 50 1 0 1 1 3
3 0 cc 1 78 1 1 1 3 3
3 0 78 1 78 1 1 1 3 3
3 0 cc 1 64 0 1 1 3 3
3 0 64 1 64 0 0 1 0 3
3 0 50 1 d4 0 1 1 3 3
3 0 2e 1 78 1 0 1 1 3
3 0 ef 1 64 0 0 1 1 3
3 0 cc 0 78 1 1 1 3 3
3 0 64 1 d4 0 0 1 0 3
3 0 45 1 78 0 0 1 1 3
3 0 78 0 d4 0 1 1 2 3
3 0 cc 0 64 0 1 1 3 3
3 0 1c 0 78 1 0 1 1 3
3 0 78 1 d4 0 1 1 2 3
3 0 50 0 78 1 1 1 3 3
3 0 15 0 78 1 0 1 0 3
3 0 78 1 78 1 1 1 3 3
3 0 f0 0 cc 1 0 1 1 3
3 0 78 0 78 0 1 1 3 3
3 0 cc 0 cc 0 1 1 3 3
3 0 78 1 50 0 1 1 3 3
3 0 50 0 50 0 1 1 2 3
3 0 d4 0 78 0 0 1 0 3
3 0 50 0 cc 1 1 1 2 3
3 0 cc 1 cc 0 1 1 2 3
3 0 50 1 64 0 1 1 2 3
3 0 78 1 cc 1 1 1 3 3
3 0 cc 1 cc 1 1 1 3 3
3 0 d4 1 cc 1 0 1 0 3
3 0 cc 1 64 0 1 1 3 3
3 0 cc 1 78 1 1 1 3 3
3 0 78 1 cc 1 1 1 3 3
3 0 ed 0 78 1 0 1 1 3
3 0 78 1 cc 1 1 1 3 3
3 0 64 0 78 1 0 1 0 3
3 0 cc 1 78 0 1 1 3 3
3 0 64 1 cc 1 0 1 0 3
3 0 64 1 78 1 0 1 0 3
3 0 d4 0 cc 0 0 1 0 3
3 0 cc 0 d4 1 1 1 3 3
3 0 78 1 d4 0 1 1 3 3
3 0 d4 1 d4 1 0 1 1 3
3 0 60 1 cc 1 0 1 1 3
3 0 64 1 50 1 0 1 0 3
3 0 cd 1 78 1 1 1 3 3
3 0 cc 0 50 1 1 1 3 3
3 0 cc 0 cc 0 1 1 3 3
3 0 95 1 64 1 0 1 1 3
3 0 64 1 78 1 0 1 1 3
3 0 78 0 64 0 1 1 3 3
3 0 d4 1 cc 0 0 1 1 3
3 0 eb 1 78 1 0 1 1 3
3 0 64 0 78 0 0 1 1 3
3 0 50 0 78 0 1 1 3 3
3 0 64 1 50 1 0 1 1 3
3 0 78 1 78 1 1 1 3 3
3 0 78 1 64 0 1 1 3 3
3 0 78 1 64 1 1 1 3 3
3 0 64 0 64 0 0 1 1 3
3 0 4d 1 50 1 1 1 2 3
3 0 92 1 d4 0 1 1 3 3
3 0 64 1 d4 0 0 1 1 3
3 0 64 1 d4 0 0 1 1 3
3 0 cc 0 78 0 1 1 2 3
3 0 64 0 50 0 0 1 1 3
3 0 78 1 cc 1 1 1 3 3
3 0 78 1 cc 1 1 1 3 3
3 0 50 1 d4 0 1 1 3 3
3 0 b9 1 78 1 1 1 3 3
3 0 6d 0 50 1 0 1 1 3
3 0 10 1 cc 1 1 1 3 3
3 0 78 0 cc 1 1 1 3 3
3 0 78 0 d4 0 1 1 3 3
3 0 cc 1 78 1 1 1 3 3
3 0 78 1 50 1 1 1 3 3
3 0 50 0 64 0 1 1 3 3
3 0 50 1 d4 0 1 1 3 3
3 0 64 1 78 1 0 1 1 3
3 0 76 1 78 1 0 1 1 3
3 0 78 1 cc 1 1 1 3 3
3 0 78 1 64 1 1 1 3 3
3 0 64 1 cc 1 1 1 2 3
3 0 cc 1 64 0 1 1 3 3
3 0 64 1 d4 0 0 1 1 3
3 0 05 0 64 0 0 1 1 3
3 0 50 1 78 0 1 1 3 3
3 0 50 0 78 1 1 1 3 3
3 0 2a 1 d4 0 0 1 1 3
3 0 50 1 50 1 1 1 3 3
3 0 50 0 50 1 1 1 3 3
3 0 d4 0 cc 1 0 1 0 3
3 0 a8 1 cc 1 0 1 1 3
3 0 78 1 78 1 1 1 3 3
3 0 64 1 64 0 0 1 0 3
3 0 78 1 cc 1 1 1 3 3
3 0 d4 1 78 1 0 1 0 3
3 0 5f 1 d4 0 0 1 1 3
3 0 cc 1 cc 1 1 1 3 3
3 0 64 1 64 0 0 1 0 3
3 0 f5 1 78 0 0 1 1 3
3 0 50 0 64 0 1 1 3 3
3 0 64 1 64 0 0 1 0 3
3 0 64 1 78 1 0 1 0 3
3 0 d4 0 78 1 0 1 0 3
3 0 50 0 78 1 1 1 3 3
3 0 78 1 78 1 1 1 3 3
3 0 78 0 50 1 1 1 3 3
3 0 78 1 d4 0 1 1 3 3
3 0 78 1 d4 0 1 1 3 3
3 0 d4 1 78 1 0 1 0 3
3 0 d4 0 78 1 0 1 0 3
3 0 78 0 cc 0 1 1 3 3
3 0 d4 1 d4 0 0 1 0 3
3 0 78 0 78 0 1 1 3 3
3 0 50 0 cc 1 1 1 3 3
3 0 78 1 50 1 1 1 3 3
3 0 64 1 64 0 0 1 0 3
3 0 78 1 d4 1 1 1 3 3
3 0 d4 1 64 0 0 1 1 3
3 0 3e 1 78 1 0 1 1 3
3 0 78 1 78 1 1 1 3 3
3 0 50 0 78 1 1 1 3 3
3 0 d4 1 78 1 0 1 1 3
3 0 78 1 78 1 1 1 3 3
3 0 cc 1 50 1 1 1 3 3
3 0 78 0 d4 0 1 1 3 3
3 0 f4 1 78 0 0 1 1 3
3 0 64 1 64 0 0 1 0 3
3 0 24 1 d4 0 0 1 0 3
3 0 be 0 78 1 0 1 1 3
3 0 d4 0 cc 1 0 1 0 3
3 0 78 1 cc 1 1 1 2 3
3 0 78 0 cc 1 1 1 2 3
3 0 64 0 64 0 0 1 0 3
3 0 78 1 78 1 1 1 3 3
3 0 34 1 d4 0 0 1 1 3
3 0 cc 0 78 0 1 1 3 3
3 0 64 1 50 1 0 1 0 3
3 0 d4 1 64 0 0 1 0 3
3 0 d4 1 d4 0 0 1 0 3
3 0 d4 1 78 1 0 1 0 3
3 0 a6 1 cc 1 0 1 0 3
3 0 50 1 64 1 1 1 3 3
3 0 01 0 d4 0 0 1 1 3
3 0 cc 1 78 1 1 1 3 3
3 0 74 0 78 1 0 1 1 3
3 0 78 1 78 1 1 1 3 3
3 0 78 0 cc 1 1 1 3 3
3 0 a4 1 78 1 0 1 1 3
3 0 50 0 78 1 1 1 3 3
3 0 cc 1 64 0 1 1 3 3
3 0 78 1 78 1 1 1 3 3
3 0 b8 1 d4 0 1 1 3 3
3 0 78 1 78 0 1 1 2 3
3 0 78 1 cc 0 1 1 2 3
3 0 64 0 50 1 0 1 0 3
3 0 cc 0 64 1 1 1 2 3
3 0 9e 0 d4 0 0 1 1 3
3 0 d4 1 78 1 0 1 0 3
3 0 ec 1 78 1 0 1 1 3
3 0 64 0 cc 1 0 1 0 3
3 0 d4 0 64 0 0 1 0 3
3 0 50 0 d4 0 1 1 3 3
3 0 78 0 78 1 1 1 3 3
3 0 64 1 78 1 0 1 0 3
3 0 d4 1 78 0 0 1 0 3
3 0 64 1 d4 0 0 1 0 3
3 0 cc 1 64 0 1 1 2 3
3 0 cc 1 64 1 1 1 2 3
3 0 f9 1 78 1 1 1 3 3
3 0 cc 0 50 1 1 1 2 3
3 0 78 0 50 1 1 1 3 3
3 0 50 1 50 1 1 1 3 3
3 0 64 1 d4 0 0 1 1 3
3 0 50 1 64 0 1 1 3 3
