0 1 0 0000 0 1 0 1 00 ff
0 0 1 0000 1 1 0 1 00 00
0 0 0 0000 1 1 0 1 00 00
0 0 0 0000 1 1 0 1 00 00
0 0 0 0000 1 1 0 1 00 00
0 0 0 0000 1 1 0 1 00 00
0 0 0 0000 1 1 0 1 00 00
0 0 0 0000 1 1 0 1 00 00
0 0 0 0000 1 1 0 1 00 00
0 0 0 0000 0 1 1 1 00 ff
0 0 1 0001 1 1 0 1 00 00
0 0 0 0000 1 1 0 1 00 00
0 0 0 0000 1 1 0 1 00 00
0 0 0 0000 1 1 0 1 00 00
0 0 0 0000 1 1 0 1 00 00
0 0 0 0000 1 1 0 1 00 00
0 0 0 0000 1 1 0 1 00 00
0 0 0 0000 1 1 0 1 00 00
0 0 0 0000 0 1 1 1 01 ff
0 0 1 0004 1 1 0 1 00 00
0 0 0 0000 1 1 0 1 00 00
0 0 0 0000 1 1 0 1 00 00
0 0 0 0000 1 1 0 1 00 00
0 0 0 0000 1 1 0 1 00 00
0 0 0 0000 1 1 0 1 00 00
0 0 0 0000 1 1 0 1 00 00
0 0 0 0000 1 1 0 1 00 00
0 0 0 0000 0 1 1 1 02 ff
0 0 1 0090 1 1 0 1 00 00
0 0 0 0000 1 1 0 1 00 00
0 0 0 0000 1 1 0 1 00 00
0 0 0 0000 1 1 0 1 00 00
0 0 0 0000 1 1 0 1 00 00
0 0 0 0000 1 1 0 1 00 00
0 0 0 0000 1 1 0 1 00 00
0 0 0 0000 1 1 0 1 00 00
0 0 0 0000 0 1 1 1 0c ff
0 0 1 2710 1 1 0 1 00 00
0 0 0 0000 1 1 0 1 00 00
0 0 0 0000 1 1 0 1 00 00
0 0 0 0000 1 1 0 1 00 00
0 0 0 0000 1 1 0 1 00 00
0 0 0 0000 1 1 0 1 00 00
0 0 0 0000 1 1 0 1 00 00
0 0 0 0000 1 1 0 1 00 00
0 0 0 0000 0 1 1 1 64 ff
0 0 1 fe01 1 1 0 1 00 00
0 0 0 0000 1 1 0 1 00 00
0 0 0 0000 1 1 0 1 00 00
0 0 0 0000 1 1 0 1 00 00
0 0 0 0000 1 1 0 1 00 00
0 0 0 0000 1 1 0 1 00 00
0 0 0 0000 1 1 0 1 00 00
0 0 0 0000 1 1 0 1 00 00
0 0 0 0000 0 1 1 1 ff ff
1 0 1 0002 1 1 0 1 00 00
1 0 0 0000 1 1 0 1 00 00
1 0 0 0000 1 1 0 1 00 00
1 0 0 0000 1 1 0 1 00 00
1 0 0 0000 1 1 0 1 00 00
1 0 0 0000 1 1 0 1 00 00
1 0 0 0000 1 1 0 1 00 00
1 0 0 0000 1 1 0 1 00 00
1 0 0 0000 0 1 1 1 01 ff
1 0 1 0003 1 1 0 1 00 00
1 0 0 0000 1 1 0 1 00 00
1 0 0 0000 1 1 0 1 00 00
1 0 0 0000 1 1 0 1 00 00
1 0 0 0000 1 1 0 1 00 00
1 0 0 0000 1 1 0 1 00 00
1 0 0 0000 1 1 0 1 00 00
1 0 0 0000 1 1 0 1 00 00
1 0 0 0000 0 1 1 1 01 ff
1 0 1 000f 1 1 0 1 00 00
1 0 0 0000 1 1 0 1 00 00
1 0 0 0000 1 1 0 1 00 00
1 0 0 0000 1 1 0 1 00 00
1 0 0 0000 1 1 0 1 00 00
1 0 0 0000 1 1 0 1 00 00
1 0 0 0000 1 1 0 1 00 00
1 0 0 0000 1 1 0 1 00 00
1 0 0 0000 0 1 1 1 03 ff
1 0 1 ffff 1 1 0 1 00 00
1 0 0 0000 1 1 0 1 00 00
1 0 0 0000 1 1 0 1 00 00
1 0 0 0000 1 1 0 1 00 00
1 0 0 0000 1 1 0 1 00 00
1 0 0 0000 1 1 0 1 00 00
1 0 0 0000 1 1 0 1 00 00
1 0 0 0000 1 1 0 1 00 00
1 0 0 0000 0 1 1 1 ff ff
1 0 1 fe00 1 1 0 1 00 00
1 0 0 0000 1 1 0 1 00 00
1 0 0 0000 1 1 0 1 00 00
1 0 0 0000 1 1 0 1 00 00
1 0 0 0000 1 1 0 1 00 00
1 0 0 0000 1 1 0 1 00 00
1 0 0 0000 1 1 0 1 00 00
1 0 0 0000 1 1 0 1 00 00
1 0 0 0000 0 1 1 1 fe ff
1 0 1 0063 1 1 0 1 00 00
1 0 0 0000 1 1 0 1 00 00
1 0 0 0000 1 1 0 1 00 00
1 0 0 0000 1 1 0 1 00 00
1 0 0 0000 1 1 0 1 00 00
1 0 0 0000 1 1 0 1 00 00
1 0 0 0000 1 1 0 1 00 00
1 0 0 0000 1 1 0 1 00 00
1 0 0 0000 0 1 1 1 09 ff
2 0 1 0190 1 1 0 1 00 00
2 0 1 0009 1 1 0 1 00 00
2 0 1 0009 1 1 0 1 00 00
2 0 1 0009 1 1 0 1 00 00
2 0 0 0000 1 1 0 1 00 00
2 0 0 0000 1 1 0 1 00 00
2 0 0 0000 1 1 0 1 00 00
2 0 0 0000 1 1 0 1 00 00
2 0 0 0000 0 1 1 1 14 ff
2 0 0 0000 0 1 0 1 14 ff
3 0 0 3ba6 0 1 0 1 14 ff
3 0 0 b869 0 1 0 1 14 ff
3 0 0 b5bd 0 1 0 1 14 ff
3 0 0 29f6 0 1 0 1 14 ff
3 0 0 3188 0 1 0 1 14 ff
3 0 0 13b3 0 1 0 1 14 ff
3 0 0 8711 0 1 0 1 14 ff
3 0 1 1271 1 1 0 1 00 00
3 0 0 ff74 1 1 0 1 00 00
3 0 0 c549 1 1 0 1 00 00
3 0 0 1532 1 1 0 1 00 00
3 0 0 8712 1 1 0 1 00 00
3 0 1 1a81 1 1 0 1 00 00
3 0 0 10fe 1 1 0 1 00 00
3 0 0 5f94 1 1 0 1 00 00
3 0 0 7a29 0 1 1 1 44 ff
3 0 0 60cc 0 1 0 1 44 ff
3 0 0 15b3 0 1 0 1 44 ff
3 0 0 9631 0 1 0 1 44 ff
3 0 0 ca49 0 1 0 1 44 ff
3 0 0 eeb8 0 1 0 1 44 ff
3 0 0 4e34 0 1 0 1 44 ff
3 0 1 0ee2 1 1 0 1 00 00
3 0 1 1ceb 1 1 0 1 00 00
3 0 0 999b 1 1 0 1 00 00
3 0 0 a908 1 1 0 1 00 00
3 0 1 4f6c 1 1 0 1 00 00
3 0 0 4379 1 1 0 1 00 00
3 0 0 9348 1 1 0 1 00 00
3 0 1 9ccb 1 1 0 1 00 00
3 0 0 f9b0 0 1 1 1 3d ff
3 0 0 b96d 0 1 0 1 3d ff
3 0 1 cc40 1 1 0 1 00 00
3 0 0 2466 1 1 0 1 00 00
3 0 1 a120 1 1 0 1 00 00
3 0 0 135f 1 1 0 1 00 00
3 0 0 c269 1 1 0 1 00 00
3 0 1 dfb8 1 1 0 1 00 00
3 0 0 7d29 1 1 0 1 00 00
3 0 0 d192 1 1 0 1 00 00
3 0 0 b523 0 1 1 1 e4 ff
3 0 0 961f 0 1 0 1 e4 ff
3 0 0 7e95 0 1 0 1 e4 ff
3 0 1 5347 1 1 0 1 00 00
3 0 1 b650 1 1 0 1 00 00
3 0 1 0626 1 1 0 1 00 00
3 0 1 57ca 1 1 0 1 00 00
3 0 0 99b4 1 1 0 1 00 00
3 0 1 4f5c 1 1 0 1 00 00
3 0 1 5cbd 1 1 0 1 00 00
3 0 0 397b 1 1 0 1 00 00
3 0 0 1977 0 1 1 1 92 ff
3 0 0 b2f7 0 1 0 1 92 ff
3 0 0 b643 0 1 0 1 92 ff
3 0 0 1def 0 1 0 1 92 ff
3 0 1 077b 1 1 0 1 00 00
3 0 1 ec0a 1 1 0 1 00 00
3 0 0 0065 1 1 0 1 00 00
3 0 0 7334 1 1 0 1 00 00
3 0 0 d1f7 1 1 0 1 00 00
3 0 1 ffc7 1 1 0 1 00 00
3 0 1 5903 1 1 0 1 00 00
3 0 0 8ae9 1 1 0 1 00 00
3 0 1 1d69 0 1 1 1 2b ff
3 0 0 57e5 0 1 0 1 2b ff
3 0 0 75e5 0 1 0 1 2b ff
3 0 0 385f 0 1 0 1 2b ff
3 0 0 ecb0 0 1 0 1 2b ff
3 0 0 ed79 0 1 0 1 2b ff
3 0 0 7fae 0 1 0 1 2b ff
3 0 1 15d7 1 1 0 1 00 00
3 0 0 17fb 1 1 0 1 00 00
3 0 0 f1e4 1 1 0 1 00 00
3 0 0 a720 1 1 0 1 00 00
3 0 0 165c 1 1 0 1 00 00
3 0 0 53c4 1 1 0 1 00 00
3 0 0 0d9a 1 1 0 1 00 00
3 0 1 d66b 1 1 0 1 00 00
3 0 0 b54f 0 1 1 1 4a ff
3 0 1 bf29 1 1 0 1 00 00
3 0 0 60de 1 1 0 1 00 00
3 0 1 17bd 1 1 0 1 00 00
3 0 0 f42a 1 1 0 1 00 00
3 0 0 da7b 1 1 0 1 00 00
3 0 0 6c74 1 1 0 1 00 00
3 0 0 f239 1 1 0 1 00 00
3 0 0 826f 1 1 0 1 00 00
3 0 0 a5b9 0 1 1 1 dd ff
3 0 0 cab2 0 1 0 1 dd ff
3 0 0 0d92 0 1 0 1 dd ff
3 0 0 e037 0 1 0 1 dd ff
3 0 1 226d 1 1 0 1 00 00
3 0 0 be4a 1 1 0 1 00 00
3 0 0 8867 1 1 0 1 00 00
3 0 0 5f25 1 1 0 1 00 00
3 0 0 6c35 1 1 0 1 00 00
3 0 0 ede2 1 1 0 1 00 00
3 0 0 7f34 1 1 0 1 00 00
3 0 1 5265 1 1 0 1 00 00
3 0 0 f092 0 1 1 1 5d ff
3 0 0 17ba 0 1 0 1 5d ff
3 0 1 f760 1 1 0 1 00 00
3 0 1 d2eb 1 1 0 1 00 00
3 0 0 744a 1 1 0 1 00 00
3 0 1 2cd7 1 1 0 1 00 00
3 0 0 74e7 1 1 0 1 00 00
3 0 1 a912 1 1 0 1 00 00
3 0 0 a59a 1 1 0 1 00 00
3 0 1 7a88 1 1 0 1 00 00
3 0 0 fa6e 0 1 1 1 fb ff
3 0 0 b4af 0 1 0 1 fb ff
3 0 0 ad52 0 1 0 1 fb ff
3 0 1 2178 1 1 0 1 00 00
3 0 0 86cf 1 1 0 1 00 00
3 0 1 4b50 1 1 0 1 00 00
3 0 1 1e36 1 1 0 1 00 00
3 0 0 e12a 1 1 0 1 00 00
3 0 0 e310 1 1 0 1 00 00
3 0 0 1d09 1 1 0 1 00 00
3 0 0 47f2 1 1 0 1 00 00
3 0 0 02cd 0 1 1 1 5c ff
3 0 1 4579 1 1 0 1 00 00
3 0 0 e9c2 1 1 0 1 00 00
3 0 0 1739 1 1 0 1 00 00
3 0 0 59f5 1 1 0 1 00 00
3 0 0 96d4 1 1 0 1 00 00
3 0 1 8150 1 1 0 1 00 00
3 0 1 2faa 1 1 0 1 00 00
3 0 0 9247 1 1 0 1 00 00
3 0 1 ef8f 0 1 1 1 85 ff
3 0 0 b261 0 1 0 1 85 ff
3 0 0 b366 0 1 0 1 85 ff
3 0 0 b4df 0 1 0 1 85 ff
3 0 1 631b 1 1 0 1 00 00
3 0 0 f43c 1 1 0 1 00 00
3 0 1 1816 1 1 0 1 00 00
3 0 0 92d3 1 1 0 1 00 00
3 0 1 7db6 1 1 0 1 00 00
3 0 0 25c6 1 1 0 1 00 00
3 0 1 ba2e 1 1 0 1 00 00
3 0 1 8b66 1 1 0 1 00 00
3 0 0 258c 0 1 1 1 9f ff
3 0 0 b029 0 1 0 1 9f ff
3 0 1 75e6 1 1 0 1 00 00
3 0 1 8259 1 1 0 1 00 00
3 0 0 2770 1 1 0 1 00 00
3 0 0 0f7d 1 1 0 1 00 00
3 0 0 5cf0 1 1 0 1 00 00
3 0 0 0399 1 1 0 1 00 00
3 0 1 a9b2 1 1 0 1 00 00
3 0 0 972a 1 1 0 1 00 00
3 0 0 0ced 0 1 1 1 ad ff
3 0 0 b5bc 0 1 0 1 ad ff
3 0 1 6dff 1 1 0 1 00 00
3 0 0 c5ab 1 1 0 1 00 00
3 0 1 5857 1 1 0 1 00 00
3 0 1 01a8 1 1 0 1 00 00
3 0 0 03da 1 1 0 1 00 00
3 0 1 bf3c 1 1 0 1 00 00
3 0 0 e191 1 1 0 1 00 00
3 0 1 635d 1 1 0 1 00 00
3 0 0 e463 0 1 1 1 a7 ff
3 0 0 0e6f 0 1 0 1 a7 ff
3 0 0 191c 0 1 0 1 a7 ff
3 0 0 9e55 0 1 0 1 a7 ff
3 0 0 03d3 0 1 0 1 a7 ff
3 0 0 1e0c 0 1 0 1 a7 ff
3 0 0 a559 0 1 0 1 a7 ff
3 0 0 a4e4 0 1 0 1 a7 ff
3 0 0 4e90 0 1 0 1 a7 ff
3 0 0 9f6c 0 1 0 1 a7 ff
3 0 0 a5de 0 1 0 1 a7 ff
3 0 1 26c7 1 1 0 1 00 00
3 0 1 4a6e 1 1 0 1 00 00
3 0 1 f240 1 1 0 1 00 00
3 0 0 1279 1 1 0 1 00 00
3 0 0 c58b 1 1 0 1 00 00
3 0 0 ac86 1 1 0 1 00 00
3 0 0 485f 1 1 0 1 00 00
3 0 0 8cd3 1 1 0 1 00 00
3 0 1 5c9f 0 1 1 1 63 ff
3 0 1 8ed0 1 1 0 1 00 00
3 0 0 ef38 1 1 0 1 00 00
3 0 0 367f 1 1 0 1 00 00
3 0 0 1831 1 1 0 1 00 00
3 0 1 41df 1 1 0 1 00 00
3 0 0 4856 1 1 0 1 00 00
3 0 0 c232 1 1 0 1 00 00
3 0 0 96b8 1 1 0 1 00 00
3 0 0 8d96 0 1 1 1 bf ff
3 0 1 87e8 1 1 0 1 00 00
3 0 0 3877 1 1 0 1 00 00
3 0 0 d3ba 1 1 0 1 00 00
3 0 0 6adb 1 1 0 1 00 00
3 0 0 3f76 1 1 0 1 00 00
3 0 1 fb95 1 1 0 1 00 00
3 0 0 11fd 1 1 0 1 00 00
3 0 1 79b7 1 1 0 1 00 00
3 0 0 0ef3 0 1 1 1 ba ff
3 0 0 66d2 0 1 0 1 ba ff
3 0 0 60ba 0 1 0 1 ba ff
3 0 0 eed2 0 1 0 1 ba ff
3 0 0 c7fb 0 1 0 1 ba ff
3 0 1 78b7 1 1 0 1 00 00
3 0 0 9535 1 1 0 1 00 00
3 0 0 175a 1 1 0 1 00 00
3 0 0 0ca5 1 1 0 1 00 00
3 0 1 4d00 1 1 0 1 00 00
3 0 0 316f 1 1 0 1 00 00
3 0 0 d84e 1 1 0 1 00 00
3 0 0 3034 1 1 0 1 00 00
3 0 0 7554 0 1 1 1 af ff
3 0 0 63f9 0 1 0 1 af ff
3 0 0 3e39 0 1 0 1 af ff
3 0 0 b172 0 1 0 1 af ff
3 0 0 d7ed 0 1 0 1 af ff
3 0 1 e95b 1 1 0 1 00 00
3 0 1 176d 1 1 0 1 00 00
3 0 0 789a 1 1 0 1 00 00
3 0 0 d142 1 1 0 1 00 00
3 0 0 07d3 1 1 0 1 00 00
3 0 0 208f 1 1 0 1 00 00
3 0 0 5d40 1 1 0 1 00 00
3 0 0 86f8 1 1 0 1 00 00
3 0 0 5b69 0 1 1 1 f4 ff
3 0 0 ca08 0 1 0 1 f4 ff
3 0 1 89f5 1 1 0 1 00 00
3 0 0 c715 1 1 0 1 00 00
3 0 0 e84c 1 1 0 1 00 00
3 0 0 35b3 1 1 0 1 00 00
3 0 0 8983 1 1 0 1 00 00
3 0 0 123c 1 1 0 1 00 00
3 0 0 d827 1 1 0 1 00 00
3 0 1 39f2 1 1 0 1 00 00
3 0 0 1d5d 0 1 1 1 bb ff
3 0 0 eb95 0 1 0 1 bb ff
3 0 0 2395 0 1 0 1 bb ff
3 0 0 b193 0 1 0 1 bb ff
3 0 0 de7f 0 1 0 1 bb ff
3 0 0 e377 0 1 0 1 bb ff
3 0 1 32ca 1 1 0 1 00 00
3 0 1 1264 1 1 0 1 00 00
3 0 1 941e 1 1 0 1 00 00
3 0 0 e8b8 1 1 0 1 00 00
3 0 1 eabd 1 1 0 1 00 00
3 0 0 e68f 1 1 0 1 00 00
3 0 0 278f 1 1 0 1 00 00
3 0 0 c756 1 1 0 1 00 00
3 0 0 f3f6 0 1 1 1 72 ff
3 0 1 665a 1 1 0 1 00 00
3 0 0 b017 1 1 0 1 00 00
3 0 0 bbbb 1 1 0 1 00 00
3 0 0 3d85 1 1 0 1 00 00
3 0 0 e85d 1 1 0 1 00 00
3 0 0 35bd 1 1 0 1 00 00
3 0 0 fd77 1 1 0 1 00 00
3 0 1 c3d2 1 1 0 1 00 00
3 0 0 f54a 0 1 1 1 a1 ff
3 0 0 e166 0 1 0 1 a1 ff
3 0 0 edb6 0 1 0 1 a1 ff
3 0 0 91f6 0 1 0 1 a1 ff
3 0 0 8e03 0 1 0 1 a1 ff
3 0 0 fc2f 0 1 0 1 a1 ff
3 0 0 67f2 0 1 0 1 a1 ff
3 0 1 2db2 1 1 0 1 00 00
3 0 0 66ee 1 1 0 1 00 00
3 0 0 1c4e 1 1 0 1 00 00
3 0 1 a647 1 1 0 1 00 00
3 0 1 1710 1 1 0 1 00 00
3 0 1 a5c6 1 1 0 1 00 00
3 0 0 814b 1 1 0 1 00 00
3 0 0 9c51 1 1 0 1 00 00
3 0 1 8c49 0 1 1 1 6c ff
3 0 1 bac9 1 1 0 1 00 00
3 0 0 0fc7 1 1 0 1 00 00
3 0 0 ec8b 1 1 0 1 00 00
3 0 1 af36 1 1 0 1 00 00
3 0 0 fbd0 1 1 0 1 00 00
3 0 0 8125 1 1 0 1 00 00
3 0 0 e090 1 1 0 1 00 00
3 0 0 6916 1 1 0 1 00 00
3 0 0 9084 0 1 1 1 da ff
3 0 0 1641 0 1 0 1 da ff
3 0 1 7cad 1 1 0 1 00 00
3 0 1 418a 1 1 0 1 00 00
3 0 1 d2ef 1 1 0 1 00 00
3 0 1 4454 1 1 0 1 00 00
3 0 1 57e7 1 1 0 1 00 00
3 0 1 446b 1 1 0 1 00 00
3 0 1 2346 1 1 0 1 00 00
3 0 1 9dbd 1 1 0 1 00 00
3 0 0 6ce9 0 1 1 1 b2 ff
3 0 0 131d 0 1 0 1 b2 ff
3 0 1 13dc 1 1 0 1 00 00
3 0 0 0b64 1 1 0 1 00 00
3 0 0 763c 1 1 0 1 00 00
3 0 0 dfa4 1 1 0 1 00 00
3 0 0 87d0 1 1 0 1 00 00
3 0 0 2f1c 1 1 0 1 00 00
3 0 0 28b1 1 1 0 1 00 00
3 0 0 27f2 1 1 0 1 00 00
3 0 0 94b3 0 1 1 1 47 ff
3 0 0 a9fd 0 1 0 1 47 ff
3 0 1 2929 1 1 0 1 00 00
3 0 1 9793 1 1 0 1 00 00
3 0 0 59f5 1 1 0 1 00 00
3 0 1 b89c 1 1 0 1 00 00
3 0 1 253a 1 1 0 1 00 00
3 0 0 4b3a 1 1 0 1 00 00
3 0 0 43f2 1 1 0 1 00 00
3 0 0 8d03 1 1 0 1 00 00
3 0 1 fe2d 0 1 1 1 66 ff
3 0 1 64e6 1 1 0 1 00 00
3 0 1 9bd7 1 1 0 1 00 00
3 0 0 010f 1 1 0 1 00 00
3 0 1 92c5 1 1 0 1 00 00
3 0 1 3d63 1 1 0 1 00 00
3 0 1 d990 1 1 0 1 00 00
3 0 0 e575 1 1 0 1 00 00
3 0 0 be94 1 1 0 1 00 00
3 0 0 7212 0 1 1 1 a0 ff
3 0 0 d2ae 0 1 0 1 a0 ff
3 0 0 9207 0 1 0 1 a0 ff
3 0 0 abac 0 1 0 1 a0 ff
3 0 0 621e 0 1 0 1 a0 ff
3 0 1 a33b 1 1 0 1 00 00
3 0 1 3d69 1 1 0 1 00 00
3 0 0 fabc 1 1 0 1 00 00
3 0 0 b12b 1 1 0 1 00 00
3 0 1 0faf 1 1 0 1 00 00
3 0 0 55ef 1 1 0 1 00 00
3 0 0 a466 1 1 0 1 00 00
3 0 0 564f 1 1 0 1 00 00
3 0 0 f7ab 0 1 1 1 cc ff
3 0 1 8ac2 1 1 0 1 00 00
3 0 0 02f8 1 1 0 1 00 00
3 0 0 4a90 1 1 0 1 00 00
3 0 0 c916 1 1 0 1 00 00
3 0 1 c5d8 1 1 0 1 00 00
3 0 1 3d15 1 1 0 1 00 00
3 0 0 fc94 1 1 0 1 00 00
3 0 0 8a39 1 1 0 1 00 00
3 0 0 ada2 0 1 1 1 bc ff
3 0 0 c3fd 0 1 0 1 bc ff
3 0 0 0552 0 1 0 1 bc ff
3 0 0 f00a 0 1 0 1 bc ff
3 0 0 cbdf 0 1 0 1 bc ff
3 0 0 c12a 0 1 0 1 bc ff
3 0 0 014a 0 1 0 1 bc ff
3 0 0 3ecb 0 1 0 1 bc ff
3 0 0 876c 0 1 0 1 bc ff
3 0 0 d3e2 0 1 0 1 bc ff
3 0 1 4fa0 1 1 0 1 00 00
3 0 0 c1f5 1 1 0 1 00 00
3 0 0 08ed 1 1 0 1 00 00
3 0 0 a0cc 1 1 0 1 00 00
3 0 1 eec3 1 1 0 1 00 00
3 0 0 adf8 1 1 0 1 00 00
3 0 0 3d4c 1 1 0 1 00 00
3 0 1 a8c6 1 1 0 1 00 00
3 0 0 4974 0 1 1 1 8e ff
3 0 0 4a99 0 1 0 1 8e ff
3 0 0 0ea3 0 1 0 1 8e ff
3 0 0 7578 0 1 0 1 8e ff
3 0 0 4963 0 1 0 1 8e ff
3 0 0 77a6 0 1 0 1 8e ff
3 0 0 07de 0 1 0 1 8e ff
3 0 1 3a9c 1 1 0 1 00 00
3 0 1 848b 1 1 0 1 00 00
3 0 0 ccce 1 1 0 1 00 00
3 0 0 efa2 1 1 0 1 00 00
3 0 0 d161 1 1 0 1 00 00
3 0 0 0eee 1 1 0 1 00 00
3 0 0 dcd3 1 1 0 1 00 00
3 0 0 37c9 1 1 0 1 00 00
3 0 0 7118 0 1 1 1 7a ff
3 0 0 ae40 0 1 0 1 7a ff
3 0 0 28dc 0 1 0 1 7a ff
3 0 0 ab41 0 1 0 1 7a ff
3 0 1 af46 1 1 0 1 00 00
3 0 0 5c16 1 1 0 1 00 00
3 0 0 f22f 1 1 0 1 00 00
3 0 0 9de8 1 1 0 1 00 00
3 0 0 eb86 1 1 0 1 00 00
3 0 1 58a7 1 1 0 1 00 00
3 0 0 f79b 1 1 0 1 00 00
3 0 0 8381 1 1 0 1 00 00
3 0 0 bc5e 0 1 1 1 d3 ff
3 0 1 c7b9 1 1 0 1 00 00
3 0 0 f4da 1 1 0 1 00 00
3 0 0 0131 1 1 0 1 00 00
3 0 0 36a2 1 1 0 1 00 00
3 0 0 c8d3 1 1 0 1 00 00
3 0 0 3674 1 1 0 1 00 00
3 0 0 5d73 1 1 0 1 00 00
3 0 1 e6c5 1 1 0 1 00 00
3 0 1 9fe0 0 1 1 1 e2 ff
3 0 1 e742 1 1 0 1 00 00
3 0 1 beb7 1 1 0 1 00 00
3 0 1 7c34 1 1 0 1 00 00
3 0 1 cc8c 1 1 0 1 00 00
3 0 0 db88 1 1 0 1 00 00
3 0 0 3b30 1 1 0 1 00 00
3 0 0 39e7 1 1 0 1 00 00
3 0 0 4119 1 1 0 1 00 00
3 0 0 edb0 0 1 1 1 f3 ff
3 0 0 eb60 0 1 0 1 f3 ff
3 0 0 6eee 0 1 0 1 f3 ff
3 0 1 4f9f 1 1 0 1 00 00
3 0 0 9c11 1 1 0 1 00 00
3 0 1 9070 1 1 0 1 00 00
3 0 0 0c4a 1 1 0 1 00 00
3 0 1 2ecb 1 1 0 1 00 00
3 0 1 74ba 1 1 0 1 00 00
3 0 0 7adf 1 1 0 1 00 00
3 0 0 ce98 1 1 0 1 00 00
3 0 0 43ea 0 1 1 1 8e ff
3 0 1 59ae 1 1 0 1 00 00
3 0 0 6ea4 1 1 0 1 00 00
3 0 0 976e 1 1 0 1 00 00
3 0 1 f675 1 1 0 1 00 00
3 0 1 3f42 1 1 0 1 00 00
3 0 0 b0ea 1 1 0 1 00 00
3 0 0 e1e1 1 1 0 1 00 00
3 0 0 b65e 1 1 0 1 00 00
3 0 0 a16d 0 1 1 1 97 ff
3 0 0 292e 0 1 0 1 97 ff
3 1 1 5edf 0 1 0 1 00 ff
3 0 1 d941 1 1 0 1 00 00
3 0 0 2766 1 1 0 1 00 00
3 0 0 7be3 1 1 0 1 00 00
3 0 0 6642 1 1 0 1 00 00
3 0 0 a292 1 1 0 1 00 00
3 0 0 1440 1 1 0 1 00 00
3 0 0 427d 1 1 0 1 00 00
3 0 0 d008 1 1 0 1 00 00
3 0 0 6b9e 0 1 1 1 eb ff
3 0 1 69bf 1 1 0 1 00 00
3 0 1 4c38 1 1 0 1 00 00
3 0 0 a62c 1 1 0 1 00 00
3 0 0 8dab 1 1 0 1 00 00
3 0 0 620e 1 1 0 1 00 00
3 0 1 f8b0 1 1 0 1 00 00
3 0 0 f3c5 1 1 0 1 00 00
3 0 0 8df6 1 1 0 1 00 00
3 0 1 4edf 0 1 1 1 a4 ff
3 0 1 7d9c 1 1 0 1 00 00
3 0 0 9442 1 1 0 1 00 00
3 0 1 f6aa 1 1 0 1 00 00
3 0 0 570f 1 1 0 1 00 00
3 0 0 c593 1 1 0 1 00 00
3 0 1 c5fc 1 1 0 1 00 00
3 0 1 458e 1 1 0 1 00 00
3 0 1 186f 1 1 0 1 00 00
3 0 0 14b5 0 1 1 1 b3 ff
3 0 0 21c6 0 1 0 1 b3 ff
3 0 0 ca8c 0 1 0 1 b3 ff
3 0 0 ca4c 0 1 0 1 b3 ff
3 0 1 0f8c 1 1 0 1 00 00
3 0 0 ff64 1 1 0 1 00 00
3 0 0 b3f8 1 1 0 1 00 00
3 0 0 28c5 1 1 0 1 00 00
3 0 1 7287 1 1 0 1 00 00
3 0 0 01a6 1 1 0 1 00 00
3 0 0 3969 1 1 0 1 00 00
3 0 1 b3c9 1 1 0 1 00 00
3 0 1 415f 0 1 1 1 3f ff
3 0 0 ee58 0 1 0 1 3f ff
3 0 0 fef9 0 1 0 1 3f ff
3 0 0 2ef4 0 1 0 1 3f ff
3 0 0 f682 0 1 0 1 3f ff
3 0 1 9c28 1 1 0 1 00 00
3 0 1 27b0 1 1 0 1 00 00
3 0 0 eb62 1 1 0 1 00 00
3 0 1 cfea 1 1 0 1 00 00
3 0 0 f6a2 1 1 0 1 00 00
3 0 0 8a90 1 1 0 1 00 00
3 0 0 7b4e 1 1 0 1 00 00
3 0 0 2dc3 1 1 0 1 00 00
3 0 0 1310 0 1 1 1 c7 ff
3 0 1 ea9c 1 1 0 1 00 00
3 0 0 9038 1 1 0 1 00 00
3 0 0 3c1a 1 1 0 1 00 00
3 0 0 f85b 1 1 0 1 00 00
3 0 0 9351 1 1 0 1 00 00
3 0 0 cbab 1 1 0 1 00 00
3 0 0 cb65 1 1 0 1 00 00
3 0 1 8c32 1 1 0 1 00 00
3 0 0 ed82 0 1 1 1 f5 ff
3 0 1 d0d3 1 1 0 1 00 00
3 0 1 9940 1 1 0 1 00 00
3 0 1 5516 1 1 0 1 00 00
3 0 0 50cf 1 1 0 1 00 00
3 0 1 f53f 1 1 0 1 00 00
3 0 1 49a2 1 1 0 1 00 00
3 0 0 a334 1 1 0 1 00 00
3 0 0 c700 1 1 0 1 00 00
3 0 0 c4d2 0 1 1 1 e7 ff
3 0 0 b8ca 0 1 0 1 e7 ff
3 0 0 4398 0 1 0 1 e7 ff
3 0 0 9a32 0 1 0 1 e7 ff
3 0 1 80dd 1 1 0 1 00 00
3 0 0 cfe3 1 1 0 1 00 00
3 0 0 2881 1 1 0 1 00 00
3 0 0 2a9a 1 1 0 1 00 00
3 0 0 f057 1 1 0 1 00 00
3 0 0 244c 1 1 0 1 00 00
3 0 0 6169 1 1 0 1 00 00
3 0 1 7053 1 1 0 1 00 00
3 0 0 ab98 0 1 1 1 b5 ff
3 0 0 421e 0 1 0 1 b5 ff
3 0 1 bd7d 1 1 0 1 00 00
3 1 1 acf7 0 1 0 1 00 ff
3 0 0 2173 0 1 0 1 00 ff
3 0 1 3a99 1 1 0 1 00 00
3 0 0 d9f6 1 1 0 1 00 00
3 0 0 d10b 1 1 0 1 00 00
3 0 1 1e73 1 1 0 1 00 00
3 0 1 eeac 1 1 0 1 00 00
3 0 0 0178 1 1 0 1 00 00
3 0 0 acc6 1 1 0 1 00 00
3 0 1 ec21 1 1 0 1 00 00
3 0 1 94c8 0 1 1 1 7a ff
3 0 1 aa33 1 1 0 1 00 00
3 0 0 8447 1 1 0 1 00 00
3 0 0 c8f5 1 1 0 1 00 00
3 0 1 b07a 1 1 0 1 00 00
3 0 0 c414 1 1 0 1 00 00
3 0 1 a72c 1 1 0 1 00 00
3 0 0 4381 1 1 0 1 00 00
3 0 0 e3fd 1 1 0 1 00 00
3 0 0 0ebb 0 1 1 1 d0 ff
3 0 0 b089 0 1 0 1 d0 ff
3 0 0 b6eb 0 1 0 1 d0 ff
3 0 0 0086 0 1 0 1 d0 ff
3 0 0 83a7 0 1 0 1 d0 ff
3 0 0 20e2 0 1 0 1 d0 ff
3 0 0 1158 0 1 0 1 d0 ff
3 0 1 7dc5 1 1 0 1 00 00
3 0 1 14ff 1 1 0 1 00 00
3 0 0 1738 1 1 0 1 00 00
3 0 0 9ae7 1 1 0 1 00 00
3 0 0 5556 1 1 0 1 00 00
3 0 0 ddee 1 1 0 1 00 00
3 0 0 b63a 1 1 0 1 00 00
3 0 0 43ee 1 1 0 1 00 00
3 0 0 0bff 0 1 1 1 b3 ff
3 0 0 4f77 0 1 0 1 b3 ff
3 0 1 d93f 1 1 0 1 00 00
3 0 0 e7c0 1 1 0 1 00 00
3 0 0 e2fe 1 1 0 1 00 00
3 0 0 b3ad 1 1 0 1 00 00
3 0 1 4bdb 1 1 0 1 00 00
3 0 0 70fd 1 1 0 1 00 00
3 0 0 c039 1 1 0 1 00 00
3 0 1 0ae3 1 1 0 1 00 00
3 0 0 e388 0 1 1 1 eb ff
3 0 1 199b 1 1 0 1 00 00
3 0 0 d535 1 1 0 1 00 00
3 0 0 1de5 1 1 0 1 00 00
3 0 0 72c6 1 1 0 1 00 00
3 0 1 b784 1 1 0 1 00 00
3 0 0 565c 1 1 0 1 00 00
3 0 0 db0c 1 1 0 1 00 00
3 0 0 8531 1 1 0 1 00 00
3 0 0 25ed 0 1 1 1 50 ff
3 0 1 769e 1 1 0 1 00 00
3 0 0 bce0 1 1 0 1 00 00
3 0 0 8677 1 1 0 1 00 00
3 0 0 7111 1 1 0 1 00 00
3 0 0 aa88 1 1 0 1 00 00
3 0 0 3e72 1 1 0 1 00 00
3 0 1 2836 1 1 0 1 00 00
3 0 1 1c1f 1 1 0 1 00 00
3 0 0 f2bf 0 1 1 1 ae ff
3 0 0 52d8 0 1 0 1 ae ff
3 0 0 896e 0 1 0 1 ae ff
3 0 0 097a 0 1 0 1 ae ff
3 0 0 611c 0 1 0 1 ae ff
3 0 1 7b43 1 1 0 1 00 00
3 0 0 4cdf 1 1 0 1 00 00
3 0 0 34d1 1 1 0 1 00 00
3 0 1 f81d 1 1 0 1 00 00
3 0 0 e212 1 1 0 1 00 00
3 0 0 b64d 1 1 0 1 00 00
3 0 1 804a 1 1 0 1 00 00
3 0 0 80c2 1 1 0 1 00 00
3 0 1 4875 0 1 1 1 b1 ff
3 0 1 70a2 1 1 0 1 00 00
3 0 0 b167 1 1 0 1 00 00
3 0 0 062c 1 1 0 1 00 00
3 0 0 099d 1 1 0 1 00 00
3 0 0 78c0 1 1 0 1 00 00
3 0 1 7405 1 1 0 1 00 00
3 0 0 440c 1 1 0 1 00 00
3 0 0 e6a6 1 1 0 1 00 00
3 0 0 5127 0 1 1 1 a9 ff
3 0 0 4b31 0 1 0 1 a9 ff
3 0 0 09c6 0 1 0 1 a9 ff
3 0 0 b7ae 0 1 0 1 a9 ff
3 0 1 ad45 1 1 0 1 00 00
3 0 0 8aac 1 1 0 1 00 00
3 0 0 944b 1 1 0 1 00 00
3 0 1 c38b 1 1 0 1 00 00
3 0 0 71c7 1 1 0 1 00 00
3 0 0 5d25 1 1 0 1 00 00
3 0 0 ca83 1 1 0 1 00 00
3 0 0 1eb7 1 1 0 1 00 00
3 0 0 3463 0 1 1 1 d2 ff
3 0 0 24e3 0 1 0 1 d2 ff
3 0 0 2d61 0 1 0 1 d2 ff
3 0 1 7e56 1 1 0 1 00 00
3 0 0 8ab2 1 1 0 1 00 00
3 0 0 df79 1 1 0 1 00 00
3 0 0 9fca 1 1 0 1 00 00
3 0 1 58be 1 1 0 1 00 00
3 0 1 c7ae 1 1 0 1 00 00
3 0 0 3863 1 1 0 1 00 00
3 0 1 c216 1 1 0 1 00 00
3 0 0 c54a 0 1 1 1 b3 ff
3 0 0 2681 0 1 0 1 b3 ff
3 0 1 bed6 1 1 0 1 00 00
3 0 0 185a 1 1 0 1 00 00
3 0 0 cc9c 1 1 0 1 00 00
3 0 0 9f14 1 1 0 1 00 00
3 0 0 85b0 1 1 0 1 00 00
3 0 0 f3d8 1 1 0 1 00 00
3 0 1 e68a 1 1 0 1 00 00
3 0 1 88a0 1 1 0 1 00 00
3 0 0 af2e 0 1 1 1 dd ff
3 0 0 4714 0 1 0 1 dd ff
3 0 0 e25a 0 1 0 1 dd ff
3 0 0 c613 0 1 0 1 dd ff
3 0 1 2641 1 1 0 1 00 00
3 0 1 c544 1 1 0 1 00 00
3 0 0 32e3 1 1 0 1 00 00
3 0 0 acec 1 1 0 1 00 00
3 0 0 5239 1 1 0 1 00 00
3 0 0 4c8a 1 1 0 1 00 00
3 0 0 e95e 1 1 0 1 00 00
3 0 0 d202 1 1 0 1 00 00
3 0 1 649d 0 1 1 1 62 ff
3 0 0 7465 0 1 0 1 62 ff
3 0 0 2a67 0 1 0 1 62 ff
3 0 0 2c74 0 1 0 1 62 ff
3 0 1 057c 1 1 0 1 00 00
3 0 0 e2d1 1 1 0 1 00 00
3 0 0 9450 1 1 0 1 00 00
3 0 1 f576 1 1 0 1 00 00
3 0 0 1a32 1 1 0 1 00 00
3 0 0 7795 1 1 0 1 00 00
3 0 0 75d1 1 1 0 1 00 00
3 0 0 f065 1 1 0 1 00 00
3 0 0 0a7e 0 1 1 1 25 ff
3 0 0 db0c 0 1 0 1 25 ff
3 0 1 8bc5 1 1 0 1 00 00
3 0 0 8974 1 1 0 1 00 00
3 0 1 2324 1 1 0 1 00 00
3 0 1 ed61 1 1 0 1 00 00
3 0 0 636c 1 1 0 1 00 00
3 0 1 db6f 1 1 0 1 00 00
3 0 0 8ca9 1 1 0 1 00 00
3 0 0 c79e 1 1 0 1 00 00
3 0 1 dc18 0 1 1 1 bd ff
3 0 0 cad6 0 1 0 1 bd ff
3 0 0 67a4 0 1 0 1 bd ff
3 0 1 9523 1 1 0 1 00 00
3 0 0 88ee 1 1 0 1 00 00
3 0 0 a088 1 1 0 1 00 00
3 0 0 bc3c 1 1 0 1 00 00
3 0 0 e1e2 1 1 0 1 00 00
3 0 1 e710 1 1 0 1 00 00
3 0 0 7d70 1 1 0 1 00 00
3 0 1 18b2 1 1 0 1 00 00
3 0 0 cd81 0 1 1 1 c3 ff
3 0 1 fbc4 1 1 0 1 00 00
3 0 0 8d2c 1 1 0 1 00 00
3 0 0 08e5 1 1 0 1 00 00
3 0 0 49bc 1 1 0 1 00 00
3 0 0 2d88 1 1 0 1 00 00
3 0 0 565a 1 1 0 1 00 00
3 0 1 b1d0 1 1 0 1 00 00
3 0 0 f9e0 1 1 0 1 00 00
3 0 0 b681 0 1 1 1 fd ff
3 0 1 ff6e 1 1 0 1 00 00
3 0 0 9005 1 1 0 1 00 00
3 0 0 f278 1 1 0 1 00 00
3 0 0 fc0c 1 1 0 1 00 00
3 0 1 da1e 1 1 0 1 00 00
3 0 0 1308 1 1 0 1 00 00
3 0 1 0a6b 1 1 0 1 00 00
3 0 0 700c 1 1 0 1 00 00
3 0 0 7f64 0 1 1 1 ff ff
3 0 0 e610 0 1 0 1 ff ff
3 0 1 e8e9 1 1 0 1 00 00
3 0 0 ab96 1 1 0 1 00 00
3 0 1 d4b0 1 1 0 1 00 00
3 0 0 bdb1 1 1 0 1 00 00
3 0 0 7b85 1 1 0 1 00 00
3 0 0 8ef9 1 1 0 1 00 00
3 0 0 dfe3 1 1 0 1 00 00
3 0 0 4660 1 1 0 1 00 00
3 0 1 08d8 0 1 1 1 f4 ff
3 0 0 7b3c 0 1 0 1 f4 ff
3 0 0 69fd 0 1 0 1 f4 ff
3 0 0 653b 0 1 0 1 f4 ff
3 0 0 746e 0 1 0 1 f4 ff
3 0 1 b217 1 1 0 1 00 00
3 0 0 c097 1 1 0 1 00 00
3 0 1 db5a 1 1 0 1 00 00
3 0 0 3991 1 1 0 1 00 00
3 0 1 dc22 1 1 0 1 00 00
3 0 0 9fc2 1 1 0 1 00 00
3 0 0 fe5b 1 1 0 1 00 00
3 0 0 e61a 1 1 0 1 00 00
3 0 0 bc2c 0 1 1 1 d5 ff
3 0 0 5ab7 0 1 0 1 d5 ff
3 0 0 d631 0 1 0 1 d5 ff
3 0 0 71bd 0 1 0 1 d5 ff
3 0 0 2812 0 1 0 1 d5 ff
3 0 0 0e32 0 1 0 1 d5 ff
3 0 0 2b70 0 1 0 1 d5 ff
3 0 0 a98c 0 1 0 1 d5 ff
3 0 1 670b 1 1 0 1 00 00
3 0 0 6423 1 1 0 1 00 00
3 0 1 69e3 1 1 0 1 00 00
3 0 1 2c31 1 1 0 1 00 00
3 0 0 39d5 1 1 0 1 00 00
3 0 0 ae56 1 1 0 1 00 00
3 0 1 82e4 1 1 0 1 00 00
3 0 1 3b85 1 1 0 1 00 00
3 0 0 06ba 0 1 1 1 a2 ff
3 0 1 ba12 1 1 0 1 00 00
3 0 0 a141 1 1 0 1 00 00
3 0 0 6d6b 1 1 0 1 00 00
3 0 0 4344 1 1 0 1 00 00
3 0 0 7b9a 1 1 0 1 00 00
3 0 0 5859 1 1 0 1 00 00
3 0 0 5eb0 1 1 0 1 00 00
3 0 1 f481 1 1 0 1 00 00
3 0 1 0e92 0 1 1 1 da ff
3 0 0 e767 0 1 0 1 da ff
3 0 1 1ebe 1 1 0 1 00 00
3 0 0 05c0 1 1 0 1 00 00
3 0 1 e971 1 1 0 1 00 00
3 0 0 05a6 1 1 0 1 00 00
3 0 0 c66e 1 1 0 1 00 00
3 0 1 9226 1 1 0 1 00 00
3 0 0 ef38 1 1 0 1 00 00
3 0 0 7da5 1 1 0 1 00 00
3 0 0 de65 0 1 1 1 58 ff
3 1 0 59d5 0 1 0 1 00 ff
3 0 0 6c01 0 1 0 1 00 ff
3 0 0 c78a 0 1 0 1 00 ff
3 0 1 6947 1 1 0 1 00 00
3 0 1 7cf1 1 1 0 1 00 00
3 0 0 a7b5 1 1 0 1 00 00
3 0 0 1f1b 1 1 0 1 00 00
3 0 0 c3b8 1 1 0 1 00 00
3 0 0 879b 1 1 0 1 00 00
3 0 1 dab9 1 1 0 1 00 00
3 0 0 c876 1 1 0 1 00 00
3 0 0 d5c2 0 1 1 1 a4 ff
3 0 0 89b3 0 1 0 1 a4 ff
3 0 1 7a0c 1 1 0 1 00 00
3 0 0 4447 1 1 0 1 00 00
3 0 0 f79a 1 1 0 1 00 00
3 0 0 813a 1 1 0 1 00 00
3 0 1 141a 1 1 0 1 00 00
3 0 1 0adb 1 1 0 1 00 00
3 0 0 2f50 1 1 0 1 00 00
3 0 1 0801 1 1 0 1 00 00
3 0 0 a53a 0 1 1 1 b0 ff
3 0 1 0752 1 1 0 1 00 00
3 0 0 bc68 1 1 0 1 00 00
3 0 0 7c7b 1 1 0 1 00 00
3 0 1 4668 1 1 0 1 00 00
3 0 0 82eb 1 1 0 1 00 00
3 0 0 2fb1 1 1 0 1 00 00
3 0 0 2580 1 1 0 1 00 00
3 0 0 192f 1 1 0 1 00 00
3 0 1 5cfa 0 1 1 1 2b ff
3 0 0 2921 0 1 0 1 2b ff
3 0 0 c31d 0 1 0 1 2b ff
3 0 1 3f23 1 1 0 1 00 00
3 0 1 93ce 1 1 0 1 00 00
3 0 1 acaa 1 1 0 1 00 00
3 0 0 e114 1 1 0 1 00 00
3 0 0 77ac 1 1 0 1 00 00
3 0 1 69b9 1 1 0 1 00 00
3 0 0 ab89 1 1 0 1 00 00
3 0 1 8a10 1 1 0 1 00 00
3 0 0 c0e4 0 1 1 1 7f ff
3 0 0 3de7 0 1 0 1 7f ff
3 0 1 16c6 1 1 0 1 00 00
3 0 0 8f9f 1 1 0 1 00 00
3 0 0 32fd 1 1 0 1 00 00
3 0 0 29ab 1 1 0 1 00 00
3 0 0 9598 1 1 0 1 00 00
3 0 1 623e 1 1 0 1 00 00
3 0 0 43e3 1 1 0 1 00 00
3 0 1 c296 1 1 0 1 00 00
3 0 1 8287 0 1 1 1 4c ff
3 0 0 db1f 0 1 0 1 4c ff
3 0 0 31f0 0 1 0 1 4c ff
3 0 0 a61b 0 1 0 1 4c ff
3 0 1 c305 1 1 0 1 00 00
3 0 0 4a86 1 1 0 1 00 00
3 0 0 e9ff 1 1 0 1 00 00
3 0 0 d478 1 1 0 1 00 00
3 0 0 4c35 1 1 0 1 00 00
3 0 1 b762 1 1 0 1 00 00
3 0 0 a4b8 1 1 0 1 00 00
3 0 1 b8b1 1 1 0 1 00 00
3 0 1 80a7 0 1 1 1 df ff
3 0 0 bd58 0 1 0 1 df ff
3 0 0 f567 0 1 0 1 df ff
3 0 0 1a69 0 1 0 1 df ff
3 0 0 0e3c 0 1 0 1 df ff
3 0 1 133a 1 1 0 1 00 00
3 0 1 19a7 1 1 0 1 00 00
3 0 1 59e1 1 1 0 1 00 00
3 0 0 1f86 1 1 0 1 00 00
3 0 1 0373 1 1 0 1 00 00
3 0 0 c147 1 1 0 1 00 00
3 0 0 f40f 1 1 0 1 00 00
3 0 0 1c61 1 1 0 1 00 00
3 0 0 12a7 0 1 1 1 46 ff
3 0 1 09f9 1 1 0 1 00 00
3 0 0 871a 1 1 0 1 00 00
3 0 1 4917 1 1 0 1 00 00
3 0 0 1015 1 1 0 1 00 00
3 0 0 17d7 1 1 0 1 00 00
3 0 0 0053 1 1 0 1 00 00
3 0 0 19f8 1 1 0 1 00 00
3 0 0 cdc6 1 1 0 1 00 00
3 0 0 f048 0 1 1 1 32 ff
3 0 1 bcaa 1 1 0 1 00 00
3 0 1 109c 1 1 0 1 00 00
3 0 0 329b 1 1 0 1 00 00
3 0 1 33eb 1 1 0 1 00 00
3 0 0 8838 1 1 0 1 00 00
3 0 0 81e8 1 1 0 1 00 00
3 0 0 bdd2 1 1 0 1 00 00
3 0 0 4e63 1 1 0 1 00 00
3 0 1 6501 0 1 1 1 db ff
3 0 0 8910 0 1 0 1 db ff
3 0 0 920e 0 1 0 1 db ff
3 0 0 041f 0 1 0 1 db ff
3 0 0 9b53 0 1 0 1 db ff
3 0 0 f2cf 0 1 0 1 db ff
3 0 0 f804 0 1 0 1 db ff
3 0 0 29ab 0 1 0 1 db ff
3 0 0 64ef 0 1 0 1 db ff
3 0 0 37e0 0 1 0 1 db ff
3 0 0 09a0 0 1 0 1 db ff
3 0 1 3c1c 1 1 0 1 00 00
3 0 0 4b36 1 1 0 1 00 00
3 0 1 3670 1 1 0 1 00 00
3 0 0 575c 1 1 0 1 00 00
3 0 1 6a61 1 1 0 1 00 00
3 0 1 673b 1 1 0 1 00 00
3 0 0 55c3 1 1 0 1 00 00
3 0 0 4ebc 1 1 0 1 00 00
3 0 0 2478 0 1 1 1 7c ff
3 0 0 8a08 0 1 0 1 7c ff
3 0 1 abd6 1 1 0 1 00 00
3 0 0 69a5 1 1 0 1 00 00
3 0 0 0e00 1 1 0 1 00 00
3 0 0 c0d5 1 1 0 1 00 00
3 0 0 09ea 1 1 0 1 00 00
3 0 0 5c3c 1 1 0 1 00 00
3 0 0 831d 1 1 0 1 00 00
3 0 1 49ce 1 1 0 1 00 00
3 0 0 5ab0 0 1 1 1 d1 ff
3 0 0 5918 0 1 0 1 d1 ff
3 0 0 7723 0 1 0 1 d1 ff
3 0 0 7773 0 1 0 1 d1 ff
3 0 0 6b9e 0 1 0 1 d1 ff
3 0 1 bd68 1 1 0 1 00 00
3 0 1 a273 1 1 0 1 00 00
3 0 0 c615 1 1 0 1 00 00
3 0 0 a602 1 1 0 1 00 00
3 0 0 36f7 1 1 0 1 00 00
3 0 0 33d9 1 1 0 1 00 00
3 0 0 95ba 1 1 0 1 00 00
3 0 0 31fb 1 1 0 1 00 00
3 0 0 c7a2 0 1 1 1 dc ff
3 0 0 7978 0 1 0 1 dc ff
3 0 0 88d2 0 1 0 1 dc ff
3 0 1 c473 1 1 0 1 00 00
3 0 0 368e 1 1 0 1 00 00
3 0 0 41c4 1 1 0 1 00 00
3 0 0 2ca7 1 1 0 1 00 00
3 0 1 41b8 1 1 0 1 00 00
3 0 1 8421 1 1 0 1 00 00
3 0 0 50ce 1 1 0 1 00 00
3 0 0 3cda 1 1 0 1 00 00
3 0 1 29d3 0 1 1 1 e0 ff
3 0 0 f044 0 1 0 1 e0 ff
3 0 1 2718 1 1 0 1 00 00
3 0 0 aa37 1 1 0 1 00 00
3 0 0 7215 1 1 0 1 00 00
3 0 1 ed6f 1 1 0 1 00 00
3 0 0 c12c 1 1 0 1 00 00
3 0 0 b93f 1 1 0 1 00 00
3 0 0 0200 1 1 0 1 00 00
3 0 1 694b 1 1 0 1 00 00
3 0 0 8227 0 1 1 1 64 ff
3 0 0 d6a1 0 1 0 1 64 ff
3 0 0 5d5e 0 1 0 1 64 ff
3 0 0 883a 0 1 0 1 64 ff
3 0 0 124a 0 1 0 1 64 ff
3 0 0 24af 0 1 0 1 64 ff
3 0 0 b8ca 0 1 0 1 64 ff
3 0 0 79c9 0 1 0 1 64 ff
3 0 0 2e5e 0 1 0 1 64 ff
3 0 0 15d3 0 1 0 1 64 ff
3 0 0 61e2 0 1 0 1 64 ff
3 0 1 e986 1 1 0 1 00 00
3 0 0 2eda 1 1 0 1 00 00
3 0 0 91ff 1 1 0 1 00 00
3 0 1 12d8 1 1 0 1 00 00
3 0 0 107e 1 1 0 1 00 00
3 0 1 d7e7 1 1 0 1 00 00
3 0 0 bc5e 1 1 0 1 00 00
3 0 0 2e61 1 1 0 1 00 00
3 0 0 02fe 0 1 1 1 f4 ff
3 0 0 d50e 0 1 0 1 f4 ff
3 0 0 e1b4 0 1 0 1 f4 ff
3 0 1 a5bc 1 1 0 1 00 00
3 0 0 2692 1 1 0 1 00 00
3 0 1 c201 1 1 0 1 00 00
3 0 1 da2e 1 1 0 1 00 00
3 0 0 501f 1 1 0 1 00 00
3 0 0 2a97 1 1 0 1 00 00
3 0 0 bb29 1 1 0 1 00 00
3 0 0 9114 1 1 0 1 00 00
3 0 0 5516 0 1 1 1 cd ff
3 0 0 a1b5 0 1 0 1 cd ff
3 0 0 5fda 0 1 0 1 cd ff
3 0 0 6101 0 1 0 1 cd ff
3 0 0 6646 0 1 0 1 cd ff
3 0 1 6604 1 1 0 1 00 00
3 0 1 8af0 1 1 0 1 00 00
3 0 0 2c51 1 1 0 1 00 00
3 0 0 0e19 1 1 0 1 00 00
3 0 0 ee3a 1 1 0 1 00 00
3 0 0 5c59 1 1 0 1 00 00
3 0 1 d741 1 1 0 1 00 00
3 0 0 718e 1 1 0 1 00 00
3 0 0 3241 0 1 1 1 a1 ff
3 0 0 b61f 0 1 0 1 a1 ff
3 0 1 e18e 1 1 0 1 00 00
3 0 1 a2fe 1 1 0 1 00 00
3 0 0 473d 1 1 0 1 00 00
3 0 0 d27b 1 1 0 1 00 00
3 0 0 6174 1 1 0 1 00 00
3 0 0 31ec 1 1 0 1 00 00
3 0 1 0257 1 1 0 1 00 00
3 0 0 6708 1 1 0 1 00 00
3 0 0 8374 0 1 1 1 f0 ff
3 0 0 2bd5 0 1 0 1 f0 ff
3 0 0 6aa8 0 1 0 1 f0 ff
3 0 0 1995 0 1 0 1 f0 ff
3 0 0 8060 0 1 0 1 f0 ff
3 0 0 3290 0 1 0 1 f0 ff
3 0 0 8a20 0 1 0 1 f0 ff
3 0 1 a99a 1 1 0 1 00 00
3 0 0 271d 1 1 0 1 00 00
3 0 0 df00 1 1 0 1 00 00
3 0 1 935c 1 1 0 1 00 00
3 0 0 ecaf 1 1 0 1 00 00
3 0 0 4973 1 1 0 1 00 00
3 0 0 4278 1 1 0 1 00 00
3 0 0 1732 1 1 0 1 00 00
3 0 0 d882 0 1 1 1 d0 ff
3 0 0 c30d 0 1 0 1 d0 ff
3 0 1 2f94 1 1 0 1 00 00
3 0 1 2aaf 1 1 0 1 00 00
3 0 0 b312 1 1 0 1 00 00
3 0 0 5481 1 1 0 1 00 00
3 0 0 d486 1 1 0 1 00 00
3 0 0 d6d1 1 1 0 1 00 00
3 0 0 e2f6 1 1 0 1 00 00
3 0 1 d5d1 1 1 0 1 00 00
3 0 0 5e06 0 1 1 1 6e ff
3 0 0 a22b 0 1 0 1 6e ff
3 0 0 f745 0 1 0 1 6e ff
3 0 0 ba93 0 1 0 1 6e ff
3 0 1 898f 1 1 0 1 00 00
3 0 0 6fac 1 1 0 1 00 00
3 0 0 4435 1 1 0 1 00 00
3 0 1 dfe9 1 1 0 1 00 00
3 0 1 3da8 1 1 0 1 00 00
3 0 0 81db 1 1 0 1 00 00
3 0 1 7675 1 1 0 1 00 00
3 0 0 834f 1 1 0 1 00 00
3 0 1 c69f 0 1 1 1 bb ff
3 0 1 2b45 1 1 0 1 00 00
3 0 0 e003 1 1 0 1 00 00
3 0 1 a529 1 1 0 1 00 00
3 0 1 d375 1 1 0 1 00 00
3 0 1 e1d4 1 1 0 1 00 00
3 0 0 dca6 1 1 0 1 00 00
3 0 1 2a78 1 1 0 1 00 00
3 0 0 bcf7 1 1 0 1 00 00
3 0 0 62b4 0 1 1 1 69 ff
3 0 1 e2c6 1 1 0 1 00 00
3 0 0 40e0 1 1 0 1 00 00
3 0 0 7828 1 1 0 1 00 00
3 0 1 0979 1 1 0 1 00 00
3 0 0 9d6a 1 1 0 1 00 00
3 0 0 39fd 1 1 0 1 00 00
3 0 0 12a6 1 1 0 1 00 00
3 0 0 5c56 1 1 0 1 00 00
3 0 0 b149 0 1 1 1 f0 ff
3 0 1 81bf 1 1 0 1 00 00
3 0 0 0852 1 1 0 1 00 00
3 0 0 04e8 1 1 0 1 00 00
3 0 1 09dc 1 1 0 1 00 00
3 0 0 af09 1 1 0 1 00 00
3 0 0 705c 1 1 0 1 00 00
3 0 0 b76c 1 1 0 1 00 00
3 0 0 02fa 1 1 0 1 00 00
3 0 0 e4fe 0 1 1 1 b6 ff
3 0 0 846d 0 1 0 1 b6 ff
3 0 0 cb44 0 1 0 1 b6 ff
3 0 0 3b10 0 1 0 1 b6 ff
3 0 0 cde4 0 1 0 1 b6 ff
3 0 0 150a 0 1 0 1 b6 ff
3 0 0 c51b 0 1 0 1 b6 ff
3 0 0 ee45 0 1 0 1 b6 ff
3 0 0 0801 0 1 0 1 b6 ff
3 0 0 8c95 0 1 0 1 b6 ff
3 0 0 149b 0 1 0 1 b6 ff
3 0 1 ea28 1 1 0 1 00 00
3 0 0 0412 1 1 0 1 00 00
3 0 1 4289 1 1 0 1 00 00
3 0 0 72bd 1 1 0 1 00 00
3 0 1 b7b4 1 1 0 1 00 00
3 0 0 f7d7 1 1 0 1 00 00
3 0 1 bbce 1 1 0 1 00 00
3 0 0 897d 1 1 0 1 00 00
3 0 0 8833 0 1 1 1 f4 ff
3 0 0 3172 0 1 0 1 f4 ff
3 0 0 54ad 0 1 0 1 f4 ff
3 0 0 b3fb 0 1 0 1 f4 ff
3 0 0 cdf3 0 1 0 1 f4 ff
3 0 1 2aae 1 1 0 1 00 00
3 0 0 7a66 1 1 0 1 00 00
3 0 0 09d9 1 1 0 1 00 00
3 0 0 2b11 1 1 0 1 00 00
3 0 0 ade1 1 1 0 1 00 00
3 0 0 f012 1 1 0 1 00 00
3 0 0 a7ce 1 1 0 1 00 00
3 0 1 0582 1 1 0 1 00 00
3 0 0 680b 0 1 1 1 68 ff
3 0 1 8ecb 1 1 0 1 00 00
3 0 0 2167 1 1 0 1 00 00
3 0 0 f6c6 1 1 0 1 00 00
3 0 0 8dc8 1 1 0 1 00 00
3 0 0 2835 1 1 0 1 00 00
3 0 1 1d2a 1 1 0 1 00 00
3 0 1 6688 1 1 0 1 00 00
3 0 1 ac71 1 1 0 1 00 00
3 0 0 da1a 0 1 1 1 bf ff
3 0 1 34ae 1 1 0 1 00 00
3 0 0 9a82 1 1 0 1 00 00
3 0 1 1b8c 1 1 0 1 00 00
3 0 0 c6c2 1 1 0 1 00 00
3 0 0 6216 1 1 0 1 00 00
3 0 0 1a63 1 1 0 1 00 00
3 0 1 b505 1 1 0 1 00 00
3 0 0 ca99 1 1 0 1 00 00
3 0 0 ee7e 0 1 1 1 74 ff
3 0 0 0a90 0 1 0 1 74 ff
3 0 0 c558 0 1 0 1 74 ff
3 0 0 723a 0 1 0 1 74 ff
3 0 0 d4a4 0 1 0 1 74 ff
3 0 0 58d2 0 1 0 1 74 ff
3 0 1 0d98 1 1 0 1 00 00
3 0 0 5704 1 1 0 1 00 00
3 0 0 a903 1 1 0 1 00 00
3 0 1 d38a 1 1 0 1 00 00
3 0 0 20c4 1 1 0 1 00 00
3 0 0 6465 1 1 0 1 00 00
3 0 0 819b 1 1 0 1 00 00
3 0 1 e56a 1 1 0 1 00 00
3 0 0 08a7 0 1 1 1 3a ff
3 0 0 0bf5 0 1 0 1 3a ff
3 0 1 4f9c 1 1 0 1 00 00
3 0 1 d3d9 1 1 0 1 00 00
3 0 0 78c8 1 1 0 1 00 00
3 0 0 9223 1 1 0 1 00 00
3 0 0 0be8 1 1 0 1 00 00
3 0 0 5a6d 1 1 0 1 00 00
3 0 0 28c2 1 1 0 1 00 00
3 0 0 4f39 1 1 0 1 00 00
3 0 0 06fc 0 1 1 1 8e ff
3 0 0 7567 0 1 0 1 8e ff
3 0 0 c94d 0 1 0 1 8e ff
3 0 0 8c53 0 1 0 1 8e ff
3 0 0 dea2 0 1 0 1 8e ff
3 0 0 73b9 0 1 0 1 8e ff
3 0 0 8f99 0 1 0 1 8e ff
3 0 0 36e9 0 1 0 1 8e ff
3 0 0 2dbf 0 1 0 1 8e ff
3 0 0 cdb8 0 1 0 1 8e ff
3 0 0 c4da 0 1 0 1 8e ff
3 0 0 b6ee 0 1 0 1 8e ff
3 0 0 1684 0 1 0 1 8e ff
3 0 0 84e3 0 1 0 1 8e ff
3 0 0 8c36 0 1 0 1 8e ff
3 0 0 91d9 0 1 0 1 8e ff
3 0 0 e041 0 1 0 1 8e ff
3 0 0 e128 0 1 0 1 8e ff
3 0 1 6d05 1 1 0 1 00 00
3 0 0 6378 1 1 0 1 00 00
3 0 0 2d57 1 1 0 1 00 00
3 0 0 ac6b 1 1 0 1 00 00
3 0 0 e5f3 1 1 0 1 00 00
3 0 0 c64b 1 1 0 1 00 00
3 0 0 b0da 1 1 0 1 00 00
3 0 0 ce02 1 1 0 1 00 00
3 0 0 53ad 0 1 1 1 a7 ff
3 0 0 141a 0 1 0 1 a7 ff
3 0 0 3bd5 0 1 0 1 a7 ff
3 0 0 c773 0 1 0 1 a7 ff
3 0 0 a29a 0 1 0 1 a7 ff
3 0 0 917f 0 1 0 1 a7 ff
3 0 0 a0ac 0 1 0 1 a7 ff
3 0 0 762f 0 1 0 1 a7 ff
3 0 0 78a2 0 1 0 1 a7 ff
3 0 0 df34 0 1 0 1 a7 ff
3 0 0 4582 0 1 0 1 a7 ff
3 0 0 4867 0 1 0 1 a7 ff
3 0 1 f1e3 1 1 0 1 00 00
3 0 1 ce2c 1 1 0 1 00 00
3 0 0 b586 1 1 0 1 00 00
3 0 0 b0be 1 1 0 1 00 00
3 0 1 cfdd 1 1 0 1 00 00
3 0 0 82c9 1 1 0 1 00 00
3 0 1 72fc 1 1 0 1 00 00
3 0 1 7baa 1 1 0 1 00 00
3 0 0 da90 0 1 1 1 f8 ff
3 0 0 7fcc 0 1 0 1 f8 ff
3 0 1 cd83 1 1 0 1 00 00
3 0 1 dc0a 1 1 0 1 00 00
3 0 0 d2c0 1 1 0 1 00 00
3 0 0 2f5a 1 1 0 1 00 00
3 0 0 c7d1 1 1 0 1 00 00
3 0 0 4d21 1 1 0 1 00 00
3 0 0 36af 1 1 0 1 00 00
3 0 0 cc72 1 1 0 1 00 00
3 0 0 3dd5 0 1 1 1 e5 ff
3 0 1 d64f 1 1 0 1 00 00
3 0 1 a4d2 1 1 0 1 00 00
3 0 0 d026 1 1 0 1 00 00
3 0 0 e5da 1 1 0 1 00 00
3 0 0 3688 1 1 0 1 00 00
3 0 1 bb9a 1 1 0 1 00 00
3 0 0 c084 1 1 0 1 00 00
3 0 0 814b 1 1 0 1 00 00
3 0 0 1b8b 0 1 1 1 ea ff
3 0 0 0ef1 0 1 0 1 ea ff
3 0 0 a29a 0 1 0 1 ea ff
3 0 0 b358 0 1 0 1 ea ff
3 0 1 9d98 1 1 0 1 00 00
3 0 1 e6ea 1 1 0 1 00 00
3 0 0 19d9 1 1 0 1 00 00
3 0 0 490b 1 1 0 1 00 00
3 0 1 469a 1 1 0 1 00 00
3 0 0 8da5 1 1 0 1 00 00
3 0 0 533a 1 1 0 1 00 00
3 0 0 0f30 1 1 0 1 00 00
3 0 1 1181 0 1 1 1 c8 ff
3 0 0 2d1a 0 1 0 1 c8 ff
3 0 0 ef4f 0 1 0 1 c8 ff
3 0 0 c317 0 1 0 1 c8 ff
3 0 0 0fdf 0 1 0 1 c8 ff
3 0 0 2ce2 0 1 0 1 c8 ff
3 0 1 a96b 1 1 0 1 00 00
3 0 1 8684 1 1 0 1 00 00
3 0 1 5a42 1 1 0 1 00 00
3 0 0 a057 1 1 0 1 00 00
3 0 0 f45a 1 1 0 1 00 00
3 0 0 cc94 1 1 0 1 00 00
3 0 0 dc17 1 1 0 1 00 00
3 0 0 de38 1 1 0 1 00 00
3 0 0 23a2 0 1 1 1 d0 ff
3 0 0 58b1 0 1 0 1 d0 ff
3 0 0 c373 0 1 0 1 d0 ff
3 0 1 2fcc 1 1 0 1 00 00
3 0 1 3fc6 1 1 0 1 00 00
3 0 1 482e 1 1 0 1 00 00
3 0 0 972a 1 1 0 1 00 00
3 0 0 095c 1 1 0 1 00 00
3 0 0 cd3f 1 1 0 1 00 00
3 0 0 f41e 1 1 0 1 00 00
3 0 0 5130 1 1 0 1 00 00
3 0 0 edf2 0 1 1 1 6e ff
3 0 0 cbe9 0 1 0 1 6e ff
3 0 0 120b 0 1 0 1 6e ff
3 0 0 154f 0 1 0 1 6e ff
3 0 0 22dd 0 1 0 1 6e ff
3 0 0 081d 0 1 0 1 6e ff
3 0 0 be1a 0 1 0 1 6e ff
3 0 0 3c22 0 1 0 1 6e ff
3 0 0 fd86 0 1 0 1 6e ff
3 0 0 039a 0 1 0 1 6e ff
3 0 0 6f2e 0 1 0 1 6e ff
3 0 1 f88c 1 1 0 1 00 00
3 0 0 7a4a 1 1 0 1 00 00
3 0 0 bd96 1 1 0 1 00 00
3 0 1 fc5b 1 1 0 1 00 00
3 0 0 82c7 1 1 0 1 00 00
3 0 0 c0df 1 1 0 1 00 00
3 0 0 67af 1 1 0 1 00 00
3 0 0 3542 1 1 0 1 00 00
3 0 1 ff32 0 1 1 1 fc ff
3 0 0 f417 0 1 0 1 fc ff
3 0 1 962a 1 1 0 1 00 00
3 0 0 1373 1 1 0 1 00 00
3 0 0 7e76 1 1 0 1 00 00
3 0 1 5208 1 1 0 1 00 00
3 0 1 9add 1 1 0 1 00 00
3 0 0 6dc1 1 1 0 1 00 00
3 0 0 d596 1 1 0 1 00 00
3 0 0 21a8 1 1 0 1 00 00
3 0 0 e00b 0 1 1 1 c4 ff
3 0 0 7f69 0 1 0 1 c4 ff
3 0 0 7cc4 0 1 0 1 c4 ff
3 0 1 b260 1 1 0 1 00 00
3 0 1 1060 1 1 0 1 00 00
3 0 1 2246 1 1 0 1 00 00
3 0 1 3c85 1 1 0 1 00 00
3 0 1 d8d0 1 1 0 1 00 00
3 0 0 632f 1 1 0 1 00 00
3 0 0 baa1 1 1 0 1 00 00
3 0 0 4d2d 1 1 0 1 00 00
3 0 0 d5ae 0 1 1 1 d5 ff
3 0 0 68f3 0 1 0 1 d5 ff
3 0 0 569f 0 1 0 1 d5 ff
3 0 1 9c41 1 1 0 1 00 00
3 0 0 0b48 1 1 0 1 00 00
3 0 1 224d 1 1 0 1 00 00
3 0 1 e5b0 1 1 0 1 00 00
3 0 1 cd6b 1 1 0 1 00 00
3 0 0 8d6b 1 1 0 1 00 00
3 0 0 8b0d 1 1 0 1 00 00
3 0 1 e572 1 1 0 1 00 00
3 0 1 c0a8 0 1 1 1 c8 ff
3 0 0 a423 0 1 0 1 c8 ff
3 0 1 b85d 1 1 0 1 00 00
3 0 0 897a 1 1 0 1 00 00
3 0 1 809d 1 1 0 1 00 00
3 0 0 c82c 1 1 0 1 00 00
3 0 0 a5ac 1 1 0 1 00 00
3 0 0 b598 1 1 0 1 00 00
3 0 1 9299 1 1 0 1 00 00
3 0 0 9de8 1 1 0 1 00 00
3 0 1 3e6d 0 1 1 1 d9 ff
3 0 0 b728 0 1 0 1 d9 ff
3 0 1 be6b 1 1 0 1 00 00
3 0 0 f90f 1 1 0 1 00 00
3 0 0 5673 1 1 0 1 00 00
3 0 0 3341 1 1 0 1 00 00
3 0 0 0fc1 1 1 0 1 00 00
3 0 0 a1be 1 1 0 1 00 00
3 0 0 cfbb 1 1 0 1 00 00
3 0 1 c600 1 1 0 1 00 00
3 0 0 1c9c 0 1 1 1 dc ff
3 0 0 1674 0 1 0 1 dc ff
3 0 0 b9bf 0 1 0 1 dc ff
3 0 0 f1b1 0 1 0 1 dc ff
3 0 1 a1c3 1 1 0 1 00 00
3 0 0 d3c9 1 1 0 1 00 00
3 0 0 6b5e 1 1 0 1 00 00
3 0 0 df51 1 1 0 1 00 00
3 0 0 8ee1 1 1 0 1 00 00
3 0 1 f15c 1 1 0 1 00 00
3 0 0 d31c 1 1 0 1 00 00
3 0 1 e755 1 1 0 1 00 00
3 0 0 833e 0 1 1 1 cb ff
3 0 0 49e0 0 1 0 1 cb ff
3 0 0 dc13 0 1 0 1 cb ff
3 0 1 3a05 1 1 0 1 00 00
3 0 0 afdb 1 1 0 1 00 00
3 0 1 bd89 1 1 0 1 00 00
3 0 1 1992 1 1 0 1 00 00
3 0 0 d680 1 1 0 1 00 00
3 0 0 720b 1 1 0 1 00 00
3 0 0 52fd 1 1 0 1 00 00
3 0 0 939f 1 1 0 1 00 00
3 0 0 6016 0 1 1 1 79 ff
3 0 1 6284 1 1 0 1 00 00
3 0 0 de74 1 1 0 1 00 00
3 0 0 6b54 1 1 0 1 00 00
3 0 0 15fe 1 1 0 1 00 00
3 0 0 755c 1 1 0 1 00 00
3 0 0 254a 1 1 0 1 00 00
3 0 0 3652 1 1 0 1 00 00
3 0 0 1da5 1 1 0 1 00 00
3 0 1 d888 0 1 1 1 9e ff
3 0 0 2aaf 0 1 0 1 9e ff
3 0 0 835d 0 1 0 1 9e ff
3 0 0 3d5f 0 1 0 1 9e ff
3 0 0 9afe 0 1 0 1 9e ff
3 0 0 f53f 0 1 0 1 9e ff
3 0 0 1279 0 1 0 1 9e ff
3 0 0 bf1e 0 1 0 1 9e ff
3 0 1 7d65 1 1 0 1 00 00
3 0 0 72bc 1 1 0 1 00 00
3 0 1 dd25 1 1 0 1 00 00
3 0 1 e5bb 1 1 0 1 00 00
3 0 0 fb8f 1 1 0 1 00 00
3 0 0 af38 1 1 0 1 00 00
3 0 0 87c9 1 1 0 1 00 00
3 0 0 c556 1 1 0 1 00 00
3 0 0 da01 0 1 1 1 b3 ff
3 0 0 3934 0 1 0 1 b3 ff
3 0 0 6e03 0 1 0 1 b3 ff
3 0 0 58dd 0 1 0 1 b3 ff
3 0 1 8f4a 1 1 0 1 00 00
3 0 1 cf92 1 1 0 1 00 00
3 0 0 8e00 1 1 0 1 00 00
3 0 0 59a2 1 1 0 1 00 00
3 0 1 0521 1 1 0 1 00 00
3 0 0 b3bb 1 1 0 1 00 00
3 0 1 7b77 1 1 0 1 00 00
3 0 0 a99a 1 1 0 1 00 00
3 0 0 12ef 0 1 1 1 bf ff
3 0 0 9c96 0 1 0 1 bf ff
3 0 0 ff2e 0 1 0 1 bf ff
3 0 1 da09 1 1 0 1 00 00
3 0 1 eaf2 1 1 0 1 00 00
3 0 0 925a 1 1 0 1 00 00
3 0 1 07a8 1 1 0 1 00 00
3 0 0 7cee 1 1 0 1 00 00
3 0 0 1f86 1 1 0 1 00 00
3 0 0 6f48 1 1 0 1 00 00
3 0 0 6429 1 1 0 1 00 00
3 0 0 0bcb 0 1 1 1 ec ff
3 0 0 f832 0 1 0 1 ec ff
3 0 0 74c3 0 1 0 1 ec ff
3 0 1 3b7c 1 1 0 1 00 00
3 0 0 7ad3 1 1 0 1 00 00
3 0 1 1d15 1 1 0 1 00 00
3 0 0 5f05 1 1 0 1 00 00
3 0 1 0d26 1 1 0 1 00 00
3 0 1 8dbe 1 1 0 1 00 00
3 0 1 1ffe 1 1 0 1 00 00
3 0 0 9158 1 1 0 1 00 00
3 0 0 9ccd 0 1 1 1 7b ff
3 0 0 d77f 0 1 0 1 7b ff
3 0 0 a023 0 1 0 1 7b ff
3 0 0 c057 0 1 0 1 7b ff
3 0 1 036e 1 1 0 1 00 00
3 0 0 c068 1 1 0 1 00 00
3 0 0 b7bf 1 1 0 1 00 00
3 0 0 be52 1 1 0 1 00 00
3 0 0 5419 1 1 0 1 00 00
3 0 0 645a 1 1 0 1 00 00
3 0 0 b4a5 1 1 0 1 00 00
3 0 0 edd2 1 1 0 1 00 00
3 0 0 ce13 0 1 1 1 1d ff
3 0 0 7400 0 1 0 1 1d ff
3 0 0 65b0 0 1 0 1 1d ff
3 0 1 56c3 1 1 0 1 00 00
3 0 0 3ce5 1 1 0 1 00 00
3 0 0 b9d0 1 1 0 1 00 00
3 0 1 e71a 1 1 0 1 00 00
3 0 0 71f1 1 1 0 1 00 00
3 0 1 d29b 1 1 0 1 00 00
3 0 1 82a7 1 1 0 1 00 00
3 0 0 2492 1 1 0 1 00 00
3 0 0 042b 0 1 1 1 95 ff
3 0 1 d052 1 1 0 1 00 00
3 0 0 4a61 1 1 0 1 00 00
3 0 0 b0b3 1 1 0 1 00 00
3 0 0 a25d 1 1 0 1 00 00
3 0 0 c31b 1 1 0 1 00 00
3 0 0 e6b9 1 1 0 1 00 00
3 0 0 cd2b 1 1 0 1 00 00
3 0 1 6cce 1 1 0 1 00 00
3 0 0 52d7 0 1 1 1 e6 ff
3 0 0 37d0 0 1 0 1 e6 ff
3 0 0 6f70 0 1 0 1 e6 ff
3 0 0 0514 0 1 0 1 e6 ff
3 0 1 a8bc 1 1 0 1 00 00
3 0 0 6979 1 1 0 1 00 00
3 0 1 cfe8 1 1 0 1 00 00
3 0 0 8f62 1 1 0 1 00 00
3 0 0 4972 1 1 0 1 00 00
3 0 1 2b4d 1 1 0 1 00 00
3 0 1 9772 1 1 0 1 00 00
3 0 0 fe14 1 1 0 1 00 00
3 0 1 a2bb 0 1 1 1 cf ff
3 0 0 eaae 0 1 0 1 cf ff
3 0 0 2bb6 0 1 0 1 cf ff
3 0 0 d9ae 0 1 0 1 cf ff
3 0 0 3182 0 1 0 1 cf ff
3 0 0 e2f8 0 1 0 1 cf ff
3 0 0 45e9 0 1 0 1 cf ff
3 0 0 b000 0 1 0 1 cf ff
3 0 0 9884 0 1 0 1 cf ff
3 0 0 5837 0 1 0 1 cf ff
3 0 0 f64f 0 1 0 1 cf ff
3 0 1 e99e 1 1 0 1 00 00
3 0 0 bc4d 1 1 0 1 00 00
3 0 0 b409 1 1 0 1 00 00
3 0 0 0c99 1 1 0 1 00 00
3 0 0 1ec1 1 1 0 1 00 00
3 0 1 bf0d 1 1 0 1 00 00
3 0 0 8eb4 1 1 0 1 00 00
3 0 1 03f8 1 1 0 1 00 00
3 0 0 84b1 0 1 1 1 f4 ff
3 0 0 7a12 0 1 0 1 f4 ff
3 0 0 55f0 0 1 0 1 f4 ff
3 0 1 f44e 1 1 0 1 00 00
3 0 1 72ef 1 1 0 1 00 00
3 0 0 effa 1 1 0 1 00 00
3 0 0 fc3c 1 1 0 1 00 00
3 0 1 6731 1 1 0 1 00 00
3 0 1 8573 1 1 0 1 00 00
3 0 0 b7d4 1 1 0 1 00 00
3 0 1 c586 1 1 0 1 00 00
3 0 1 b03b 0 1 1 1 fa ff
3 0 0 7169 0 1 0 1 fa ff
3 0 1 1c1f 1 1 0 1 00 00
3 0 1 bb90 1 1 0 1 00 00
3 0 0 6e36 1 1 0 1 00 00
3 0 1 b051 1 1 0 1 00 00
3 0 0 c066 1 1 0 1 00 00
3 0 1 0a10 1 1 0 1 00 00
3 0 1 f11e 1 1 0 1 00 00
3 0 0 5e9e 1 1 0 1 00 00
3 0 0 470e 0 1 1 1 54 ff
3 0 0 a737 0 1 0 1 54 ff
3 0 0 cd3f 0 1 0 1 54 ff
3 0 1 a444 1 1 0 1 00 00
3 0 0 d5d7 1 1 0 1 00 00
3 0 1 c71a 1 1 0 1 00 00
3 0 0 ac70 1 1 0 1 00 00
3 0 1 c950 1 1 0 1 00 00
3 0 1 d4d7 1 1 0 1 00 00
3 0 0 4b7a 1 1 0 1 00 00
3 0 1 0674 1 1 0 1 00 00
3 0 0 810d 0 1 1 1 cd ff
3 0 0 a201 0 1 0 1 cd ff
3 0 1 22c2 1 1 0 1 00 00
3 0 0 76d8 1 1 0 1 00 00
3 0 1 016b 1 1 0 1 00 00
3 0 1 edca 1 1 0 1 00 00
3 0 0 7afd 1 1 0 1 00 00
3 0 1 7b57 1 1 0 1 00 00
3 0 0 a925 1 1 0 1 00 00
3 0 1 3d8e 1 1 0 1 00 00
3 0 0 30cc 0 1 1 1 5e ff
3 0 0 a303 0 1 0 1 5e ff
3 0 0 8df4 0 1 0 1 5e ff
3 0 0 cc53 0 1 0 1 5e ff
3 0 0 4a76 0 1 0 1 5e ff
3 0 1 8d5b 1 1 0 1 00 00
3 0 0 3e47 1 1 0 1 00 00
3 0 0 7544 1 1 0 1 00 00
3 0 0 2292 1 1 0 1 00 00
3 0 0 8775 1 1 0 1 00 00
3 0 0 0ce5 1 1 0 1 00 00
3 0 1 5b22 1 1 0 1 00 00
3 0 1 9657 1 1 0 1 00 00
3 0 1 61d3 0 1 1 1 be ff
3 0 0 d3d4 0 1 0 1 be ff
3 0 0 34ac 0 1 0 1 be ff
3 0 0 d396 0 1 0 1 be ff
3 0 1 39e0 1 1 0 1 00 00
3 0 0 9e7c 1 1 0 1 00 00
3 0 1 f652 1 1 0 1 00 00
3 0 0 cabb 1 1 0 1 00 00
3 0 0 14a5 1 1 0 1 00 00
3 0 0 0ea0 1 1 0 1 00 00
3 0 0 964a 1 1 0 1 00 00
3 0 0 b8bb 1 1 0 1 00 00
3 0 0 4a2e 0 1 1 1 79 ff
3 0 0 adc7 0 1 0 1 79 ff
3 0 0 d036 0 1 0 1 79 ff
3 0 0 69ea 0 1 0 1 79 ff
3 0 0 d2b6 0 1 0 1 79 ff
3 0 1 7543 1 1 0 1 00 00
3 0 0 c530 1 1 0 1 00 00
3 0 1 69ac 1 1 0 1 00 00
3 0 1 4e34 1 1 0 1 00 00
3 0 0 a039 1 1 0 1 00 00
3 0 0 c34d 1 1 0 1 00 00
3 0 0 5edf 1 1 0 1 00 00
3 0 0 7a9c 1 1 0 1 00 00
3 0 1 49da 0 1 1 1 ad ff
3 0 0 e577 0 1 0 1 ad ff
3 0 0 8177 0 1 0 1 ad ff
3 0 0 390d 0 1 0 1 ad ff
3 0 0 1a4b 0 1 0 1 ad ff
3 0 0 01f7 0 1 0 1 ad ff
3 0 0 6266 0 1 0 1 ad ff
3 0 0 c474 0 1 0 1 ad ff
3 0 0 9a97 0 1 0 1 ad ff
3 0 0 bdea 0 1 0 1 ad ff
3 0 0 10ae 0 1 0 1 ad ff
3 0 0 e0a5 0 1 0 1 ad ff
3 0 0 5787 0 1 0 1 ad ff
3 0 0 6110 0 1 0 1 ad ff
3 0 0 95b1 0 1 0 1 ad ff
3 0 0 0918 0 1 0 1 ad ff
3 0 0 8791 0 1 0 1 ad ff
3 0 0 d8ea 0 1 0 1 ad ff
3 0 0 fa1b 0 1 0 1 ad ff
3 0 0 241e 0 1 0 1 ad ff
3 0 0 2008 0 1 0 1 ad ff
3 0 0 5da4 0 1 0 1 ad ff
3 0 0 a2f0 0 1 0 1 ad ff
3 0 0 71c5 0 1 0 1 ad ff
3 0 0 db9f 0 1 0 1 ad ff
3 0 0 1cb5 0 1 0 1 ad ff
3 0 0 4bf0 0 1 0 1 ad ff
3 0 1 c001 1 1 0 1 00 00
3 0 0 383b 1 1 0 1 00 00
3 0 1 eac7 1 1 0 1 00 00
3 0 0 049a 1 1 0 1 00 00
3 0 0 1322 1 1 0 1 00 00
3 0 0 74ce 1 1 0 1 00 00
3 0 0 f24f 1 1 0 1 00 00
3 0 1 2932 1 1 0 1 00 00
3 0 0 48c2 0 1 1 1 dd ff
3 0 1 9933 1 1 0 1 00 00
3 0 0 f895 1 1 0 1 00 00
3 0 0 cd4f 1 1 0 1 00 00
3 0 0 d423 1 1 0 1 00 00
3 0 1 18bf 1 1 0 1 00 00
3 0 0 da8b 1 1 0 1 00 00
3 0 0 c10d 1 1 0 1 00 00
3 0 1 736a 1 1 0 1 00 00
3 0 0 7c6c 0 1 1 1 c6 ff
3 0 0 84a0 0 1 0 1 c6 ff
3 0 0 85de 0 1 0 1 c6 ff
3 0 0 a11d 0 1 0 1 c6 ff
3 0 0 1a07 0 1 0 1 c6 ff
3 0 0 612b 0 1 0 1 c6 ff
3 0 0 d3c8 0 1 0 1 c6 ff
3 0 0 70c9 0 1 0 1 c6 ff
3 0 0 6073 0 1 0 1 c6 ff
3 0 1 2a0c 1 1 0 1 00 00
3 0 0 bc71 1 1 0 1 00 00
3 0 0 9a63 1 1 0 1 00 00
3 0 0 f233 1 1 0 1 00 00
3 0 0 7eb5 1 1 0 1 00 00
3 0 0 86ff 1 1 0 1 00 00
3 0 0 d47a 1 1 0 1 00 00
3 0 0 1ec4 1 1 0 1 00 00
3 0 0 c358 0 1 1 1 67 ff
3 0 0 adf9 0 1 0 1 67 ff
3 0 0 f62b 0 1 0 1 67 ff
3 0 0 3c00 0 1 0 1 67 ff
3 0 1 dc1e 1 1 0 1 00 00
3 0 0 27b9 1 1 0 1 00 00
3 0 1 2d19 1 1 0 1 00 00
3 0 1 64f6 1 1 0 1 00 00
3 0 1 a325 1 1 0 1 00 00
3 0 0 be90 1 1 0 1 00 00
3 0 1 46a1 1 1 0 1 00 00
3 0 0 1719 1 1 0 1 00 00
3 0 0 149a 0 1 1 1 ed ff
3 0 0 5bf2 0 1 0 1 ed ff
3 0 1 615a 1 1 0 1 00 00
3 0 0 0c93 1 1 0 1 00 00
3 0 0 88ee 1 1 0 1 00 00
3 0 0 b52c 1 1 0 1 00 00
3 0 0 f364 1 1 0 1 00 00
3 0 0 ac9a 1 1 0 1 00 00
3 0 0 301f 1 1 0 1 00 00
3 0 1 9b11 1 1 0 1 00 00
3 0 0 4d18 0 1 1 1 9d ff
3 0 1 aa9f 1 1 0 1 00 00
3 0 0 8920 1 1 0 1 00 00
3 0 1 8aec 1 1 0 1 00 00
3 0 1 d854 1 1 0 1 00 00
3 0 0 f369 1 1 0 1 00 00
3 0 0 e3a2 1 1 0 1 00 00
3 0 0 2620 1 1 0 1 00 00
3 0 1 a436 1 1 0 1 00 00
3 0 0 89da 0 1 1 1 d0 ff
3 0 0 0468 0 1 0 1 d0 ff
3 0 0 b825 0 1 0 1 d0 ff
3 0 1 30fc 1 1 0 1 00 00
3 0 0 0eeb 1 1 0 1 00 00
3 0 0 e622 1 1 0 1 00 00
3 0 0 3bf4 1 1 0 1 00 00
3 0 0 283a 1 1 0 1 00 00
3 0 0 9993 1 1 0 1 00 00
3 0 0 78b5 1 1 0 1 00 00
3 0 0 d996 1 1 0 1 00 00
3 0 0 7292 0 1 1 1 6f ff
3 0 0 7a1f 0 1 0 1 6f ff
3 0 0 59e3 0 1 0 1 6f ff
3 0 0 7b60 0 1 0 1 6f ff
3 0 0 82c2 0 1 0 1 6f ff
3 0 0 4332 0 1 0 1 6f ff
3 0 1 8c6d 1 1 0 1 00 00
3 0 0 d588 1 1 0 1 00 00
3 0 1 659e 1 1 0 1 00 00
3 0 1 42a2 1 1 0 1 00 00
3 0 0 5820 1 1 0 1 00 00
3 0 0 0add 1 1 0 1 00 00
3 0 0 73de 1 1 0 1 00 00
3 0 1 7a89 1 1 0 1 00 00
3 0 1 d298 0 1 1 1 bd ff
3 0 0 a3e7 0 1 0 1 bd ff
3 0 0 2b01 0 1 0 1 bd ff
3 0 0 1f4b 0 1 0 1 bd ff
3 0 0 0f92 0 1 0 1 bd ff
3 0 1 3921 1 1 0 1 00 00
3 0 0 90d2 1 1 0 1 00 00
3 0 0 8d2a 1 1 0 1 00 00
3 0 0 8100 1 1 0 1 00 00
3 0 1 d7c9 1 1 0 1 00 00
3 0 0 7c53 1 1 0 1 00 00
3 0 0 a9ee 1 1 0 1 00 00
3 0 1 40df 1 1 0 1 00 00
3 0 1 dce8 0 1 1 1 78 ff
3 0 0 7c44 0 1 0 1 78 ff
3 0 0 8e2b 0 1 0 1 78 ff
3 0 0 a137 0 1 0 1 78 ff
3 0 0 6e8d 0 1 0 1 78 ff
3 0 1 e1bb 1 1 0 1 00 00
3 0 0 f467 1 1 0 1 00 00
3 0 1 6e5b 1 1 0 1 00 00
3 0 1 4ad7 1 1 0 1 00 00
3 0 0 b16f 1 1 0 1 00 00
3 0 0 ccc5 1 1 0 1 00 00
3 0 0 d6cb 1 1 0 1 00 00
3 0 0 95c2 1 1 0 1 00 00
3 0 0 8fd6 0 1 1 1 f0 ff
3 0 0 a156 0 1 0 1 f0 ff
3 0 0 40f1 0 1 0 1 f0 ff
3 0 0 61b3 0 1 0 1 f0 ff
3 0 0 8fc4 0 1 0 1 f0 ff
3 0 0 9dac 0 1 0 1 f0 ff
3 0 0 a7a9 0 1 0 1 f0 ff
3 0 1 a6b7 1 1 0 1 00 00
3 0 0 a26e 1 1 0 1 00 00
3 0 1 7e64 1 1 0 1 00 00
3 0 1 674e 1 1 0 1 00 00
3 0 1 2652 1 1 0 1 00 00
3 0 1 b6b9 1 1 0 1 00 00
3 0 0 2c7b 1 1 0 1 00 00
3 0 0 37b5 1 1 0 1 00 00
3 0 0 a8f9 0 1 1 1 ce ff
3 0 0 bea7 0 1 0 1 ce ff
3 0 1 4332 1 1 0 1 00 00
3 0 1 ed58 1 1 0 1 00 00
3 0 0 3fb8 1 1 0 1 00 00
3 0 0 fcfb 1 1 0 1 00 00
3 0 0 5232 1 1 0 1 00 00
3 0 1 0075 1 1 0 1 00 00
3 0 0 45ea 1 1 0 1 00 00
3 0 0 e4e5 1 1 0 1 00 00
3 0 0 6815 0 1 1 1 83 ff
3 0 0 d846 0 1 0 1 83 ff
3 0 1 778b 1 1 0 1 00 00
3 0 0 ac9a 1 1 0 1 00 00
3 0 0 bd43 1 1 0 1 00 00
3 0 0 c74e 1 1 0 1 00 00
3 0 0 1d73 1 1 0 1 00 00
3 0 0 ef59 1 1 0 1 00 00
3 0 0 0d75 1 1 0 1 00 00
3 0 1 630d 1 1 0 1 00 00
3 0 1 fcf1 0 1 1 1 ae ff
3 0 0 eeda 0 1 0 1 ae ff
3 0 0 83d9 0 1 0 1 ae ff
3 0 0 11bb 0 1 0 1 ae ff
3 0 0 e016 0 1 0 1 ae ff
3 0 0 e9be 0 1 0 1 ae ff
3 0 0 75e7 0 1 0 1 ae ff
3 0 0 1c5a 0 1 0 1 ae ff
3 0 0 d472 0 1 0 1 ae ff
3 0 0 b830 0 1 0 1 ae ff
3 0 0 f650 0 1 0 1 ae ff
3 0 0 2f1a 0 1 0 1 ae ff
3 0 0 e94b 0 1 0 1 ae ff
3 0 0 abd1 0 1 0 1 ae ff
3 0 0 b52d 0 1 0 1 ae ff
3 0 0 31d7 0 1 0 1 ae ff
3 0 0 4bcb 0 1 0 1 ae ff
3 0 0 a0f0 0 1 0 1 ae ff
3 0 0 09a3 0 1 0 1 ae ff
3 0 0 d5c0 0 1 0 1 ae ff
3 0 1 a2f3 1 1 0 1 00 00
3 0 1 689a 1 1 0 1 00 00
3 0 1 52a0 1 1 0 1 00 00
3 0 1 a2c9 1 1 0 1 00 00
3 0 0 1eff 1 1 0 1 00 00
3 0 1 0bdb 1 1 0 1 00 00
3 0 1 47a3 1 1 0 1 00 00
3 0 0 5f01 1 1 0 1 00 00
3 0 0 59f6 0 1 1 1 cc ff
3 0 1 629c 1 1 0 1 00 00
3 0 0 bcd6 1 1 0 1 00 00
3 0 0 6761 1 1 0 1 00 00
3 0 1 6f8c 1 1 0 1 00 00
3 0 0 db33 1 1 0 1 00 00
3 0 0 2ec6 1 1 0 1 00 00
3 0 1 ace3 1 1 0 1 00 00
3 0 0 9f70 1 1 0 1 00 00
3 0 0 8359 0 1 1 1 9e ff
3 0 0 5c0c 0 1 0 1 9e ff
3 0 0 df69 0 1 0 1 9e ff
3 0 1 c647 1 1 0 1 00 00
3 0 0 2a5b 1 1 0 1 00 00
3 0 1 e6ad 1 1 0 1 00 00
3 0 0 0d87 1 1 0 1 00 00
3 0 1 3275 1 1 0 1 00 00
3 0 0 6822 1 1 0 1 00 00
3 0 0 71f4 1 1 0 1 00 00
3 0 0 26fe 1 1 0 1 00 00
3 0 0 f961 0 1 1 1 e1 ff
3 0 0 80b9 0 1 0 1 e1 ff
3 0 1 f776 1 1 0 1 00 00
3 0 0 2464 1 1 0 1 00 00
3 0 0 0791 1 1 0 1 00 00
3 0 0 15c8 1 1 0 1 00 00
3 0 0 cc99 1 1 0 1 00 00
3 0 1 dad0 1 1 0 1 00 00
3 0 0 bd33 1 1 0 1 00 00
3 0 0 2b35 1 1 0 1 00 00
3 0 0 4477 0 1 1 1 fb ff
3 0 0 8c94 0 1 0 1 fb ff
3 0 0 e76c 0 1 0 1 fb ff
3 0 1 bbd1 1 1 0 1 00 00
3 0 0 619a 1 1 0 1 00 00
3 0 0 ee9d 1 1 0 1 00 00
3 0 0 3e9c 1 1 0 1 00 00
3 0 0 2309 1 1 0 1 00 00
3 0 0 5305 1 1 0 1 00 00
3 0 0 0c03 1 1 0 1 00 00
3 0 0 1009 1 1 0 1 00 00
3 0 0 b48d 0 1 1 1 db ff
3 0 0 890f 0 1 0 1 db ff
3 0 0 ba4c 0 1 0 1 db ff
3 0 0 c60c 0 1 0 1 db ff
3 0 0 d632 0 1 0 1 db ff
3 0 0 4e59 0 1 0 1 db ff
3 0 0 e77b 0 1 0 1 db ff
3 0 0 e0ec 0 1 0 1 db ff
3 0 0 368e 0 1 0 1 db ff
3 0 0 89cb 0 1 0 1 db ff
3 0 1 e533 1 1 0 1 00 00
3 0 1 de76 1 1 0 1 00 00
3 0 1 76de 1 1 0 1 00 00
3 0 1 054f 1 1 0 1 00 00
3 0 0 94a6 1 1 0 1 00 00
3 0 0 2e4f 1 1 0 1 00 00
3 0 0 6bee 1 1 0 1 00 00
3 0 0 67b4 1 1 0 1 00 00
3 0 1 74eb 0 1 1 1 f2 ff
3 0 0 61cc 0 1 0 1 f2 ff
3 0 1 5f55 1 1 0 1 00 00
3 0 0 b7b3 1 1 0 1 00 00
3 0 0 bcd0 1 1 0 1 00 00
3 0 0 8f9f 1 1 0 1 00 00
3 0 1 2357 1 1 0 1 00 00
3 0 0 e6c2 1 1 0 1 00 00
3 0 0 d7a6 1 1 0 1 00 00
3 0 0 5bc6 1 1 0 1 00 00
3 0 0 4bf0 0 1 1 1 9c ff
3 0 1 44ed 1 1 0 1 00 00
3 0 0 bde3 1 1 0 1 00 00
3 0 1 e394 1 1 0 1 00 00
3 0 1 0120 1 1 0 1 00 00
3 0 0 7977 1 1 0 1 00 00
3 0 0 a1f6 1 1 0 1 00 00
3 0 0 9f86 1 1 0 1 00 00
3 0 0 a1c2 1 1 0 1 00 00
3 0 1 81de 0 1 1 1 84 ff
3 0 0 4923 0 1 0 1 84 ff
3 0 0 1a94 0 1 0 1 84 ff
3 0 0 8b55 0 1 0 1 84 ff
3 0 0 e3cd 0 1 0 1 84 ff
3 0 1 f2d0 1 1 0 1 00 00
3 0 0 33b7 1 1 0 1 00 00
3 0 0 c116 1 1 0 1 00 00
3 0 0 f35b 1 1 0 1 00 00
3 0 0 d8e4 1 1 0 1 00 00
3 0 0 1bf5 1 1 0 1 00 00
3 0 0 5c88 1 1 0 1 00 00
3 0 1 6dc3 1 1 0 1 00 00
3 0 0 b776 0 1 1 1 f9 ff
3 0 0 215d 0 1 0 1 f9 ff
3 0 0 2cf7 0 1 0 1 f9 ff
3 0 0 9e16 0 1 0 1 f9 ff
3 0 0 4715 0 1 0 1 f9 ff
3 0 0 e436 0 1 0 1 f9 ff
3 0 1 6a72 1 1 0 1 00 00
3 0 1 3ed9 1 1 0 1 00 00
3 0 0 8ebb 1 1 0 1 00 00
3 0 0 17a1 1 1 0 1 00 00
3 0 0 21d0 1 1 0 1 00 00
3 0 0 dc45 1 1 0 1 00 00
3 0 0 c05e 1 1 0 1 00 00
3 0 1 3b64 1 1 0 1 00 00
3 0 0 d8fb 0 1 1 1 a5 ff
3 0 1 ddcc 1 1 0 1 00 00
3 0 0 b254 1 1 0 1 00 00
3 0 0 a5db 1 1 0 1 00 00
3 0 0 10dd 1 1 0 1 00 00
3 0 0 60e3 1 1 0 1 00 00
3 0 0 731c 1 1 0 1 00 00
3 0 0 eb4f 1 1 0 1 00 00
3 0 0 e9fe 1 1 0 1 00 00
3 0 1 a835 0 1 1 1 ee ff
3 0 1 21bb 1 1 0 1 00 00
3 0 0 104b 1 1 0 1 00 00
3 0 0 e3cf 1 1 0 1 00 00
3 0 0 c0a0 1 1 0 1 00 00
3 0 0 3013 1 1 0 1 00 00
3 0 1 6c6a 1 1 0 1 00 00
3 0 0 1450 1 1 0 1 00 00
3 0 0 49b8 1 1 0 1 00 00
3 0 0 9357 0 1 1 1 5c ff
3 0 1 403b 1 1 0 1 00 00
3 0 0 6d51 1 1 0 1 00 00
3 0 0 913b 1 1 0 1 00 00
3 0 1 f19f 1 1 0 1 00 00
3 0 0 0eb8 1 1 0 1 00 00
3 0 0 7874 1 1 0 1 00 00
3 0 0 0cc2 1 1 0 1 00 00
3 0 1 2b93 1 1 0 1 00 00
3 0 0 d828 0 1 1 1 80 ff
3 0 0 614f 0 1 0 1 80 ff
3 0 0 3c82 0 1 0 1 80 ff
3 0 0 9ffe 0 1 0 1 80 ff
3 0 1 a90d 1 1 0 1 00 00
3 0 1 ebbf 1 1 0 1 00 00
3 0 0 4740 1 1 0 1 00 00
3 0 0 a2f3 1 1 0 1 00 00
3 0 0 2d18 1 1 0 1 00 00
3 0 0 cd95 1 1 0 1 00 00
3 0 1 1d87 1 1 0 1 00 00
3 0 0 53a9 1 1 0 1 00 00
3 0 0 6471 0 1 1 1 d0 ff
3 0 0 fdf8 0 1 0 1 d0 ff
3 0 1 0828 1 1 0 1 00 00
3 0 0 8267 1 1 0 1 00 00
3 0 0 1907 1 1 0 1 00 00
3 0 0 dbfe 1 1 0 1 00 00
3 0 1 e51c 1 1 0 1 00 00
3 0 1 c563 1 1 0 1 00 00
3 0 0 fee6 1 1 0 1 00 00
3 0 0 664a 1 1 0 1 00 00
3 0 1 a8b8 0 1 1 1 2d ff
3 0 0 95b8 0 1 0 1 2d ff
3 0 0 e5a7 0 1 0 1 2d ff
3 0 0 3d47 0 1 0 1 2d ff
3 0 0 334f 0 1 0 1 2d ff
3 0 0 71ca 0 1 0 1 2d ff
3 0 0 c06f 0 1 0 1 2d ff
3 0 0 c8d7 0 1 0 1 2d ff
3 0 0 7ffb 0 1 0 1 2d ff
3 0 0 f845 0 1 0 1 2d ff
3 0 0 b82e 0 1 0 1 2d ff
3 0 0 fc09 0 1 0 1 2d ff
3 0 0 9937 0 1 0 1 2d ff
3 0 0 a60a 0 1 0 1 2d ff
3 0 0 b48b 0 1 0 1 2d ff
3 0 0 e0a6 0 1 0 1 2d ff
3 0 0 c57b 0 1 0 1 2d ff
3 0 0 0184 0 1 0 1 2d ff
3 0 1 2233 1 1 0 1 00 00
3 0 0 289d 1 1 0 1 00 00
3 0 0 a761 1 1 0 1 00 00
3 0 0 75f9 1 1 0 1 00 00
3 0 0 80f6 1 1 0 1 00 00
3 0 0 d64e 1 1 0 1 00 00
3 0 0 bd42 1 1 0 1 00 00
3 0 0 cd19 1 1 0 1 00 00
3 0 0 b688 0 1 1 1 5d ff
3 0 0 5c9c 0 1 0 1 5d ff
3 0 0 d665 0 1 0 1 5d ff
3 0 0 b0cd 0 1 0 1 5d ff
3 0 1 66b1 1 1 0 1 00 00
3 0 0 723c 1 1 0 1 00 00
3 0 0 ee4a 1 1 0 1 00 00
3 0 0 1964 1 1 0 1 00 00
3 0 0 5396 1 1 0 1 00 00
3 0 0 e288 1 1 0 1 00 00
3 0 0 6b99 1 1 0 1 00 00
3 0 1 a796 1 1 0 1 00 00
3 0 0 77a0 0 1 1 1 a2 ff
3 0 1 448e 1 1 0 1 00 00
3 0 0 ef93 1 1 0 1 00 00
3 0 1 f93b 1 1 0 1 00 00
3 0 0 0a63 1 1 0 1 00 00
3 0 0 5989 1 1 0 1 00 00
3 0 0 ea77 1 1 0 1 00 00
3 0 0 c597 1 1 0 1 00 00
3 0 0 b08d 1 1 0 1 00 00
3 0 1 9637 0 1 1 1 84 ff
3 0 0 cb4d 0 1 0 1 84 ff
3 0 0 e31c 0 1 0 1 84 ff
3 0 1 f9f9 1 1 0 1 00 00
3 0 0 8876 1 1 0 1 00 00
3 0 0 0bf1 1 1 0 1 00 00
3 0 0 edf4 1 1 0 1 00 00
3 0 0 a188 1 1 0 1 00 00
3 0 0 eb36 1 1 0 1 00 00
3 0 1 b432 1 1 0 1 00 00
3 0 0 95d7 1 1 0 1 00 00
3 0 0 9abf 0 1 1 1 fc ff
3 0 1 f55a 1 1 0 1 00 00
3 0 0 5762 1 1 0 1 00 00
3 0 0 3bf8 1 1 0 1 00 00
3 0 1 e538 1 1 0 1 00 00
3 0 0 b126 1 1 0 1 00 00
3 0 0 9cae 1 1 0 1 00 00
3 0 0 35f0 1 1 0 1 00 00
3 0 0 0bd1 1 1 0 1 00 00
3 0 0 31b2 0 1 1 1 fa ff
3 0 0 5e7d 0 1 0 1 fa ff
3 0 0 e2f5 0 1 0 1 fa ff
3 0 0 e4c2 0 1 0 1 fa ff
3 0 1 595a 1 1 0 1 00 00
3 0 0 94e2 1 1 0 1 00 00
3 0 1 5c2c 1 1 0 1 00 00
3 0 1 1f3d 1 1 0 1 00 00
3 0 0 c70b 1 1 0 1 00 00
3 0 0 e965 1 1 0 1 00 00
3 0 0 30cf 1 1 0 1 00 00
3 0 1 c6f9 1 1 0 1 00 00
3 0 0 2f5d 0 1 1 1 97 ff
3 0 0 8f78 0 1 0 1 97 ff
3 0 0 79f3 0 1 0 1 97 ff
3 0 1 b3a1 1 1 0 1 00 00
3 0 0 282c 1 1 0 1 00 00
3 0 0 48da 1 1 0 1 00 00
3 0 0 10d3 1 1 0 1 00 00
3 0 1 1f55 1 1 0 1 00 00
3 0 0 7b39 1 1 0 1 00 00
3 0 0 9eb2 1 1 0 1 00 00
3 0 1 bead 1 1 0 1 00 00
3 0 1 ff07 0 1 1 1 d6 ff
3 0 0 a763 0 1 0 1 d6 ff
3 0 0 c764 0 1 0 1 d6 ff
3 0 0 52b8 0 1 0 1 d6 ff
3 0 0 c5b7 0 1 0 1 d6 ff
3 0 0 a1ab 0 1 0 1 d6 ff
3 0 0 55ff 0 1 0 1 d6 ff
3 0 1 8eda 1 1 0 1 00 00
3 0 0 46b6 1 1 0 1 00 00
3 0 0 d7d5 1 1 0 1 00 00
3 0 0 cc8d 1 1 0 1 00 00
3 0 0 1a27 1 1 0 1 00 00
3 0 0 fa7a 1 1 0 1 00 00
3 0 0 c467 1 1 0 1 00 00
3 0 0 d71c 1 1 0 1 00 00
3 0 0 b43c 0 1 1 1 bf ff
3 0 0 f4a8 0 1 0 1 bf ff
3 0 0 f152 0 1 0 1 bf ff
3 0 0 288c 0 1 0 1 bf ff
3 0 0 bc5a 0 1 0 1 bf ff
3 0 0 ed1c 0 1 0 1 bf ff
3 0 1 28b7 1 1 0 1 00 00
3 0 0 90b1 1 1 0 1 00 00
3 0 0 b098 1 1 0 1 00 00
3 0 0 0b53 1 1 0 1 00 00
3 0 0 ad9c 1 1 0 1 00 00
3 0 0 b254 1 1 0 1 00 00
3 0 0 59ba 1 1 0 1 00 00
3 0 0 f264 1 1 0 1 00 00
3 0 1 35cd 0 1 1 1 66 ff
3 0 0 734b 0 1 0 1 66 ff
3 0 0 e3b6 0 1 0 1 66 ff
3 0 0 15bf 0 1 0 1 66 ff
3 0 0 49f4 0 1 0 1 66 ff
3 0 0 635c 0 1 0 1 66 ff
3 0 1 7c73 1 1 0 1 00 00
3 0 0 c4f4 1 1 0 1 00 00
3 0 0 89c5 1 1 0 1 00 00
3 0 0 a43e 1 1 0 1 00 00
3 0 0 cbb1 1 1 0 1 00 00
3 0 0 8715 1 1 0 1 00 00
3 0 1 ed7b 1 1 0 1 00 00
3 0 0 766c 1 1 0 1 00 00
3 0 0 ec66 0 1 1 1 b2 ff
3 0 1 c656 1 1 0 1 00 00
3 0 0 3247 1 1 0 1 00 00
3 0 1 860e 1 1 0 1 00 00
3 0 1 4d03 1 1 0 1 00 00
3 0 1 579e 1 1 0 1 00 00
3 0 0 972e 1 1 0 1 00 00
3 0 0 f5c3 1 1 0 1 00 00
3 0 1 d6b5 1 1 0 1 00 00
3 0 1 5e85 0 1 1 1 e1 ff
3 0 0 d57c 0 1 0 1 e1 ff
3 0 1 3041 1 1 0 1 00 00
3 0 1 d173 1 1 0 1 00 00
3 0 0 9cf6 1 1 0 1 00 00
3 0 1 05af 1 1 0 1 00 00
3 0 0 52d3 1 1 0 1 00 00
3 0 0 f729 1 1 0 1 00 00
3 0 1 b59c 1 1 0 1 00 00
3 0 1 23ea 1 1 0 1 00 00
3 0 0 9bbd 0 1 1 1 6f ff
3 0 1 2e38 1 1 0 1 00 00
3 0 0 f268 1 1 0 1 00 00
3 0 0 65c5 1 1 0 1 00 00
3 0 1 663f 1 1 0 1 00 00
3 0 1 c748 1 1 0 1 00 00
3 0 0 43d5 1 1 0 1 00 00
3 0 0 1e28 1 1 0 1 00 00
3 0 0 f0bd 1 1 0 1 00 00
3 0 1 69ce 0 1 1 1 6c ff
3 0 0 aa12 0 1 0 1 6c ff
3 0 0 b842 0 1 0 1 6c ff
3 0 0 2dec 0 1 0 1 6c ff
3 0 1 fe34 1 1 0 1 00 00
3 0 0 43a6 1 1 0 1 00 00
3 0 1 2cb4 1 1 0 1 00 00
3 0 0 0591 1 1 0 1 00 00
3 0 1 8e2d 1 1 0 1 00 00
3 0 0 4289 1 1 0 1 00 00
3 0 0 311f 1 1 0 1 00 00
3 0 1 5cfc 1 1 0 1 00 00
3 0 0 8127 0 1 1 1 ff ff
3 0 0 64c4 0 1 0 1 ff ff
3 0 0 59fb 0 1 0 1 ff ff
3 0 0 aa81 0 1 0 1 ff ff
3 0 0 09cd 0 1 0 1 ff ff
3 0 0 4cce 0 1 0 1 ff ff
3 0 0 dfc8 0 1 0 1 ff ff
3 0 0 6226 0 1 0 1 ff ff
3 0 0 6ef9 0 1 0 1 ff ff
3 0 0 e7c2 0 1 0 1 ff ff
3 0 0 23a0 0 1 0 1 ff ff
3 0 0 9165 0 1 0 1 ff ff
3 0 1 ca8e 1 1 0 1 00 00
3 0 1 d4c3 1 1 0 1 00 00
3 0 0 0544 1 1 0 1 00 00
3 0 1 2deb 1 1 0 1 00 00
3 0 1 2dd9 1 1 0 1 00 00
3 0 1 d86a 1 1 0 1 00 00
3 0 0 a31d 1 1 0 1 00 00
3 0 1 3a12 1 1 0 1 00 00
3 0 1 fd29 0 1 1 1 e3 ff
3 0 0 dadb 0 1 0 1 e3 ff
3 0 0 1e70 0 1 0 1 e3 ff
3 0 1 6ff5 1 1 0 1 00 00
3 0 0 75e2 1 1 0 1 00 00
3 0 1 1b9d 1 1 0 1 00 00
3 0 0 6655 1 1 0 1 00 00
3 0 0 c830 1 1 0 1 00 00
3 0 1 8e8b 1 1 0 1 00 00
3 1 0 a210 0 1 0 1 00 ff
3 0 0 1a6c 0 1 0 1 00 ff
3 0 0 e5b8 0 1 0 1 00 ff
3 0 1 c706 1 1 0 1 00 00
3 0 1 a333 1 1 0 1 00 00
3 0 0 d879 1 1 0 1 00 00
3 0 1 475f 1 1 0 1 00 00
3 0 0 3e68 1 1 0 1 00 00
3 0 0 2644 1 1 0 1 00 00
3 0 0 185b 1 1 0 1 00 00
3 0 0 7555 1 1 0 1 00 00
3 0 1 f3e0 0 1 1 1 e1 ff
3 0 1 b16d 1 1 0 1 00 00
3 0 0 a653 1 1 0 1 00 00
3 0 0 dba1 1 1 0 1 00 00
3 0 0 b86e 1 1 0 1 00 00
3 0 1 37d8 1 1 0 1 00 00
3 0 1 2d06 1 1 0 1 00 00
3 0 0 d83e 1 1 0 1 00 00
3 0 0 6a74 1 1 0 1 00 00
3 0 1 8ddb 0 1 1 1 d5 ff
3 0 0 3603 0 1 0 1 d5 ff
3 0 0 e3f7 0 1 0 1 d5 ff
3 0 0 0047 0 1 0 1 d5 ff
3 0 0 a6a0 0 1 0 1 d5 ff
3 0 0 dc8e 0 1 0 1 d5 ff
3 0 1 ff9f 1 1 0 1 00 00
3 0 0 69de 1 1 0 1 00 00
3 0 1 9768 1 1 0 1 00 00
3 0 0 36fa 1 1 0 1 00 00
3 0 1 9c95 1 1 0 1 00 00
3 0 0 c6a8 1 1 0 1 00 00
3 0 0 a746 1 1 0 1 00 00
3 0 0 9ae6 1 1 0 1 00 00
3 0 1 3127 0 1 1 1 ff ff
3 0 0 9268 0 1 0 1 ff ff
3 0 0 30a6 0 1 0 1 ff ff
3 0 0 79aa 0 1 0 1 ff ff
3 0 0 be4d 0 1 0 1 ff ff
3 0 0 ee03 0 1 0 1 ff ff
3 0 0 44c7 0 1 0 1 ff ff
3 0 0 975e 0 1 0 1 ff ff
3 0 0 d7d0 0 1 0 1 ff ff
3 0 1 af38 1 1 0 1 00 00
3 0 0 2d32 1 1 0 1 00 00
3 0 0 37ef 1 1 0 1 00 00
3 0 0 646c 1 1 0 1 00 00
3 0 0 ca1e 1 1 0 1 00 00
3 0 0 89cb 1 1 0 1 00 00
3 0 0 f5ec 1 1 0 1 00 00
3 0 1 302c 1 1 0 1 00 00
3 0 0 605d 0 1 1 1 d3 ff
3 0 1 b6cf 1 1 0 1 00 00
3 0 0 74ee 1 1 0 1 00 00
3 0 0 f02b 1 1 0 1 00 00
3 0 0 5d87 1 1 0 1 00 00
3 0 0 211c 1 1 0 1 00 00
3 0 1 0063 1 1 0 1 00 00
3 0 0 3721 1 1 0 1 00 00
3 0 0 8467 1 1 0 1 00 00
3 0 0 d8be 0 1 1 1 d8 ff
3 0 0 f9c0 0 1 0 1 d8 ff
3 0 1 d441 1 1 0 1 00 00
3 0 0 38d8 1 1 0 1 00 00
3 0 0 62e1 1 1 0 1 00 00
3 0 1 703a 1 1 0 1 00 00
3 0 1 f54c 1 1 0 1 00 00
3 0 0 6aac 1 1 0 1 00 00
3 0 0 ee67 1 1 0 1 00 00
3 0 0 7ceb 1 1 0 1 00 00
3 0 0 0bcb 0 1 1 1 e9 ff
3 0 1 c5f7 1 1 0 1 00 00
3 0 1 e433 1 1 0 1 00 00
3 0 0 09fb 1 1 0 1 00 00
3 0 0 5af6 1 1 0 1 00 00
3 0 0 0f76 1 1 0 1 00 00
3 0 0 8968 1 1 0 1 00 00
3 0 0 41f2 1 1 0 1 00 00
3 0 0 2f42 1 1 0 1 00 00
3 0 0 d62d 0 1 1 1 e1 ff
3 0 0 27ea 0 1 0 1 e1 ff
3 0 0 277d 0 1 0 1 e1 ff
3 0 0 2f62 0 1 0 1 e1 ff
3 0 1 acc1 1 1 0 1 00 00
3 0 0 2572 1 1 0 1 00 00
3 0 1 ca5d 1 1 0 1 00 00
3 0 0 81b3 1 1 0 1 00 00
3 0 1 6a26 1 1 0 1 00 00
3 0 1 4a83 1 1 0 1 00 00
3 0 0 de68 1 1 0 1 00 00
3 0 0 a3af 1 1 0 1 00 00
3 0 0 99f8 0 1 1 1 d2 ff
3 0 1 cca6 1 1 0 1 00 00
3 0 0 82c9 1 1 0 1 00 00
3 0 0 2c2b 1 1 0 1 00 00
3 0 0 7adc 1 1 0 1 00 00
3 0 1 7b9e 1 1 0 1 00 00
3 0 1 789b 1 1 0 1 00 00
3 0 1 9db2 1 1 0 1 00 00
3 0 0 e445 1 1 0 1 00 00
3 0 1 1964 0 1 1 1 e4 ff
3 0 1 d702 1 1 0 1 00 00
3 0 1 c03f 1 1 0 1 00 00
3 0 0 65c7 1 1 0 1 00 00
3 0 0 3e0b 1 1 0 1 00 00
3 0 0 3bbf 1 1 0 1 00 00
3 0 0 71fa 1 1 0 1 00 00
3 0 1 bdd9 1 1 0 1 00 00
3 0 0 7553 1 1 0 1 00 00
3 0 0 befb 0 1 1 1 ea ff
3 0 0 5395 0 1 0 1 ea ff
3 0 1 0255 1 1 0 1 00 00
3 0 0 ec32 1 1 0 1 00 00
3 0 1 8fb2 1 1 0 1 00 00
3 0 0 2229 1 1 0 1 00 00
3 0 0 60e4 1 1 0 1 00 00
3 0 0 f2e3 1 1 0 1 00 00
3 0 1 8199 1 1 0 1 00 00
3 0 1 b36e 1 1 0 1 00 00
3 0 1 c669 0 1 1 1 18 ff
3 0 0 5f67 0 1 0 1 18 ff
3 0 1 2eee 1 1 0 1 00 00
3 0 0 bab1 1 1 0 1 00 00
3 0 0 a781 1 1 0 1 00 00
3 0 0 4fa2 1 1 0 1 00 00
3 0 0 03f3 1 1 0 1 00 00
3 0 1 214d 1 1 0 1 00 00
3 0 0 97c4 1 1 0 1 00 00
3 0 0 9785 1 1 0 1 00 00
3 0 0 03f1 0 1 1 1 6d ff
3 0 1 8e68 1 1 0 1 00 00
3 0 0 d418 1 1 0 1 00 00
3 0 1 244c 1 1 0 1 00 00
3 0 1 be72 1 1 0 1 00 00
3 0 0 0a33 1 1 0 1 00 00
3 0 0 1085 1 1 0 1 00 00
3 0 0 613b 1 1 0 1 00 00
3 0 1 a2be 1 1 0 1 00 00
3 0 1 4786 0 1 1 1 be ff
3 0 0 a841 0 1 0 1 be ff
3 0 0 7ef4 0 1 0 1 be ff
3 0 0 c7e0 0 1 0 1 be ff
3 0 0 52ea 0 1 0 1 be ff
3 0 1 4830 1 1 0 1 00 00
3 0 0 8fff 1 1 0 1 00 00
3 0 0 2b9f 1 1 0 1 00 00
3 0 0 6509 1 1 0 1 00 00
3 0 0 71ea 1 1 0 1 00 00
3 0 0 1e34 1 1 0 1 00 00
3 0 0 b6b3 1 1 0 1 00 00
3 0 1 b243 1 1 0 1 00 00
3 0 0 cc7a 0 1 1 1 87 ff
3 0 0 087b 0 1 0 1 87 ff
3 0 0 a9fb 0 1 0 1 87 ff
3 0 0 ab3f 0 1 0 1 87 ff
3 0 1 4691 1 1 0 1 00 00
3 0 0 7218 1 1 0 1 00 00
3 0 1 eba9 1 1 0 1 00 00
3 0 0 abc8 1 1 0 1 00 00
3 0 1 6ca4 1 1 0 1 00 00
3 0 0 560c 1 1 0 1 00 00
3 0 0 ec39 1 1 0 1 00 00
3 0 0 ae00 1 1 0 1 00 00
3 0 0 8938 0 1 1 1 86 ff
3 0 0 96d7 0 1 0 1 86 ff
3 0 0 31bb 0 1 0 1 86 ff
3 0 0 b7e3 0 1 0 1 86 ff
3 0 0 1a39 0 1 0 1 86 ff
3 0 0 5694 0 1 0 1 86 ff
3 0 0 06e2 0 1 0 1 86 ff
3 0 0 8b5e 0 1 0 1 86 ff
3 0 1 b54a 1 1 0 1 00 00
3 0 0 01e4 1 1 0 1 00 00
3 0 0 0690 1 1 0 1 00 00
3 0 0 9f46 1 1 0 1 00 00
3 1 0 3f44 0 1 0 1 00 ff
3 0 0 1a2f 0 1 0 1 00 ff
3 0 1 429c 1 1 0 1 00 00
3 0 0 6636 1 1 0 1 00 00
3 0 1 a2c5 1 1 0 1 00 00
3 0 1 0860 1 1 0 1 00 00
3 0 1 aac6 1 1 0 1 00 00
3 0 0 e37c 1 1 0 1 00 00
3 0 0 9a74 1 1 0 1 00 00
3 0 0 2a99 1 1 0 1 00 00
3 0 1 55bb 0 1 1 1 82 ff
3 0 0 f22e 0 1 0 1 82 ff
3 0 0 ce56 0 1 0 1 82 ff
3 0 0 8c31 0 1 0 1 82 ff
3 0 0 89e5 0 1 0 1 82 ff
3 0 0 40ee 0 1 0 1 82 ff
3 0 1 0d9a 1 1 0 1 00 00
3 0 0 7b55 1 1 0 1 00 00
3 0 1 585f 1 1 0 1 00 00
3 0 0 7680 1 1 0 1 00 00
3 0 1 23b5 1 1 0 1 00 00
3 0 1 a688 1 1 0 1 00 00
3 0 0 202e 1 1 0 1 00 00
3 0 0 ae9e 1 1 0 1 00 00
3 0 0 e959 0 1 1 1 3b ff
3 0 0 c9c7 0 1 0 1 3b ff
3 0 1 0aa2 1 1 0 1 00 00
3 0 0 aca7 1 1 0 1 00 00
3 0 0 30da 1 1 0 1 00 00
3 0 1 0a64 1 1 0 1 00 00
3 0 1 1f74 1 1 0 1 00 00
3 0 0 d0dd 1 1 0 1 00 00
3 0 1 649c 1 1 0 1 00 00
3 0 0 cd75 1 1 0 1 00 00
3 0 1 772b 0 1 1 1 34 ff
3 0 1 c9d5 1 1 0 1 00 00
3 0 0 1963 1 1 0 1 00 00
3 0 0 e7c0 1 1 0 1 00 00
3 0 0 1d32 1 1 0 1 00 00
3 0 1 fb0a 1 1 0 1 00 00
3 0 1 258e 1 1 0 1 00 00
3 0 1 6215 1 1 0 1 00 00
3 0 0 735c 1 1 0 1 00 00
3 0 0 4780 0 1 1 1 e3 ff
3 0 0 9df0 0 1 0 1 e3 ff
3 0 0 0adc 0 1 0 1 e3 ff
3 0 1 354e 1 1 0 1 00 00
3 0 0 277b 1 1 0 1 00 00
3 0 1 e613 1 1 0 1 00 00
3 0 1 b0e0 1 1 0 1 00 00
3 0 0 e787 1 1 0 1 00 00
3 0 1 4265 1 1 0 1 00 00
3 0 1 58e9 1 1 0 1 00 00
3 0 0 c73c 1 1 0 1 00 00
3 0 0 41a2 0 1 1 1 74 ff
3 0 0 1fc1 0 1 0 1 74 ff
3 0 0 0252 0 1 0 1 74 ff
3 0 0 96bc 0 1 0 1 74 ff
3 0 0 36ff 0 1 0 1 74 ff
3 0 0 5110 0 1 0 1 74 ff
3 0 0 6c67 0 1 0 1 74 ff
3 0 0 8986 0 1 0 1 74 ff
3 0 1 5512 1 1 0 1 00 00
3 0 0 2495 1 1 0 1 00 00
3 0 1 9237 1 1 0 1 00 00
3 0 0 e067 1 1 0 1 00 00
3 0 1 7307 1 1 0 1 00 00
3 0 0 c908 1 1 0 1 00 00
3 0 0 d130 1 1 0 1 00 00
3 0 1 0fa0 1 1 0 1 00 00
3 0 0 f769 0 1 1 1 93 ff
3 0 0 02c3 0 1 0 1 93 ff
3 0 1 20ab 1 1 0 1 00 00
3 0 1 8a03 1 1 0 1 00 00
3 0 1 5a93 1 1 0 1 00 00
3 0 0 11c9 1 1 0 1 00 00
3 0 0 111b 1 1 0 1 00 00
3 0 1 a6f0 1 1 0 1 00 00
3 0 0 6507 1 1 0 1 00 00
3 0 0 3ed0 1 1 0 1 00 00
3 0 0 f3be 0 1 1 1 5b ff
3 0 0 245b 0 1 0 1 5b ff
3 0 0 6127 0 1 0 1 5b ff
3 0 0 6481 0 1 0 1 5b ff
3 0 0 32b9 0 1 0 1 5b ff
3 0 0 1a9b 0 1 0 1 5b ff
3 0 1 930f 1 1 0 1 00 00
3 0 1 cbfb 1 1 0 1 00 00
3 0 0 5de3 1 1 0 1 00 00
3 0 0 88e8 1 1 0 1 00 00
3 0 1 9da4 1 1 0 1 00 00
3 0 0 4823 1 1 0 1 00 00
3 0 0 2547 1 1 0 1 00 00
3 0 1 8764 1 1 0 1 00 00
3 0 1 e4fc 0 1 1 1 c2 ff
3 0 1 402f 1 1 0 1 00 00
3 0 0 6ac1 1 1 0 1 00 00
3 0 1 6c59 1 1 0 1 00 00
3 0 0 97da 1 1 0 1 00 00
3 0 0 e745 1 1 0 1 00 00
3 0 0 6559 1 1 0 1 00 00
3 0 0 24e9 1 1 0 1 00 00
3 0 1 c181 1 1 0 1 00 00
3 0 0 8505 0 1 1 1 80 ff
3 0 0 4800 0 1 0 1 80 ff
3 0 1 2c29 1 1 0 1 00 00
3 0 0 338e 1 1 0 1 00 00
3 0 1 8aa1 1 1 0 1 00 00
3 0 0 22c7 1 1 0 1 00 00
3 0 1 3892 1 1 0 1 00 00
3 0 0 07b6 1 1 0 1 00 00
3 0 0 4f09 1 1 0 1 00 00
3 0 1 d8f7 1 1 0 1 00 00
3 0 1 e9b8 0 1 1 1 6a ff
3 0 1 e8e0 1 1 0 1 00 00
3 0 1 acef 1 1 0 1 00 00
3 0 0 4fa3 1 1 0 1 00 00
3 0 1 cd1a 1 1 0 1 00 00
3 0 0 7736 1 1 0 1 00 00
3 0 0 9538 1 1 0 1 00 00
3 0 0 0d02 1 1 0 1 00 00
3 0 0 7a10 1 1 0 1 00 00
3 0 1 2922 0 1 1 1 f4 ff
3 0 0 3611 0 1 0 1 f4 ff
3 0 0 71f1 0 1 0 1 f4 ff
3 0 0 7de0 0 1 0 1 f4 ff
3 0 1 55d4 1 1 0 1 00 00
3 0 1 53b0 1 1 0 1 00 00
3 0 1 af45 1 1 0 1 00 00
3 0 0 04b9 1 1 0 1 00 00
3 0 0 406a 1 1 0 1 00 00
3 0 1 a6b9 1 1 0 1 00 00
3 0 1 7fed 1 1 0 1 00 00
3 0 1 715b 1 1 0 1 00 00
3 0 0 ec46 0 1 1 1 94 ff
3 0 0 5640 0 1 0 1 94 ff
3 0 0 6e8e 0 1 0 1 94 ff
3 0 1 37a7 1 1 0 1 00 00
3 0 1 2289 1 1 0 1 00 00
3 0 0 28d5 1 1 0 1 00 00
3 0 0 27d6 1 1 0 1 00 00
3 0 0 cd27 1 1 0 1 00 00
3 0 1 e0da 1 1 0 1 00 00
3 0 0 fba0 1 1 0 1 00 00
3 0 0 2ed0 1 1 0 1 00 00
3 0 0 66e2 0 1 1 1 77 ff
3 0 0 0e80 0 1 0 1 77 ff
3 0 0 0db6 0 1 0 1 77 ff
3 0 0 2359 0 1 0 1 77 ff
3 0 0 c420 0 1 0 1 77 ff
3 0 0 5605 0 1 0 1 77 ff
3 0 1 e459 1 1 0 1 00 00
3 0 1 ee7f 1 1 0 1 00 00
3 0 0 86a3 1 1 0 1 00 00
3 0 0 44fa 1 1 0 1 00 00
3 0 0 4b49 1 1 0 1 00 00
3 0 0 7b63 1 1 0 1 00 00
3 0 0 298b 1 1 0 1 00 00
3 0 0 a94a 1 1 0 1 00 00
3 0 0 61a1 0 1 1 1 f1 ff
3 0 0 adee 0 1 0 1 f1 ff
3 0 0 103b 0 1 0 1 f1 ff
3 0 1 184d 1 1 0 1 00 00
3 0 0 b94a 1 1 0 1 00 00
3 0 1 05cb 1 1 0 1 00 00
3 0 0 209a 1 1 0 1 00 00
3 0 0 6e6a 1 1 0 1 00 00
3 0 0 cef3 1 1 0 1 00 00
3 0 0 6466 1 1 0 1 00 00
3 0 0 8270 1 1 0 1 00 00
3 0 1 3412 0 1 1 1 4e ff
3 0 0 9b7b 0 1 0 1 4e ff
3 0 1 f8cc 1 1 0 1 00 00
3 0 0 07f5 1 1 0 1 00 00
3 0 0 7760 1 1 0 1 00 00
3 0 0 290f 1 1 0 1 00 00
3 0 0 6b22 1 1 0 1 00 00
3 0 0 2b65 1 1 0 1 00 00
3 0 1 c142 1 1 0 1 00 00
3 0 0 1488 1 1 0 1 00 00
3 0 0 83fc 0 1 1 1 fc ff
3 0 0 64df 0 1 0 1 fc ff
3 0 1 5f0e 1 1 0 1 00 00
3 0 0 f552 1 1 0 1 00 00
3 0 0 42a3 1 1 0 1 00 00
3 0 0 ce19 1 1 0 1 00 00
3 0 0 2796 1 1 0 1 00 00
3 0 0 9c49 1 1 0 1 00 00
3 0 0 c97c 1 1 0 1 00 00
3 0 0 1051 1 1 0 1 00 00
3 0 1 408d 0 1 1 1 9b ff
3 0 1 4a76 1 1 0 1 00 00
3 0 0 4635 1 1 0 1 00 00
3 0 0 beee 1 1 0 1 00 00
3 0 0 1ee2 1 1 0 1 00 00
3 0 0 03db 1 1 0 1 00 00
3 0 0 177d 1 1 0 1 00 00
3 0 0 ce97 1 1 0 1 00 00
3 0 0 e58c 1 1 0 1 00 00
3 0 1 4722 0 1 1 1 8a ff
3 0 1 0a8e 1 1 0 1 00 00
3 0 0 4e29 1 1 0 1 00 00
3 0 0 a43a 1 1 0 1 00 00
3 0 0 aeb3 1 1 0 1 00 00
3 0 0 dfd9 1 1 0 1 00 00
3 0 0 c942 1 1 0 1 00 00
3 0 0 1629 1 1 0 1 00 00
3 0 0 4be4 1 1 0 1 00 00
3 0 0 a3e8 0 1 1 1 33 ff
3 0 0 e1aa 0 1 0 1 33 ff
3 0 0 6591 0 1 0 1 33 ff
3 0 0 da83 0 1 0 1 33 ff
3 0 1 dc20 1 1 0 1 00 00
3 0 0 05b2 1 1 0 1 00 00
3 0 0 c8d4 1 1 0 1 00 00
3 0 1 4e8c 1 1 0 1 00 00
3 0 0 7fe4 1 1 0 1 00 00
3 0 0 641e 1 1 0 1 00 00
3 0 0 bec6 1 1 0 1 00 00
3 0 0 3cb9 1 1 0 1 00 00
3 0 1 3194 0 1 1 1 ed ff
3 0 0 5885 0 1 0 1 ed ff
3 0 1 77e6 1 1 0 1 00 00
3 0 0 e5b8 1 1 0 1 00 00
3 0 1 b4cc 1 1 0 1 00 00
3 0 1 1800 1 1 0 1 00 00
3 0 1 9b0d 1 1 0 1 00 00
3 0 0 9ef5 1 1 0 1 00 00
3 0 0 019f 1 1 0 1 00 00
3 0 1 fabb 1 1 0 1 00 00
3 0 0 c714 0 1 1 1 af ff
3 0 1 207c 1 1 0 1 00 00
3 0 1 9a05 1 1 0 1 00 00
3 0 0 08a3 1 1 0 1 00 00
3 0 1 8963 1 1 0 1 00 00
3 0 0 d221 1 1 0 1 00 00
3 0 0 9d0a 1 1 0 1 00 00
3 0 1 c691 1 1 0 1 00 00
3 0 0 7031 1 1 0 1 00 00
3 0 1 84c9 0 1 1 1 5b ff
3 0 0 1fd2 0 1 0 1 5b ff
3 0 1 e7b0 1 1 0 1 00 00
3 0 0 3668 1 1 0 1 00 00
3 0 0 36c2 1 1 0 1 00 00
3 0 0 820c 1 1 0 1 00 00
3 0 0 ecf6 1 1 0 1 00 00
3 0 0 15ce 1 1 0 1 00 00
3 0 0 a331 1 1 0 1 00 00
3 0 0 e600 1 1 0 1 00 00
3 0 0 1387 0 1 1 1 f3 ff
3 0 1 91c5 1 1 0 1 00 00
3 0 0 ae3a 1 1 0 1 00 00
3 0 1 1be5 1 1 0 1 00 00
3 0 0 f0bf 1 1 0 1 00 00
3 0 1 ff0a 1 1 0 1 00 00
3 0 0 390c 1 1 0 1 00 00
3 0 1 6d48 1 1 0 1 00 00
3 0 0 a50f 1 1 0 1 00 00
3 0 1 7ed4 0 1 1 1 c1 ff
3 0 0 4eaa 0 1 0 1 c1 ff
3 0 0 6775 0 1 0 1 c1 ff
3 0 0 1b87 0 1 0 1 c1 ff
3 0 0 6e65 0 1 0 1 c1 ff
3 0 1 57bb 1 1 0 1 00 00
3 0 0 f37a 1 1 0 1 00 00
3 0 1 6e59 1 1 0 1 00 00
3 0 1 cc32 1 1 0 1 00 00
3 0 0 2c51 1 1 0 1 00 00
3 0 0 cf09 1 1 0 1 00 00
3 0 1 1bda 1 1 0 1 00 00
3 0 0 7fee 1 1 0 1 00 00
3 0 0 398a 0 1 1 1 95 ff
3 0 0 01c8 0 1 0 1 95 ff
3 0 0 f4ee 0 1 0 1 95 ff
3 0 0 597e 0 1 0 1 95 ff
3 0 0 b781 0 1 0 1 95 ff
3 0 0 4597 0 1 0 1 95 ff
3 0 0 6920 0 1 0 1 95 ff
3 0 0 b452 0 1 0 1 95 ff
3 0 0 00cc 0 1 0 1 95 ff
3 0 0 3a73 0 1 0 1 95 ff
3 0 0 361f 0 1 0 1 95 ff
3 0 0 11cb 0 1 0 1 95 ff
3 0 1 78c9 1 1 0 1 00 00
3 0 0 8995 1 1 0 1 00 00
3 0 0 c673 1 1 0 1 00 00
3 0 1 a491 1 1 0 1 00 00
3 0 0 d9e0 1 1 0 1 00 00
3 0 1 4c62 1 1 0 1 00 00
3 0 1 940d 1 1 0 1 00 00
3 0 1 e4af 1 1 0 1 00 00
3 0 0 0a7d 0 1 1 1 af ff
3 0 0 9ef3 0 1 0 1 af ff
3 0 0 fd70 0 1 0 1 af ff
3 0 0 73a4 0 1 0 1 af ff
3 0 1 9c37 1 1 0 1 00 00
3 0 0 630a 1 1 0 1 00 00
3 0 1 975c 1 1 0 1 00 00
3 0 0 78e1 1 1 0 1 00 00
3 0 1 60fc 1 1 0 1 00 00
3 0 1 e6fd 1 1 0 1 00 00
3 0 0 5f3a 1 1 0 1 00 00
3 0 0 c0f2 1 1 0 1 00 00
3 0 1 53c2 0 1 1 1 c7 ff
3 0 1 8709 1 1 0 1 00 00
3 0 0 995f 1 1 0 1 00 00
3 0 1 6b7f 1 1 0 1 00 00
3 0 1 05b2 1 1 0 1 00 00
3 0 0 fb14 1 1 0 1 00 00
3 0 0 a578 1 1 0 1 00 00
3 0 1 f81d 1 1 0 1 00 00
3 0 0 e578 1 1 0 1 00 00
3 0 1 f22e 0 1 1 1 b9 ff
3 0 1 698a 1 1 0 1 00 00
3 0 0 b5e3 1 1 0 1 00 00
3 0 0 c90e 1 1 0 1 00 00
3 0 0 13df 1 1 0 1 00 00
3 0 0 5df3 1 1 0 1 00 00
3 0 0 5f07 1 1 0 1 00 00
3 0 1 a165 1 1 0 1 00 00
3 0 0 dcd2 1 1 0 1 00 00
3 0 1 a1d9 0 1 1 1 a4 ff
3 0 0 2e3b 0 1 0 1 a4 ff
3 0 1 24f8 1 1 0 1 00 00
3 0 0 ba65 1 1 0 1 00 00
3 0 0 029b 1 1 0 1 00 00
3 0 1 d43c 1 1 0 1 00 00
3 0 0 4294 1 1 0 1 00 00
3 0 0 98c4 1 1 0 1 00 00
3 0 1 7695 1 1 0 1 00 00
3 0 0 c335 1 1 0 1 00 00
3 0 1 3f73 0 1 1 1 61 ff
3 0 0 b102 0 1 0 1 61 ff
3 0 1 b33c 1 1 0 1 00 00
3 0 1 92ed 1 1 0 1 00 00
3 0 0 a9a0 1 1 0 1 00 00
3 0 0 4d6b 1 1 0 1 00 00
3 0 0 9a8f 1 1 0 1 00 00
3 0 0 8fe8 1 1 0 1 00 00
3 0 0 f61d 1 1 0 1 00 00
3 0 0 160c 1 1 0 1 00 00
3 0 1 e21c 0 1 1 1 d6 ff
3 0 1 d7fd 1 1 0 1 00 00
3 0 1 165a 1 1 0 1 00 00
3 0 0 9e4c 1 1 0 1 00 00
3 0 0 5d9e 1 1 0 1 00 00
3 0 0 87cc 1 1 0 1 00 00
3 0 0 4cbe 1 1 0 1 00 00
3 0 0 19ca 1 1 0 1 00 00
3 0 0 0d68 1 1 0 1 00 00
3 0 1 38b7 0 1 1 1 eb ff
3 0 1 6e46 1 1 0 1 00 00
3 0 0 387a 1 1 0 1 00 00
3 0 0 cfd5 1 1 0 1 00 00
3 0 0 701f 1 1 0 1 00 00
3 0 0 3fbd 1 1 0 1 00 00
3 0 0 0f08 1 1 0 1 00 00
3 0 0 3372 1 1 0 1 00 00
3 0 0 126a 1 1 0 1 00 00
3 0 1 9d36 0 1 1 1 a8 ff
3 0 0 f262 0 1 0 1 a8 ff
3 0 0 0aea 0 1 0 1 a8 ff
3 0 0 aa04 0 1 0 1 a8 ff
3 0 0 aac0 0 1 0 1 a8 ff
3 0 0 0895 0 1 0 1 a8 ff
3 0 0 9ded 0 1 0 1 a8 ff
3 0 0 78f3 0 1 0 1 a8 ff
3 0 0 b284 0 1 0 1 a8 ff
3 0 0 c019 0 1 0 1 a8 ff
3 0 1 d428 1 1 0 1 00 00
3 0 1 1340 1 1 0 1 00 00
3 0 1 ac61 1 1 0 1 00 00
3 0 0 5f04 1 1 0 1 00 00
3 0 1 2bcc 1 1 0 1 00 00
3 0 0 4f7e 1 1 0 1 00 00
3 0 0 d94e 1 1 0 1 00 00
3 0 1 5c93 1 1 0 1 00 00
3 0 1 2eec 0 1 1 1 e9 ff
3 0 0 aa18 0 1 0 1 e9 ff
3 0 1 a1d9 1 1 0 1 00 00
3 0 0 a554 1 1 0 1 00 00
3 0 0 283d 1 1 0 1 00 00
3 0 1 bdaa 1 1 0 1 00 00
3 0 0 1b15 1 1 0 1 00 00
3 0 0 5710 1 1 0 1 00 00
3 0 0 c105 1 1 0 1 00 00
3 0 0 f311 1 1 0 1 00 00
3 0 1 d3ba 0 1 1 1 cb ff
3 0 0 4413 0 1 0 1 cb ff
3 0 1 3258 1 1 0 1 00 00
3 0 0 2c62 1 1 0 1 00 00
3 0 0 7734 1 1 0 1 00 00
3 0 1 2844 1 1 0 1 00 00
3 0 0 7503 1 1 0 1 00 00
3 0 1 fa6c 1 1 0 1 00 00
3 0 0 72f1 1 1 0 1 00 00
3 0 1 fd1f 1 1 0 1 00 00
3 0 1 b3cd 0 1 1 1 71 ff
3 0 0 d7cb 0 1 0 1 71 ff
3 0 0 29af 0 1 0 1 71 ff
3 0 0 e904 0 1 0 1 71 ff
3 0 1 d291 1 1 0 1 00 00
3 0 0 a3c7 1 1 0 1 00 00
3 0 1 0ceb 1 1 0 1 00 00
3 0 0 5ac5 1 1 0 1 00 00
3 0 0 30ce 1 1 0 1 00 00
3 0 0 d4d6 1 1 0 1 00 00
3 0 0 c4bd 1 1 0 1 00 00
3 0 0 109c 1 1 0 1 00 00
3 0 0 a77a 0 1 1 1 e8 ff
3 0 1 6dcd 1 1 0 1 00 00
3 0 1 2cf5 1 1 0 1 00 00
3 0 0 fded 1 1 0 1 00 00
3 0 0 656c 1 1 0 1 00 00
3 0 0 86fd 1 1 0 1 00 00
3 0 1 dc51 1 1 0 1 00 00
3 0 0 1fb7 1 1 0 1 00 00
3 0 1 03ca 1 1 0 1 00 00
3 0 0 c760 0 1 1 1 a7 ff
3 0 0 47fe 0 1 0 1 a7 ff
3 0 0 ac70 0 1 0 1 a7 ff
3 0 0 a0d7 0 1 0 1 a7 ff
3 0 0 f629 0 1 0 1 a7 ff
3 0 0 c2cd 0 1 0 1 a7 ff
3 0 0 ec19 0 1 0 1 a7 ff
3 0 0 1ab8 0 1 0 1 a7 ff
3 0 1 b619 1 1 0 1 00 00
3 0 0 2843 1 1 0 1 00 00
3 0 0 e5ae 1 1 0 1 00 00
3 0 0 6d01 1 1 0 1 00 00
3 0 1 90df 1 1 0 1 00 00
3 0 0 c160 1 1 0 1 00 00
3 0 1 2d33 1 1 0 1 00 00
3 0 0 0500 1 1 0 1 00 00
3 0 0 1ac6 0 1 1 1 d7 ff
3 0 1 033b 1 1 0 1 00 00
3 0 0 3825 1 1 0 1 00 00
3 0 0 2435 1 1 0 1 00 00
3 0 0 8144 1 1 0 1 00 00
3 0 1 694c 1 1 0 1 00 00
3 0 1 4a2f 1 1 0 1 00 00
3 0 1 e566 1 1 0 1 00 00
3 0 1 0e19 1 1 0 1 00 00
3 0 0 9eb3 0 1 1 1 1c ff
3 0 0 a040 0 1 0 1 1c ff
3 0 1 f03b 1 1 0 1 00 00
3 0 0 98e8 1 1 0 1 00 00
3 0 0 29f7 1 1 0 1 00 00
3 0 0 b788 1 1 0 1 00 00
3 0 1 9a89 1 1 0 1 00 00
3 0 0 8830 1 1 0 1 00 00
3 0 1 4138 1 1 0 1 00 00
3 0 0 9449 1 1 0 1 00 00
3 0 1 baa2 0 1 1 1 f7 ff
3 0 1 854a 1 1 0 1 00 00
3 0 0 dbc7 1 1 0 1 00 00
3 0 0 04d7 1 1 0 1 00 00
3 0 0 bd92 1 1 0 1 00 00
3 0 0 5bdc 1 1 0 1 00 00
3 0 0 d984 1 1 0 1 00 00
3 0 1 741e 1 1 0 1 00 00
3 0 0 8756 1 1 0 1 00 00
3 0 0 bba8 0 1 1 1 b8 ff
3 0 0 4d59 0 1 0 1 b8 ff
3 0 1 4552 1 1 0 1 00 00
3 0 0 6b9b 1 1 0 1 00 00
3 0 0 ed37 1 1 0 1 00 00
3 0 0 2398 1 1 0 1 00 00
3 0 0 0dfc 1 1 0 1 00 00
3 0 0 bfdd 1 1 0 1 00 00
3 0 0 6295 1 1 0 1 00 00
3 0 0 f073 1 1 0 1 00 00
3 0 0 6d93 0 1 1 1 85 ff
3 0 0 d71a 0 1 0 1 85 ff
3 0 0 eb44 0 1 0 1 85 ff
3 0 0 a0dc 0 1 0 1 85 ff
3 0 0 4c1d 0 1 0 1 85 ff
3 0 0 10c2 0 1 0 1 85 ff
3 0 1 823d 1 1 0 1 00 00
3 0 0 3e51 1 1 0 1 00 00
3 0 0 415a 1 1 0 1 00 00
3 0 0 59a9 1 1 0 1 00 00
3 0 0 1c86 1 1 0 1 00 00
3 0 1 f035 1 1 0 1 00 00
3 0 0 cc72 1 1 0 1 00 00
3 0 0 c891 1 1 0 1 00 00
3 0 0 fb8b 0 1 1 1 b6 ff
3 0 0 c333 0 1 0 1 b6 ff
3 0 1 8c81 1 1 0 1 00 00
3 0 0 db80 1 1 0 1 00 00
3 0 0 d9a0 1 1 0 1 00 00
3 0 0 46be 1 1 0 1 00 00
3 0 0 b33f 1 1 0 1 00 00
3 0 0 bff5 1 1 0 1 00 00
3 0 0 3dd4 1 1 0 1 00 00
3 0 0 f149 1 1 0 1 00 00
3 0 0 e11a 0 1 1 1 bd ff
3 0 0 dcee 0 1 0 1 bd ff
3 0 0 9d58 0 1 0 1 bd ff
3 0 0 87ed 0 1 0 1 bd ff
3 0 0 d47c 0 1 0 1 bd ff
3 0 0 d258 0 1 0 1 bd ff
3 0 0 8c54 0 1 0 1 bd ff
3 0 1 41d2 1 1 0 1 00 00
3 0 0 af54 1 1 0 1 00 00
3 0 1 ad36 1 1 0 1 00 00
3 0 0 8429 1 1 0 1 00 00
3 0 0 1f7d 1 1 0 1 00 00
3 0 0 2138 1 1 0 1 00 00
3 0 1 ee95 1 1 0 1 00 00
3 0 0 c226 1 1 0 1 00 00
3 0 1 4cad 0 1 1 1 81 ff
3 0 0 de4f 0 1 0 1 81 ff
3 0 0 1c3f 0 1 0 1 81 ff
3 0 0 cc5f 0 1 0 1 81 ff
3 0 0 d762 0 1 0 1 81 ff
3 0 0 f3ac 0 1 0 1 81 ff
3 0 0 4766 0 1 0 1 81 ff
3 0 0 0c93 0 1 0 1 81 ff
3 0 0 eab8 0 1 0 1 81 ff
3 0 1 a67f 1 1 0 1 00 00
3 0 0 c80b 1 1 0 1 00 00
3 0 1 4053 1 1 0 1 00 00
3 0 0 9625 1 1 0 1 00 00
3 0 1 b2db 1 1 0 1 00 00
3 0 0 41bc 1 1 0 1 00 00
3 0 1 266d 1 1 0 1 00 00
3 0 1 47de 1 1 0 1 00 00
3 0 0 16ca 0 1 1 1 ce ff
3 0 1 d0fe 1 1 0 1 00 00
3 0 0 7be2 1 1 0 1 00 00
3 0 0 a3df 1 1 0 1 00 00
3 0 0 f751 1 1 0 1 00 00
3 0 0 5f45 1 1 0 1 00 00
3 0 1 2d7c 1 1 0 1 00 00
3 0 0 b7c9 1 1 0 1 00 00
3 0 1 2e11 1 1 0 1 00 00
3 0 0 bbcc 0 1 1 1 e7 ff
3 0 0 d781 0 1 0 1 e7 ff
3 0 0 74cb 0 1 0 1 e7 ff
3 0 0 5e8e 0 1 0 1 e7 ff
3 0 1 6e00 1 1 0 1 00 00
3 0 0 cc00 1 1 0 1 00 00
3 0 0 4c26 1 1 0 1 00 00
3 0 1 e87d 1 1 0 1 00 00
3 0 0 aeca 1 1 0 1 00 00
3 0 0 f3a9 1 1 0 1 00 00
3 0 0 530a 1 1 0 1 00 00
3 0 0 9066 1 1 0 1 00 00
3 0 0 4a1c 0 1 1 1 a7 ff
3 0 0 bde5 0 1 0 1 a7 ff
3 0 0 461e 0 1 0 1 a7 ff
3 0 0 2b22 0 1 0 1 a7 ff
3 0 0 48dc 0 1 0 1 a7 ff
3 0 1 0db9 1 1 0 1 00 00
3 0 1 0a94 1 1 0 1 00 00
3 0 0 ff67 1 1 0 1 00 00
3 0 0 24b7 1 1 0 1 00 00
3 0 1 1ccd 1 1 0 1 00 00
3 0 0 ccf4 1 1 0 1 00 00
3 0 0 427d 1 1 0 1 00 00
3 0 0 4aa7 1 1 0 1 00 00
3 0 0 d113 0 1 1 1 3b ff
3 0 0 dfdb 0 1 0 1 3b ff
3 0 0 2dc7 0 1 0 1 3b ff
3 0 0 c0aa 0 1 0 1 3b ff
3 0 1 c824 1 1 0 1 00 00
3 0 0 327b 1 1 0 1 00 00
3 0 1 2ca2 1 1 0 1 00 00
3 0 0 4562 1 1 0 1 00 00
3 0 0 33a3 1 1 0 1 00 00
3 0 0 dd97 1 1 0 1 00 00
3 0 0 fdd3 1 1 0 1 00 00
3 0 0 c303 1 1 0 1 00 00
3 0 0 e77f 0 1 1 1 e2 ff
3 0 0 88e6 0 1 0 1 e2 ff
3 0 0 06f0 0 1 0 1 e2 ff
3 0 0 7f19 0 1 0 1 e2 ff
3 0 1 6828 1 1 0 1 00 00
3 0 0 720b 1 1 0 1 00 00
3 0 0 2758 1 1 0 1 00 00
3 0 0 17bb 1 1 0 1 00 00
3 0 0 757f 1 1 0 1 00 00
3 0 0 b1b3 1 1 0 1 00 00
3 0 0 a68a 1 1 0 1 00 00
3 0 0 5b86 1 1 0 1 00 00
3 0 0 38d5 0 1 1 1 a3 ff
3 0 0 1209 0 1 0 1 a3 ff
3 0 0 6ae9 0 1 0 1 a3 ff
3 0 1 2fa2 1 1 0 1 00 00
3 0 0 d391 1 1 0 1 00 00
3 0 0 2fa0 1 1 0 1 00 00
3 0 0 b448 1 1 0 1 00 00
3 0 0 21fd 1 1 0 1 00 00
3 0 1 ba96 1 1 0 1 00 00
3 0 0 7513 1 1 0 1 00 00
3 0 0 efc4 1 1 0 1 00 00
3 0 0 08f4 0 1 1 1 6e ff
3 0 1 8484 1 1 0 1 00 00
3 0 1 e1d3 1 1 0 1 00 00
3 0 0 6c0f 1 1 0 1 00 00
3 0 0 d15a 1 1 0 1 00 00
3 0 1 7868 1 1 0 1 00 00
3 0 0 1063 1 1 0 1 00 00
3 0 0 69ed 1 1 0 1 00 00
3 0 0 7579 1 1 0 1 00 00
3 0 1 b52d 0 1 1 1 b8 ff
3 0 1 ccc5 1 1 0 1 00 00
3 0 0 b3ca 1 1 0 1 00 00
3 0 0 0398 1 1 0 1 00 00
3 0 0 0afc 1 1 0 1 00 00
3 0 0 c85c 1 1 0 1 00 00
3 0 0 ca4d 1 1 0 1 00 00
3 0 0 8fd7 1 1 0 1 00 00
3 0 1 0e88 1 1 0 1 00 00
3 0 1 f2ad 0 1 1 1 e4 ff
3 0 1 e87c 1 1 0 1 00 00
3 0 0 344b 1 1 0 1 00 00
3 0 1 36ca 1 1 0 1 00 00
3 0 0 5b0c 1 1 0 1 00 00
3 0 1 f4bc 1 1 0 1 00 00
3 0 1 00e0 1 1 0 1 00 00
3 0 0 e0da 1 1 0 1 00 00
3 0 0 cc93 1 1 0 1 00 00
3 0 0 be49 0 1 1 1 f3 ff
3 0 0 057d 0 1 0 1 f3 ff
3 0 1 8407 1 1 0 1 00 00
3 0 1 3ab4 1 1 0 1 00 00
3 0 1 3b45 1 1 0 1 00 00
3 0 0 9a10 1 1 0 1 00 00
3 0 1 a3f2 1 1 0 1 00 00
3 0 0 f502 1 1 0 1 00 00
3 0 1 b97b 1 1 0 1 00 00
3 0 0 06f7 1 1 0 1 00 00
3 0 0 a077 0 1 1 1 b7 ff
3 0 1 e737 1 1 0 1 00 00
3 0 0 7780 1 1 0 1 00 00
3 0 1 4b09 1 1 0 1 00 00
3 0 0 1b4e 1 1 0 1 00 00
3 0 0 ab3e 1 1 0 1 00 00
3 0 1 edaa 1 1 0 1 00 00
3 0 0 9a23 1 1 0 1 00 00
3 0 1 5123 1 1 0 1 00 00
3 0 0 d1ac 0 1 1 1 f3 ff
3 0 1 e30d 1 1 0 1 00 00
3 0 1 86b2 1 1 0 1 00 00
3 0 0 e9c1 1 1 0 1 00 00
3 0 0 00fa 1 1 0 1 00 00
3 0 1 5e57 1 1 0 1 00 00
3 0 0 ab1f 1 1 0 1 00 00
3 0 1 a085 1 1 0 1 00 00
3 0 0 bfe7 1 1 0 1 00 00
3 0 0 2bbb 0 1 1 1 f1 ff
3 0 1 531d 1 1 0 1 00 00
3 0 1 fe01 1 1 0 1 00 00
3 0 0 6708 1 1 0 1 00 00
3 0 1 715f 1 1 0 1 00 00
3 0 0 8ff6 1 1 0 1 00 00
3 0 1 e49f 1 1 0 1 00 00
3 0 0 3871 1 1 0 1 00 00
3 0 1 1e05 1 1 0 1 00 00
3 0 0 afd5 0 1 1 1 91 ff
3 0 0 04c9 0 1 0 1 91 ff
3 0 0 b22d 0 1 0 1 91 ff
3 0 0 3f9a 0 1 0 1 91 ff
3 0 0 a0f3 0 1 0 1 91 ff
3 0 0 116e 0 1 0 1 91 ff
3 0 0 37ce 0 1 0 1 91 ff
3 0 0 e040 0 1 0 1 91 ff
3 0 0 b196 0 1 0 1 91 ff
3 0 1 f62d 1 1 0 1 00 00
3 0 0 7a65 1 1 0 1 00 00
3 0 1 2173 1 1 0 1 00 00
3 0 0 636f 1 1 0 1 00 00
3 0 0 1afd 1 1 0 1 00 00
3 0 0 66bb 1 1 0 1 00 00
3 0 0 cece 1 1 0 1 00 00
3 0 0 509c 1 1 0 1 00 00
3 0 0 dc07 0 1 1 1 fb ff
3 0 0 2114 0 1 0 1 fb ff
3 0 1 a51a 1 1 0 1 00 00
3 0 0 5f95 1 1 0 1 00 00
3 0 0 b2b3 1 1 0 1 00 00
3 0 0 071f 1 1 0 1 00 00
3 0 1 a275 1 1 0 1 00 00
3 0 0 66da 1 1 0 1 00 00
3 0 1 9e63 1 1 0 1 00 00
3 0 0 5dd8 1 1 0 1 00 00
3 0 0 2bcb 0 1 1 1 cd ff
3 0 0 f709 0 1 0 1 cd ff
3 0 1 b219 1 1 0 1 00 00
3 0 0 57f1 1 1 0 1 00 00
3 0 0 c24e 1 1 0 1 00 00
3 0 0 b198 1 1 0 1 00 00
3 0 0 34d8 1 1 0 1 00 00
3 0 1 b6c0 1 1 0 1 00 00
3 0 0 ac0f 1 1 0 1 00 00
3 0 0 5fdb 1 1 0 1 00 00
3 0 1 a69b 0 1 1 1 d5 ff
3 0 1 7a8e 1 1 0 1 00 00
3 0 0 e985 1 1 0 1 00 00
3 0 0 a29c 1 1 0 1 00 00
3 0 0 4d39 1 1 0 1 00 00
3 0 0 a11a 1 1 0 1 00 00
3 0 0 bdc4 1 1 0 1 00 00
3 0 1 0cea 1 1 0 1 00 00
3 0 0 872e 1 1 0 1 00 00
3 0 0 9fc1 0 1 1 1 b1 ff
3 0 0 a98b 0 1 0 1 b1 ff
3 0 0 b779 0 1 0 1 b1 ff
3 0 0 0dad 0 1 0 1 b1 ff
3 0 0 9af1 0 1 0 1 b1 ff
3 0 0 c9c4 0 1 0 1 b1 ff
3 0 0 46d9 0 1 0 1 b1 ff
3 0 1 e27b 1 1 0 1 00 00
3 0 1 826f 1 1 0 1 00 00
3 0 1 4f5f 1 1 0 1 00 00
3 0 0 a1cd 1 1 0 1 00 00
3 0 0 62af 1 1 0 1 00 00
3 0 0 0100 1 1 0 1 00 00
3 0 0 02ce 1 1 0 1 00 00
3 0 1 1e80 1 1 0 1 00 00
3 0 0 475e 0 1 1 1 f0 ff
3 0 0 ba5f 0 1 0 1 f0 ff
3 0 1 19c3 1 1 0 1 00 00
3 0 1 e3f7 1 1 0 1 00 00
3 0 0 40b0 1 1 0 1 00 00
3 0 1 c7fd 1 1 0 1 00 00
3 0 0 7b29 1 1 0 1 00 00
3 0 0 3bc2 1 1 0 1 00 00
3 0 0 a966 1 1 0 1 00 00
3 0 0 5190 1 1 0 1 00 00
3 0 0 67a8 0 1 1 1 51 ff
3 0 1 75c3 1 1 0 1 00 00
3 0 0 2bdd 1 1 0 1 00 00
3 0 0 4bac 1 1 0 1 00 00
3 0 1 02f9 1 1 0 1 00 00
3 0 0 5532 1 1 0 1 00 00
3 0 0 2c9f 1 1 0 1 00 00
3 0 1 c68d 1 1 0 1 00 00
3 0 0 156b 1 1 0 1 00 00
3 0 0 4d07 0 1 1 1 ad ff
3 0 0 f0ab 0 1 0 1 ad ff
3 0 0 82eb 0 1 0 1 ad ff
3 0 1 90ff 1 1 0 1 00 00
3 0 0 6640 1 1 0 1 00 00
3 0 0 5431 1 1 0 1 00 00
3 0 0 2f17 1 1 0 1 00 00
3 0 0 1331 1 1 0 1 00 00
3 0 0 2a92 1 1 0 1 00 00
3 0 1 42d3 1 1 0 1 00 00
3 0 0 86c9 1 1 0 1 00 00
3 0 0 afc3 0 1 1 1 c0 ff
3 0 0 8cda 0 1 0 1 c0 ff
3 0 0 f7b3 0 1 0 1 c0 ff
3 0 0 6ba1 0 1 0 1 c0 ff
3 0 0 afbe 0 1 0 1 c0 ff
3 0 0 e1a8 0 1 0 1 c0 ff
3 0 0 a5c8 0 1 0 1 c0 ff
3 0 0 a4ca 0 1 0 1 c0 ff
3 0 0 d41a 0 1 0 1 c0 ff
3 0 0 f34b 0 1 0 1 c0 ff
3 0 0 7061 0 1 0 1 c0 ff
3 0 1 cee1 1 1 0 1 00 00
3 0 0 d27a 1 1 0 1 00 00
3 0 1 137f 1 1 0 1 00 00
