0 00 0 7 0 1
1 01 0 7 1 1
1 02 1 7 1 1
1 04 2 7 1 1
1 08 3 7 1 1
1 10 4 7 1 1
1 20 5 7 1 1
1 40 6 7 1 1
1 80 7 7 1 1
2 46 6 7 1 1
2 ff 7 7 1 1
2 81 7 7 1 1
2 03 1 7 1 1
2 7e 6 7 1 1
2 2c 5 7 1 1
3 00 0 7 0 1
3 01 0 7 1 1
3 02 1 7 1 1
3 03 1 7 1 1
3 04 2 7 1 1
3 05 2 7 1 1
3 06 2 7 1 1
3 07 2 7 1 1
3 08 3 7 1 1
3 09 3 7 1 1
3 0a 3 7 1 1
3 0b 3 7 1 1
3 0c 3 7 1 1
3 0d 3 7 1 1
3 0e 3 7 1 1
3 0f 3 7 1 1
3 10 4 7 1 1
3 11 4 7 1 1
3 12 4 7 1 1
3 13 4 7 1 1
3 14 4 7 1 1
3 15 4 7 1 1
3 16 4 7 1 1
3 17 4 7 1 1
3 18 4 7 1 1
3 19 4 7 1 1
3 1a 4 7 1 1
3 1b 4 7 1 1
3 1c 4 7 1 1
3 1d 4 7 1 1
3 1e 4 7 1 1
3 1f 4 7 1 1
3 20 5 7 1 1
3 21 5 7 1 1
3 22 5 7 1 1
3 23 5 7 1 1
3 24 5 7 1 1
3 25 5 7 1 1
3 26 5 7 1 1
3 27 5 7 1 1
3 28 5 7 1 1
3 29 5 7 1 1
3 2a 5 7 1 1
3 2b 5 7 1 1
3 2c 5 7 1 1
3 2d 5 7 1 1
3 2e 5 7 1 1
3 2f 5 7 1 1
3 30 5 7 1 1
3 31 5 7 1 1
3 32 5 7 1 1
3 33 5 7 1 1
3 34 5 7 1 1
3 35 5 7 1 1
3 36 5 7 1 1
3 37 5 7 1 1
3 38 5 7 1 1
3 39 5 7 1 1
3 3a 5 7 1 1
3 3b 5 7 1 1
3 3c 5 7 1 1
3 3d 5 7 1 1
3 3e 5 7 1 1
3 3f 5 7 1 1
3 40 6 7 1 1
3 41 6 7 1 1
3 42 6 7 1 1
3 43 6 7 1 1
3 44 6 7 1 1
3 45 6 7 1 1
3 46 6 7 1 1
3 47 6 7 1 1
3 48 6 7 1 1
3 49 6 7 1 1
3 4a 6 7 1 1
3 4b 6 7 1 1
3 4c 6 7 1 1
3 4d 6 7 1 1
3 4e 6 7 1 1
3 4f 6 7 1 1
3 50 6 7 1 1
3 51 6 7 1 1
3 52 6 7 1 1
3 53 6 7 1 1
3 54 6 7 1 1
3 55 6 7 1 1
3 56 6 7 1 1
3 57 6 7 1 1
3 58 6 7 1 1
3 59 6 7 1 1
3 5a 6 7 1 1
3 5b 6 7 1 1
3 5c 6 7 1 1
3 5d 6 7 1 1
3 5e 6 7 1 1
3 5f 6 7 1 1
3 60 6 7 1 1
3 61 6 7 1 1
3 62 6 7 1 1
3 63 6 7 1 1
3 64 6 7 1 1
3 65 6 7 1 1
3 66 6 7 1 1
3 67 6 7 1 1
3 68 6 7 1 1
3 69 6 7 1 1
3 6a 6 7 1 1
3 6b 6 7 1 1
3 6c 6 7 1 1
3 6d 6 7 1 1
3 6e 6 7 1 1
3 6f 6 7 1 1
3 70 6 7 1 1
3 71 6 7 1 1
3 72 6 7 1 1
3 73 6 7 1 1
3 74 6 7 1 1
3 75 6 7 1 1
3 76 6 7 1 1
3 77 6 7 1 1
3 78 6 7 1 1
3 79 6 7 1 1
3 7a 6 7 1 1
3 7b 6 7 1 1
3 7c 6 7 1 1
3 7d 6 7 1 1
3 7e 6 7 1 1
3 7f 6 7 1 1
3 80 7 7 1 1
3 81 7 7 1 1
3 82 7 7 1 1
3 83 7 7 1 1
3 84 7 7 1 1
3 85 7 7 1 1
3 86 7 7 1 1
3 87 7 7 1 1
3 88 7 7 1 1
3 89 7 7 1 1
3 8a 7 7 1 1
3 8b 7 7 1 1
3 8c 7 7 1 1
3 8d 7 7 1 1
3 8e 7 7 1 1
3 8f 7 7 1 1
3 90 7 7 1 1
3 91 7 7 1 1
3 92 7 7 1 1
3 93 7 7 1 1
3 94 7 7 1 1
3 95 7 7 1 1
3 96 7 7 1 1
3 97 7 7 1 1
3 98 7 7 1 1
3 99 7 7 1 1
3 9a 7 7 1 1
3 9b 7 7 1 1
3 9c 7 7 1 1
3 9d 7 7 1 1
3 9e 7 7 1 1
3 9f 7 7 1 1
3 a0 7 7 1 1
3 a1 7 7 1 1
3 a2 7 7 1 1
3 a3 7 7 1 1
3 a4 7 7 1 1
3 a5 7 7 1 1
3 a6 7 7 1 1
3 a7 7 7 1 1
3 a8 7 7 1 1
3 a9 7 7 1 1
3 aa 7 7 1 1
3 ab 7 7 1 1
3 ac 7 7 1 1
3 ad 7 7 1 1
3 ae 7 7 1 1
3 af 7 7 1 1
3 b0 7 7 1 1
3 b1 7 7 1 1
3 b2 7 7 1 1
3 b3 7 7 1 1
3 b4 7 7 1 1
3 b5 7 7 1 1
3 b6 7 7 1 1
3 b7 7 7 1 1
3 b8 7 7 1 1
3 b9 7 7 1 1
3 ba 7 7 1 1
3 bb 7 7 1 1
3 bc 7 7 1 1
3 bd 7 7 1 1
3 be 7 7 1 1
3 bf 7 7 1 1
3 c0 7 7 1 1
3 c1 7 7 1 1
3 c2 7 7 1 1
3 c3 7 7 1 1
3 c4 7 7 1 1
3 c5 7 7 1 1
3 c6 7 7 1 1
3 c7 7 7 1 1
3 c8 7 7 1 1
3 c9 7 7 1 1
3 ca 7 7 1 1
3 cb 7 7 1 1
3 cc 7 7 1 1
3 cd 7 7 1 1
3 ce 7 7 1 1
3 cf 7 7 1 1
3 d0 7 7 1 1
3 d1 7 7 1 1
3 d2 7 7 1 1
3 d3 7 7 1 1
3 d4 7 7 1 1
3 d5 7 7 1 1
3 d6 7 7 1 1
3 d7 7 7 1 1
3 d8 7 7 1 1
3 d9 7 7 1 1
3 da 7 7 1 1
3 db 7 7 1 1
3 dc 7 7 1 1
3 dd 7 7 1 1
3 de 7 7 1 1
3 df 7 7 1 1
3 e0 7 7 1 1
3 e1 7 7 1 1
3 e2 7 7 1 1
3 e3 7 7 1 1
3 e4 7 7 1 1
3 e5 7 7 1 1
3 e6 7 7 1 1
3 e7 7 7 1 1
3 e8 7 7 1 1
3 e9 7 7 1 1
3 ea 7 7 1 1
3 eb 7 7 1 1
3 ec 7 7 1 1
3 ed 7 7 1 1
3 ee 7 7 1 1
3 ef 7 7 1 1
3 f0 7 7 1 1
3 f1 7 7 1 1
3 f2 7 7 1 1
3 f3 7 7 1 1
3 f4 7 7 1 1
3 f5 7 7 1 1
3 f6 7 7 1 1
3 f7 7 7 1 1
3 f8 7 7 1 1
3 f9 7 7 1 1
3 fa 7 7 1 1
3 fb 7 7 1 1
3 fc 7 7 1 1
3 fd 7 7 1 1
3 fe 7 7 1 1
3 ff 7 7 1 1
