0 1 2.99999999999999989e-01 2.99999999999999989e-01 1
0 1 6.99999999999999956e-01 6.99999999999999956e-01 1
0 1 -2.00000000000000011e-01 -2.00000000000000011e-01 1
0 1 1.25000000000000000e+00 1.25000000000000000e+00 1
0 1 0.00000000000000000e+00 0.00000000000000000e+00 1
1 1 1.00000000000000000e+00 1.00000000000000000e+00 1
1 0 -1.95088701040809820e+00 9.79999999999999982e-01 1
1 0 -1.55040455567905688e+00 9.60399999999999920e-01 1
1 0 -4.28650553797029765e-01 9.41191999999999918e-01 1
1 0 7.35457093813067786e-01 9.22368159999999881e-01 1
1 0 -1.44523626714147690e+00 9.03920796799999815e-01 1
1 0 -1.55022574856245088e+00 8.85842380863999801e-01 1
1 0 -1.07279057170419900e+00 8.68125533246719816e-01 1
1 0 1.03036994158004624e+00 8.50763022581785378e-01 1
1 0 -1.41039511615888635e+00 8.33747762130149672e-01 1
1 0 9.62620795760024350e-01 8.17072806887546688e-01 1
1 0 6.48666622061052855e-01 8.00731350749795734e-01 1
1 0 -1.45368590262027952e+00 7.84716723734799837e-01 1
1 0 1.42646990191154899e-01 7.69022389260103800e-01 1
1 0 -2.08996280250865585e-01 7.53641941474901711e-01 1
1 0 -3.49719667287797353e-01 7.38569102645403652e-01 1
1 0 1.98537476638202248e+00 7.23797720592495586e-01 1
1 0 -1.62755444293772600e+00 7.09321766180645685e-01 1
1 0 -1.91853416650748576e+00 6.95135330857032718e-01 1
1 0 1.75920766257253414e+00 6.81232624239892059e-01 1
1 0 -3.88216753556334115e-01 6.67607971755094232e-01 1
1 0 -1.20600947123981461e+00 6.54255812319992303e-01 1
1 0 -6.78762364627729209e-01 6.41170696073592450e-01 1
1 0 -5.40421110485295397e-01 6.28347282152120545e-01 1
1 0 1.82045138617048607e+00 6.15780336509078152e-01 1
1 0 -1.15867088067607948e+00 6.03464729778896536e-01 1
1 0 -1.13229586433357721e+00 5.91395435183318607e-01 1
1 0 3.39603771648517849e-01 5.79567526479652262e-01 1
1 0 1.89525844456343684e-01 5.67976175950059226e-01 1
1 0 1.81497225319038247e+00 5.56616652431058068e-01 1
1 0 1.35473138630063072e+00 5.45484319382436911e-01 1
1 0 -5.77983554162365909e-01 5.34574632994788135e-01 1
1 0 -1.18456875837966713e+00 5.23883140334892361e-01 1
1 0 1.34565412390415551e+00 5.13405477528194543e-01 1
1 0 1.95591143895423603e+00 5.03137367977630645e-01 1
1 0 -1.87852114182374441e+00 4.93074620618077997e-01 1
1 0 9.40183208323519093e-01 4.83213128205716436e-01 1
1 0 1.47342257018925471e+00 4.73548865641602090e-01 1
1 0 6.04602748420059566e-01 4.64077888328770061e-01 1
1 0 -1.12656381107149706e+00 4.54796330562194651e-01 1
1 0 1.18637709118099721e+00 4.45700403950950730e-01 1
1 0 9.19273029788488127e-01 4.36786395871931687e-01 1
1 0 -1.22475247589814007e+00 4.28050667954493036e-01 1
1 0 5.63541555965613394e-01 4.19489654595403161e-01 1
1 0 -1.12326706999259596e+00 4.11099861503495090e-01 1
1 0 -1.83434625675092855e+00 4.02877864273425201e-01 1
1 0 -6.55959835846028572e-01 3.94820306987956671e-01 1
1 0 -6.62628901842285511e-01 3.86923900848197555e-01 1
1 0 -4.15335819666863060e-01 3.79185422831233576e-01 1
1 0 5.87054480634865428e-01 3.71601714374608871e-01 1
1 0 1.34469286550213596e+00 3.64169680087116698e-01 1
1 0 1.84529397526849825e+00 3.56886286485374349e-01 1
1 0 1.90572311726995780e+00 3.49748560755666849e-01 1
1 0 1.97402420924027888e+00 3.42753589540553516e-01 1
1 0 1.15939032353404903e+00 3.35898517749742442e-01 1
1 0 -7.74747464167178990e-01 3.29180547394747613e-01 1
1 0 -1.29480750680309242e+00 3.22596936446852667e-01 1
1 0 4.95007215021917357e-01 3.16144997717915599e-01 1
1 0 1.83275158354822665e-01 3.09822097763557291e-01 1
1 0 6.98060074301970257e-01 3.03625655808286155e-01 1
1 0 -1.62590479333463334e+00 2.97553142692120409e-01 1
2 1 5.00000000000000000e-01 5.00000000000000000e-01 1
2 1 -7.50000000000000000e-01 -7.50000000000000000e-01 1
3 1 8.42034247426547700e-02 8.42034247426547700e-02 1
3 0 8.90526632833670284e-02 8.25193562478016701e-02 1
3 1 7.96678708328135976e-02 7.96678708328135976e-02 1
3 0 1.79304131753859036e-01 7.80745134161573290e-02 1
3 0 1.38047979961280098e-01 7.65130231478341749e-02 1
3 0 3.07512949229277521e-01 7.49827626848774964e-02 1
3 0 3.53303089185664720e-01 7.34831074311799448e-02 1
3 0 2.66505267518688749e-01 7.20134452825563487e-02 1
3 1 4.86017498922486080e-01 4.86017498922486080e-01 1
3 1 3.73786982796617318e-01 3.73786982796617318e-01 1
3 1 5.22117489089527487e-01 5.22117489089527487e-01 1
3 0 5.17824530104402214e-01 5.11675139307736893e-01 1
3 0 6.22329920633054257e-01 5.01441636521582135e-01 1
3 1 5.79666493763547175e-01 5.79666493763547175e-01 1
3 0 6.71462638948816748e-01 5.68073163888276222e-01 1
3 1 6.04042740048122750e-01 6.04042740048122750e-01 1
3 1 7.62381748920290647e-01 7.62381748920290647e-01 1
3 0 8.45911294480317211e-01 7.47134113941884781e-01 1
3 0 7.34277719180382982e-01 7.32191431663047121e-01 1
3 0 9.10422027608588813e-01 7.17547603029786152e-01 1
3 1 7.43708291487347739e-01 7.43708291487347739e-01 1
3 1 8.23927218041039189e-01 8.23927218041039189e-01 1
3 1 8.00225690534358325e-01 8.00225690534358325e-01 1
3 1 9.85802018529653101e-01 9.85802018529653101e-01 1
3 1 9.54829261474974156e-01 9.54829261474974156e-01 1
3 1 8.87647692160192570e-01 8.87647692160192570e-01 1
3 0 9.23303492220940991e-01 8.69894738316988714e-01 1
3 1 9.66693631974831491e-01 9.66693631974831491e-01 1
3 0 9.90326326781429511e-01 9.47359759335334894e-01 1
3 0 9.72992730576823561e-01 9.28412564148628161e-01 1
3 0 1.04091450211624470e+00 9.09844312865655591e-01 1
3 0 1.04318544331667540e+00 8.91647426608342508e-01 1
3 0 9.26300852323469148e-01 8.73814478076175627e-01 1
3 1 1.05348857425981457e+00 1.05348857425981457e+00 1
3 0 1.08021558564172793e+00 1.03241880277461817e+00 1
3 0 9.99934735356792004e-01 1.01177042671912587e+00 1
3 1 1.04447382664879163e+00 1.04447382664879163e+00 1
3 1 9.46249912437916785e-01 9.46249912437916785e-01 1
3 1 9.22440324366840869e-01 9.22440324366840869e-01 1
3 1 9.14062891374618602e-01 9.14062891374618602e-01 1
3 0 9.17608283625902188e-01 8.95781633547126255e-01 1
3 1 9.43128050003647411e-01 9.43128050003647411e-01 1
3 0 9.28653818275708809e-01 9.24265489003574414e-01 1
3 1 8.59841189030525754e-01 8.59841189030525754e-01 1
3 0 7.60263268084231614e-01 8.42644365249915261e-01 1
3 1 8.40847666892523438e-01 8.40847666892523438e-01 1
3 1 7.25961777141641673e-01 7.25961777141641673e-01 1
3 0 6.88304240149122726e-01 7.11442541598808820e-01 1
3 1 6.18340092194302970e-01 6.18340092194302970e-01 1
3 1 6.77338463894782472e-01 6.77338463894782472e-01 1
3 1 6.52683644712884203e-01 6.52683644712884203e-01 1
3 1 5.07490280775973579e-01 5.07490280775973579e-01 1
3 0 5.11406545969915638e-01 4.97340475160454099e-01 1
3 0 5.59115318424704411e-01 4.87393665657245012e-01 1
3 1 3.63693854223582747e-01 3.63693854223582747e-01 1
3 1 3.78156066315560535e-01 3.78156066315560535e-01 1
3 1 3.29744167530751475e-01 3.29744167530751475e-01 1
3 1 1.87517733290932714e-01 1.87517733290932714e-01 1
3 1 2.90772019695302530e-01 2.90772019695302530e-01 1
3 1 2.72936602963146702e-01 2.72936602963146702e-01 1
3 0 1.21809727220894864e-01 2.67477870903883752e-01 1
3 0 3.81039702935396796e-02 2.62128313485806064e-01 1
3 0 1.10883198433116462e-01 2.56885747216089921e-01 1
3 0 -4.44608797906324016e-02 2.51748032271768118e-01 1
3 1 -4.35504523160308021e-02 -4.35504523160308021e-02 1
3 1 -1.33554707139986739e-01 -1.33554707139986739e-01 1
3 0 -6.95251554882379830e-02 -1.30883612997187010e-01 1
3 0 -2.03037091857227403e-01 -1.28265940737243261e-01 1
3 0 -2.93819828080891299e-01 -1.25700621922498396e-01 1
3 1 -2.68100782831848572e-01 -2.68100782831848572e-01 1
3 0 -4.06458220538064685e-01 -2.62738767175211607e-01 1
3 0 -3.32451513248462560e-01 -2.57483991831707393e-01 1
3 1 -4.01354526316454685e-01 -4.01354526316454685e-01 1
3 1 -3.95860225864135107e-01 -3.95860225864135107e-01 1
3 0 -5.65093888271135381e-01 -3.87943021346852379e-01 1
3 0 -5.12258266690447495e-01 -3.80184160919915304e-01 1
3 1 -6.62200640405067653e-01 -6.62200640405067653e-01 1
3 0 -5.50982038610092317e-01 -6.48956627596966262e-01 1
3 1 -7.78233873986835856e-01 -7.78233873986835856e-01 1
3 1 -8.14226632897334435e-01 -8.14226632897334435e-01 1
3 0 -7.49102993999980038e-01 -7.97942100239387719e-01 1
3 0 -8.60250417175701720e-01 -7.81983258234599909e-01 1
3 1 -7.57705225250124403e-01 -7.57705225250124403e-01 1
3 0 -8.49973989513901351e-01 -7.42551120745121862e-01 1
3 0 -8.34445628170068066e-01 -7.27700098330219425e-01 1
3 0 -8.29568861797188695e-01 -7.13146096363615034e-01 1
3 0 -9.48392324555470401e-01 -6.98883174436342736e-01 1
3 1 -1.01710037907507989e+00 -1.01710037907507989e+00 1
3 0 -1.04022430278551825e+00 -9.96758371493578266e-01 1
3 0 -8.83824042872946802e-01 -9.76823204063706707e-01 1
3 1 -9.99701179594877254e-01 -9.99701179594877254e-01 1
3 0 -8.97952680047289231e-01 -9.79707156002979640e-01 1
3 0 -9.25921195391469998e-01 -9.60113012882920058e-01 1
3 1 -9.51979240090439327e-01 -9.51979240090439327e-01 1
3 0 -1.01962798071969085e+00 -9.32939655288630543e-01 1
3 0 -9.52228575838350411e-01 -9.14280862182857867e-01 1
3 0 -9.48458528583153493e-01 -8.95995244939200686e-01 1
3 0 -1.00492117321373065e+00 -8.78075340040416652e-01 1
3 0 -9.25500535338507513e-01 -8.60513833239608283e-01 1
3 0 -1.04444663105251134e+00 -8.43303556574816149e-01 1
3 0 -8.84682094510644057e-01 -8.26437485443319853e-01 1
3 0 -1.01851601327060015e+00 -8.09908735734453433e-01 1
3 1 -9.80098081798023157e-01 -9.80098081798023157e-01 1
3 1 -8.13867845626942032e-01 -8.13867845626942032e-01 1
3 0 -9.20813260338961603e-01 -7.97590488714403190e-01 1
3 1 -8.70860997173159235e-01 -8.70860997173159235e-01 1
3 0 -8.63756626619656798e-01 -8.53443777229695999e-01 1
3 1 -8.58299217680790094e-01 -8.58299217680790094e-01 1
3 1 -6.91519297702605673e-01 -6.91519297702605673e-01 1
3 1 -6.89273969738744219e-01 -6.89273969738744219e-01 1
3 1 -6.48357421520286192e-01 -6.48357421520286192e-01 1
3 1 -6.13322781328656585e-01 -6.13322781328656585e-01 1
3 0 -7.15623544123272670e-01 -6.01056325702083449e-01 1
3 1 -5.31738977688828052e-01 -5.31738977688828052e-01 1
3 0 -5.53486897606757289e-01 -5.21104198135051488e-01 1
3 1 -4.70007230972260381e-01 -4.70007230972260381e-01 1
3 0 -5.52199203473631828e-01 -4.60607086352815165e-01 1
3 0 -4.57030634583801665e-01 -4.51394944625758854e-01 1
3 0 -3.64074244304833039e-01 -4.42367045733243647e-01 1
3 0 -4.03018622437804896e-01 -4.33519704818578766e-01 1
3 0 -2.57318700647105603e-01 -4.24849310722207163e-01 1
3 0 -1.54247408294414662e-01 -4.16352324507762994e-01 1
3 0 -1.63744011023792962e-01 -4.08025278017607740e-01 1
3 0 -1.80035360715708609e-01 -3.99864772457255602e-01 1
3 0 -2.57202818188184273e-02 -3.91867477008110476e-01 1
3 0 -2.46818333735597320e-02 -3.84030127467948235e-01 1
3 0 1.11874407953570593e-01 -3.76349524918589251e-01 1
3 1 -1.82709455400646564e-02 -1.82709455400646564e-02 1
3 0 4.62450088026792605e-02 -1.79055266292633616e-02 1
3 0 1.60960479032918991e-01 -1.75474160966780958e-02 1
3 0 2.78592736961461973e-01 -1.71964677747445324e-02 1
3 0 1.92123923654231976e-01 -1.68525384192496422e-02 1
3 0 2.47626362914225739e-01 -1.65154876508646492e-02 1
3 0 2.85296281527247841e-01 -1.61851778978473575e-02 1
3 0 3.75993253934260696e-01 -1.58614743398904114e-02 1
3 1 5.29545370657892756e-01 5.29545370657892756e-01 1
3 0 4.61316719404723019e-01 5.18954463244734931e-01 1
3 0 5.69588008583479466e-01 5.08575373979840206e-01 1
3 1 5.05677169991248121e-01 5.05677169991248121e-01 1
3 0 5.50904647730025121e-01 4.95563626591423168e-01 1
3 0 7.04584196945472474e-01 4.85652354059594671e-01 1
3 0 6.63011204311357072e-01 4.75939306978402754e-01 1
3 0 7.86274022841398135e-01 4.66420520838834674e-01 1
3 1 8.41727658496505882e-01 8.41727658496505882e-01 1
3 0 7.51536399388080256e-01 8.24893105326575782e-01 1
3 1 7.42691455371137454e-01 7.42691455371137454e-01 1
3 0 9.20013739354138216e-01 7.27837626263714732e-01 1
3 1 8.11662772530673204e-01 8.11662772530673204e-01 1
3 1 8.81509492084956880e-01 8.81509492084956880e-01 1
3 1 8.29891946473383824e-01 8.29891946473383824e-01 1
3 1 1.00223555241836637e+00 1.00223555241836637e+00 1
3 1 9.34946717164012453e-01 9.34946717164012453e-01 1
3 0 9.00285200748472625e-01 9.16247782820732160e-01 1
3 1 8.94114992054264701e-01 8.94114992054264701e-01 1
3 1 1.08305605270162197e+00 1.08305605270162197e+00 1
3 0 1.03562953882194275e+00 1.06139493164758947e+00 1
3 0 9.63629080166805485e-01 1.04016703301463775e+00 1
3 1 1.07396783002058815e+00 1.07396783002058815e+00 1
3 0 1.08361903177302321e+00 1.05248847342017626e+00 1
3 1 9.78004350769040909e-01 9.78004350769040909e-01 1
3 0 1.06584124840385419e+00 9.58444263753660097e-01 1
3 1 9.33475679072609643e-01 9.33475679072609643e-01 1
3 1 9.81811279581297658e-01 9.81811279581297658e-01 1
3 0 9.70075887283979643e-01 9.62175053989671736e-01 1
3 1 9.78970301881175398e-01 9.78970301881175398e-01 1
3 0 8.43647264846278389e-01 9.59390895843551861e-01 1
3 0 9.34161508306622923e-01 9.40203077926680786e-01 1
3 0 8.48298790761241706e-01 9.21399016368147139e-01 1
3 1 8.48151479174864664e-01 8.48151479174864664e-01 1
3 1 7.74167909486430217e-01 7.74167909486430217e-01 1
3 0 8.30847539641054511e-01 7.58684551296701648e-01 1
3 0 8.61097125087914694e-01 7.43510860270767626e-01 1
3 0 7.77635953245670142e-01 7.28640643065352256e-01 1
3 1 6.86248564389141835e-01 6.86248564389141835e-01 1
3 0 7.59225737608044682e-01 6.72523593101359007e-01 1
3 1 6.17321342280405583e-01 6.17321342280405583e-01 1
3 1 6.45886749153957496e-01 6.45886749153957496e-01 1
3 0 5.38060318112142166e-01 6.32969014170878364e-01 1
3 1 5.19899332334326836e-01 5.19899332334326836e-01 1
3 0 4.93303823611231818e-01 5.09501345687640272e-01 1
3 0 4.04776995287731367e-01 4.99311318773887458e-01 1
3 0 4.19538041686814134e-01 4.89325092398409711e-01 1
3 1 2.67107153712002887e-01 2.67107153712002887e-01 1
3 0 3.66860379966882477e-01 2.61765010637762807e-01 1
3 0 1.79246543461847541e-01 2.56529710425007551e-01 1
3 0 1.29692103477809823e-01 2.51399116216507401e-01 1
3 0 5.62145281713768846e-02 2.46371133892177241e-01 1
3 0 5.30537563276834573e-02 2.41443711214333695e-01 1
3 0 1.16201376621613478e-01 2.36614836990047012e-01 1
3 1 6.25913632588535537e-03 6.25913632588535537e-03 1
3 0 -1.20308306638794105e-01 6.13395359936764854e-03 1
3 1 -3.70934252849403623e-02 -3.70934252849403623e-02 1
3 0 -1.49285836019535351e-01 -3.63515567792415534e-02 1
3 1 -1.43340859078784633e-01 -1.43340859078784633e-01 1
3 1 -2.78720172512315623e-01 -2.78720172512315623e-01 1
3 0 -3.30315531768999193e-01 -2.73145769062069332e-01 1
3 0 -3.73000783918418233e-01 -2.67682853680827948e-01 1
3 0 -3.57955388134152841e-01 -2.62329196607211379e-01 1
3 0 -5.23463649500809702e-01 -2.57082612675067157e-01 1
3 1 -4.11413807267972720e-01 -4.11413807267972720e-01 1
3 0 -5.69502257058654648e-01 -4.03185531122613239e-01 1
3 0 -6.61531764759511143e-01 -3.95121820500160981e-01 1
3 1 -7.11242198349836041e-01 -7.11242198349836041e-01 1
3 0 -6.65953655156075519e-01 -6.97017354382839294e-01 1
3 1 -7.11972209885912033e-01 -7.11972209885912033e-01 1
3 1 -6.92855661240334375e-01 -6.92855661240334375e-01 1
3 0 -7.91371458021633445e-01 -6.78998548015527725e-01 1
3 0 -8.89805468586141624e-01 -6.65418577055217120e-01 1
3 0 -8.97134202774674483e-01 -6.52110205514112806e-01 1
3 1 -8.43173744785829404e-01 -8.43173744785829404e-01 1
3 1 -9.64849180480074731e-01 -9.64849180480074731e-01 1
3 1 -9.27063737340653282e-01 -9.27063737340653282e-01 1
3 0 -9.64970318063417265e-01 -9.08522462593840174e-01 1
3 1 -8.87354342408965824e-01 -8.87354342408965824e-01 1
3 0 -8.57408777064995964e-01 -8.69607255560786441e-01 1
3 1 -1.03698920474708567e+00 -1.03698920474708567e+00 1
3 0 -8.82665770767028235e-01 -1.01624942065214396e+00 1
3 0 -9.12709417304039539e-01 -9.95924432239101098e-01 1
3 1 -1.00130258895745605e+00 -1.00130258895745605e+00 1
3 0 -1.05364169961132892e+00 -9.81276537178306874e-01 1
3 0 -9.34994282877370853e-01 -9.61651006434740774e-01 1
3 0 -9.59188882127372633e-01 -9.42417986306045896e-01 1
3 0 -8.95353481025739084e-01 -9.23569626579924918e-01 1
3 0 -1.03826664132861213e+00 -9.05098234048326455e-01 1
3 1 -1.06786831933242166e+00 -1.06786831933242166e+00 1
3 0 -9.53533393537032148e-01 -1.04651095294577323e+00 1
3 0 -8.79470874127879942e-01 -1.02558073388685767e+00 1
3 0 -9.59385489178344653e-01 -1.00506911920912057e+00 1
3 0 -1.00289533771135475e+00 -9.84967736824938100e-01 1
3 1 -9.29811463739259159e-01 -9.29811463739259159e-01 1
3 0 -8.43165966494189734e-01 -9.11215234464473944e-01 1
3 0 -8.71189303466301745e-01 -8.92990929775184461e-01 1
3 1 -8.45903086945588911e-01 -8.45903086945588911e-01 1
3 1 -8.21277478958093554e-01 -8.21277478958093554e-01 1
3 0 -6.98956555549142489e-01 -8.04851929378931685e-01 1
3 1 -7.28924939795861038e-01 -7.28924939795861038e-01 1
3 0 -7.53493875668646229e-01 -7.14346440999943821e-01 1
3 1 -6.39358031484072997e-01 -6.39358031484072997e-01 1
3 1 -5.36241644088611524e-01 -5.36241644088611524e-01 1
3 1 -5.01879073884080373e-01 -5.01879073884080373e-01 1
3 0 -5.57088137302196196e-01 -4.91841492406398739e-01 1
3 1 -4.20063169658929203e-01 -4.20063169658929203e-01 1
3 0 -5.07547227392723066e-01 -4.11661906265750610e-01 1
3 1 -4.85819703841185557e-01 -4.85819703841185557e-01 1
3 0 -3.73491214584138254e-01 -4.76103309764361826e-01 1
3 1 -2.70336176707575482e-01 -2.70336176707575482e-01 1
3 1 -3.34868989785159610e-01 -3.34868989785159610e-01 1
3 0 -1.37327250083565444e-01 -3.28171609989456436e-01 1
3 0 -1.53876116002058777e-01 -3.21608177789667327e-01 1
3 0 -4.34848069548524341e-02 -3.15176014233873980e-01 1
3 1 -1.06455048978985750e-01 -1.06455048978985750e-01 1
3 1 3.02925331743509607e-02 3.02925331743509607e-02 1
3 1 8.64129547524797731e-02 8.64129547524797731e-02 1
3 1 1.72807916748904361e-01 1.72807916748904361e-01 1
3 0 1.51330368949942284e-01 1.69351758413926273e-01 1
3 0 2.46926308776019898e-01 1.65964723245647733e-01 1
3 0 1.73824206993163838e-01 1.62645428780734763e-01 1
3 0 2.92377487745827835e-01 1.59392520205120070e-01 1
3 1 3.93283539484330480e-01 3.93283539484330480e-01 1
3 1 4.58397222351673628e-01 4.58397222351673628e-01 1
3 1 5.10376061985103102e-01 5.10376061985103102e-01 1
3 0 4.43616960939097582e-01 5.00168540745401069e-01 1
3 0 4.08714546756844377e-01 4.90165169930493028e-01 1
3 1 5.67689841871240497e-01 5.67689841871240497e-01 1
3 1 5.73443828806569300e-01 5.73443828806569300e-01 1
3 0 6.26250201749916524e-01 5.61974952230437919e-01 1
3 0 7.17956900350108618e-01 5.50735453185829171e-01 1
3 0 6.27008554941897778e-01 5.39720744122112572e-01 1
3 0 7.89007662427446799e-01 5.28926329239670312e-01 1
3 1 6.89844613357058822e-01 6.89844613357058822e-01 1
3 1 7.21667125972209833e-01 7.21667125972209833e-01 1
3 0 9.31552319192310740e-01 7.07233783452765663e-01 1
3 0 8.14367099709620179e-01 6.93089107783710356e-01 1
3 1 9.78219085200872529e-01 9.78219085200872529e-01 1
3 0 8.53618628302558302e-01 9.58654703496855110e-01 1
3 0 9.09629997447232275e-01 9.39481609426917941e-01 1
3 0 9.45895517858800328e-01 9.20691977238379589e-01 1
3 1 8.96368087294438731e-01 8.96368087294438731e-01 1
3 1 1.03485444046287167e+00 1.03485444046287167e+00 1
3 1 1.02821570400680207e+00 1.02821570400680207e+00 1
3 0 9.71065169071066769e-01 1.00765138992666592e+00 1
3 0 1.04051244242204155e+00 9.87498362128132579e-01 1
3 0 9.71902725485677577e-01 9.67748394885569962e-01 1
3 1 9.56944968519713002e-01 9.56944968519713002e-01 1
3 1 1.02508982491352940e+00 1.02508982491352940e+00 1
3 0 1.04839958306336456e+00 1.00458802841525885e+00 1
3 0 1.03309021988754424e+00 9.84496267846953654e-01 1
3 0 1.04783563096912613e+00 9.64806342490014512e-01 1
3 0 1.00022891898435851e+00 9.45510215640214202e-01 1
3 0 8.92068874791346667e-01 9.26600011327409878e-01 1
3 1 9.98865028310405134e-01 9.98865028310405134e-01 1
3 0 9.18091968679096704e-01 9.78887727744196967e-01 1
3 0 8.31213548231638510e-01 9.59309973189312992e-01 1
3 0 8.72025211056567051e-01 9.40123773725526690e-01 1
3 1 7.71532297164298941e-01 7.71532297164298941e-01 1
3 1 7.55895800002876928e-01 7.55895800002876928e-01 1
3 0 7.83907113785017096e-01 7.40777884002819409e-01 1
3 1 7.55275540082975705e-01 7.55275540082975705e-01 1
3 0 7.80315325297516571e-01 7.40170029281316144e-01 1
3 1 6.84194473314266527e-01 6.84194473314266527e-01 1
3 1 5.96531442124228928e-01 5.96531442124228928e-01 1
3 0 5.16139624662705909e-01 5.84600813281744291e-01 1
3 0 6.56728381208209311e-01 5.72908797016109417e-01 1
3 0 5.60700939675163657e-01 5.61450621075787248e-01 1
3 0 5.76792721364616900e-01 5.50221608654271499e-01 1
3 1 5.31308245608958174e-01 5.31308245608958174e-01 1
3 0 3.95572783019705720e-01 5.20682080696779015e-01 1
3 1 3.56943974955174159e-01 3.56943974955174159e-01 1
3 0 4.02364182446626417e-01 3.49805095456070692e-01 1
3 1 2.98745285971730834e-01 2.98745285971730834e-01 1
3 0 2.26697425882342485e-01 2.92770380252296236e-01 1
3 1 2.38579903319503489e-01 2.38579903319503489e-01 1
3 1 1.79375393137643724e-01 1.79375393137643724e-01 1
3 0 6.42230969882692376e-02 1.75787885274890837e-01 1
3 1 -3.75540146162972460e-02 -3.75540146162972460e-02 1
3 1 -1.04864939313864605e-01 -1.04864939313864605e-01 1
3 1 -7.71225208579067456e-02 -7.71225208579067456e-02 1
3 0 -2.32102841292362388e-01 -7.55800704407486035e-02 1
3 0 -2.68871486106000868e-01 -7.40684690319336342e-02 1
3 0 -3.37549931128073299e-01 -7.25870996512949646e-02 1
3 1 -2.02431899005789284e-01 -2.02431899005789284e-01 1
3 0 -4.24812290967211958e-01 -1.98383261025673496e-01 1
3 1 -2.99238198047829529e-01 -2.99238198047829529e-01 1
3 1 -4.36184329767077383e-01 -4.36184329767077383e-01 1
3 1 -5.13206971832722347e-01 -5.13206971832722347e-01 1
3 0 -5.88107773971374370e-01 -5.02942832396067852e-01 1
3 1 -4.63021989302955683e-01 -4.63021989302955683e-01 1
3 0 -5.79370663089511018e-01 -4.53761549516896567e-01 1
3 1 -7.11562471019867249e-01 -7.11562471019867249e-01 1
3 0 -6.52859384083361749e-01 -6.97331221599469919e-01 1
3 1 -6.19012614829738128e-01 -6.19012614829738128e-01 1
3 1 -7.92206339120209657e-01 -7.92206339120209657e-01 1
3 0 -6.95517190894330284e-01 -7.76362212337805446e-01 1
3 1 -8.06673288987536541e-01 -8.06673288987536541e-01 1
3 1 -8.43752827715392728e-01 -8.43752827715392728e-01 1
3 0 -7.75317023716500020e-01 -8.26877771161084851e-01 1
3 1 -8.15414505530018263e-01 -8.15414505530018263e-01 1
3 0 -9.48852135287889253e-01 -7.99106215419417842e-01 1
3 0 -9.72978980791556647e-01 -7.83124091111029430e-01 1
3 0 -8.66381795309606462e-01 -7.67461609288808799e-01 1
3 0 -9.79834762687069039e-01 -7.52112377103032581e-01 1
3 0 -9.33011591438230425e-01 -7.37070129560971954e-01 1
3 0 -1.07375140953571435e+00 -7.22328726969752477e-01 1
3 0 -9.31125711932081157e-01 -7.07882152430357459e-01 1
3 0 -9.16322065881350012e-01 -6.93724509381750343e-01 1
3 0 -9.71525576233400079e-01 -6.79850019194115363e-01 1
3 1 -9.98315562390633127e-01 -9.98315562390633127e-01 1
3 1 -1.05286305803486302e+00 -1.05286305803486302e+00 1
3 0 -1.00432432052384213e+00 -1.03180579687416585e+00 1
3 0 -9.07892829422923153e-01 -1.01116968093668258e+00 1
3 0 -1.06670987317021604e+00 -9.90946287317948871e-01 1
3 0 -9.57035392182801758e-01 -9.71127361571589853e-01 1
3 1 -8.95881378031766040e-01 -8.95881378031766040e-01 1
3 0 -8.62099573123509488e-01 -8.77963750471130733e-01 1
3 1 -9.75099285577295638e-01 -9.75099285577295638e-01 1
3 1 -8.87521413886892208e-01 -8.87521413886892208e-01 1
3 1 -8.64405372683820672e-01 -8.64405372683820672e-01 1
3 1 -9.28806710229240995e-01 -9.28806710229240995e-01 1
3 0 -8.04818571409448569e-01 -9.10230576024656179e-01 1
3 0 -7.79072416510745547e-01 -8.92025964504163049e-01 1
3 0 -7.29104613279579872e-01 -8.74185445214079815e-01 1
3 0 -6.29193244640850469e-01 -8.56701736309798179e-01 1
3 1 -5.85859371296179043e-01 -5.85859371296179043e-01 1
3 0 -5.54052399980630050e-01 -5.74142183870255507e-01 1
3 1 -5.96934424468301916e-01 -5.96934424468301916e-01 1
3 1 -5.00675857715505268e-01 -5.00675857715505268e-01 1
3 0 -4.50354734101849952e-01 -4.90662340561195176e-01 1
3 1 -5.64401392024850290e-01 -5.64401392024850290e-01 1
3 0 -4.93258849529689569e-01 -5.53113364184353307e-01 1
3 0 -3.70563641143686451e-01 -5.42051096900666218e-01 1
3 0 -3.01094856614046225e-01 -5.31210074962652934e-01 1
3 1 -3.17930087990831556e-01 -3.17930087990831556e-01 1
3 1 -2.06326111280881547e-01 -2.06326111280881547e-01 1
3 0 -1.00133201887715018e-01 -2.02199589055263917e-01 1
3 0 -1.79001869372467814e-01 -1.98155597274158629e-01 1
3 1 -1.10970292785560920e-01 -1.10970292785560920e-01 1
3 0 -1.19265212990350630e-02 -1.08750886929849702e-01 1
3 1 -6.01207528108964467e-02 -6.01207528108964467e-02 1
3 0 1.07487637645465331e-01 -5.89183377546785153e-02 1
3 0 2.78597896215504459e-02 -5.77399709995849442e-02 1
3 0 1.39593220590927297e-01 -5.65851715795932450e-02 1
3 0 2.35920619430477124e-01 -5.54534681480013808e-02 1
3 0 2.69177638910120365e-01 -5.43443987850413535e-02 1
3 0 2.00265586444446586e-01 -5.32575108093405261e-02 1
3 0 4.43269133603756471e-01 -5.21923605931537138e-02 1
3 0 3.39945163907256931e-01 -5.11485133812906376e-02 1
3 0 5.18102977309607082e-01 -5.01255431136648222e-02 1
3 0 4.89782001722177673e-01 -4.91230322513915227e-02 1
3 1 6.22519572046105862e-01 6.22519572046105862e-01 1
3 1 6.05239215500221750e-01 6.05239215500221750e-01 1
3 0 7.00529442585301032e-01 5.93134431190217359e-01 1
3 0 6.31360058781865630e-01 5.81271742566413008e-01 1
3 0 7.53472856672877445e-01 5.69646307715084732e-01 1
3 0 6.92642378585900720e-01 5.58253381560783080e-01 1
3 1 7.16421512427030116e-01 7.16421512427030116e-01 1
3 0 7.66858571719487458e-01 7.02093082178489536e-01 1
3 0 7.13860091168932898e-01 6.88051220534919739e-01 1
3 0 8.27827789892353061e-01 6.74290196124221364e-01 1
3 0 9.66779990469225692e-01 6.60804392201736923e-01 1
3 0 9.37264395962674857e-01 6.47588304357702205e-01 1
3 1 9.52586851930536604e-01 9.52586851930536604e-01 1
3 1 9.95245385279532879e-01 9.95245385279532879e-01 1
3 0 8.95366641060240109e-01 9.75340477573942155e-01 1
3 1 9.41443492944085025e-01 9.41443492944085025e-01 1
3 1 1.00874218198587862e+00 1.00874218198587862e+00 1
3 0 8.92312276291950202e-01 9.88567338346161062e-01 1
3 1 9.83422630416557420e-01 9.83422630416557420e-01 1
3 0 1.08270304292787145e+00 9.63754177808226253e-01 1
3 0 1.09268208295899716e+00 9.44479094252061668e-01 1
3 1 9.40777944922818854e-01 9.40777944922818854e-01 1
3 1 9.48088560402973957e-01 9.48088560402973957e-01 1
3 1 9.99614223329889029e-01 9.99614223329889029e-01 1
3 0 9.54539395268832136e-01 9.79621938863291186e-01 1
3 1 9.68112014962992484e-01 9.68112014962992484e-01 1
3 0 9.62451132921271824e-01 9.48749774663732670e-01 1
3 0 9.07729331329583222e-01 9.29774779170458032e-01 1
3 0 9.54704394076293039e-01 9.11179283587048805e-01 1
3 0 9.76531384906858535e-01 8.92955697915307822e-01 1
3 1 8.28372767459646164e-01 8.28372767459646164e-01 1
3 1 9.17869144548581262e-01 9.17869144548581262e-01 1
3 0 8.35367222639974316e-01 8.99511761657609599e-01 1
3 1 8.68340946841035799e-01 8.68340946841035799e-01 1
3 0 6.80591362231815822e-01 8.50974127904215116e-01 1
3 0 7.42216596161341391e-01 8.33954645346130841e-01 1
3 1 6.17017781858233194e-01 6.17017781858233194e-01 1
3 0 7.35295941512127627e-01 6.04677426221068570e-01 1
3 0 7.11226572118983880e-01 5.92583877696647221e-01 1
3 1 6.71977506840606420e-01 6.71977506840606420e-01 1
3 1 4.94584424093258368e-01 4.94584424093258368e-01 1
3 1 4.81179922281030348e-01 4.81179922281030348e-01 1
3 0 4.72536268635940893e-01 4.71556323835409741e-01 1
3 0 4.89316255165698377e-01 4.62125197358701556e-01 1
3 0 3.43531922182220339e-01 4.52882693411527537e-01 1
3 1 3.51047727562785739e-01 3.51047727562785739e-01 1
3 0 3.72117931269201563e-01 3.44026773011530007e-01 1
3 1 2.12174312265198700e-01 2.12174312265198700e-01 1
3 0 1.89158218144063139e-01 2.07930826019894710e-01 1
3 0 2.28195849772615700e-01 2.03772209499496815e-01 1
3 1 1.30312127645703102e-01 1.30312127645703102e-01 1
3 1 7.16986828482354954e-02 7.16986828482354954e-02 1
3 1 -8.07595219074963844e-02 -8.07595219074963844e-02 1
3 0 -2.77476760999173511e-02 -7.91443314693464489e-02 1
3 0 -1.22708133993972318e-01 -7.75614448399595119e-02 1
3 1 -2.45558194327840956e-01 -2.45558194327840956e-01 1
3 0 -1.48738561346122011e-01 -2.40647030441284132e-01 1
3 0 -3.40293586117869196e-01 -2.35834089832458432e-01 1
3 1 -3.10559542030319435e-01 -3.10559542030319435e-01 1
3 1 -3.28597747744101887e-01 -3.28597747744101887e-01 1
3 1 -3.41967610225382412e-01 -3.41967610225382412e-01 1
3 1 -4.43190985531039028e-01 -4.43190985531039028e-01 1
3 0 -5.40599687749901747e-01 -4.34327165820418248e-01 1
3 1 -5.92056170838298979e-01 -5.92056170838298979e-01 1
3 1 -5.83481358002147399e-01 -5.83481358002147399e-01 1
3 1 -5.80263739735387030e-01 -5.80263739735387030e-01 1
3 0 -6.49986584871170781e-01 -5.68658464940679287e-01 1
3 1 -6.86129567944198215e-01 -6.86129567944198215e-01 1
3 1 -6.55268047814089427e-01 -6.55268047814089427e-01 1
3 1 -8.00620425942418446e-01 -8.00620425942418446e-01 1
3 0 -7.72462814640776152e-01 -7.84608017423570114e-01 1
3 1 -9.11543575340069578e-01 -9.11543575340069578e-01 1
3 1 -7.78792193155488088e-01 -7.78792193155488088e-01 1
3 1 -8.32820154456877515e-01 -8.32820154456877515e-01 1
3 1 -8.43688182231494443e-01 -8.43688182231494443e-01 1
3 1 -9.90355829409904409e-01 -9.90355829409904409e-01 1
3 1 -8.44980824087955051e-01 -8.44980824087955051e-01 1
3 1 -9.56282843745943412e-01 -9.56282843745943412e-01 1
3 0 -9.30746585641467616e-01 -9.37157186871024561e-01 1
3 1 -9.45014584257485413e-01 -9.45014584257485413e-01 1
3 1 -1.04262794711191686e+00 -1.04262794711191686e+00 1
3 1 -1.07099219878723884e+00 -1.07099219878723884e+00 1
3 0 -9.46938796328163690e-01 -1.04957235481149413e+00 1
3 0 -9.72349869161390434e-01 -1.02858090771526434e+00 1
3 0 -9.16624485686824864e-01 -1.00800928956095892e+00 1
3 1 -9.11451158934224015e-01 -9.11451158934224015e-01 1
3 0 -9.82407671243685998e-01 -8.93222135755539548e-01 1
3 0 -9.58871658599177890e-01 -8.75357693040428764e-01 1
3 0 -9.35787763259825156e-01 -8.57850539179620175e-01 1
3 0 -9.23341167663124907e-01 -8.40693528396027734e-01 1
3 0 -1.00568655571214682e+00 -8.23879657828107126e-01 1
3 1 -9.60345273890128470e-01 -9.60345273890128470e-01 1
3 0 -9.78827780396122948e-01 -9.41138368412325899e-01 1
3 0 -8.88818628709299396e-01 -9.22315601044079392e-01 1
3 0 -8.74239917633449437e-01 -9.03869289023197742e-01 1
3 0 -9.03055336716974910e-01 -8.85791903242733825e-01 1
3 1 -7.32879805321487332e-01 -7.32879805321487332e-01 1
3 0 -8.23675452826747367e-01 -7.18222209215057528e-01 1
3 0 -6.87200638025985855e-01 -7.03857765030756366e-01 1
3 1 -6.68654868519148571e-01 -6.68654868519148571e-01 1
3 0 -5.78801070033444387e-01 -6.55281771148765624e-01 1
3 0 -5.75887032043913449e-01 -6.42176135725790354e-01 1
3 1 -5.27851840502253755e-01 -5.27851840502253755e-01 1
3 1 -5.94515708884610916e-01 -5.94515708884610916e-01 1
3 0 -5.09031124849290695e-01 -5.82625394706918653e-01 1
3 0 -3.87082617888450442e-01 -5.70972886812780245e-01 1
3 0 -4.59725484238770743e-01 -5.59553429076524611e-01 1
3 0 -2.75168039987292556e-01 -5.48362360494994094e-01 1
3 0 -3.82488630940802543e-01 -5.37395113285094150e-01 1
3 0 -2.66926131718135284e-01 -5.26647211019392270e-01 1
3 1 -1.81919406582022936e-01 -1.81919406582022936e-01 1
3 1 -2.47737907087715009e-01 -2.47737907087715009e-01 1
3 0 -1.64651396016942564e-01 -2.42783148945960703e-01 1
3 1 -2.62459232204134280e-02 -2.62459232204134280e-02 1
3 0 -4.45828505705589961e-02 -2.57210047560051600e-02 1
3 0 -8.08848649368248823e-02 -2.52065846608850556e-02 1
3 1 1.47867229641053838e-01 1.47867229641053838e-01 1
3 0 1.60565622346531406e-01 1.44909885048232767e-01 1
3 0 1.47310405869366057e-01 1.42011687347268101e-01 1
3 1 2.61319092283956222e-01 2.61319092283956222e-01 1
3 0 1.80614865212257281e-01 2.56092710438277082e-01 1
3 1 2.25808451277476452e-01 2.25808451277476452e-01 1
3 0 3.55594866883250316e-01 2.21292282251926931e-01 1
3 1 4.05648254565434740e-01 4.05648254565434740e-01 1
3 0 5.04086705768987620e-01 3.97535289474126030e-01 1
3 0 5.22410424342040103e-01 3.89584583684643493e-01 1
3 1 5.46265040135491597e-01 5.46265040135491597e-01 1
3 0 6.66447630008412339e-01 5.35339739332781783e-01 1
3 1 5.23630279848971925e-01 5.23630279848971925e-01 1
3 1 5.72070710648662106e-01 5.72070710648662106e-01 1
3 1 7.22034921662860429e-01 7.22034921662860429e-01 1
3 0 7.90741801573111802e-01 7.07594223229603192e-01 1
3 1 7.45645036573541864e-01 7.45645036573541864e-01 1
3 0 7.61383376338852891e-01 7.30732135842070973e-01 1
3 1 7.57806819773458762e-01 7.57806819773458762e-01 1
3 1 7.70283211153824032e-01 7.70283211153824032e-01 1
3 0 9.20468134478102273e-01 7.54877546930747489e-01 1
3 0 8.11118524201139057e-01 7.39779995992132511e-01 1
3 1 9.50297764602913153e-01 9.50297764602913153e-01 1
3 0 9.18669897069271268e-01 9.31291809310854868e-01 1
3 1 9.33767402838524774e-01 9.33767402838524774e-01 1
3 1 9.08544247220168466e-01 9.08544247220168466e-01 1
3 1 9.08241795688674358e-01 9.08241795688674358e-01 1
3 0 1.01857647161514175e+00 8.90076959774900867e-01 1
3 0 9.79553557668354724e-01 8.72275420579402883e-01 1
3 0 9.71787132901293482e-01 8.54829912167814787e-01 1
3 0 1.05802270585604874e+00 8.37733313924458489e-01 1
3 0 9.29900330896502925e-01 8.20978647645969284e-01 1
3 1 1.02614765415122067e+00 1.02614765415122067e+00 1
3 0 9.96853863089074643e-01 1.00562470106819624e+00 1
3 1 9.38064656886040238e-01 9.38064656886040238e-01 1
3 0 1.04999096616751109e+00 9.19303363748319446e-01 1
3 0 8.73867209780114895e-01 9.00917296473353058e-01 1
3 0 8.78140484894266771e-01 8.82898950543886007e-01 1
3 0 9.42212102176013366e-01 8.65240971533008274e-01 1
3 0 9.19272850770818772e-01 8.47936152102348073e-01 1
3 0 8.97542231622242781e-01 8.30977429060301143e-01 1
3 1 7.92190090490161869e-01 7.92190090490161869e-01 1
3 0 7.41835309549524036e-01 7.76346288680358598e-01 1
3 1 8.23193189513671597e-01 8.23193189513671597e-01 1
3 0 8.62057681145426358e-01 8.06729325723398172e-01 1
3 0 6.62554334220091357e-01 7.90594739208930197e-01 1
3 0 7.35281357402627789e-01 7.74782844424751538e-01 1
3 1 7.28413134792752048e-01 7.28413134792752048e-01 1
3 1 6.53715336358288046e-01 6.53715336358288046e-01 1
3 0 6.54683534858282457e-01 6.40641029631122239e-01 1
3 0 5.01751314589154562e-01 6.27828209038499785e-01 1
3 0 5.78990306389600251e-01 6.15271644857729783e-01 1
3 0 3.97461900081462705e-01 6.02966211960575205e-01 1
3 1 3.26105213736373079e-01 3.26105213736373079e-01 1
3 0 3.41346949948934608e-01 3.19583109461645587e-01 1
3 0 2.30731665525393370e-01 3.13191447272412660e-01 1
3 0 2.02103954219244097e-01 3.06927618326964413e-01 1
3 1 2.76876917741747941e-01 2.76876917741747941e-01 1
3 0 1.85018918181934028e-01 2.71339379386912993e-01 1
3 1 3.89497442883401102e-02 3.89497442883401102e-02 1
3 1 5.09774067415295490e-02 5.09774067415295490e-02 1
3 0 6.75907052070410241e-02 4.99578586066989558e-02 1
3 0 -1.54525153328770176e-02 4.89587014345649746e-02 1
3 0 -2.64263636396086798e-02 4.79795274058736759e-02 1
3 0 -1.68242685492587279e-01 4.70199368577562046e-02 1
3 1 -2.17546780872517859e-01 -2.17546780872517859e-01 1
3 1 -1.58767355959071210e-01 -1.58767355959071210e-01 1
3 0 -3.62857191566876847e-01 -1.55592008839889773e-01 1
3 0 -3.51848083973723524e-01 -1.52480168663091969e-01 1
3 0 -2.83942084575611431e-01 -1.49430565289830120e-01 1
3 0 -4.00439899261227250e-01 -1.46441953984033507e-01 1
3 1 -3.76387260026387949e-01 -3.76387260026387949e-01 1
3 1 -4.97452514938218793e-01 -4.97452514938218793e-01 1
3 1 -6.30507094483148345e-01 -6.30507094483148345e-01 1
3 0 -5.49541720201286110e-01 -6.17896952593485316e-01 1
3 0 -6.88594759791694822e-01 -6.05539013541615545e-01 1
3 1 -7.03300602182288848e-01 -7.03300602182288848e-01 1
3 0 -7.53593504292834337e-01 -6.89234590138643077e-01 1
3 0 -6.64454107417087658e-01 -6.75449898335870214e-01 1
3 1 -7.87150942570077450e-01 -7.87150942570077450e-01 1
3 1 -7.81880421296146877e-01 -7.81880421296146877e-01 1
3 1 -7.35762904894313952e-01 -7.35762904894313952e-01 1
3 1 -7.82719771469317815e-01 -7.82719771469317815e-01 1
3 0 -8.80398615196360090e-01 -7.67065376039931412e-01 1
3 0 -8.56752202220762871e-01 -7.51724068519132760e-01 1
3 0 -9.76559909330204312e-01 -7.36689587148750102e-01 1
3 0 -1.02600276576998706e+00 -7.21955795405775036e-01 1
3 1 -9.64094634790844118e-01 -9.64094634790844118e-01 1
3 0 -8.96770084400320466e-01 -9.44812742095027192e-01 1
3 1 -9.37179688783729703e-01 -9.37179688783729703e-01 1
3 0 -9.52143259258708241e-01 -9.18436095008055120e-01 1
3 0 -1.00541934273286548e+00 -9.00067373107893975e-01 1
3 0 -9.76494107802927225e-01 -8.82066025645736107e-01 1
3 0 -1.00810327940513722e+00 -8.64424705132821325e-01 1
3 0 -9.96868335196121502e-01 -8.47136211030164898e-01 1
3 0 -1.08587391287687041e+00 -8.30193486809561620e-01 1
3 0 -1.05119293311158635e+00 -8.13589617073370408e-01 1
3 1 -8.99376151927254841e-01 -8.99376151927254841e-01 1
3 0 -9.07485575614913831e-01 -8.81388628888709724e-01 1
3 0 -1.02342934370778793e+00 -8.63760856310935465e-01 1
3 1 -1.01242331463148405e+00 -1.01242331463148405e+00 1
3 0 -9.68733350454227260e-01 -9.92174848338854387e-01 1
3 0 -8.18402634771771442e-01 -9.72331351372077268e-01 1
3 0 -9.44255447110862622e-01 -9.52884724344635670e-01 1
3 0 -7.77700960591904300e-01 -9.33827029857742907e-01 1
3 0 -8.14353576065276141e-01 -9.15150489260588063e-01 1
3 0 -8.70179395179997206e-01 -8.96847479475376241e-01 1
3 1 -7.15503246339783350e-01 -7.15503246339783350e-01 1
3 0 -8.01751400511617196e-01 -7.01193181412987698e-01 1
3 0 -6.24328811159485575e-01 -6.87169317784727895e-01 1
3 1 -6.30997504063316561e-01 -6.30997504063316561e-01 1
3 1 -5.53262008393121008e-01 -5.53262008393121008e-01 1
3 1 -4.98194982019527777e-01 -4.98194982019527777e-01 1
3 0 -5.84099465149589880e-01 -4.88231082379137205e-01 1
3 0 -4.80723011932121524e-01 -4.78466460731554466e-01 1
3 0 -3.81694101273003294e-01 -4.68897131516923360e-01 1
3 1 -3.26779538181967366e-01 -3.26779538181967366e-01 1
3 0 -3.95980292714694704e-01 -3.20243947418328012e-01 1
3 0 -2.84482479819106571e-01 -3.13839068469961457e-01 1
3 0 -3.28572529977021299e-01 -3.07562287100562215e-01 1
3 0 -1.64366446045960291e-01 -3.01411041358550957e-01 1
3 0 -1.68190062434525389e-01 -2.95382820531379930e-01 1
3 0 -2.12632195133134250e-01 -2.89475164120752304e-01 1
3 1 -2.99033618811819432e-02 -2.99033618811819432e-02 1
3 0 3.83774052244799241e-02 -2.93052946435583030e-02 1
3 1 -2.33292202565374418e-03 -2.33292202565374418e-03 1
3 0 7.89722722748915085e-02 -2.28626358514066918e-03 1
3 0 1.69075923104724191e-01 -2.24053831343785578e-03 1
3 0 2.56817719122594212e-01 -2.19572754716909884e-03 1
3 0 2.90390886933049597e-01 -2.15181299622571685e-03 1
3 0 2.21230199255610160e-01 -2.10877673630120244e-03 1
3 0 4.09590094205619981e-01 -2.06660120157517837e-03 1
3 1 3.44280727400543773e-01 3.44280727400543773e-01 1
3 1 4.54606420191101757e-01 4.54606420191101757e-01 1
3 0 4.02287567150958203e-01 4.45514291787279693e-01 1
3 1 4.40396321320320361e-01 4.40396321320320361e-01 1
3 0 4.93352854671485874e-01 4.31588394893913929e-01 1
3 0 6.82047717814842303e-01 4.22956626996035645e-01 1
3 0 7.19490521972959041e-01 4.14497494456114945e-01 1
3 0 6.69761849493024308e-01 4.06207544566992651e-01 1
3 0 6.34064256697030926e-01 3.98083393675652764e-01 1
3 0 8.26803001052623165e-01 3.90121725802139718e-01 1
3 1 7.15519663905949677e-01 7.15519663905949677e-01 1
3 1 8.43860212243458752e-01 8.43860212243458752e-01 1
3 1 7.32823676632557874e-01 7.32823676632557874e-01 1
3 0 8.08613071850842635e-01 7.18167203099906670e-01 1
3 0 9.27536038749499969e-01 7.03803859037908541e-01 1
3 0 8.08216258759577255e-01 6.89727781857150335e-01 1
3 1 8.96090851148775625e-01 8.96090851148775625e-01 1
3 0 1.00706974088555379e+00 8.78169034125800052e-01 1
3 0 1.03918705592362226e+00 8.60605653443283991e-01 1
3 0 9.19538382731364679e-01 8.43393540374418271e-01 1
3 0 1.01725552186797219e+00 8.26525669566929855e-01 1
3 0 9.45041974599762691e-01 8.09995156175591258e-01 1
3 1 1.08512881781882253e+00 1.08512881781882253e+00 1
3 0 9.98001321703460120e-01 1.06342624146244602e+00 1
3 1 9.50670379512054908e-01 9.50670379512054908e-01 1
3 1 1.04680775419048233e+00 1.04680775419048233e+00 1
3 0 9.63015614870467718e-01 1.02587159910667269e+00 1
3 1 1.00047164651115272e+00 1.00047164651115272e+00 1
3 1 1.04530372763477164e+00 1.04530372763477164e+00 1
3 0 9.45035901310129378e-01 1.02439765308207620e+00 1
3 0 9.30895097959814510e-01 1.00390970002043467e+00 1
3 0 8.95149864857716748e-01 9.83831506020026003e-01 1
3 0 9.40916546612159399e-01 9.64154875899625452e-01 1
3 0 8.26535888701774524e-01 9.44871778381632943e-01 1
3 1 8.79413867065250154e-01 8.79413867065250154e-01 1
3 0 8.79937296831843629e-01 8.61825589723945185e-01 1
3 1 8.24061958845303200e-01 8.24061958845303200e-01 1
3 0 8.65913689855594360e-01 8.07580719668397173e-01 1
3 0 7.56598413029135997e-01 7.91429105275029188e-01 1
3 1 7.33862014933465812e-01 7.33862014933465812e-01 1
3 1 7.41917374098397420e-01 7.41917374098397420e-01 1
3 0 7.11380771405061840e-01 7.27079026616429425e-01 1
3 1 6.90916719427315140e-01 6.90916719427315140e-01 1
3 1 6.42218464494287433e-01 6.42218464494287433e-01 1
3 1 4.59151652824713319e-01 4.59151652824713319e-01 1
3 1 4.68345710335074494e-01 4.68345710335074494e-01 1
3 0 3.62043105460524428e-01 4.58978796128373001e-01 1
3 1 3.61515657016233005e-01 3.61515657016233005e-01 1
3 0 3.04334252362870705e-01 3.54285343875908321e-01 1
3 1 2.30870356247438457e-01 2.30870356247438457e-01 1
3 1 3.48537761240009680e-01 3.48537761240009680e-01 1
3 0 1.17631530555719385e-01 3.41567006015209507e-01 1
3 0 1.34051933979463744e-01 3.34735665894905332e-01 1
3 0 1.08999353177056654e-01 3.28040952577007217e-01 1
3 1 6.43775114168730206e-02 6.43775114168730206e-02 1
3 1 9.19969675948856119e-02 9.19969675948856119e-02 1
3 1 -9.54631628460232001e-02 -9.54631628460232001e-02 1
3 1 -1.67977893695252123e-01 -1.67977893695252123e-01 1
3 1 -1.24250592728360684e-01 -1.24250592728360684e-01 1
3 0 -1.51334976727247827e-01 -1.21765580873793466e-01 1
3 1 -3.27315180570368736e-01 -3.27315180570368736e-01 1
3 1 -2.30486504792868974e-01 -2.30486504792868974e-01 1
3 0 -3.24798143875781931e-01 -2.25876774697011590e-01 1
3 0 -4.13998683325754568e-01 -2.21359239203071351e-01 1
3 0 -5.05501291915555151e-01 -2.16932054419009923e-01 1
3 1 -4.52084185143045270e-01 -4.52084185143045270e-01 1
3 0 -5.76234145594088032e-01 -4.43042501440184366e-01 1
3 0 -5.59947103939840041e-01 -4.34181651411380654e-01 1
3 0 -5.65864923331245384e-01 -4.25498018383153043e-01 1
3 1 -7.28053586658907959e-01 -7.28053586658907959e-01 1
3 0 -7.32714485578070840e-01 -7.13492514925729737e-01 1
3 0 -6.47402745791450518e-01 -6.99222664627215162e-01 1
3 0 -7.06723416714394537e-01 -6.85238211334670888e-01 1
3 0 -7.84120692635976724e-01 -6.71533447107977466e-01 1
3 0 -8.83316456763315716e-01 -6.58102778165817859e-01 1
3 0 -9.19091906157338823e-01 -6.44940722602501459e-01 1
3 0 -7.71023852132394216e-01 -6.32041908150451470e-01 1
3 1 -9.42126936071971399e-01 -9.42126936071971399e-01 1
3 0 -1.00307759714879174e+00 -9.23284397350531916e-01 1
3 0 -9.35233472949264177e-01 -9.04818709403521271e-01 1
3 0 -9.25995825108317128e-01 -8.86722335215450852e-01 1
3 0 -1.01205881719471225e+00 -8.68987888511141837e-01 1
3 0 -1.02927452062031111e+00 -8.51608130740919012e-01 1
3 0 -1.07380643182888402e+00 -8.34575968126100576e-01 1
3 0 -9.26873821428741529e-01 -8.17884448763578575e-01 1
3 1 -1.09405995056831151e+00 -1.09405995056831151e+00 1
3 0 -1.07442729654643743e+00 -1.07217875155694520e+00 1
3 0 -1.05125026107048170e+00 -1.05073517652580617e+00 1
3 0 -9.08377027414441929e-01 -1.02972047299529001e+00 1
3 0 -9.46155639760462797e-01 -1.00912606353538425e+00 1
3 0 -9.73498697843159788e-01 -9.88943542264676512e-01 1
3 1 -1.01369596257742556e+00 -1.01369596257742556e+00 1
3 0 -9.96103166125174133e-01 -9.93422043325877024e-01 1
3 0 -9.88064153296069225e-01 -9.73553602459359513e-01 1
3 0 -8.51388544039356154e-01 -9.54082530410172325e-01 1
3 0 -8.41010135059363839e-01 -9.35000879801968887e-01 1
3 0 -8.54306602434443896e-01 -9.16300862205929545e-01 1
3 1 -9.58853179155870539e-01 -9.58853179155870539e-01 1
3 1 -8.26047827716184568e-01 -8.26047827716184568e-01 1
3 0 -7.92312249105217248e-01 -8.09526871161860839e-01 1
3 1 -7.30173566000114183e-01 -7.30173566000114183e-01 1
3 1 -7.51637093422087066e-01 -7.51637093422087066e-01 1
3 1 -7.52535271024149410e-01 -7.52535271024149410e-01 1
3 0 -7.18021107925767454e-01 -7.37484565603666375e-01 1
3 1 -5.65755871523186515e-01 -5.65755871523186515e-01 1
3 0 -6.43828351968524948e-01 -5.54440754092722754e-01 1
3 0 -4.84446078234736233e-01 -5.43351939010868312e-01 1
3 0 -5.39098710188824715e-01 -5.32484900230650982e-01 1
3 0 -5.14051373367231501e-01 -5.21835202226037964e-01 1
3 1 -4.85269854835448045e-01 -4.85269854835448045e-01 1
3 1 -4.32953718896041007e-01 -4.32953718896041007e-01 1
3 0 -3.30476065120774765e-01 -4.24294644518120156e-01 1
3 0 -3.64311842617940362e-01 -4.15808751627757767e-01 1
3 1 -2.12251732075871030e-01 -2.12251732075871030e-01 1
3 1 -1.09902161153413766e-01 -1.09902161153413766e-01 1
3 0 -2.43270608811751415e-01 -1.07704117930345483e-01 1
3 0 -5.08985475193814707e-02 -1.05550035571738574e-01 1
3 0 -1.30320259042965014e-01 -1.03439034860303800e-01 1
3 1 3.60057830087639821e-02 3.60057830087639821e-02 1
3 0 9.45003393794926760e-02 3.52856673485886993e-02 1
3 0 1.57775081230186631e-01 3.45799540016169249e-02 1
3 1 1.25172717517113952e-01 1.25172717517113952e-01 1
3 1 1.66618513205311375e-01 1.66618513205311375e-01 1
3 0 2.87841235454243838e-01 1.63286142941205137e-01 1
3 0 2.15958998053384810e-01 1.60020420082381043e-01 1
3 1 4.37727056519856383e-01 4.37727056519856383e-01 1
3 0 3.91927958187190950e-01 4.28972515389459241e-01 1
3 0 4.57617654362771298e-01 4.20393065081670070e-01 1
3 0 4.12243384340403807e-01 4.11985203780036668e-01 1
3 0 5.23971277597864438e-01 4.03745499704435906e-01 1
3 0 6.11336412808782703e-01 3.95670589710347187e-01 1
3 0 5.31662136154771425e-01 3.87757177916140228e-01 1
3 1 5.72120696513117921e-01 5.72120696513117921e-01 1
3 1 7.71760918403470497e-01 7.71760918403470497e-01 1
3 1 6.80855117808575661e-01 6.80855117808575661e-01 1
3 0 6.66473311431873938e-01 6.67238015452404132e-01 1
3 0 8.36708140216012364e-01 6.53893255143356056e-01 1
3 1 7.46461111645917996e-01 7.46461111645917996e-01 1
3 1 8.35457693079125763e-01 8.35457693079125763e-01 1
3 0 8.69819923753974544e-01 8.18748539217543203e-01 1
3 0 8.69541740915092953e-01 8.02373568433192297e-01 1
3 0 8.92662342606853954e-01 7.86326097064528384e-01 1
3 1 9.47365063679218466e-01 9.47365063679218466e-01 1
3 0 1.01930168410481392e+00 9.28417762405634117e-01 1
3 1 9.30311053568819157e-01 9.30311053568819157e-01 1
3 0 9.77199725128197749e-01 9.11704832497442719e-01 1
3 1 1.05385982484771157e+00 1.05385982484771157e+00 1
3 1 9.49923390940912493e-01 9.49923390940912493e-01 1
3 1 8.98723517017806839e-01 8.98723517017806839e-01 1
3 0 1.09630802671408434e+00 8.80749046677450687e-01 1
3 1 1.07449831443576471e+00 1.07449831443576471e+00 1
3 0 1.00798698677198906e+00 1.05300834814704936e+00 1
3 1 1.05091961704752923e+00 1.05091961704752923e+00 1
3 0 1.01000007432428363e+00 1.02990122470657863e+00 1
3 0 1.05718677615769874e+00 1.00930320021244713e+00 1
3 0 1.05129732621077165e+00 9.89117136208198189e-01 1
3 0 9.36742105141061820e-01 9.69334793484034174e-01 1
3 0 8.73545907251129350e-01 9.49948097614353504e-01 1
3 0 9.69162838626058898e-01 9.30949135662066385e-01 1
3 0 8.60258862500479227e-01 9.12330152948825024e-01 1
3 1 9.25099632600943411e-01 9.25099632600943411e-01 1
3 1 7.61077510735464147e-01 7.61077510735464147e-01 1
3 0 7.42846749951116214e-01 7.45855960520754868e-01 1
3 0 7.44851354745096339e-01 7.30938841310339704e-01 1
3 1 8.37072010401047839e-01 8.37072010401047839e-01 1
3 0 7.98435820761892012e-01 8.20330570193026909e-01 1
3 0 6.81665519669954811e-01 8.03923958789166337e-01 1
3 1 5.71043931513980696e-01 5.71043931513980696e-01 1
3 0 5.19828487020261187e-01 5.59623052883701066e-01 1
3 0 5.38423606873641769e-01 5.48430591826027047e-01 1
3 1 5.70898854768453479e-01 5.70898854768453479e-01 1
3 0 5.22516413683434822e-01 5.59480877673084409e-01 1
3 1 3.73971527087648858e-01 3.73971527087648858e-01 1
3 0 4.07121735247304439e-01 3.66492096545895873e-01 1
3 0 2.55359776882086165e-01 3.59162254614977972e-01 1
3 0 3.52042617514740419e-01 3.51979009522678410e-01 1
3 0 2.60987554781545228e-01 3.44939429332224823e-01 1
3 0 1.49423357991840144e-01 3.38040640745580323e-01 1
3 1 1.14453265662123008e-01 1.14453265662123008e-01 1
3 0 6.79243860971477098e-02 1.12164200348880541e-01 1
3 1 4.00974599863705497e-02 4.00974599863705497e-02 1
3 1 -2.16649955526176941e-02 -2.16649955526176941e-02 1
3 0 -3.45108272598274798e-02 -2.12316956415653409e-02 1
3 0 -1.57314054577382456e-01 -2.08070617287340331e-02 1
3 0 -1.39541555638225373e-01 -2.03909204941593522e-02 1
3 0 -1.54720737012580351e-01 -1.99831020842761650e-02 1
3 1 -2.83609303897832954e-01 -2.83609303897832954e-01 1
3 1 -3.91936646972736280e-01 -3.91936646972736280e-01 1
3 1 -2.86132162722879946e-01 -2.86132162722879946e-01 1
3 0 -3.08132982899989971e-01 -2.80409519468422352e-01 1
3 0 -3.88704367545677054e-01 -2.74801329079053913e-01 1
3 0 -5.64245373276323181e-01 -2.69305302497472809e-01 1
3 0 -5.13602028163205881e-01 -2.63919196447523374e-01 1
3 0 -5.90436925242987187e-01 -2.58640812518572905e-01 1
3 0 -5.18471787171234211e-01 -2.53467996268201434e-01 1
3 1 -6.84306736571066332e-01 -6.84306736571066332e-01 1
3 0 -6.28816301700063196e-01 -6.70620601839645003e-01 1
3 1 -6.48131291713250235e-01 -6.48131291713250235e-01 1
3 0 -7.55449452650918007e-01 -6.35168665878985239e-01 1
3 1 -8.77377008671530345e-01 -8.77377008671530345e-01 1
3 1 -7.45584937264228809e-01 -7.45584937264228809e-01 1
3 1 -8.00207499775346887e-01 -8.00207499775346887e-01 1
3 1 -8.56526650382421262e-01 -8.56526650382421262e-01 1
3 0 -9.94977490156133015e-01 -8.39396117374772821e-01 1
3 0 -8.83093600225454800e-01 -8.22608195027277334e-01 1
3 1 -1.03204572858228549e+00 -1.03204572858228549e+00 1
3 0 -9.21184658407845247e-01 -1.01140481401063975e+00 1
3 0 -1.00387516885999406e+00 -9.91176717730426926e-01 1
3 1 -9.89611352126649635e-01 -9.89611352126649635e-01 1
3 1 -9.09213931841813539e-01 -9.09213931841813539e-01 1
3 0 -9.20557997938525552e-01 -8.91029653204977290e-01 1
3 1 -1.01143146382841831e+00 -1.01143146382841831e+00 1
3 0 -9.41571472815425636e-01 -9.91202834551849876e-01 1
3 0 -1.07633135681175163e+00 -9.71378777860812836e-01 1
3 0 -1.08195358320518054e+00 -9.51951202303596533e-01 1
3 1 -1.03395471584075693e+00 -1.03395471584075693e+00 1
3 1 -1.02461397117247532e+00 -1.02461397117247532e+00 1
3 1 -8.91308899571593649e-01 -8.91308899571593649e-01 1
3 0 -9.10572555501399150e-01 -8.73482721580161714e-01 1
3 0 -9.87665929124102671e-01 -8.56013067148558515e-01 1
3 0 -8.95325949880590222e-01 -8.38892805805587338e-01 1
3 0 -9.87536915355112566e-01 -8.22114949689475627e-01 1
3 0 -9.10765837622974361e-01 -8.05672650695686055e-01 1
3 0 -8.68171605784049616e-01 -7.89559197681772296e-01 1
3 1 -7.32975100015479386e-01 -7.32975100015479386e-01 1
3 0 -7.47659120908963248e-01 -7.18315598015169754e-01 1
3 1 -7.50443705430914432e-01 -7.50443705430914432e-01 1
3 1 -6.64439826617429841e-01 -6.64439826617429841e-01 1
3 0 -7.87420470627294256e-01 -6.51151030085081239e-01 1
3 0 -6.66348249475442245e-01 -6.38128009483379555e-01 1
3 0 -6.28863615831197986e-01 -6.25365449293711961e-01 1
3 0 -4.92585140455156001e-01 -6.12858140307837695e-01 1
3 0 -5.29527754309364940e-01 -6.00600977501680955e-01 1
3 0 -5.81486764712451865e-01 -5.88588957951647340e-01 1
3 1 -5.10795084707549196e-01 -5.10795084707549196e-01 1
3 0 -4.30830056470900391e-01 -5.00579183013398210e-01 1
3 0 -3.29915236767500453e-01 -4.90567599353130213e-01 1
3 0 -3.92227867958878706e-01 -4.80756247366067591e-01 1
3 0 -3.44803494699184532e-01 -4.71141122418746228e-01 1
3 1 -2.63389095622111102e-01 -2.63389095622111102e-01 1
3 0 -1.34973791923985786e-01 -2.58121313709668898e-01 1
3 0 -1.44109726883604933e-01 -2.52958887435475510e-01 1
3 1 -3.83995914389890572e-02 -3.83995914389890572e-02 1
3 0 -1.24255257900790422e-01 -3.76315996102092737e-02 1
3 1 -3.59855794976562809e-02 -3.59855794976562809e-02 1
3 0 8.74257246873669930e-03 -3.52658679077031550e-02 1
3 0 1.67372346296339652e-01 -3.45605505495490892e-02 1
3 1 1.16550658303238880e-01 1.16550658303238880e-01 1
3 1 2.96465438849729312e-01 2.96465438849729312e-01 1
3 0 3.14876630493887422e-01 2.90536130072734711e-01 1
3 1 2.88757936236230195e-01 2.88757936236230195e-01 1
3 0 2.87562010613545638e-01 2.82982777511505579e-01 1
3 1 3.93829584519021225e-01 3.93829584519021225e-01 1
3 1 4.34342521495528433e-01 4.34342521495528433e-01 1
3 1 4.54373604766662276e-01 4.54373604766662276e-01 1
3 1 6.21228141824870850e-01 6.21228141824870850e-01 1
3 1 5.74005243420655509e-01 5.74005243420655509e-01 1
3 0 5.72539562262753932e-01 5.62525138552242399e-01 1
3 0 7.26051279081686651e-01 5.51274635781197508e-01 1
3 1 7.77911202039399008e-01 7.77911202039399008e-01 1
3 0 7.65275906163313202e-01 7.62352977998611014e-01 1
3 1 8.61133643569808815e-01 8.61133643569808815e-01 1
3 1 7.33183445155655589e-01 7.33183445155655589e-01 1
3 1 8.75647302520143889e-01 8.75647302520143889e-01 1
3 0 8.52456130469573914e-01 8.58134356469741011e-01 1
3 0 9.31544589349643792e-01 8.40971669340346173e-01 1
3 1 9.06394308063274368e-01 9.06394308063274368e-01 1
3 1 8.34444181414701891e-01 8.34444181414701891e-01 1
3 0 9.93380438545533151e-01 8.17755297786407875e-01 1
3 0 9.80931505407759197e-01 8.01400191830679676e-01 1
3 1 9.32189570710481141e-01 9.32189570710481141e-01 1
3 0 1.02719732707862788e+00 9.13545779296271454e-01 1
3 1 9.17517388567174574e-01 9.17517388567174574e-01 1
3 0 1.06836663570495527e+00 8.99167040795831096e-01 1
3 1 9.79427133329438759e-01 9.79427133329438759e-01 1
3 0 1.01215442808477452e+00 9.59838590662849933e-01 1
3 0 1.02320229265761764e+00 9.40641818849592970e-01 1
3 0 1.02587735108270262e+00 9.21828982472601144e-01 1
3 0 1.07701681268512828e+00 9.03392402823149143e-01 1
3 0 1.00002137206329023e+00 8.85324554766686145e-01 1
3 0 1.01271907626539437e+00 8.67618063671352413e-01 1
3 0 9.78386614512531838e-01 8.50265702397925316e-01 1
3 0 1.03764292431850458e+00 8.33260388349966741e-01 1
3 1 8.44452914136291977e-01 8.44452914136291977e-01 1
3 0 8.45190270817349765e-01 8.27563855853566177e-01 1
3 0 9.73757656140565975e-01 8.11012578736494794e-01 1
3 0 9.16429920835543310e-01 7.94792327161764844e-01 1
3 0 9.08067552370017683e-01 7.78896480618529563e-01 1
3 0 8.54394182636323829e-01 7.63318551006158974e-01 1
3 1 7.37706095660903616e-01 7.37706095660903616e-01 1
3 0 7.29984087878324472e-01 7.22951973747685495e-01 1
3 1 7.41359726226364812e-01 7.41359726226364812e-01 1
3 1 6.78032120082729506e-01 6.78032120082729506e-01 1
3 0 5.45066173784066854e-01 6.64471477681074951e-01 1
3 0 6.65664762274942312e-01 6.51182048127453394e-01 1
3 0 6.22069366751598962e-01 6.38158407164904351e-01 1
3 0 4.09068200195017773e-01 6.25395239021606208e-01 1
3 1 4.50091713805734428e-01 4.50091713805734428e-01 1
3 0 4.83578899274754281e-01 4.41089879529619755e-01 1
3 0 3.41877573367413479e-01 4.32268081939027327e-01 1
3 0 3.01488720825272949e-01 4.23622720300246780e-01 1
3 1 1.85349618698352536e-01 1.85349618698352536e-01 1
3 0 1.73686359880119878e-01 1.81642626324385492e-01 1
3 1 2.46412624428408805e-01 2.46412624428408805e-01 1
3 1 1.68810764630898197e-01 1.68810764630898197e-01 1
3 0 7.15098545948493897e-02 1.65434549338280223e-01 1
3 0 -6.28421792697925335e-02 1.62125858351514607e-01 1
3 0 -6.10672468339700375e-02 1.58883341184484300e-01 1
3 1 -7.68885338054411949e-03 -7.68885338054411949e-03 1
3 1 -1.20841206225341002e-01 -1.20841206225341002e-01 1
3 0 -2.30754929866101910e-01 -1.18424382100834183e-01 1
3 0 -1.78687194351267814e-01 -1.16055894458817491e-01 1
3 0 -3.68466376194858669e-01 -1.13734776569641136e-01 1
3 1 -3.23421251382461694e-01 -3.23421251382461694e-01 1
3 1 -2.73028767916316417e-01 -2.73028767916316417e-01 1
3 0 -3.47210585716797193e-01 -2.67568192557990081e-01 1
3 0 -3.92206034433872086e-01 -2.62216828706830274e-01 1
3 0 -5.89064176461094657e-01 -2.56972492132693686e-01 1
3 0 -4.50402819969916324e-01 -2.51833042290039832e-01 1
3 1 -4.88138058440166334e-01 -4.88138058440166334e-01 1
3 1 -6.13505465974230280e-01 -6.13505465974230280e-01 1
3 0 -6.43751623416390917e-01 -6.01235356654745701e-01 1
3 1 -7.28117894097456753e-01 -7.28117894097456753e-01 1
3 0 -6.77853003344120464e-01 -7.13555536215507602e-01 1
3 0 -7.49275592842880145e-01 -6.99284425491197403e-01 1
3 0 -8.81162051881749231e-01 -6.85298736981373446e-01 1
3 0 -8.55547628162925511e-01 -6.71592762241745911e-01 1
3 0 -9.42624596508657930e-01 -6.58160906996910988e-01 1
3 0 -8.89256977330803888e-01 -6.44997688856972728e-01 1
3 0 -9.93623435343183870e-01 -6.32097735079833245e-01 1
3 0 -9.48580586988913343e-01 -6.19455780378236565e-01 1
3 0 -1.03443086608150048e+00 -6.07066664770671838e-01 1
3 0 -9.94112746879470377e-01 -5.94925331475258390e-01 1
3 0 -9.53257410121953863e-01 -5.83026824845753189e-01 1
3 0 -9.03932734322624221e-01 -5.71366288348838069e-01 1
3 1 -1.07501694677835036e+00 -1.07501694677835036e+00 1
3 0 -9.19166428741530539e-01 -1.05351660784278334e+00 1
3 1 -1.05304016382003329e+00 -1.05304016382003329e+00 1
3 0 -1.02413599509663311e+00 -1.03197936054363271e+00 1
3 0 -9.38945213350233510e-01 -1.01133977333276004e+00 1
3 0 -9.40052719304492967e-01 -9.91112977866104861e-01 1
3 0 -9.35568425107876966e-01 -9.71290718308782774e-01 1
3 0 -8.94012999899396754e-01 -9.51864903942607143e-01 1
3 0 -9.44290330738520312e-01 -9.32827605863755016e-01 1
3 0 -9.04625824622549146e-01 -9.14171053746479889e-01 1
3 1 -1.03219935810733787e+00 -1.03219935810733787e+00 1
3 1 -9.94065421263765181e-01 -9.94065421263765181e-01 1
3 1 -8.09550213863797219e-01 -8.09550213863797219e-01 1
3 1 -9.55624863365100774e-01 -9.55624863365100774e-01 1
3 0 -8.67313211891031055e-01 -9.36512366097798754e-01 1
3 0 -7.29216022912059336e-01 -9.17782118775842815e-01 1
3 1 -8.41276170883463292e-01 -8.41276170883463292e-01 1
3 1 -8.14319948797587401e-01 -8.14319948797587401e-01 1
3 1 -7.28362376144994106e-01 -7.28362376144994106e-01 1
3 0 -6.05728693383538519e-01 -7.13795128622094266e-01 1
3 1 -6.84092110842373313e-01 -6.84092110842373313e-01 1
3 1 -5.27203818053457285e-01 -5.27203818053457285e-01 1
3 0 -6.06912507497274767e-01 -5.16659741692388153e-01 1
3 0 -4.36695610735146011e-01 -5.06326546858540394e-01 1
3 0 -4.11698279224393116e-01 -4.96200015921369586e-01 1
3 0 -5.38485640770914098e-01 -4.86276015602942202e-01 1
3 1 -3.73993199306089208e-01 -3.73993199306089208e-01 1
3 0 -4.04133880025303704e-01 -3.66513335319967437e-01 1
3 1 -2.50382779703164027e-01 -2.50382779703164027e-01 1
3 0 -2.36228534455129729e-01 -2.45375124109100728e-01 1
3 0 -1.37451097307302927e-01 -2.40467621626918704e-01 1
3 1 -2.15825836577762359e-01 -2.15825836577762359e-01 1
3 0 -7.13961974075474487e-02 -2.11509319846207106e-01 1
3 0 5.41916550396412400e-04 -2.07279133449282948e-01 1
3 0 2.28529014448983978e-02 -2.03133550780297295e-01 1
3 0 1.54300900728163888e-02 -1.99070879764691344e-01 1
3 0 7.17193891981320469e-02 -1.95089462169397515e-01 1
3 0 9.28872227413370666e-02 -1.91187672926009550e-01 1
3 1 9.50597714139882755e-02 9.50597714139882755e-02 1
3 0 1.41297552127486625e-01 9.31585759857085083e-02 1
3 0 2.43167453666860656e-01 9.12954044659943370e-02 1
3 0 3.38911658319723141e-01 8.94694963766744511e-02 1
3 0 4.08439473619728544e-01 8.76801064491409543e-02 1
3 0 4.16092975467168447e-01 8.59265043201581369e-02 1
3 0 3.87255824024621609e-01 8.42079742337549786e-02 1
3 0 5.56777413891402673e-01 8.25238147490798823e-02 1
3 1 5.96283187524909275e-01 5.96283187524909275e-01 1
3 1 6.29271383330650136e-01 6.29271383330650136e-01 1
3 0 6.69575344634418590e-01 6.16685955664037166e-01 1
3 1 5.93422052773382003e-01 5.93422052773382003e-01 1
3 1 7.44972151433528240e-01 7.44972151433528240e-01 1
3 0 7.10376656744445389e-01 7.30072708404857718e-01 1
3 0 8.25470612192300668e-01 7.15471254236760501e-01 1
3 0 8.60667296741731591e-01 7.01161829152025295e-01 1
3 1 8.68444673900894415e-01 8.68444673900894415e-01 1
3 1 8.64696389955671663e-01 8.64696389955671663e-01 1
3 1 9.51937689407812093e-01 9.51937689407812093e-01 1
3 1 9.10832351732284162e-01 9.10832351732284162e-01 1
3 1 9.21672160520277672e-01 9.21672160520277672e-01 1
3 1 8.44618556347365268e-01 8.44618556347365268e-01 1
3 0 9.53396241295477731e-01 8.27726185220417965e-01 1
3 0 1.02595422799201441e+00 8.11171661516009612e-01 1
3 0 9.76411481404191317e-01 7.94948228285689451e-01 1
3 1 1.08413289420172276e+00 1.08413289420172276e+00 1
3 0 9.92586468750412787e-01 1.06245023631768820e+00 1
3 1 9.74007984030331064e-01 9.74007984030331064e-01 1
3 0 1.05686049965031881e+00 9.54527824349724385e-01 1
3 0 9.09591080945727715e-01 9.35437267862729849e-01 1
3 0 9.44452643460607644e-01 9.16728522505475207e-01 1
3 1 1.07943986763667144e+00 1.07943986763667144e+00 1
3 0 1.04446511041126788e+00 1.05785107028393788e+00 1
3 1 9.02001969214365373e-01 9.02001969214365373e-01 1
3 1 1.01645963305528952e+00 1.01645963305528952e+00 1
3 1 1.00486048145924967e+00 1.00486048145924967e+00 1
3 0 8.57578856251440591e-01 9.84763271830064624e-01 1
3 0 9.87327470923774930e-01 9.65068006393463351e-01 1
3 0 9.01196967721684561e-01 9.45766646265594035e-01 1
3 1 8.47514281997209129e-01 8.47514281997209129e-01 1
3 0 8.76609917134343775e-01 8.30563996357264966e-01 1
3 0 6.95253933071982577e-01 8.13952716430119683e-01 1
3 1 6.98817092925854033e-01 6.98817092925854033e-01 1
3 0 7.83349000460281220e-01 6.84840751067336995e-01 1
3 0 5.87994012003771882e-01 6.71143936045990208e-01 1
3 1 6.18620013233027177e-01 6.18620013233027177e-01 1
3 0 5.86277118839386047e-01 6.06247612968366600e-01 1
3 1 5.44938424064267402e-01 5.44938424064267402e-01 1
3 0 5.41381457218018447e-01 5.34039655582982054e-01 1
3 1 5.67417950964696827e-01 5.67417950964696827e-01 1
3 1 4.25225005582067772e-01 4.25225005582067772e-01 1
3 0 4.58697943895994165e-01 4.16720505470426383e-01 1
3 1 3.52086015784419337e-01 3.52086015784419337e-01 1
3 0 2.77141816833184895e-01 3.45044295468730944e-01 1
3 1 1.60030476856143911e-01 1.60030476856143911e-01 1
3 0 1.81615197083829505e-01 1.56829867319021016e-01 1
3 0 6.58980117728200226e-02 1.53693269972640600e-01 1
3 1 1.00996596318320281e-01 1.00996596318320281e-01 1
3 0 -3.86155767392210997e-02 9.89766643919538780e-02 1
3 0 -3.29650995889499906e-02 9.69971311041148004e-02 1
3 1 -6.22547216971820611e-02 -6.22547216971820611e-02 1
3 0 -1.79071308345665370e-01 -6.10096272632384209e-02 1
3 0 -1.51122868725909409e-01 -5.97894347179736482e-02 1
3 1 -2.53211093388900688e-01 -2.53211093388900688e-01 1
3 0 -2.63504331892904342e-01 -2.48146871521122664e-01 1
3 0 -3.60513462874193225e-01 -2.43183934090700216e-01 1
3 1 -2.40853013947111450e-01 -2.40853013947111450e-01 1
3 1 -4.49410966650465427e-01 -4.49410966650465427e-01 1
3 0 -3.74973981680388924e-01 -4.40422747317456120e-01 1
3 1 -4.71436014327359654e-01 -4.71436014327359654e-01 1
3 0 -5.24282552816053848e-01 -4.62007294040812477e-01 1
3 0 -5.94214660355433022e-01 -4.52767148159996247e-01 1
3 0 -5.67816307760592887e-01 -4.43711805196796316e-01 1
3 1 -6.16558795993084940e-01 -6.16558795993084940e-01 1
3 1 -6.62207860266200377e-01 -6.62207860266200377e-01 1
3 0 -7.75941714191066279e-01 -6.48963703060876362e-01 1
3 0 -8.27879748087724465e-01 -6.35984428999658791e-01 1
3 0 -8.37596029295506361e-01 -6.23264740419665619e-01 1
3 0 -7.19274049021886741e-01 -6.10799445611272307e-01 1
3 1 -8.00062295088303732e-01 -8.00062295088303732e-01 1
3 0 -8.31110092509550369e-01 -7.84061049186537629e-01 1
3 0 -9.05231142149069856e-01 -7.68379828202806814e-01 1
3 1 -1.00142943507376136e+00 -1.00142943507376136e+00 1
3 1 -8.52726654980964116e-01 -8.52726654980964116e-01 1
3 0 -9.16661878144494069e-01 -8.35672121881344765e-01 1
3 0 -9.36854263140957877e-01 -8.18958679443717807e-01 1
3 1 -1.00771951295839712e+00 -1.00771951295839712e+00 1
3 1 -8.89079046748539659e-01 -8.89079046748539659e-01 1
3 0 -9.71373728803465175e-01 -8.71297465813568817e-01 1
3 0 -1.00561412390055627e+00 -8.53871516497297423e-01 1
3 0 -9.33485187741059819e-01 -8.36794086167351514e-01 1
3 0 -9.24248810076547467e-01 -8.20058204444004457e-01 1
3 0 -1.09698120026392987e+00 -8.03657040355124308e-01 1
3 1 -1.02095574205175033e+00 -1.02095574205175033e+00 1
3 0 -9.90503067250918523e-01 -1.00053662721071523e+00 1
3 0 -8.81881576198521921e-01 -9.80525894666500863e-01 1
3 1 -1.02323341002121104e+00 -1.02323341002121104e+00 1
3 0 -1.04776332932121186e+00 -1.00276874182078690e+00 1
3 1 -9.26211710810708522e-01 -9.26211710810708522e-01 1
3 1 -9.96131061227769843e-01 -9.96131061227769843e-01 1
3 1 -8.56257470552635680e-01 -8.56257470552635680e-01 1
3 0 -9.41634135507619874e-01 -8.39132321141582982e-01 1
3 0 -8.46840500668291307e-01 -8.22349674718751311e-01 1
3 1 -7.98139522381844380e-01 -7.98139522381844380e-01 1
3 0 -7.02207042953343241e-01 -7.82176731934207448e-01 1
3 0 -6.57471465672355593e-01 -7.66533197295523272e-01 1
3 0 -6.68109548878767168e-01 -7.51202533349612844e-01 1
3 1 -5.84485466804276488e-01 -5.84485466804276488e-01 1
3 1 -7.32360540706434637e-01 -7.32360540706434637e-01 1
3 0 -6.64204731351477284e-01 -7.17713329892305962e-01 1
3 0 -5.34861606441382365e-01 -7.03359063294459852e-01 1
3 0 -4.60074127021852908e-01 -6.89291882028570613e-01 1
3 1 -3.85964053973874621e-01 -3.85964053973874621e-01 1
3 0 -3.63582639088790405e-01 -3.78244772894397119e-01 1
3 0 -3.45971088844049757e-01 -3.70679877436509153e-01 1
3 0 -3.78577525381454949e-01 -3.63266279887778987e-01 1
3 1 -3.85405319667442903e-01 -3.85405319667442903e-01 1
3 1 -2.97424115761932284e-01 -2.97424115761932284e-01 1
3 1 -1.85671875281679138e-01 -1.85671875281679138e-01 1
3 0 -1.75431947784790765e-01 -1.81958437776045562e-01 1
3 0 -3.09095133725837690e-02 -1.78319269020524640e-01 1
3 0 -7.35329614766390416e-02 -1.74752883640114154e-01 1
3 1 -4.36151626177580104e-02 -4.36151626177580104e-02 1
3 0 1.19862321586613446e-01 -4.27428593654028480e-02 1
3 0 1.18473381920382176e-01 -4.18880021780947895e-02 1
3 1 1.76436785211923491e-01 1.76436785211923491e-01 1
3 0 2.99889313747316477e-01 1.72908049507685013e-01 1
3 0 2.60466887944585668e-01 1.69449888517531316e-01 1
3 0 3.48057397023117998e-01 1.66060890747180695e-01 1
3 1 4.04624237022232935e-01 4.04624237022232935e-01 1
3 0 3.79900652938058359e-01 3.96531752281788274e-01 1
3 0 3.70393868838971407e-01 3.88601117236152482e-01 1
3 0 5.72252939487611911e-01 3.80829094891429409e-01 1
3 0 5.86831311291314606e-01 3.73212512993600809e-01 1
3 0 5.13615473436983994e-01 3.65748262733728791e-01 1
3 1 6.28100817133016465e-01 6.28100817133016465e-01 1
3 0 6.50138000374227309e-01 6.15538800790356166e-01 1
3 0 7.03621009583564105e-01 6.03228024774549065e-01 1
3 0 7.49145936193023831e-01 5.91163464279058082e-01 1
3 0 7.20947129711276613e-01 5.79340194993476887e-01 1
3 0 7.03601156039748932e-01 5.67753391093607340e-01 1
3 1 7.76753100616151326e-01 7.76753100616151326e-01 1
3 0 8.99487313002712341e-01 7.61218038603828306e-01 1
3 0 8.69168847885350204e-01 7.45993677831751745e-01 1
3 0 8.61395717605256905e-01 7.31073804275116701e-01 1
3 0 9.40281434836045649e-01 7.16452328189614351e-01 1
3 0 9.10611445664154529e-01 7.02123281625822049e-01 1
3 0 1.00564784787785633e+00 6.88080815993305617e-01 1
3 1 1.02530468218224180e+00 1.02530468218224180e+00 1
3 0 1.02839872614119576e+00 1.00479858853859705e+00 1
3 1 1.00860258075060338e+00 1.00860258075060338e+00 1
3 1 1.08562250639832869e+00 1.08562250639832869e+00 1
3 1 1.05623267988867475e+00 1.05623267988867475e+00 1
3 0 1.07271623511426517e+00 1.03510802629090115e+00 1
3 1 1.05882439130818384e+00 1.05882439130818384e+00 1
3 0 1.00524517544146685e+00 1.03764790348202007e+00 1
3 0 9.31091469481846401e-01 1.01689494541237968e+00 1
3 0 1.04504208537914756e+00 9.96557046504132016e-01 1
3 0 9.69127140682707222e-01 9.76625905574049380e-01 1
3 0 8.85780141320844483e-01 9.57093387462568335e-01 1
3 0 8.59209765108204571e-01 9.37951519713316917e-01 1
3 1 9.71419752257628999e-01 9.71419752257628999e-01 1
3 0 8.66779898807590765e-01 9.51991357212476408e-01 1
3 1 9.84379186911355841e-01 9.84379186911355841e-01 1
3 1 7.80432633299236844e-01 7.80432633299236844e-01 1
3 1 8.31113081333476389e-01 8.31113081333476389e-01 1
3 1 7.82074525082214755e-01 7.82074525082214755e-01 1
3 0 8.41750612097515671e-01 7.66433034580570438e-01 1
3 1 7.95322187933942271e-01 7.95322187933942271e-01 1
3 1 7.96128776658013182e-01 7.96128776658013182e-01 1
3 0 7.06744297950262945e-01 7.80206201124852949e-01 1
3 1 6.57809835666113618e-01 6.57809835666113618e-01 1
3 0 5.75090198371264849e-01 6.44653638952791375e-01 1
3 1 5.18782211843367924e-01 5.18782211843367924e-01 1
3 1 5.00956565247731578e-01 5.00956565247731578e-01 1
3 1 5.23796717045979521e-01 5.23796717045979521e-01 1
3 0 3.36278117291990586e-01 5.13320782705059875e-01 1
3 1 4.07400086101335490e-01 4.07400086101335490e-01 1
3 0 3.74135960536643442e-01 3.99252084379308758e-01 1
3 0 2.87332546603407957e-01 3.91267042691722577e-01 1
3 0 1.98379141351556321e-01 3.83441701837888116e-01 1
3 1 2.40538775017756279e-01 2.40538775017756279e-01 1
3 0 1.25499753910064765e-01 2.35727999517401143e-01 1
3 1 6.74556238538843722e-02 6.74556238538843722e-02 1
3 0 -1.53397154827538892e-02 6.61065113768066898e-02 1
3 0 6.52345993690474912e-02 6.47843811492705562e-02 1
3 0 -8.67268393417593431e-02 6.34886935262851393e-02 1
3 0 -6.07963184700964082e-02 6.22189196557594373e-02 1
3 0 -1.53751978643912296e-01 6.09745412626442468e-02 1
3 0 -1.60366349159975746e-01 5.97550504373913632e-02 1
3 0 -3.07064736849224307e-01 5.85599494286435374e-02 1
3 0 -2.13906863017190141e-01 5.73887504400706627e-02 1
3 0 -3.19748843810591987e-01 5.62409754312692481e-02 1
3 0 -3.78857977696387072e-01 5.51161559226438641e-02 1
3 0 -4.29379158030928298e-01 5.40138328041909824e-02 1
3 0 -5.56098452256896914e-01 5.29335561481071651e-02 1
3 1 -5.85052216345187115e-01 -5.85052216345187115e-01 1
3 0 -6.72160015353911122e-01 -5.73351172018283339e-01 1
3 0 -6.60460378920025959e-01 -5.61884148577917686e-01 1
3 0 -7.18003990122862423e-01 -5.50646465606359325e-01 1
3 0 -6.28261894196868509e-01 -5.39633536294232163e-01 1
3 0 -6.72725826224881640e-01 -5.28840865568347529e-01 1
3 1 -8.08252246239534511e-01 -8.08252246239534511e-01 1
3 0 -8.56758966940263322e-01 -7.92087201314743861e-01 1
3 0 -7.63508480372192544e-01 -7.76245457288448959e-01 1
3 1 -7.77116370527123235e-01 -7.77116370527123235e-01 1
3 1 -8.14591244582149709e-01 -8.14591244582149709e-01 1
3 0 -9.52691456966238803e-01 -7.98299419690506662e-01 1
3 0 -8.74991171898945153e-01 -7.82333431296696524e-01 1
3 0 -9.16639766792913813e-01 -7.66686762670762634e-01 1
3 0 -9.56301011233308240e-01 -7.51353027417347330e-01 1
3 1 -9.77840454312188689e-01 -9.77840454312188689e-01 1
3 1 -8.87072018918781291e-01 -8.87072018918781291e-01 1
3 1 -9.82783987094782763e-01 -9.82783987094782763e-01 1
3 0 -9.89626896544739343e-01 -9.63128307352887125e-01 1
3 1 -9.22885507010882677e-01 -9.22885507010882677e-01 1
3 1 -1.06015328985424029e+00 -1.06015328985424029e+00 1
3 0 -1.01770428199873431e+00 -1.03895022405715554e+00 1
3 1 -1.04739245991324514e+00 -1.04739245991324514e+00 1
3 0 -9.89142944191709783e-01 -1.02644461071498028e+00 1
3 0 -9.56110642765430674e-01 -1.00591571850068062e+00 1
3 1 -9.47548376280346716e-01 -9.47548376280346716e-01 1
3 1 -9.43357417053912073e-01 -9.43357417053912073e-01 1
3 0 -1.02627121878499761e+00 -9.24490268712833796e-01 1
3 0 -9.14580761058284786e-01 -9.06000463338577089e-01 1
3 1 -9.98089795555573978e-01 -9.98089795555573978e-01 1
3 1 -8.82482105944935702e-01 -8.82482105944935702e-01 1
3 1 -7.71946015534806240e-01 -7.71946015534806240e-01 1
3 0 -8.56751568783469808e-01 -7.56507095224110082e-01 1
3 0 -8.51711220881084197e-01 -7.41376953319627829e-01 1
3 0 -7.09616959620526622e-01 -7.26549414253235271e-01 1
3 0 -8.37379583677992589e-01 -7.12018425968170554e-01 1
3 0 -6.85293361620229247e-01 -6.97778057448807165e-01 1
3 1 -7.49895124528140999e-01 -7.49895124528140999e-01 1
3 0 -7.19738313616873349e-01 -7.34897222037578124e-01 1
3 0 -6.77955813342609126e-01 -7.20199277596826559e-01 1
3 1 -5.93369334339658550e-01 -5.93369334339658550e-01 1
3 1 -4.96273989427599427e-01 -4.96273989427599427e-01 1
3 1 -5.46455034330934675e-01 -5.46455034330934675e-01 1
3 1 -3.60979623034265118e-01 -3.60979623034265118e-01 1
3 0 -3.53022382479338426e-01 -3.53760030573579798e-01 1
3 0 -3.79654494607371440e-01 -3.46684829962108199e-01 1
3 1 -2.50133516050512150e-01 -2.50133516050512150e-01 1
3 1 -1.34727378833015304e-01 -1.34727378833015304e-01 1
3 0 -1.84526245328213434e-01 -1.32032831256354982e-01 1
3 1 -1.46734320120880973e-01 -1.46734320120880973e-01 1
3 0 -1.11732031228869988e-04 -1.43799633718463354e-01 1
3 1 -1.25004227620781026e-02 -1.25004227620781026e-02 1
3 1 2.13144309501419188e-02 2.13144309501419188e-02 1
3 0 1.22049472439292789e-01 2.08881423311390799e-02 1
3 1 1.30313469124859638e-01 1.30313469124859638e-01 1
3 0 2.38135989911912316e-01 1.27707199742362443e-01 1
3 1 1.52458240782400445e-01 1.52458240782400445e-01 1
3 1 2.34490185201155527e-01 2.34490185201155527e-01 1
3 0 2.16057241286280621e-01 2.29800381497132417e-01 1
3 0 3.92581435769710774e-01 2.25204373867189778e-01 1
3 0 3.87384170955783369e-01 2.20700286389845984e-01 1
3 0 4.99548205186003902e-01 2.16286280662049052e-01 1
3 1 5.21861035631300263e-01 5.21861035631300263e-01 1
3 1 5.43347958279934207e-01 5.43347958279934207e-01 1
3 0 6.45021331039079326e-01 5.32480999114335551e-01 1
3 0 6.54457180139701888e-01 5.21831379132048800e-01 1
3 1 6.26970793708285012e-01 6.26970793708285012e-01 1
3 0 6.90929993103120754e-01 6.14431377834119274e-01 1
3 0 6.84407842188474502e-01 6.02142750277436911e-01 1
3 0 7.28856140966925636e-01 5.90099895271888109e-01 1
3 0 8.82000516339215390e-01 5.78297897366450320e-01 1
3 0 8.52860769000389429e-01 5.66731939419121256e-01 1
3 1 9.03497535799309026e-01 9.03497535799309026e-01 1
3 0 8.50578447635026214e-01 8.85427585083322866e-01 1
3 0 8.90821178977908912e-01 8.67719033381656346e-01 1
3 1 8.80355016486238151e-01 8.80355016486238151e-01 1
3 0 9.53035706805390515e-01 8.62747916156513361e-01 1
3 1 1.03555375914796466e+00 1.03555375914796466e+00 1
3 1 8.82454152509283052e-01 8.82454152509283052e-01 1
3 0 8.96198999167925336e-01 8.64805069459097409e-01 1
3 1 9.06579942569194164e-01 9.06579942569194164e-01 1
3 0 1.02844064647364131e+00 8.88448343717810229e-01 1
3 0 9.53996927736269207e-01 8.70679376843453978e-01 1
3 0 1.01227114252391592e+00 8.53265789306584921e-01 1
3 0 1.09183624645671173e+00 8.36200473520453236e-01 1
3 0 1.05510387389944671e+00 8.19476464050044151e-01 1
3 1 1.02830366602708434e+00 1.02830366602708434e+00 1
3 0 9.56047412769786442e-01 1.00773759270654262e+00 1
3 1 1.01891584544963765e+00 1.01891584544963765e+00 1
3 0 9.83516171350727331e-01 9.98537528540644925e-01 1
3 1 8.41564131568862006e-01 8.41564131568862006e-01 1
3 1 8.43717256402557902e-01 8.43717256402557902e-01 1
3 0 9.92452049801702429e-01 8.26842911274506709e-01 1
3 0 8.31579695594317325e-01 8.10306053049016595e-01 1
3 0 8.39967597137406097e-01 7.94099931988036301e-01 1
3 1 7.41453856158406976e-01 7.41453856158406976e-01 1
3 0 7.88410599978162874e-01 7.26624779035238810e-01 1
3 1 8.04853027336504545e-01 8.04853027336504545e-01 1
3 0 6.63260773635376943e-01 7.88755966789774443e-01 1
3 0 6.58392446902624107e-01 7.72980847453978992e-01 1
3 0 7.09978828400469442e-01 7.57521230504899390e-01 1
3 1 5.46967317742556691e-01 5.46967317742556691e-01 1
3 1 5.16588173358978442e-01 5.16588173358978442e-01 1
3 0 6.32907280318430465e-01 5.06256409891798875e-01 1
3 0 5.39650371789905048e-01 4.96131281693962867e-01 1
3 0 4.05219567032110428e-01 4.86208656060083622e-01 1
3 0 4.44505740582841535e-01 4.76484482938881959e-01 1
3 1 4.63042885299405904e-01 4.63042885299405904e-01 1
3 0 3.44033208853556260e-01 4.53782027593417792e-01 1
3 1 2.76189391020685848e-01 2.76189391020685848e-01 1
3 0 1.96482289185134329e-01 2.70665603200272109e-01 1
3 0 2.22615470151755923e-01 2.65252291136266638e-01 1
3 0 1.53876282616845494e-01 2.59947245313541297e-01 1
3 0 1.20711671147991625e-01 2.54748300407270478e-01 1
3 0 7.37432958264448990e-02 2.49653334399125071e-01 1
3 0 3.88478279560041523e-02 2.44660267711142576e-01 1
3 0 -1.30102874788671996e-01 2.39767062356919719e-01 1
3 0 -7.30698601822189348e-02 2.34971721109781317e-01 1
3 0 -2.67437116489488425e-01 2.30272286687585676e-01 1
3 0 -1.47297058569579642e-01 2.25666840953833964e-01 1
3 0 -2.47772707398317138e-01 2.21153504134757289e-01 1
3 0 -3.22317235256367685e-01 2.16730434052062132e-01 1
3 1 -3.77521635979193804e-01 -3.77521635979193804e-01 1
3 1 -3.83129912109976101e-01 -3.83129912109976101e-01 1
3 0 -4.75320352438062255e-01 -3.75467313867776598e-01 1
3 0 -4.71636490609724679e-01 -3.67957967590421042e-01 1
3 0 -6.44184718624982056e-01 -3.60598808238612623e-01 1
3 0 -5.34044044480529445e-01 -3.53386832073840362e-01 1
3 1 -5.61575484880199149e-01 -5.61575484880199149e-01 1
3 0 -6.72270292491276789e-01 -5.50343975182595146e-01 1
3 0 -6.96615663519034478e-01 -5.39337095678943279e-01 1
3 0 -6.94972288912122926e-01 -5.28550353765364411e-01 1
3 0 -8.03461895842584539e-01 -5.17979346690057074e-01 1
3 0 -8.89551749380175893e-01 -5.07619759756255950e-01 1
3 0 -8.93863364028269713e-01 -4.97467364561130831e-01 1
3 0 -9.52519485167340196e-01 -4.87518017269908233e-01 1
3 0 -8.92106899686400001e-01 -4.77767656924510065e-01 1
3 0 -8.15823191873164211e-01 -4.68212303786019857e-01 1
3 0 -8.85726433191008189e-01 -4.58848057710299462e-01 1
3 1 -9.81454576670283130e-01 -9.81454576670283130e-01 1
3 1 -8.94208852236485163e-01 -8.94208852236485163e-01 1
3 0 -9.46285383754317588e-01 -8.76324675191755498e-01 1
3 1 -1.01266376267842007e+00 -1.01266376267842007e+00 1
3 0 -9.64118665820729914e-01 -9.92410487424851606e-01 1
3 0 -9.84127529937027234e-01 -9.72562277676354503e-01 1
3 1 -1.01222459464839432e+00 -1.01222459464839432e+00 1
3 1 -9.30088283908022784e-01 -9.30088283908022784e-01 1
3 1 -9.51814638706853677e-01 -9.51814638706853677e-01 1
3 1 -9.26732396381878321e-01 -9.26732396381878321e-01 1
3 1 -9.75434416042529451e-01 -9.75434416042529451e-01 1
3 0 -9.46588411969155219e-01 -9.55925727721678831e-01 1
3 1 -8.86470300942372336e-01 -8.86470300942372336e-01 1
3 0 -9.90413091238037335e-01 -8.68740894923524909e-01 1
3 0 -8.64208871081816321e-01 -8.51366077025054402e-01 1
3 0 -9.64726175041805467e-01 -8.34338755484553274e-01 1
3 0 -8.04521086532869911e-01 -8.17651980374862197e-01 1
3 0 -9.35785927647282079e-01 -8.01298940767364964e-01 1
3 0 -8.76419317493881800e-01 -7.85272961952017678e-01 1
3 0 -7.22611907264540054e-01 -7.69567502712977358e-01 1
3 0 -7.10906128605687138e-01 -7.54176152658717847e-01 1
3 1 -6.83451242671632042e-01 -6.83451242671632042e-01 1
3 0 -7.55079340337186822e-01 -6.69782217818199355e-01 1
3 0 -7.54125611962566111e-01 -6.56386573461835376e-01 1
3 1 -5.95845718228276366e-01 -5.95845718228276366e-01 1
3 1 -6.64734565640786146e-01 -6.64734565640786146e-01 1
3 0 -5.17781112228659968e-01 -6.51439874327970458e-01 1
3 0 -4.60463316551230795e-01 -6.38411076841411074e-01 1
3 1 -4.41729101698059290e-01 -4.41729101698059290e-01 1
3 1 -5.20989234836037540e-01 -5.20989234836037540e-01 1
3 0 -5.01375565337760731e-01 -5.10569450139316761e-01 1
3 1 -2.85095589750105516e-01 -2.85095589750105516e-01 1
3 0 -2.39200876795270023e-01 -2.79393677955103392e-01 1
3 1 -2.92076075942806324e-01 -2.92076075942806324e-01 1
3 1 -3.04428171177771323e-01 -3.04428171177771323e-01 1
3 1 -1.26519202284225862e-01 -1.26519202284225862e-01 1
3 0 -7.55662871829458904e-02 -1.23988818238541340e-01 1
3 1 -9.78046405901851490e-03 -9.78046405901851490e-03 1
3 1 -1.86911346895071127e-02 -1.86911346895071127e-02 1
3 0 1.21718798905427306e-01 -1.83173119957169700e-02 1
3 1 1.83440955768541469e-01 1.83440955768541469e-01 1
3 1 4.81176971843091245e-02 4.81176971843091245e-02 1
3 1 2.52540009512209507e-01 2.52540009512209507e-01 1
3 1 1.57885108057847612e-01 1.57885108057847612e-01 1
3 0 3.50908173959583403e-01 1.54727405896690651e-01 1
3 0 2.53392761498182240e-01 1.51632857778756847e-01 1
3 0 2.98354918918865564e-01 1.48600200623181716e-01 1
3 0 4.57360782650758413e-01 1.45628196610718075e-01 1
3 1 5.44441573877928797e-01 5.44441573877928797e-01 1
3 0 5.73508816877163596e-01 5.33552742400370206e-01 1
3 0 5.31112637293095546e-01 5.22881687552362751e-01 1
3 0 5.12558229538505161e-01 5.12424053801315504e-01 1
3 0 6.89046797896689878e-01 5.02175572725289232e-01 1
3 0 6.35742263753070413e-01 4.92132061270783461e-01 1
3 1 6.93168488956612650e-01 6.93168488956612650e-01 1
3 0 7.05063127443699034e-01 6.79305119177480377e-01 1
3 0 6.97642347276523300e-01 6.65719016793930751e-01 1
3 0 7.11969282352504118e-01 6.52404636458052134e-01 1
3 1 9.20275342825474185e-01 9.20275342825474185e-01 1
3 0 7.60262998877935026e-01 9.01869835968964639e-01 1
3 0 9.36627992795726283e-01 8.83832439249585322e-01 1
3 0 8.29122520744915548e-01 8.66155790464593567e-01 1
3 1 8.91091395171632050e-01 8.91091395171632050e-01 1
3 0 9.73674495553046637e-01 8.73269567268199376e-01 1
3 1 1.02367162686831525e+00 1.02367162686831525e+00 1
3 0 8.98741204983362518e-01 1.00319819433094892e+00 1
3 1 1.08230585316233197e+00 1.08230585316233197e+00 1
3 0 9.21934180360183819e-01 1.06065973609908526e+00 1
3 1 1.03892999374654083e+00 1.03892999374654083e+00 1
3 0 9.75066120329287966e-01 1.01815139387161002e+00 1
3 0 1.03194509925011113e+00 9.97788365994177751e-01 1
3 0 1.01548425049251811e+00 9.77832598674294173e-01 1
3 1 9.17236413129121408e-01 9.17236413129121408e-01 1
3 1 1.04036439375150302e+00 1.04036439375150302e+00 1
3 1 1.03081256826831003e+00 1.03081256826831003e+00 1
3 0 9.65862561500409611e-01 1.01019631690294376e+00 1
3 0 8.77712471440627806e-01 9.89992390564884861e-01 1
3 0 8.82976277346009031e-01 9.70192542753587128e-01 1
3 0 9.78209063386518918e-01 9.50788691898515337e-01 1
3 0 9.48470456416486418e-01 9.31772918060544963e-01 1
3 0 9.60110397418051820e-01 9.13137459699334020e-01 1
3 0 7.91351912181808337e-01 8.94874710505347282e-01 1
3 1 7.65155819142093296e-01 7.65155819142093296e-01 1
3 0 7.81829839121806036e-01 7.49852702759251422e-01 1
3 0 6.63486983393266949e-01 7.34855648704066389e-01 1
3 0 7.17374739045247400e-01 7.20158535729985005e-01 1
3 1 6.13892208429424158e-01 6.13892208429424158e-01 1
3 0 6.78782366091377654e-01 6.01614364260835699e-01 1
3 1 6.50112024938941380e-01 6.50112024938941380e-01 1
3 1 6.09711193966587350e-01 6.09711193966587350e-01 1
3 0 5.66748096518853939e-01 5.97516970087255572e-01 1
3 0 4.56120001588733948e-01 5.85566630685510403e-01 1
3 1 4.78972107337874653e-01 4.78972107337874653e-01 1
3 0 3.73137999739775850e-01 4.69392665191117164e-01 1
3 0 4.41169295250518734e-01 4.60004811887294807e-01 1
3 1 3.83753791779740505e-01 3.83753791779740505e-01 1
3 1 1.62990896171673560e-01 1.62990896171673560e-01 1
3 0 1.46541347331442251e-01 1.59731078248240094e-01 1
3 1 2.00501303786061569e-01 2.00501303786061569e-01 1
3 1 7.00803868997639245e-02 7.00803868997639245e-02 1
3 0 2.82377475068613486e-02 6.86787791617686494e-02 1
3 0 -2.50715805542682697e-03 6.73052035785332708e-02 1
3 0 -1.34383902453249604e-01 6.59590995069626040e-02 1
3 0 4.21295136021475336e-03 6.46399175168233531e-02 1
3 0 -7.71112055650155503e-02 6.33471191664868871e-02 1
3 1 -2.16757074386254578e-01 -2.16757074386254578e-01 1
3 0 -3.31934697944039625e-01 -2.12421932898529481e-01 1
3 0 -2.74950424189669973e-01 -2.08173494240558893e-01 1
3 0 -4.03041911206884096e-01 -2.04010024355747721e-01 1
3 1 -3.23113041243208832e-01 -3.23113041243208832e-01 1
3 0 -4.86036767738636688e-01 -3.16650780418344657e-01 1
3 0 -4.55418713770365302e-01 -3.10317764809977747e-01 1
3 1 -5.27315652757910702e-01 -5.27315652757910702e-01 1
3 0 -5.42374060272640790e-01 -5.16769339702752517e-01 1
3 0 -5.35895007379001420e-01 -5.06433952908697416e-01 1
3 1 -5.81267524510946321e-01 -5.81267524510946321e-01 1
3 0 -6.94736441515834913e-01 -5.69642174020727365e-01 1
3 1 -7.87627359571379415e-01 -7.87627359571379415e-01 1
3 0 -8.20429326808628123e-01 -7.71874812379951813e-01 1
3 0 -7.90442206500117539e-01 -7.56437316132352766e-01 1
3 0 -7.59949616480254719e-01 -7.41308569809705720e-01 1
3 0 -8.60286708123684130e-01 -7.26482398413511588e-01 1
3 0 -8.42985690612300220e-01 -7.11952750445241311e-01 1
3 1 -9.34301275448081059e-01 -9.34301275448081059e-01 1
3 0 -8.65127305167630811e-01 -9.15615249939119469e-01 1
3 0 -9.66592584904674701e-01 -8.97302944940337022e-01 1
3 0 -9.61951302896746463e-01 -8.79356886041530283e-01 1
3 1 -8.62616021067839078e-01 -8.62616021067839078e-01 1
3 1 -9.61311445978704104e-01 -9.61311445978704104e-01 1
3 0 -1.05392682073282029e+00 -9.42085217059129953e-01 1
3 0 -9.14375710745575332e-01 -9.23243512717947357e-01 1
3 1 -9.37022686830938145e-01 -9.37022686830938145e-01 1
3 0 -9.00246407305475560e-01 -9.18282233094319333e-01 1
3 1 -1.05423993709357378e+00 -1.05423993709357378e+00 1
3 1 -1.06986585262074518e+00 -1.06986585262074518e+00 1
3 0 -9.57802762362790272e-01 -1.04846853556833031e+00 1
3 0 -1.08288778469880809e+00 -1.02749916485696358e+00 1
3 0 -9.11322455342816307e-01 -1.00694918155982438e+00 1
3 0 -9.47614218217772586e-01 -9.86810197928627897e-01 1
3 0 -1.04600892384048105e+00 -9.67073993970055334e-01 1
3 1 -8.73161769404062649e-01 -8.73161769404062649e-01 1
3 0 -8.48074941325807519e-01 -8.55698534015981394e-01 1
3 1 -8.95627996263842596e-01 -8.95627996263842596e-01 1
3 0 -9.47183547884279164e-01 -8.77715436338565747e-01 1
3 1 -7.89009006526761425e-01 -7.89009006526761425e-01 1
3 0 -7.66323346854248522e-01 -7.73228826396226143e-01 1
3 1 -8.80817814530842957e-01 -8.80817814530842957e-01 1
3 1 -8.38686238760994796e-01 -8.38686238760994796e-01 1
3 1 -7.45301529589454836e-01 -7.45301529589454836e-01 1
3 0 -7.38037564301134097e-01 -7.30395498997665760e-01 1
3 0 -7.09930384153212857e-01 -7.15787589017712444e-01 1
3 0 -5.94631789604943561e-01 -7.01471837237358176e-01 1
3 0 -6.06330239375143187e-01 -6.87442400492610961e-01 1
3 1 -5.64431009054682797e-01 -5.64431009054682797e-01 1
3 0 -4.94348394123232227e-01 -5.53142388873589130e-01 1
3 0 -3.36344980518710146e-01 -5.42079541096117334e-01 1
