0 1 0 0 0 f 0 7 1 1
0 0 1 0 0 f 0 7 1 1
1 0 1 2 1 f 1 7 0 1
1 0 1 2 3 f 2 7 0 1
1 0 1 2 2 f 3 7 1 1
1 0 1 2 2 f 3 7 1 1
1 0 1 2 2 f 3 7 1 1
2 0 1 6 6 f 4 7 1 1
2 0 1 7 7 f 5 7 1 1
2 0 1 5 5 f 6 7 1 1
2 0 1 4 4 f 7 7 1 1
2 0 1 c c f 0 7 1 1
2 0 1 d d f 1 7 1 1
2 0 1 f f f 2 7 1 1
2 0 1 e e f 3 7 1 1
2 0 1 a a f 4 7 1 1
2 0 1 b b f 5 7 1 1
2 0 1 9 9 f 6 7 1 1
2 0 1 8 8 f 7 7 1 1
2 0 1 0 0 f 0 7 1 1
2 0 1 1 1 f 1 7 1 1
2 0 1 3 3 f 2 7 1 1
2 0 1 2 2 f 3 7 1 1
2 0 1 6 6 f 4 7 1 1
2 0 1 7 7 f 5 7 1 1
2 0 1 5 5 f 6 7 1 1
2 0 1 4 4 f 7 7 1 1
2 0 1 c c f 0 7 1 1
2 0 1 d d f 1 7 1 1
2 0 1 f f f 2 7 1 1
2 0 1 e e f 3 7 1 1
2 0 1 a a f 4 7 1 1
2 0 1 b b f 5 7 1 1
2 0 1 9 9 f 6 7 1 1
2 0 1 8 8 f 7 7 1 1
2 0 1 0 0 f 0 7 1 1
2 0 1 1 1 f 1 7 1 1
2 0 1 3 3 f 2 7 1 1
2 0 1 2 2 f 3 7 1 1
2 0 1 6 6 f 4 7 1 1
2 0 1 7 7 f 5 7 1 1
2 0 1 5 5 f 6 7 1 1
2 0 1 4 4 f 7 7 1 1
2 0 1 c c f 0 7 1 1
2 0 1 d d f 1 7 1 1
2 0 1 f f f 2 7 1 1
2 0 1 e e f 3 7 1 1
3 0 1 a a f 4 7 1 1
3 0 0 a a f 4 7 1 1
3 0 1 a a f 4 7 1 1
3 0 0 b a f 4 7 0 1
3 0 1 9 b f 5 7 0 1
3 0 0 9 b f 5 7 0 1
3 0 1 8 9 f 6 7 0 1
3 0 1 0 8 f 7 7 0 1
3 0 1 0 0 f 0 7 1 1
3 0 1 0 0 f 0 7 1 1
3 0 1 0 0 f 0 7 1 1
3 0 1 0 0 f 0 7 1 1
3 0 1 1 1 f 1 7 1 1
3 0 1 3 3 f 2 7 1 1
3 0 0 2 3 f 2 7 0 1
3 0 0 6 3 f 2 7 0 1
3 0 1 7 2 f 3 7 0 1
3 0 0 7 2 f 3 7 0 1
3 0 1 5 6 f 4 7 0 1
3 0 1 4 7 f 5 7 0 1
3 0 1 c 5 f 6 7 0 1
3 0 0 c 5 f 6 7 0 1
3 0 1 c 4 f 7 7 0 1
3 0 1 c c f 0 7 1 1
3 0 0 c c f 0 7 1 1
3 0 1 d d f 1 7 1 1
3 0 1 f f f 2 7 1 1
3 0 1 f f f 2 7 1 1
3 0 1 f f f 2 7 1 1
3 0 1 f f f 2 7 1 1
3 0 0 f f f 2 7 1 1
3 0 1 f f f 2 7 1 1
3 0 1 e e f 3 7 1 1
3 0 1 a a f 4 7 1 1
3 0 1 a a f 4 7 1 1
3 0 1 a a f 4 7 1 1
3 0 1 a a f 4 7 1 1
3 0 1 a a f 4 7 1 1
3 0 1 b b f 5 7 1 1
3 0 1 b b f 5 7 1 1
3 0 0 9 b f 5 7 0 1
3 0 1 9 9 f 6 7 1 1
3 0 1 9 9 f 6 7 1 1
3 0 0 9 9 f 6 7 1 1
3 0 0 9 9 f 6 7 1 1
3 0 1 9 9 f 6 7 1 1
3 0 0 9 9 f 6 7 1 1
3 0 0 8 9 f 6 7 0 1
3 0 1 0 8 f 7 7 0 1
3 0 1 0 0 f 0 7 1 1
3 0 1 0 0 f 0 7 1 1
3 0 1 1 1 f 1 7 1 1
3 0 0 1 1 f 1 7 1 1
3 0 0 1 1 f 1 7 1 1
3 0 0 3 1 f 1 7 0 1
3 0 0 2 1 f 1 7 0 1
3 0 1 6 3 f 2 7 0 1
3 0 0 6 3 f 2 7 0 1
3 0 0 6 3 f 2 7 0 1
3 0 1 7 2 f 3 7 0 1
3 0 1 7 6 f 4 7 0 1
3 0 1 7 7 f 5 7 1 1
3 0 0 5 7 f 5 7 0 1
3 0 1 4 5 f 6 7 0 1
3 0 0 4 5 f 6 7 0 1
3 0 0 4 5 f 6 7 0 1
3 0 0 4 5 f 6 7 0 1
3 0 0 c 5 f 6 7 0 1
3 0 0 d 5 f 6 7 0 1
3 0 0 d 5 f 6 7 0 1
3 0 1 f 4 f 7 7 0 1
3 0 1 f c f 0 7 0 1
3 0 1 f d f 1 7 0 1
3 0 1 f f f 2 7 1 1
3 0 1 f f f 2 7 1 1
3 0 1 f f f 2 7 1 1
3 0 1 f f f 2 7 1 1
3 0 1 f f f 2 7 1 1
3 0 0 e f f 2 7 0 1
3 0 1 a e f 3 7 0 1
3 0 1 a a f 4 7 1 1
3 0 1 b b f 5 7 1 1
3 0 1 b b f 5 7 1 1
3 0 1 b b f 5 7 1 1
3 0 0 9 b f 5 7 0 1
3 0 1 9 9 f 6 7 1 1
3 0 1 9 9 f 6 7 1 1
3 0 1 8 8 f 7 7 1 1
3 0 1 8 8 f 7 7 1 1
3 0 1 0 0 f 0 7 1 1
3 0 1 0 0 f 0 7 1 1
3 0 1 1 1 f 1 7 1 1
3 0 0 1 1 f 1 7 1 1
3 0 0 1 1 f 1 7 1 1
3 0 1 1 1 f 1 7 1 1
3 0 1 1 1 f 1 7 1 1
3 0 1 3 3 f 2 7 1 1
3 0 1 3 3 f 2 7 1 1
3 0 1 3 3 f 2 7 1 1
3 0 1 3 3 f 2 7 1 1
3 0 0 3 3 f 2 7 1 1
3 0 1 3 3 f 2 7 1 1
3 0 1 3 3 f 2 7 1 1
3 0 1 3 3 f 2 7 1 1
3 0 0 3 3 f 2 7 1 1
3 0 1 3 3 f 2 7 1 1
3 0 0 3 3 f 2 7 1 1
3 0 0 3 3 f 2 7 1 1
3 0 1 3 3 f 2 7 1 1
3 0 1 3 3 f 2 7 1 1
3 0 0 2 3 f 2 7 0 1
3 0 1 2 2 f 3 7 1 1
3 0 0 2 2 f 3 7 1 1
3 0 0 6 2 f 3 7 0 1
3 0 1 7 6 f 4 7 0 1
3 0 1 7 7 f 5 7 1 1
3 0 1 5 5 f 6 7 1 1
3 0 1 5 5 f 6 7 1 1
3 0 0 5 5 f 6 7 1 1
3 0 0 5 5 f 6 7 1 1
3 0 1 4 4 f 7 7 1 1
3 0 1 c c f 0 7 1 1
3 0 0 d c f 0 7 0 1
3 0 1 f d f 1 7 0 1
3 0 1 f f f 2 7 1 1
3 0 0 e f f 2 7 0 1
3 0 1 a e f 3 7 0 1
3 0 1 b a f 4 7 0 1
3 0 1 b b f 5 7 1 1
3 0 1 b b f 5 7 1 1
3 0 1 b b f 5 7 1 1
3 0 0 b b f 5 7 1 1
3 0 0 b b f 5 7 1 1
3 0 1 9 9 f 6 7 1 1
3 0 0 8 9 f 6 7 0 1
3 0 0 0 9 f 6 7 0 1
3 0 0 0 9 f 6 7 0 1
3 0 1 0 8 f 7 7 0 1
3 0 0 1 8 f 7 7 0 1
3 0 0 3 8 f 7 7 0 1
3 0 0 3 8 f 7 7 0 1
3 0 1 3 0 f 0 7 0 1
3 0 0 2 0 f 0 7 0 1
3 0 1 2 1 f 1 7 0 1
3 0 1 6 3 f 2 7 0 1
3 0 0 6 3 f 2 7 0 1
3 0 0 6 3 f 2 7 0 1
3 0 1 6 2 f 3 7 0 1
3 0 1 7 6 f 4 7 0 1
3 0 0 5 6 f 4 7 0 1
3 0 0 4 6 f 4 7 0 1
3 0 0 c 6 f 4 7 0 1
3 0 0 d 6 f 4 7 0 1
3 0 0 f 6 f 4 7 0 1
3 0 1 e 7 f 5 7 0 1
3 0 0 e 7 f 5 7 0 1
3 0 0 a 7 f 5 7 0 1
3 0 0 a 7 f 5 7 0 1
3 0 1 a 5 f 6 7 0 1
3 0 1 a 4 f 7 7 0 1
3 0 0 a 4 f 7 7 0 1
3 0 1 a c f 0 7 0 1
3 0 0 a c f 0 7 0 1
3 0 0 b c f 0 7 0 1
3 0 1 b d f 1 7 0 1
3 0 1 b f f 2 7 0 1
3 0 1 b e f 3 7 0 1
3 0 1 9 a f 4 7 0 1
3 0 0 8 a f 4 7 0 1
3 0 0 8 a f 4 7 0 1
3 0 1 8 b f 5 7 0 1
3 0 0 8 b f 5 7 0 1
3 0 0 0 b f 5 7 0 1
3 0 0 0 b f 5 7 0 1
3 0 1 1 9 f 6 7 0 1
3 0 1 1 8 f 7 7 0 1
3 0 0 3 8 f 7 7 0 1
3 0 1 2 0 f 0 7 0 1
3 0 1 6 1 f 1 7 0 1
3 0 0 7 1 f 1 7 0 1
3 0 0 7 1 f 1 7 0 1
3 0 0 5 1 f 1 7 0 1
3 0 1 5 3 f 2 7 0 1
3 0 1 5 2 f 3 7 0 1
3 0 0 5 2 f 3 7 0 1
3 0 1 5 6 f 4 7 0 1
3 0 1 5 7 f 5 7 0 1
3 0 1 4 5 f 6 7 0 1
3 0 0 c 5 f 6 7 0 1
3 0 1 c 4 f 7 7 0 1
3 0 0 d 4 f 7 7 0 1
3 0 1 d c f 0 7 0 1
3 0 0 f c f 0 7 0 1
3 0 1 f d f 1 7 0 1
3 0 1 f f f 2 7 1 1
3 0 1 e e f 3 7 1 1
3 0 0 a e f 3 7 0 1
3 0 1 b a f 4 7 0 1
3 0 0 b a f 4 7 0 1
3 0 1 b b f 5 7 1 1
3 0 1 b b f 5 7 1 1
3 0 1 9 9 f 6 7 1 1
3 0 1 9 9 f 6 7 1 1
3 0 1 9 9 f 6 7 1 1
3 0 1 9 9 f 6 7 1 1
3 0 0 9 9 f 6 7 1 1
3 0 0 9 9 f 6 7 1 1
3 0 0 8 9 f 6 7 0 1
3 0 0 0 9 f 6 7 0 1
3 0 1 1 8 f 7 7 0 1
3 0 0 1 8 f 7 7 0 1
3 0 0 1 8 f 7 7 0 1
3 0 1 3 0 f 0 7 0 1
3 0 0 3 0 f 0 7 0 1
3 0 1 3 1 f 1 7 0 1
3 0 0 2 1 f 1 7 0 1
3 0 0 2 1 f 1 7 0 1
3 0 1 2 3 f 2 7 0 1
3 0 0 2 3 f 2 7 0 1
3 0 0 2 3 f 2 7 0 1
3 0 1 2 2 f 3 7 1 1
3 0 1 6 6 f 4 7 1 1
3 0 0 7 6 f 4 7 0 1
3 0 0 7 6 f 4 7 0 1
3 0 1 7 7 f 5 7 1 1
3 0 1 7 7 f 5 7 1 1
3 0 1 5 5 f 6 7 1 1
3 0 1 5 5 f 6 7 1 1
3 0 1 5 5 f 6 7 1 1
3 0 1 4 4 f 7 7 1 1
3 0 1 4 4 f 7 7 1 1
3 0 1 c c f 0 7 1 1
3 0 0 c c f 0 7 1 1
3 0 0 d c f 0 7 0 1
3 0 1 d d f 1 7 1 1
3 0 0 d d f 1 7 1 1
3 0 1 d d f 1 7 1 1
3 0 1 d d f 1 7 1 1
3 0 1 d d f 1 7 1 1
3 0 0 d d f 1 7 1 1
3 0 0 d d f 1 7 1 1
3 0 1 d d f 1 7 1 1
3 0 0 d d f 1 7 1 1
3 0 1 f f f 2 7 1 1
3 0 0 e f f 2 7 0 1
3 0 1 e e f 3 7 1 1
3 0 0 e e f 3 7 1 1
3 0 1 e e f 3 7 1 1
3 0 1 e e f 3 7 1 1
3 0 1 a a f 4 7 1 1
3 0 1 a a f 4 7 1 1
3 0 1 a a f 4 7 1 1
3 0 1 a a f 4 7 1 1
3 0 1 b b f 5 7 1 1
3 0 1 9 9 f 6 7 1 1
3 0 1 9 9 f 6 7 1 1
3 0 1 9 9 f 6 7 1 1
3 0 0 9 9 f 6 7 1 1
3 0 0 9 9 f 6 7 1 1
3 0 0 9 9 f 6 7 1 1
3 0 0 8 9 f 6 7 0 1
3 0 1 0 8 f 7 7 0 1
3 0 1 1 0 f 0 7 0 1
3 0 0 1 0 f 0 7 0 1
3 0 1 3 1 f 1 7 0 1
3 0 0 2 1 f 1 7 0 1
3 0 1 6 3 f 2 7 0 1
3 0 1 6 2 f 3 7 0 1
3 0 0 6 2 f 3 7 0 1
3 0 1 7 6 f 4 7 0 1
3 0 0 7 6 f 4 7 0 1
3 0 0 7 6 f 4 7 0 1
3 0 0 7 6 f 4 7 0 1
3 0 0 7 6 f 4 7 0 1
3 0 1 5 7 f 5 7 0 1
3 0 1 5 5 f 6 7 1 1
3 0 1 4 4 f 7 7 1 1
3 0 1 c c f 0 7 1 1
3 0 1 d d f 1 7 1 1
3 0 1 f f f 2 7 1 1
3 0 0 f f f 2 7 1 1
3 0 1 e e f 3 7 1 1
3 0 1 a a f 4 7 1 1
3 0 1 b b f 5 7 1 1
3 0 0 b b f 5 7 1 1
3 0 1 b b f 5 7 1 1
3 0 1 b b f 5 7 1 1
3 0 0 b b f 5 7 1 1
3 0 0 b b f 5 7 1 1
3 0 1 b b f 5 7 1 1
3 0 1 9 9 f 6 7 1 1
3 0 0 8 9 f 6 7 0 1
3 0 0 8 9 f 6 7 0 1
3 0 0 0 9 f 6 7 0 1
3 0 1 1 8 f 7 7 0 1
3 0 0 1 8 f 7 7 0 1
3 0 0 1 8 f 7 7 0 1
3 0 1 1 0 f 0 7 0 1
3 0 1 3 1 f 1 7 0 1
3 0 1 2 3 f 2 7 0 1
3 0 0 2 3 f 2 7 0 1
3 0 1 2 2 f 3 7 1 1
3 0 1 6 6 f 4 7 1 1
3 0 1 6 6 f 4 7 1 1
3 0 1 6 6 f 4 7 1 1
3 0 1 7 7 f 5 7 1 1
3 0 0 7 7 f 5 7 1 1
3 0 0 7 7 f 5 7 1 1
3 0 1 5 5 f 6 7 1 1
3 0 0 5 5 f 6 7 1 1
3 0 1 4 4 f 7 7 1 1
3 0 0 4 4 f 7 7 1 1
3 0 0 4 4 f 7 7 1 1
3 0 0 4 4 f 7 7 1 1
3 0 1 c c f 0 7 1 1
3 0 0 d c f 0 7 0 1
3 0 0 f c f 0 7 0 1
3 0 0 e c f 0 7 0 1
3 0 0 e c f 0 7 0 1
3 0 1 e d f 1 7 0 1
3 0 1 e f f 2 7 0 1
3 0 1 a e f 3 7 0 1
3 0 1 a a f 4 7 1 1
3 0 1 a a f 4 7 1 1
3 0 0 a a f 4 7 1 1
3 0 1 b b f 5 7 1 1
3 0 1 9 9 f 6 7 1 1
3 0 0 8 9 f 6 7 0 1
3 0 1 0 8 f 7 7 0 1
3 0 0 1 8 f 7 7 0 1
3 0 1 1 0 f 0 7 0 1
3 0 1 1 1 f 1 7 1 1
3 0 1 1 1 f 1 7 1 1
3 0 1 3 3 f 2 7 1 1
3 0 0 3 3 f 2 7 1 1
3 0 1 3 3 f 2 7 1 1
3 0 1 2 2 f 3 7 1 1
3 0 1 2 2 f 3 7 1 1
3 0 0 6 2 f 3 7 0 1
3 0 0 6 2 f 3 7 0 1
3 0 1 6 6 f 4 7 1 1
3 0 1 7 7 f 5 7 1 1
3 0 0 7 7 f 5 7 1 1
3 0 1 5 5 f 6 7 1 1
3 0 1 4 4 f 7 7 1 1
3 0 1 4 4 f 7 7 1 1
3 0 0 4 4 f 7 7 1 1
3 0 1 4 4 f 7 7 1 1
3 0 1 c c f 0 7 1 1
3 0 1 c c f 0 7 1 1
3 0 1 c c f 0 7 1 1
3 0 1 c c f 0 7 1 1
3 0 0 c c f 0 7 1 1
3 0 1 c c f 0 7 1 1
3 0 1 c c f 0 7 1 1
3 0 0 d c f 0 7 0 1
3 0 0 d c f 0 7 0 1
3 0 0 f c f 0 7 0 1
3 0 1 f d f 1 7 0 1
3 0 1 e f f 2 7 0 1
3 0 1 e e f 3 7 1 1
3 0 1 e e f 3 7 1 1
3 0 1 a a f 4 7 1 1
3 0 1 a a f 4 7 1 1
3 0 0 a a f 4 7 1 1
3 0 1 b b f 5 7 1 1
3 0 0 b b f 5 7 1 1
3 0 1 b b f 5 7 1 1
3 0 1 b b f 5 7 1 1
3 0 1 b b f 5 7 1 1
3 0 1 9 9 f 6 7 1 1
3 0 0 9 9 f 6 7 1 1
3 0 0 8 9 f 6 7 0 1
3 0 0 0 9 f 6 7 0 1
3 0 0 0 9 f 6 7 0 1
3 0 1 0 8 f 7 7 0 1
3 0 0 1 8 f 7 7 0 1
3 0 1 1 0 f 0 7 0 1
3 1 1 1 0 f 0 7 0 1
3 0 1 1 1 f 1 7 1 1
3 0 1 1 1 f 1 7 1 1
3 0 1 3 3 f 2 7 1 1
3 0 1 3 3 f 2 7 1 1
3 0 1 3 3 f 2 7 1 1
3 0 0 3 3 f 2 7 1 1
3 0 0 2 3 f 2 7 0 1
3 0 1 6 2 f 3 7 0 1
3 0 1 6 6 f 4 7 1 1
3 0 0 6 6 f 4 7 1 1
3 0 1 7 7 f 5 7 1 1
3 0 1 7 7 f 5 7 1 1
3 0 1 5 5 f 6 7 1 1
3 0 1 5 5 f 6 7 1 1
3 0 0 4 5 f 6 7 0 1
3 0 1 c 4 f 7 7 0 1
3 0 1 d c f 0 7 0 1
3 0 0 f c f 0 7 0 1
3 0 0 f c f 0 7 0 1
3 0 1 f d f 1 7 0 1
3 0 1 f f f 2 7 1 1
3 0 1 f f f 2 7 1 1
3 0 0 f f f 2 7 1 1
3 0 0 e f f 2 7 0 1
3 0 1 e e f 3 7 1 1
3 0 0 a e f 3 7 0 1
3 0 1 a a f 4 7 1 1
3 0 0 a a f 4 7 1 1
3 0 0 b a f 4 7 0 1
3 0 0 b a f 4 7 0 1
3 0 1 9 b f 5 7 0 1
3 0 1 9 9 f 6 7 1 1
3 0 1 9 9 f 6 7 1 1
3 0 0 8 9 f 6 7 0 1
3 0 1 8 8 f 7 7 1 1
3 0 1 0 0 f 0 7 1 1
3 0 1 1 1 f 1 7 1 1
3 0 0 3 1 f 1 7 0 1
3 0 1 2 3 f 2 7 0 1
3 0 1 2 2 f 3 7 1 1
3 0 1 2 2 f 3 7 1 1
3 0 0 6 2 f 3 7 0 1
3 0 1 6 6 f 4 7 1 1
3 0 0 7 6 f 4 7 0 1
3 0 0 5 6 f 4 7 0 1
3 0 0 5 6 f 4 7 0 1
3 0 1 4 7 f 5 7 0 1
3 0 0 4 7 f 5 7 0 1
3 0 0 c 7 f 5 7 0 1
3 0 0 d 7 f 5 7 0 1
3 0 1 d 5 f 6 7 0 1
3 0 0 d 5 f 6 7 0 1
3 0 1 f 4 f 7 7 0 1
3 0 1 e c f 0 7 0 1
3 0 0 e c f 0 7 0 1
3 0 0 e c f 0 7 0 1
3 0 1 a d f 1 7 0 1
3 0 1 a f f 2 7 0 1
3 0 0 b f f 2 7 0 1
3 0 0 b f f 2 7 0 1
3 0 1 b e f 3 7 0 1
3 0 1 9 a f 4 7 0 1
3 0 0 8 a f 4 7 0 1
3 0 1 8 b f 5 7 0 1
3 0 0 0 b f 5 7 0 1
3 0 0 0 b f 5 7 0 1
3 0 0 1 b f 5 7 0 1
3 0 0 3 b f 5 7 0 1
3 0 1 3 9 f 6 7 0 1
3 0 0 3 9 f 6 7 0 1
3 0 0 3 9 f 6 7 0 1
3 0 0 2 9 f 6 7 0 1
3 0 1 6 8 f 7 7 0 1
3 0 1 6 0 f 0 7 0 1
3 0 0 6 0 f 0 7 0 1
3 0 0 6 0 f 0 7 0 1
3 0 1 7 1 f 1 7 0 1
3 0 1 7 3 f 2 7 0 1
3 0 1 5 2 f 3 7 0 1
3 0 1 5 6 f 4 7 0 1
3 0 0 5 6 f 4 7 0 1
3 0 1 5 7 f 5 7 0 1
3 0 0 5 7 f 5 7 0 1
3 0 0 5 7 f 5 7 0 1
3 0 1 5 5 f 6 7 1 1
3 0 1 5 5 f 6 7 1 1
3 0 1 5 5 f 6 7 1 1
3 0 0 5 5 f 6 7 1 1
3 0 1 5 5 f 6 7 1 1
3 0 0 4 5 f 6 7 0 1
3 0 1 c 4 f 7 7 0 1
3 0 0 d 4 f 7 7 0 1
3 0 0 d 4 f 7 7 0 1
3 0 0 d 4 f 7 7 0 1
3 0 1 d c f 0 7 0 1
3 0 0 f c f 0 7 0 1
3 0 1 e d f 1 7 0 1
3 0 0 a d f 1 7 0 1
3 0 0 b d f 1 7 0 1
3 0 1 9 f f 2 7 0 1
3 0 0 9 f f 2 7 0 1
3 0 1 9 e f 3 7 0 1
3 0 1 9 a f 4 7 0 1
3 0 1 8 b f 5 7 0 1
3 0 1 8 9 f 6 7 0 1
3 0 0 0 9 f 6 7 0 1
3 0 0 0 9 f 6 7 0 1
3 0 0 0 9 f 6 7 0 1
3 0 0 0 9 f 6 7 0 1
3 0 0 1 9 f 6 7 0 1
3 0 0 3 9 f 6 7 0 1
3 0 0 2 9 f 6 7 0 1
3 0 1 6 8 f 7 7 0 1
3 0 1 6 0 f 0 7 0 1
3 0 0 7 0 f 0 7 0 1
3 0 0 7 0 f 0 7 0 1
3 0 1 5 1 f 1 7 0 1
3 0 0 5 1 f 1 7 0 1
3 0 1 5 3 f 2 7 0 1
3 0 1 4 2 f 3 7 0 1
3 0 0 c 2 f 3 7 0 1
3 0 1 d 6 f 4 7 0 1
3 0 1 f 7 f 5 7 0 1
3 0 0 f 7 f 5 7 0 1
3 0 1 f 5 f 6 7 0 1
3 0 0 e 5 f 6 7 0 1
3 0 0 a 5 f 6 7 0 1
3 0 1 b 4 f 7 7 0 1
3 0 1 9 c f 0 7 0 1
3 0 1 9 d f 1 7 0 1
3 0 1 9 f f 2 7 0 1
3 0 1 9 e f 3 7 0 1
3 0 1 9 a f 4 7 0 1
3 0 1 9 b f 5 7 0 1
3 0 1 8 9 f 6 7 0 1
3 0 0 8 9 f 6 7 0 1
3 0 1 0 8 f 7 7 0 1
3 0 0 1 8 f 7 7 0 1
3 0 0 1 8 f 7 7 0 1
3 0 1 3 0 f 0 7 0 1
3 0 0 2 0 f 0 7 0 1
3 0 0 2 0 f 0 7 0 1
3 0 1 6 1 f 1 7 0 1
3 0 1 6 3 f 2 7 0 1
3 0 1 7 2 f 3 7 0 1
3 0 0 7 2 f 3 7 0 1
3 0 1 7 6 f 4 7 0 1
3 0 1 5 7 f 5 7 0 1
3 0 1 5 5 f 6 7 1 1
3 0 0 5 5 f 6 7 1 1
3 0 1 5 5 f 6 7 1 1
3 0 1 5 5 f 6 7 1 1
3 0 1 5 5 f 6 7 1 1
3 0 0 5 5 f 6 7 1 1
3 0 1 4 4 f 7 7 1 1
3 0 1 4 4 f 7 7 1 1
3 0 0 4 4 f 7 7 1 1
3 0 1 4 4 f 7 7 1 1
3 0 0 c 4 f 7 7 0 1
3 0 1 d c f 0 7 0 1
3 0 1 d d f 1 7 1 1
3 0 1 f f f 2 7 1 1
3 0 0 f f f 2 7 1 1
3 0 0 f f f 2 7 1 1
3 0 1 f f f 2 7 1 1
3 0 1 f f f 2 7 1 1
3 0 0 f f f 2 7 1 1
3 0 0 f f f 2 7 1 1
3 0 0 e f f 2 7 0 1
3 0 0 e f f 2 7 0 1
3 0 1 e e f 3 7 1 1
3 0 0 a e f 3 7 0 1
3 1 0 b 0 f 0 7 0 1
3 0 0 b 0 f 0 7 0 1
3 0 0 b 0 f 0 7 0 1
3 0 0 b 0 f 0 7 0 1
3 0 0 b 0 f 0 7 0 1
3 0 0 b 0 f 0 7 0 1
3 0 1 b 1 f 1 7 0 1
3 0 1 b 3 f 2 7 0 1
3 0 0 b 3 f 2 7 0 1
3 0 0 b 3 f 2 7 0 1
3 0 1 b 2 f 3 7 0 1
3 0 1 b 6 f 4 7 0 1
3 0 1 b 7 f 5 7 0 1
3 0 1 b 5 f 6 7 0 1
3 0 0 9 5 f 6 7 0 1
3 0 0 9 5 f 6 7 0 1
3 0 0 9 5 f 6 7 0 1
3 0 1 9 4 f 7 7 0 1
3 0 1 9 c f 0 7 0 1
3 0 0 9 c f 0 7 0 1
3 0 1 9 d f 1 7 0 1
3 0 0 9 d f 1 7 0 1
3 0 0 9 d f 1 7 0 1
3 0 1 9 f f 2 7 0 1
3 0 1 9 e f 3 7 0 1
3 0 1 9 a f 4 7 0 1
3 0 0 9 a f 4 7 0 1
3 0 1 8 b f 5 7 0 1
3 0 0 8 b f 5 7 0 1
3 0 0 0 b f 5 7 0 1
3 0 0 0 b f 5 7 0 1
3 0 1 1 9 f 6 7 0 1
3 0 1 1 8 f 7 7 0 1
3 0 1 1 0 f 0 7 0 1
3 0 0 3 0 f 0 7 0 1
3 0 1 2 1 f 1 7 0 1
3 0 0 2 1 f 1 7 0 1
3 0 1 6 3 f 2 7 0 1
3 0 0 6 3 f 2 7 0 1
3 0 1 6 2 f 3 7 0 1
3 0 1 6 6 f 4 7 1 1
3 0 0 6 6 f 4 7 1 1
3 0 1 6 6 f 4 7 1 1
3 0 0 7 6 f 4 7 0 1
3 0 1 7 7 f 5 7 1 1
3 0 0 5 7 f 5 7 0 1
3 0 0 5 7 f 5 7 0 1
3 0 0 5 7 f 5 7 0 1
3 0 0 4 7 f 5 7 0 1
3 0 1 4 5 f 6 7 0 1
3 0 1 4 4 f 7 7 1 1
3 0 1 c c f 0 7 1 1
3 0 1 c c f 0 7 1 1
3 0 0 d c f 0 7 0 1
3 0 0 d c f 0 7 0 1
3 0 0 f c f 0 7 0 1
3 0 1 e d f 1 7 0 1
3 0 1 e f f 2 7 0 1
3 0 0 e f f 2 7 0 1
3 0 1 a e f 3 7 0 1
3 0 0 a e f 3 7 0 1
3 0 1 b a f 4 7 0 1
3 0 1 b b f 5 7 1 1
3 0 1 b b f 5 7 1 1
3 0 0 b b f 5 7 1 1
3 0 1 9 9 f 6 7 1 1
3 0 1 9 9 f 6 7 1 1
3 0 1 9 9 f 6 7 1 1
3 0 1 8 8 f 7 7 1 1
3 0 1 0 0 f 0 7 1 1
3 0 1 0 0 f 0 7 1 1
3 0 1 0 0 f 0 7 1 1
3 0 0 0 0 f 0 7 1 1
3 0 0 1 0 f 0 7 0 1
3 0 1 1 1 f 1 7 1 1
3 0 0 1 1 f 1 7 1 1
3 0 1 1 1 f 1 7 1 1
3 0 0 1 1 f 1 7 1 1
3 0 0 1 1 f 1 7 1 1
3 0 1 1 1 f 1 7 1 1
3 0 1 1 1 f 1 7 1 1
3 0 0 3 1 f 1 7 0 1
3 0 0 2 1 f 1 7 0 1
3 0 1 2 3 f 2 7 0 1
3 0 1 6 2 f 3 7 0 1
3 0 0 7 2 f 3 7 0 1
3 0 1 7 6 f 4 7 0 1
3 0 1 7 7 f 5 7 1 1
3 0 0 7 7 f 5 7 1 1
3 0 0 5 7 f 5 7 0 1
3 1 0 4 0 f 0 7 0 1
3 0 1 4 1 f 1 7 0 1
3 0 0 c 1 f 1 7 0 1
3 0 1 c 3 f 2 7 0 1
3 0 1 c 2 f 3 7 0 1
3 0 1 c 6 f 4 7 0 1
3 0 1 c 7 f 5 7 0 1
3 0 0 d 7 f 5 7 0 1
3 0 1 d 5 f 6 7 0 1
3 0 1 f 4 f 7 7 0 1
3 0 0 f 4 f 7 7 0 1
3 0 1 f c f 0 7 0 1
3 0 1 f d f 1 7 0 1
3 0 0 e d f 1 7 0 1
3 0 1 a f f 2 7 0 1
3 0 1 b e f 3 7 0 1
3 0 1 b a f 4 7 0 1
3 0 0 9 a f 4 7 0 1
3 0 0 9 a f 4 7 0 1
3 0 1 8 b f 5 7 0 1
3 0 1 0 9 f 6 7 0 1
3 0 1 0 8 f 7 7 0 1
3 0 1 0 0 f 0 7 1 1
3 0 0 1 0 f 0 7 0 1
3 0 0 3 0 f 0 7 0 1
3 0 1 3 1 f 1 7 0 1
3 0 1 3 3 f 2 7 1 1
3 0 1 3 3 f 2 7 1 1
3 0 1 3 3 f 2 7 1 1
3 0 1 3 3 f 2 7 1 1
3 0 1 3 3 f 2 7 1 1
3 0 1 2 2 f 3 7 1 1
3 0 1 6 6 f 4 7 1 1
3 0 0 6 6 f 4 7 1 1
3 0 1 7 7 f 5 7 1 1
3 0 0 7 7 f 5 7 1 1
3 0 0 7 7 f 5 7 1 1
3 0 1 7 7 f 5 7 1 1
3 0 0 5 7 f 5 7 0 1
3 0 1 5 5 f 6 7 1 1
3 0 0 5 5 f 6 7 1 1
3 0 1 5 5 f 6 7 1 1
3 0 1 5 5 f 6 7 1 1
3 0 1 5 5 f 6 7 1 1
3 0 1 5 5 f 6 7 1 1
3 0 0 5 5 f 6 7 1 1
3 0 0 4 5 f 6 7 0 1
3 0 1 c 4 f 7 7 0 1
3 0 0 d 4 f 7 7 0 1
3 0 1 d c f 0 7 0 1
3 0 0 d c f 0 7 0 1
3 0 1 d d f 1 7 1 1
3 0 1 f f f 2 7 1 1
3 0 1 f f f 2 7 1 1
3 0 1 f f f 2 7 1 1
3 0 1 f f f 2 7 1 1
3 0 1 e e f 3 7 1 1
3 0 0 e e f 3 7 1 1
3 0 0 a e f 3 7 0 1
3 0 1 b a f 4 7 0 1
3 0 0 9 a f 4 7 0 1
3 0 1 9 b f 5 7 0 1
3 0 0 9 b f 5 7 0 1
3 0 1 8 9 f 6 7 0 1
3 0 0 8 9 f 6 7 0 1
3 0 1 8 8 f 7 7 1 1
3 0 1 8 8 f 7 7 1 1
3 0 0 8 8 f 7 7 1 1
3 0 0 8 8 f 7 7 1 1
3 0 1 0 0 f 0 7 1 1
3 0 1 1 1 f 1 7 1 1
3 0 0 1 1 f 1 7 1 1
3 0 1 3 3 f 2 7 1 1
3 0 0 3 3 f 2 7 1 1
3 0 1 3 3 f 2 7 1 1
3 0 1 2 2 f 3 7 1 1
3 0 0 6 2 f 3 7 0 1
3 0 0 6 2 f 3 7 0 1
3 0 1 7 6 f 4 7 0 1
3 0 0 5 6 f 4 7 0 1
3 0 1 4 7 f 5 7 0 1
3 0 1 4 5 f 6 7 0 1
3 0 1 c 4 f 7 7 0 1
3 0 1 d c f 0 7 0 1
3 0 1 f d f 1 7 0 1
3 0 0 e d f 1 7 0 1
3 0 1 e f f 2 7 0 1
3 0 0 e f f 2 7 0 1
3 0 1 e e f 3 7 1 1
3 0 0 a e f 3 7 0 1
3 0 0 a e f 3 7 0 1
3 0 1 b a f 4 7 0 1
3 0 1 b b f 5 7 1 1
3 0 1 9 9 f 6 7 1 1
3 0 1 8 8 f 7 7 1 1
3 0 1 0 0 f 0 7 1 1
3 0 1 1 1 f 1 7 1 1
3 0 1 1 1 f 1 7 1 1
3 0 0 1 1 f 1 7 1 1
3 0 1 1 1 f 1 7 1 1
3 0 1 1 1 f 1 7 1 1
3 0 0 1 1 f 1 7 1 1
3 0 1 1 1 f 1 7 1 1
3 0 1 1 1 f 1 7 1 1
3 0 0 1 1 f 1 7 1 1
3 0 0 1 1 f 1 7 1 1
3 0 1 1 1 f 1 7 1 1
3 0 0 3 1 f 1 7 0 1
3 0 0 2 1 f 1 7 0 1
3 0 1 6 3 f 2 7 0 1
3 0 1 6 2 f 3 7 0 1
3 0 1 6 6 f 4 7 1 1
3 0 0 7 6 f 4 7 0 1
3 0 1 7 7 f 5 7 1 1
3 0 1 7 7 f 5 7 1 1
3 0 0 5 7 f 5 7 0 1
3 0 1 5 5 f 6 7 1 1
3 0 1 4 4 f 7 7 1 1
3 0 1 4 4 f 7 7 1 1
3 0 1 c c f 0 7 1 1
3 0 1 c c f 0 7 1 1
3 0 1 d d f 1 7 1 1
3 0 0 d d f 1 7 1 1
3 0 1 d d f 1 7 1 1
3 0 0 f d f 1 7 0 1
3 0 1 f f f 2 7 1 1
3 0 1 f f f 2 7 1 1
3 0 1 f f f 2 7 1 1
3 0 0 f f f 2 7 1 1
3 0 1 e e f 3 7 1 1
3 0 1 a a f 4 7 1 1
3 0 1 a a f 4 7 1 1
3 0 0 a a f 4 7 1 1
3 0 1 a a f 4 7 1 1
3 0 1 b b f 5 7 1 1
3 0 0 b b f 5 7 1 1
3 0 0 b b f 5 7 1 1
3 0 1 b b f 5 7 1 1
3 1 1 9 0 f 0 7 0 1
3 0 1 9 1 f 1 7 0 1
3 0 0 9 1 f 1 7 0 1
3 0 1 9 3 f 2 7 0 1
3 0 0 9 3 f 2 7 0 1
3 0 1 9 2 f 3 7 0 1
3 0 1 9 6 f 4 7 0 1
3 0 1 9 7 f 5 7 0 1
3 0 1 9 5 f 6 7 0 1
3 0 1 9 4 f 7 7 0 1
3 0 1 8 c f 0 7 0 1
3 0 1 0 d f 1 7 0 1
3 0 1 0 f f 2 7 0 1
3 0 1 0 e f 3 7 0 1
3 0 0 0 e f 3 7 0 1
3 0 1 1 a f 4 7 0 1
3 0 0 1 a f 4 7 0 1
3 0 0 1 a f 4 7 0 1
3 0 1 1 b f 5 7 0 1
3 0 1 3 9 f 6 7 0 1
3 0 1 2 8 f 7 7 0 1
3 0 1 2 0 f 0 7 0 1
3 0 0 2 0 f 0 7 0 1
3 0 0 2 0 f 0 7 0 1
3 0 0 2 0 f 0 7 0 1
3 0 1 2 1 f 1 7 0 1
3 0 0 6 1 f 1 7 0 1
3 0 0 7 1 f 1 7 0 1
3 0 0 5 1 f 1 7 0 1
3 0 1 5 3 f 2 7 0 1
3 0 1 5 2 f 3 7 0 1
3 0 1 5 6 f 4 7 0 1
3 0 0 4 6 f 4 7 0 1
3 0 0 c 6 f 4 7 0 1
3 0 1 d 7 f 5 7 0 1
3 0 0 f 7 f 5 7 0 1
3 0 0 f 7 f 5 7 0 1
3 0 1 f 5 f 6 7 0 1
3 0 1 f 4 f 7 7 0 1
3 0 1 e c f 0 7 0 1
3 0 1 e d f 1 7 0 1
3 0 1 a f f 2 7 0 1
3 0 1 a e f 3 7 0 1
3 0 1 a a f 4 7 1 1
3 0 1 a a f 4 7 1 1
3 0 1 a a f 4 7 1 1
3 0 0 b a f 4 7 0 1
3 0 1 b b f 5 7 1 1
3 0 1 b b f 5 7 1 1
3 0 0 9 b f 5 7 0 1
3 0 0 9 b f 5 7 0 1
3 0 0 9 b f 5 7 0 1
3 0 1 9 9 f 6 7 1 1
3 0 1 8 8 f 7 7 1 1
3 0 1 0 0 f 0 7 1 1
3 0 0 1 0 f 0 7 0 1
3 0 0 3 0 f 0 7 0 1
3 0 1 2 1 f 1 7 0 1
3 0 1 2 3 f 2 7 0 1
3 0 1 2 2 f 3 7 1 1
3 0 0 2 2 f 3 7 1 1
3 0 0 6 2 f 3 7 0 1
3 0 0 6 2 f 3 7 0 1
3 0 0 7 2 f 3 7 0 1
3 0 0 5 2 f 3 7 0 1
3 0 0 5 2 f 3 7 0 1
3 0 1 5 6 f 4 7 0 1
3 0 1 4 7 f 5 7 0 1
3 0 0 4 7 f 5 7 0 1
3 0 1 c 5 f 6 7 0 1
3 0 0 c 5 f 6 7 0 1
3 0 1 c 4 f 7 7 0 1
3 0 0 c 4 f 7 7 0 1
3 0 0 c 4 f 7 7 0 1
3 0 0 c 4 f 7 7 0 1
3 0 1 c c f 0 7 1 1
3 0 0 d c f 0 7 0 1
3 0 0 d c f 0 7 0 1
3 0 0 d c f 0 7 0 1
3 0 0 f c f 0 7 0 1
3 0 1 e d f 1 7 0 1
3 0 1 e f f 2 7 0 1
3 0 0 a f f 2 7 0 1
3 0 1 b e f 3 7 0 1
3 0 0 9 e f 3 7 0 1
3 0 1 9 a f 4 7 0 1
3 0 1 8 b f 5 7 0 1
3 0 1 8 9 f 6 7 0 1
3 0 1 0 8 f 7 7 0 1
3 0 0 0 8 f 7 7 0 1
3 0 0 0 8 f 7 7 0 1
3 0 0 0 8 f 7 7 0 1
3 0 0 0 8 f 7 7 0 1
3 0 0 0 8 f 7 7 0 1
3 0 0 0 8 f 7 7 0 1
3 0 0 0 8 f 7 7 0 1
3 0 1 0 0 f 0 7 1 1
3 0 0 1 0 f 0 7 0 1
3 0 1 3 1 f 1 7 0 1
3 0 0 2 1 f 1 7 0 1
3 0 1 2 3 f 2 7 0 1
3 0 1 2 2 f 3 7 1 1
3 0 1 2 2 f 3 7 1 1
3 0 0 2 2 f 3 7 1 1
3 0 1 2 2 f 3 7 1 1
3 0 1 6 6 f 4 7 1 1
3 0 1 6 6 f 4 7 1 1
3 0 1 6 6 f 4 7 1 1
3 0 1 6 6 f 4 7 1 1
3 0 1 7 7 f 5 7 1 1
3 0 0 5 7 f 5 7 0 1
3 0 1 4 5 f 6 7 0 1
3 0 1 4 4 f 7 7 1 1
3 0 1 c c f 0 7 1 1
3 0 1 c c f 0 7 1 1
3 0 1 d d f 1 7 1 1
3 0 1 f f f 2 7 1 1
3 0 1 e e f 3 7 1 1
3 0 0 a e f 3 7 0 1
3 0 1 a a f 4 7 1 1
3 0 0 b a f 4 7 0 1
3 0 1 b b f 5 7 1 1
3 0 0 b b f 5 7 1 1
3 0 1 b b f 5 7 1 1
3 0 1 b b f 5 7 1 1
3 0 1 9 9 f 6 7 1 1
3 0 1 9 9 f 6 7 1 1
3 0 1 9 9 f 6 7 1 1
3 0 0 8 9 f 6 7 0 1
3 0 1 0 8 f 7 7 0 1
3 0 1 0 0 f 0 7 1 1
3 0 0 0 0 f 0 7 1 1
3 0 1 0 0 f 0 7 1 1
3 0 0 0 0 f 0 7 1 1
3 0 0 0 0 f 0 7 1 1
3 0 1 1 1 f 1 7 1 1
3 0 1 1 1 f 1 7 1 1
3 0 1 3 3 f 2 7 1 1
3 0 1 2 2 f 3 7 1 1
3 0 1 2 2 f 3 7 1 1
3 0 1 2 2 f 3 7 1 1
3 0 0 2 2 f 3 7 1 1
3 0 1 6 6 f 4 7 1 1
3 0 1 7 7 f 5 7 1 1
3 0 1 7 7 f 5 7 1 1
3 0 1 5 5 f 6 7 1 1
3 0 1 4 4 f 7 7 1 1
3 0 1 4 4 f 7 7 1 1
3 0 1 4 4 f 7 7 1 1
3 0 0 4 4 f 7 7 1 1
3 0 1 4 4 f 7 7 1 1
3 0 1 4 4 f 7 7 1 1
3 0 1 c c f 0 7 1 1
3 0 1 d d f 1 7 1 1
3 0 1 d d f 1 7 1 1
3 0 1 d d f 1 7 1 1
3 0 1 d d f 1 7 1 1
3 0 1 f f f 2 7 1 1
3 0 1 f f f 2 7 1 1
3 0 1 e e f 3 7 1 1
3 0 1 a a f 4 7 1 1
3 0 1 a a f 4 7 1 1
3 0 1 a a f 4 7 1 1
3 0 1 b b f 5 7 1 1
3 0 0 b b f 5 7 1 1
3 0 0 b b f 5 7 1 1
3 0 1 b b f 5 7 1 1
3 0 1 b b f 5 7 1 1
3 0 1 b b f 5 7 1 1
3 0 0 b b f 5 7 1 1
3 0 1 b b f 5 7 1 1
3 0 0 b b f 5 7 1 1
3 0 0 b b f 5 7 1 1
3 0 1 9 9 f 6 7 1 1
3 0 0 9 9 f 6 7 1 1
3 0 0 8 9 f 6 7 0 1
3 0 0 8 9 f 6 7 0 1
3 0 1 8 8 f 7 7 1 1
3 0 0 0 8 f 7 7 0 1
3 0 1 1 0 f 0 7 0 1
3 0 0 1 0 f 0 7 0 1
3 0 1 3 1 f 1 7 0 1
3 0 1 2 3 f 2 7 0 1
3 0 1 2 2 f 3 7 1 1
3 0 1 2 2 f 3 7 1 1
3 0 0 6 2 f 3 7 0 1
3 0 1 6 6 f 4 7 1 1
3 0 1 7 7 f 5 7 1 1
3 0 1 5 5 f 6 7 1 1
3 0 1 5 5 f 6 7 1 1
3 0 0 5 5 f 6 7 1 1
3 0 1 5 5 f 6 7 1 1
3 0 1 5 5 f 6 7 1 1
3 0 1 5 5 f 6 7 1 1
3 0 0 5 5 f 6 7 1 1
3 0 1 5 5 f 6 7 1 1
3 0 1 4 4 f 7 7 1 1
3 0 0 c 4 f 7 7 0 1
3 0 1 c c f 0 7 1 1
3 0 1 c c f 0 7 1 1
3 0 1 d d f 1 7 1 1
3 0 1 d d f 1 7 1 1
3 0 1 f f f 2 7 1 1
3 0 0 f f f 2 7 1 1
3 0 1 f f f 2 7 1 1
3 0 1 f f f 2 7 1 1
3 0 1 f f f 2 7 1 1
3 0 1 e e f 3 7 1 1
3 0 1 e e f 3 7 1 1
3 0 1 a a f 4 7 1 1
3 0 1 a a f 4 7 1 1
3 0 1 a a f 4 7 1 1
3 0 1 a a f 4 7 1 1
3 0 0 b a f 4 7 0 1
3 0 1 b b f 5 7 1 1
3 0 1 b b f 5 7 1 1
3 0 1 9 9 f 6 7 1 1
3 0 1 8 8 f 7 7 1 1
3 0 0 8 8 f 7 7 1 1
3 0 1 8 8 f 7 7 1 1
3 0 1 8 8 f 7 7 1 1
3 0 1 0 0 f 0 7 1 1
3 0 1 1 1 f 1 7 1 1
3 0 1 1 1 f 1 7 1 1
3 0 0 1 1 f 1 7 1 1
3 0 0 3 1 f 1 7 0 1
3 0 1 3 3 f 2 7 1 1
3 0 1 3 3 f 2 7 1 1
3 0 0 2 3 f 2 7 0 1
3 0 1 2 2 f 3 7 1 1
3 0 0 6 2 f 3 7 0 1
3 0 0 7 2 f 3 7 0 1
3 0 0 7 2 f 3 7 0 1
3 0 1 5 6 f 4 7 0 1
3 0 1 4 7 f 5 7 0 1
3 0 0 c 7 f 5 7 0 1
3 0 1 d 5 f 6 7 0 1
3 0 0 d 5 f 6 7 0 1
3 0 1 d 4 f 7 7 0 1
3 0 1 d c f 0 7 0 1
3 0 0 d c f 0 7 0 1
3 0 1 d d f 1 7 1 1
3 0 0 d d f 1 7 1 1
3 0 0 d d f 1 7 1 1
3 0 1 d d f 1 7 1 1
3 0 0 f d f 1 7 0 1
3 0 1 f f f 2 7 1 1
3 0 1 f f f 2 7 1 1
3 0 0 f f f 2 7 1 1
3 0 1 f f f 2 7 1 1
3 0 1 f f f 2 7 1 1
3 0 0 f f f 2 7 1 1
3 0 0 f f f 2 7 1 1
3 0 1 e e f 3 7 1 1
3 0 0 a e f 3 7 0 1
3 0 0 a e f 3 7 0 1
3 0 1 a a f 4 7 1 1
3 0 1 b b f 5 7 1 1
3 0 1 b b f 5 7 1 1
3 0 0 b b f 5 7 1 1
3 0 1 9 9 f 6 7 1 1
3 0 0 9 9 f 6 7 1 1
3 0 0 9 9 f 6 7 1 1
3 0 0 8 9 f 6 7 0 1
3 0 0 8 9 f 6 7 0 1
3 0 0 0 9 f 6 7 0 1
3 0 0 1 9 f 6 7 0 1
3 0 0 3 9 f 6 7 0 1
3 0 1 3 8 f 7 7 0 1
3 0 1 3 0 f 0 7 0 1
3 0 0 3 0 f 0 7 0 1
3 0 1 3 1 f 1 7 0 1
3 0 0 3 1 f 1 7 0 1
3 0 1 3 3 f 2 7 1 1
3 0 0 3 3 f 2 7 1 1
3 0 1 3 3 f 2 7 1 1
3 0 1 3 3 f 2 7 1 1
3 0 1 2 2 f 3 7 1 1
3 0 1 2 2 f 3 7 1 1
3 0 1 2 2 f 3 7 1 1
3 0 1 2 2 f 3 7 1 1
3 0 1 6 6 f 4 7 1 1
3 0 1 6 6 f 4 7 1 1
3 0 0 6 6 f 4 7 1 1
3 0 1 7 7 f 5 7 1 1
3 0 0 5 7 f 5 7 0 1
3 0 1 4 5 f 6 7 0 1
3 0 1 c 4 f 7 7 0 1
3 0 1 c c f 0 7 1 1
3 0 0 d c f 0 7 0 1
3 0 0 f c f 0 7 0 1
3 0 1 e d f 1 7 0 1
3 0 1 e f f 2 7 0 1
3 0 0 a f f 2 7 0 1
3 0 0 a f f 2 7 0 1
3 0 0 a f f 2 7 0 1
3 0 1 a e f 3 7 0 1
3 0 1 b a f 4 7 0 1
3 0 0 b a f 4 7 0 1
3 0 1 b b f 5 7 1 1
3 0 0 9 b f 5 7 0 1
3 0 1 8 9 f 6 7 0 1
3 0 0 0 9 f 6 7 0 1
3 0 1 0 8 f 7 7 0 1
3 0 1 1 0 f 0 7 0 1
3 0 1 3 1 f 1 7 0 1
3 0 1 2 3 f 2 7 0 1
3 0 1 6 2 f 3 7 0 1
3 0 0 7 2 f 3 7 0 1
3 0 1 7 6 f 4 7 0 1
3 0 1 7 7 f 5 7 1 1
3 0 1 7 7 f 5 7 1 1
3 0 0 7 7 f 5 7 1 1
3 0 1 7 7 f 5 7 1 1
3 0 1 7 7 f 5 7 1 1
3 0 1 7 7 f 5 7 1 1
3 0 0 5 7 f 5 7 0 1
3 0 1 4 5 f 6 7 0 1
3 0 1 c 4 f 7 7 0 1
3 0 1 c c f 0 7 1 1
3 0 1 c c f 0 7 1 1
3 0 1 c c f 0 7 1 1
3 0 1 c c f 0 7 1 1
3 0 1 c c f 0 7 1 1
3 0 1 c c f 0 7 1 1
3 0 0 c c f 0 7 1 1
3 0 1 c c f 0 7 1 1
3 0 1 c c f 0 7 1 1
3 0 1 c c f 0 7 1 1
3 0 1 c c f 0 7 1 1
3 0 1 c c f 0 7 1 1
3 0 1 c c f 0 7 1 1
3 0 0 d c f 0 7 0 1
3 0 0 d c f 0 7 0 1
3 0 1 d d f 1 7 1 1
3 0 1 f f f 2 7 1 1
3 0 1 f f f 2 7 1 1
3 0 0 f f f 2 7 1 1
3 0 1 f f f 2 7 1 1
3 0 1 e e f 3 7 1 1
3 0 0 e e f 3 7 1 1
3 0 0 e e f 3 7 1 1
3 0 0 a e f 3 7 0 1
3 0 1 a a f 4 7 1 1
3 0 1 b b f 5 7 1 1
3 0 1 9 9 f 6 7 1 1
3 0 1 9 9 f 6 7 1 1
3 0 1 9 9 f 6 7 1 1
3 0 0 9 9 f 6 7 1 1
3 0 1 9 9 f 6 7 1 1
3 0 1 8 8 f 7 7 1 1
3 0 1 8 8 f 7 7 1 1
3 0 0 8 8 f 7 7 1 1
3 0 0 8 8 f 7 7 1 1
3 0 0 0 8 f 7 7 0 1
3 0 0 0 8 f 7 7 0 1
3 0 0 0 8 f 7 7 0 1
3 0 0 0 8 f 7 7 0 1
3 0 1 0 0 f 0 7 1 1
3 0 1 0 0 f 0 7 1 1
3 0 0 1 0 f 0 7 0 1
3 0 0 1 0 f 0 7 0 1
3 0 1 1 1 f 1 7 1 1
3 0 0 3 1 f 1 7 0 1
3 0 1 2 3 f 2 7 0 1
3 0 1 2 2 f 3 7 1 1
3 0 0 2 2 f 3 7 1 1
3 0 1 2 2 f 3 7 1 1
3 0 0 6 2 f 3 7 0 1
3 0 1 6 6 f 4 7 1 1
3 0 0 7 6 f 4 7 0 1
3 0 1 5 7 f 5 7 0 1
3 0 1 5 5 f 6 7 1 1
3 0 0 5 5 f 6 7 1 1
3 0 0 5 5 f 6 7 1 1
3 0 1 4 4 f 7 7 1 1
3 0 1 4 4 f 7 7 1 1
3 0 1 c c f 0 7 1 1
3 0 0 c c f 0 7 1 1
3 0 0 c c f 0 7 1 1
3 0 1 c c f 0 7 1 1
3 0 1 c c f 0 7 1 1
3 0 1 c c f 0 7 1 1
3 0 0 c c f 0 7 1 1
3 0 1 c c f 0 7 1 1
3 0 0 c c f 0 7 1 1
3 0 1 c c f 0 7 1 1
3 0 1 d d f 1 7 1 1
3 0 1 d d f 1 7 1 1
3 0 1 d d f 1 7 1 1
3 0 0 f d f 1 7 0 1
3 0 1 f f f 2 7 1 1
3 0 1 e e f 3 7 1 1
3 0 1 e e f 3 7 1 1
3 0 1 e e f 3 7 1 1
3 0 0 e e f 3 7 1 1
3 0 1 a a f 4 7 1 1
3 0 1 b b f 5 7 1 1
3 0 0 b b f 5 7 1 1
3 0 0 b b f 5 7 1 1
3 0 1 b b f 5 7 1 1
3 0 1 b b f 5 7 1 1
3 0 1 b b f 5 7 1 1
3 0 0 b b f 5 7 1 1
3 0 0 9 b f 5 7 0 1
3 0 1 9 9 f 6 7 1 1
3 0 0 9 9 f 6 7 1 1
3 0 0 9 9 f 6 7 1 1
3 0 1 9 9 f 6 7 1 1
3 0 1 8 8 f 7 7 1 1
3 0 1 8 8 f 7 7 1 1
3 0 0 0 8 f 7 7 0 1
3 0 1 1 0 f 0 7 0 1
3 0 1 1 1 f 1 7 1 1
3 0 0 1 1 f 1 7 1 1
3 0 1 3 3 f 2 7 1 1
3 0 1 3 3 f 2 7 1 1
3 0 0 3 3 f 2 7 1 1
3 0 0 2 3 f 2 7 0 1
3 0 1 6 2 f 3 7 0 1
3 0 0 6 2 f 3 7 0 1
3 0 1 6 6 f 4 7 1 1
3 0 1 7 7 f 5 7 1 1
3 0 1 7 7 f 5 7 1 1
3 0 1 5 5 f 6 7 1 1
3 0 1 5 5 f 6 7 1 1
3 0 0 5 5 f 6 7 1 1
3 0 1 4 4 f 7 7 1 1
3 0 1 4 4 f 7 7 1 1
3 0 1 c c f 0 7 1 1
3 0 1 c c f 0 7 1 1
3 0 1 c c f 0 7 1 1
3 0 0 c c f 0 7 1 1
3 0 1 c c f 0 7 1 1
3 0 1 d d f 1 7 1 1
3 0 0 d d f 1 7 1 1
3 0 1 d d f 1 7 1 1
3 0 1 f f f 2 7 1 1
3 0 1 f f f 2 7 1 1
3 0 0 f f f 2 7 1 1
3 0 0 f f f 2 7 1 1
3 0 1 f f f 2 7 1 1
3 0 1 f f f 2 7 1 1
3 0 0 e f f 2 7 0 1
3 0 0 e f f 2 7 0 1
3 0 0 a f f 2 7 0 1
3 0 1 a e f 3 7 0 1
3 0 1 b a f 4 7 0 1
3 0 1 b b f 5 7 1 1
3 0 0 b b f 5 7 1 1
3 0 1 9 9 f 6 7 1 1
3 0 0 8 9 f 6 7 0 1
3 0 1 8 8 f 7 7 1 1
3 0 1 8 8 f 7 7 1 1
3 0 1 8 8 f 7 7 1 1
3 0 1 8 8 f 7 7 1 1
3 0 1 0 0 f 0 7 1 1
3 0 1 1 1 f 1 7 1 1
3 0 0 1 1 f 1 7 1 1
3 0 0 3 1 f 1 7 0 1
3 0 1 2 3 f 2 7 0 1
3 0 1 2 2 f 3 7 1 1
3 0 1 2 2 f 3 7 1 1
3 0 1 6 6 f 4 7 1 1
3 0 1 7 7 f 5 7 1 1
3 0 1 7 7 f 5 7 1 1
3 0 1 7 7 f 5 7 1 1
3 0 0 5 7 f 5 7 0 1
3 0 0 4 7 f 5 7 0 1
3 0 0 c 7 f 5 7 0 1
3 0 1 d 5 f 6 7 0 1
3 0 0 f 5 f 6 7 0 1
3 0 0 e 5 f 6 7 0 1
3 0 1 e 4 f 7 7 0 1
3 0 0 a 4 f 7 7 0 1
3 0 0 a 4 f 7 7 0 1
3 0 0 a 4 f 7 7 0 1
3 0 1 b c f 0 7 0 1
3 0 1 9 d f 1 7 0 1
3 0 1 9 f f 2 7 0 1
3 0 0 8 f f 2 7 0 1
3 0 0 0 f f 2 7 0 1
3 0 0 0 f f 2 7 0 1
3 0 0 0 f f 2 7 0 1
3 0 1 1 e f 3 7 0 1
3 0 0 3 e f 3 7 0 1
3 0 1 2 a f 4 7 0 1
3 0 1 6 b f 5 7 0 1
3 0 1 6 9 f 6 7 0 1
3 0 1 7 8 f 7 7 0 1
3 0 1 7 0 f 0 7 0 1
3 0 1 7 1 f 1 7 0 1
3 0 1 5 3 f 2 7 0 1
3 0 0 4 3 f 2 7 0 1
3 0 0 4 3 f 2 7 0 1
3 0 0 4 3 f 2 7 0 1
3 0 1 4 2 f 3 7 0 1
3 0 1 c 6 f 4 7 0 1
3 0 0 c 6 f 4 7 0 1
3 0 0 c 6 f 4 7 0 1
3 0 1 c 7 f 5 7 0 1
3 0 1 c 5 f 6 7 0 1
3 0 1 d 4 f 7 7 0 1
3 0 1 d c f 0 7 0 1
3 0 1 d d f 1 7 1 1
3 0 0 f d f 1 7 0 1
3 0 1 e f f 2 7 0 1
3 0 1 a e f 3 7 0 1
3 0 0 b e f 3 7 0 1
3 0 1 9 a f 4 7 0 1
3 0 1 8 b f 5 7 0 1
3 0 0 0 b f 5 7 0 1
3 0 0 0 b f 5 7 0 1
3 0 1 1 9 f 6 7 0 1
3 0 1 3 8 f 7 7 0 1
3 0 1 2 0 f 0 7 0 1
3 0 1 2 1 f 1 7 0 1
3 0 0 2 1 f 1 7 0 1
3 0 0 6 1 f 1 7 0 1
3 0 0 7 1 f 1 7 0 1
3 0 0 5 1 f 1 7 0 1
3 0 1 4 3 f 2 7 0 1
3 0 0 4 3 f 2 7 0 1
3 0 1 c 2 f 3 7 0 1
3 0 0 d 2 f 3 7 0 1
3 0 1 d 6 f 4 7 0 1
3 0 1 d 7 f 5 7 0 1
3 0 0 f 7 f 5 7 0 1
3 0 0 e 7 f 5 7 0 1
3 0 1 e 5 f 6 7 0 1
3 0 1 e 4 f 7 7 0 1
3 0 1 a c f 0 7 0 1
3 0 1 a d f 1 7 0 1
3 0 0 a d f 1 7 0 1
3 0 0 b d f 1 7 0 1
3 0 1 9 f f 2 7 0 1
3 0 1 8 e f 3 7 0 1
3 0 1 0 a f 4 7 0 1
3 0 1 0 b f 5 7 0 1
3 0 0 1 b f 5 7 0 1
3 0 0 3 b f 5 7 0 1
3 0 1 2 9 f 6 7 0 1
3 0 1 2 8 f 7 7 0 1
3 0 1 2 0 f 0 7 0 1
3 0 1 2 1 f 1 7 0 1
3 0 1 6 3 f 2 7 0 1
3 0 1 6 2 f 3 7 0 1
3 0 0 6 2 f 3 7 0 1
3 0 1 6 6 f 4 7 1 1
3 0 1 6 6 f 4 7 1 1
3 0 1 6 6 f 4 7 1 1
3 0 1 6 6 f 4 7 1 1
3 0 0 6 6 f 4 7 1 1
3 0 1 7 7 f 5 7 1 1
3 0 0 7 7 f 5 7 1 1
3 0 1 7 7 f 5 7 1 1
3 0 1 7 7 f 5 7 1 1
3 0 1 7 7 f 5 7 1 1
3 0 1 7 7 f 5 7 1 1
3 0 1 7 7 f 5 7 1 1
3 0 0 5 7 f 5 7 0 1
3 0 0 4 7 f 5 7 0 1
3 0 1 4 5 f 6 7 0 1
3 0 0 4 5 f 6 7 0 1
3 0 0 4 5 f 6 7 0 1
3 0 1 4 4 f 7 7 1 1
3 0 1 c c f 0 7 1 1
3 0 0 c c f 0 7 1 1
3 0 1 d d f 1 7 1 1
3 0 1 d d f 1 7 1 1
3 0 1 f f f 2 7 1 1
3 0 1 f f f 2 7 1 1
3 0 1 f f f 2 7 1 1
3 0 1 e e f 3 7 1 1
3 0 1 e e f 3 7 1 1
3 0 1 e e f 3 7 1 1
3 0 1 e e f 3 7 1 1
3 0 1 e e f 3 7 1 1
3 0 0 a e f 3 7 0 1
3 0 1 a a f 4 7 1 1
3 0 1 a a f 4 7 1 1
3 0 1 a a f 4 7 1 1
3 0 1 a a f 4 7 1 1
3 0 0 a a f 4 7 1 1
3 0 1 a a f 4 7 1 1
3 0 0 a a f 4 7 1 1
3 0 1 b b f 5 7 1 1
3 0 1 b b f 5 7 1 1
3 0 1 9 9 f 6 7 1 1
3 0 1 9 9 f 6 7 1 1
3 0 0 9 9 f 6 7 1 1
3 0 1 9 9 f 6 7 1 1
3 0 1 8 8 f 7 7 1 1
3 0 0 8 8 f 7 7 1 1
3 0 1 8 8 f 7 7 1 1
3 0 1 0 0 f 0 7 1 1
3 0 0 1 0 f 0 7 0 1
3 0 0 1 0 f 0 7 0 1
3 0 1 1 1 f 1 7 1 1
3 0 0 1 1 f 1 7 1 1
3 0 0 3 1 f 1 7 0 1
3 0 0 3 1 f 1 7 0 1
3 0 1 3 3 f 2 7 1 1
3 0 1 2 2 f 3 7 1 1
3 0 0 2 2 f 3 7 1 1
3 0 1 2 2 f 3 7 1 1
3 0 1 2 2 f 3 7 1 1
3 0 1 6 6 f 4 7 1 1
3 0 0 6 6 f 4 7 1 1
3 0 1 7 7 f 5 7 1 1
3 0 0 7 7 f 5 7 1 1
3 0 1 5 5 f 6 7 1 1
3 0 0 4 5 f 6 7 0 1
3 0 0 c 5 f 6 7 0 1
3 0 1 c 4 f 7 7 0 1
3 0 0 c 4 f 7 7 0 1
3 0 0 c 4 f 7 7 0 1
3 0 1 c c f 0 7 1 1
3 0 1 d d f 1 7 1 1
3 0 1 d d f 1 7 1 1
3 0 1 d d f 1 7 1 1
3 0 1 d d f 1 7 1 1
3 0 1 f f f 2 7 1 1
3 0 1 f f f 2 7 1 1
3 0 1 e e f 3 7 1 1
3 0 1 a a f 4 7 1 1
3 0 1 b b f 5 7 1 1
3 0 0 b b f 5 7 1 1
3 0 0 9 b f 5 7 0 1
3 0 1 8 9 f 6 7 0 1
3 0 0 0 9 f 6 7 0 1
3 0 1 1 8 f 7 7 0 1
3 0 1 3 0 f 0 7 0 1
3 0 0 2 0 f 0 7 0 1
3 0 1 6 1 f 1 7 0 1
3 0 1 6 3 f 2 7 0 1
3 0 1 7 2 f 3 7 0 1
3 0 0 5 2 f 3 7 0 1
3 0 1 5 6 f 4 7 0 1
3 0 0 5 6 f 4 7 0 1
3 0 0 5 6 f 4 7 0 1
3 0 1 5 7 f 5 7 0 1
3 0 1 5 5 f 6 7 1 1
3 0 0 4 5 f 6 7 0 1
3 0 1 4 4 f 7 7 1 1
3 0 1 c c f 0 7 1 1
3 0 1 d d f 1 7 1 1
3 0 1 d d f 1 7 1 1
3 0 1 f f f 2 7 1 1
3 0 0 f f f 2 7 1 1
3 0 1 f f f 2 7 1 1
3 0 1 f f f 2 7 1 1
3 0 1 f f f 2 7 1 1
3 0 0 f f f 2 7 1 1
3 0 1 f f f 2 7 1 1
3 0 1 e e f 3 7 1 1
3 0 0 a e f 3 7 0 1
3 0 0 a e f 3 7 0 1
3 0 0 b e f 3 7 0 1
3 0 0 9 e f 3 7 0 1
3 0 1 9 a f 4 7 0 1
3 0 1 9 b f 5 7 0 1
3 0 1 8 9 f 6 7 0 1
3 0 1 0 8 f 7 7 0 1
3 0 0 0 8 f 7 7 0 1
3 0 0 0 8 f 7 7 0 1
3 0 0 0 8 f 7 7 0 1
3 0 0 0 8 f 7 7 0 1
3 0 1 1 0 f 0 7 0 1
3 0 1 3 1 f 1 7 0 1
3 0 0 3 1 f 1 7 0 1
3 0 0 2 1 f 1 7 0 1
3 0 0 2 1 f 1 7 0 1
3 0 1 6 3 f 2 7 0 1
3 0 0 7 3 f 2 7 0 1
3 0 0 5 3 f 2 7 0 1
3 0 1 4 2 f 3 7 0 1
3 0 1 4 6 f 4 7 0 1
3 0 1 4 7 f 5 7 0 1
3 0 1 4 5 f 6 7 0 1
3 0 0 c 5 f 6 7 0 1
3 0 0 c 5 f 6 7 0 1
3 0 1 c 4 f 7 7 0 1
3 0 0 c 4 f 7 7 0 1
3 0 1 c c f 0 7 1 1
3 0 1 c c f 0 7 1 1
3 0 0 d c f 0 7 0 1
3 0 0 f c f 0 7 0 1
3 0 0 f c f 0 7 0 1
3 0 0 e c f 0 7 0 1
3 0 1 e d f 1 7 0 1
3 0 1 a f f 2 7 0 1
3 0 1 b e f 3 7 0 1
3 0 0 b e f 3 7 0 1
3 0 1 9 a f 4 7 0 1
3 0 1 9 b f 5 7 0 1
3 0 0 8 b f 5 7 0 1
3 0 1 8 9 f 6 7 0 1
3 0 1 8 8 f 7 7 1 1
3 0 0 0 8 f 7 7 0 1
3 0 1 1 0 f 0 7 0 1
3 0 0 1 0 f 0 7 0 1
3 0 0 1 0 f 0 7 0 1
3 0 0 3 0 f 0 7 0 1
3 0 1 2 1 f 1 7 0 1
3 0 0 2 1 f 1 7 0 1
3 0 0 6 1 f 1 7 0 1
3 0 1 7 3 f 2 7 0 1
3 0 0 7 3 f 2 7 0 1
3 0 1 5 2 f 3 7 0 1
3 0 1 4 6 f 4 7 0 1
3 0 1 c 7 f 5 7 0 1
3 0 1 d 5 f 6 7 0 1
3 0 1 f 4 f 7 7 0 1
3 0 0 e 4 f 7 7 0 1
3 0 0 e 4 f 7 7 0 1
3 0 0 e 4 f 7 7 0 1
3 0 0 a 4 f 7 7 0 1
3 0 1 a c f 0 7 0 1
3 0 0 a c f 0 7 0 1
3 0 1 a d f 1 7 0 1
3 0 1 b f f 2 7 0 1
3 0 1 b e f 3 7 0 1
3 0 1 b a f 4 7 0 1
3 0 0 b a f 4 7 0 1
3 0 0 b a f 4 7 0 1
3 0 1 9 b f 5 7 0 1
3 0 0 9 b f 5 7 0 1
3 0 0 9 b f 5 7 0 1
3 0 0 8 b f 5 7 0 1
3 0 1 8 9 f 6 7 0 1
3 0 0 8 9 f 6 7 0 1
3 0 1 8 8 f 7 7 1 1
3 0 0 8 8 f 7 7 1 1
3 0 1 0 0 f 0 7 1 1
3 0 1 1 1 f 1 7 1 1
3 0 0 1 1 f 1 7 1 1
3 0 0 3 1 f 1 7 0 1
3 0 0 2 1 f 1 7 0 1
3 0 1 2 3 f 2 7 0 1
3 0 1 6 2 f 3 7 0 1
3 0 0 6 2 f 3 7 0 1
3 0 0 6 2 f 3 7 0 1
3 0 1 7 6 f 4 7 0 1
3 0 1 5 7 f 5 7 0 1
3 0 0 5 7 f 5 7 0 1
3 0 0 5 7 f 5 7 0 1
3 0 0 5 7 f 5 7 0 1
3 0 0 4 7 f 5 7 0 1
3 0 0 4 7 f 5 7 0 1
3 0 1 4 5 f 6 7 0 1
3 0 1 c 4 f 7 7 0 1
3 0 0 c 4 f 7 7 0 1
3 0 0 d 4 f 7 7 0 1
3 0 1 d c f 0 7 0 1
3 0 1 f d f 1 7 0 1
3 0 1 e f f 2 7 0 1
3 0 1 e e f 3 7 1 1
3 0 1 e e f 3 7 1 1
3 0 1 e e f 3 7 1 1
3 0 0 e e f 3 7 1 1
3 0 1 e e f 3 7 1 1
3 0 1 e e f 3 7 1 1
3 0 0 e e f 3 7 1 1
3 0 0 e e f 3 7 1 1
3 0 1 e e f 3 7 1 1
3 0 1 a a f 4 7 1 1
3 0 0 b a f 4 7 0 1
3 0 0 b a f 4 7 0 1
3 0 1 9 b f 5 7 0 1
3 0 0 8 b f 5 7 0 1
3 0 0 8 b f 5 7 0 1
3 0 1 8 9 f 6 7 0 1
3 0 1 8 8 f 7 7 1 1
3 0 1 0 0 f 0 7 1 1
3 0 1 0 0 f 0 7 1 1
3 0 1 0 0 f 0 7 1 1
3 0 1 1 1 f 1 7 1 1
3 0 0 3 1 f 1 7 0 1
3 0 0 2 1 f 1 7 0 1
3 0 0 2 1 f 1 7 0 1
3 0 0 2 1 f 1 7 0 1
3 0 0 2 1 f 1 7 0 1
3 0 1 2 3 f 2 7 0 1
3 0 1 2 2 f 3 7 1 1
3 0 1 6 6 f 4 7 1 1
3 0 0 7 6 f 4 7 0 1
3 0 1 7 7 f 5 7 1 1
3 0 1 7 7 f 5 7 1 1
3 0 1 7 7 f 5 7 1 1
3 0 1 7 7 f 5 7 1 1
3 0 1 7 7 f 5 7 1 1
3 0 0 7 7 f 5 7 1 1
3 0 0 5 7 f 5 7 0 1
3 0 0 4 7 f 5 7 0 1
3 0 1 4 5 f 6 7 0 1
3 0 0 c 5 f 6 7 0 1
3 0 1 c 4 f 7 7 0 1
3 0 0 c 4 f 7 7 0 1
3 0 1 d c f 0 7 0 1
3 0 1 f d f 1 7 0 1
3 0 1 e f f 2 7 0 1
3 0 1 e e f 3 7 1 1
3 0 1 a a f 4 7 1 1
3 0 1 b b f 5 7 1 1
3 0 0 b b f 5 7 1 1
3 0 1 b b f 5 7 1 1
3 0 0 b b f 5 7 1 1
3 0 1 b b f 5 7 1 1
3 0 1 b b f 5 7 1 1
3 0 1 b b f 5 7 1 1
3 0 1 b b f 5 7 1 1
3 0 0 9 b f 5 7 0 1
3 0 1 9 9 f 6 7 1 1
3 0 1 8 8 f 7 7 1 1
3 0 0 8 8 f 7 7 1 1
3 0 0 8 8 f 7 7 1 1
3 0 1 8 8 f 7 7 1 1
3 0 0 8 8 f 7 7 1 1
3 0 0 0 8 f 7 7 0 1
3 0 1 0 0 f 0 7 1 1
3 0 1 0 0 f 0 7 1 1
3 0 1 0 0 f 0 7 1 1
3 0 1 1 1 f 1 7 1 1
3 0 0 3 1 f 1 7 0 1
3 0 0 2 1 f 1 7 0 1
3 0 0 6 1 f 1 7 0 1
3 0 1 6 3 f 2 7 0 1
3 0 0 6 3 f 2 7 0 1
3 0 1 6 2 f 3 7 0 1
3 0 0 6 2 f 3 7 0 1
3 0 1 7 6 f 4 7 0 1
3 0 0 5 6 f 4 7 0 1
3 0 0 4 6 f 4 7 0 1
3 0 0 4 6 f 4 7 0 1
3 0 1 c 7 f 5 7 0 1
3 0 0 d 7 f 5 7 0 1
3 0 1 d 5 f 6 7 0 1
3 0 1 d 4 f 7 7 0 1
3 0 1 d c f 0 7 0 1
3 0 1 d d f 1 7 1 1
3 0 0 d d f 1 7 1 1
3 0 0 d d f 1 7 1 1
3 0 1 f f f 2 7 1 1
3 0 1 e e f 3 7 1 1
3 0 1 e e f 3 7 1 1
3 0 1 e e f 3 7 1 1
3 0 1 e e f 3 7 1 1
3 0 0 e e f 3 7 1 1
3 0 1 e e f 3 7 1 1
3 0 1 e e f 3 7 1 1
3 0 1 a a f 4 7 1 1
3 0 0 a a f 4 7 1 1
3 0 1 a a f 4 7 1 1
3 0 0 b a f 4 7 0 1
3 0 1 b b f 5 7 1 1
3 0 1 b b f 5 7 1 1
3 0 1 b b f 5 7 1 1
3 0 0 b b f 5 7 1 1
3 0 0 b b f 5 7 1 1
3 0 0 b b f 5 7 1 1
3 0 1 b b f 5 7 1 1
3 0 1 b b f 5 7 1 1
3 0 1 9 9 f 6 7 1 1
3 0 1 9 9 f 6 7 1 1
3 0 1 8 8 f 7 7 1 1
3 0 1 8 8 f 7 7 1 1
3 0 1 0 0 f 0 7 1 1
3 0 1 0 0 f 0 7 1 1
3 0 0 0 0 f 0 7 1 1
3 0 1 0 0 f 0 7 1 1
3 0 1 1 1 f 1 7 1 1
3 0 1 1 1 f 1 7 1 1
3 0 1 3 3 f 2 7 1 1
3 0 0 3 3 f 2 7 1 1
3 0 0 2 3 f 2 7 0 1
3 0 1 2 2 f 3 7 1 1
3 0 0 2 2 f 3 7 1 1
3 0 0 6 2 f 3 7 0 1
3 0 0 6 2 f 3 7 0 1
3 0 1 6 6 f 4 7 1 1
3 0 0 7 6 f 4 7 0 1
3 0 0 5 6 f 4 7 0 1
3 0 0 4 6 f 4 7 0 1
3 0 1 c 7 f 5 7 0 1
3 0 1 d 5 f 6 7 0 1
3 0 1 d 4 f 7 7 0 1
3 0 1 d c f 0 7 0 1
3 0 0 d c f 0 7 0 1
3 0 1 d d f 1 7 1 1
3 0 1 d d f 1 7 1 1
3 0 1 d d f 1 7 1 1
3 0 0 f d f 1 7 0 1
3 0 0 f d f 1 7 0 1
3 0 1 f f f 2 7 1 1
3 0 1 f f f 2 7 1 1
3 0 0 f f f 2 7 1 1
3 0 1 e e f 3 7 1 1
3 0 0 a e f 3 7 0 1
3 0 1 a a f 4 7 1 1
3 0 1 b b f 5 7 1 1
3 0 0 9 b f 5 7 0 1
3 0 0 9 b f 5 7 0 1
3 0 0 8 b f 5 7 0 1
3 0 0 0 b f 5 7 0 1
3 0 1 1 9 f 6 7 0 1
3 0 0 3 9 f 6 7 0 1
3 0 0 3 9 f 6 7 0 1
3 0 0 3 9 f 6 7 0 1
3 0 0 3 9 f 6 7 0 1
3 0 1 3 8 f 7 7 0 1
3 0 1 3 0 f 0 7 0 1
3 0 1 3 1 f 1 7 0 1
3 0 0 3 1 f 1 7 0 1
3 0 1 3 3 f 2 7 1 1
3 0 0 2 3 f 2 7 0 1
3 0 1 2 2 f 3 7 1 1
3 0 1 6 6 f 4 7 1 1
3 0 1 6 6 f 4 7 1 1
3 0 0 7 6 f 4 7 0 1
3 0 1 5 7 f 5 7 0 1
3 0 0 5 7 f 5 7 0 1
3 0 1 5 5 f 6 7 1 1
3 0 1 5 5 f 6 7 1 1
3 0 0 4 5 f 6 7 0 1
3 0 0 4 5 f 6 7 0 1
3 0 0 4 5 f 6 7 0 1
3 0 1 4 4 f 7 7 1 1
3 0 0 c 4 f 7 7 0 1
3 0 0 c 4 f 7 7 0 1
3 0 0 d 4 f 7 7 0 1
3 0 1 d c f 0 7 0 1
3 0 1 f d f 1 7 0 1
3 0 1 e f f 2 7 0 1
3 0 0 a f f 2 7 0 1
3 0 0 a f f 2 7 0 1
3 0 1 b e f 3 7 0 1
3 0 1 b a f 4 7 0 1
3 0 1 b b f 5 7 1 1
3 0 0 b b f 5 7 1 1
3 0 0 b b f 5 7 1 1
3 0 1 9 9 f 6 7 1 1
3 0 1 9 9 f 6 7 1 1
3 0 0 9 9 f 6 7 1 1
3 0 0 9 9 f 6 7 1 1
3 0 0 8 9 f 6 7 0 1
3 0 1 8 8 f 7 7 1 1
3 0 1 8 8 f 7 7 1 1
3 0 1 8 8 f 7 7 1 1
3 0 1 0 0 f 0 7 1 1
3 0 0 0 0 f 0 7 1 1
3 0 0 0 0 f 0 7 1 1
3 0 0 1 0 f 0 7 0 1
3 0 0 1 0 f 0 7 0 1
3 0 1 3 1 f 1 7 0 1
3 0 1 3 3 f 2 7 1 1
3 0 0 2 3 f 2 7 0 1
3 0 1 2 2 f 3 7 1 1
3 0 0 2 2 f 3 7 1 1
3 0 1 2 2 f 3 7 1 1
3 0 0 2 2 f 3 7 1 1
3 0 1 2 2 f 3 7 1 1
3 0 1 6 6 f 4 7 1 1
3 0 1 7 7 f 5 7 1 1
3 0 0 5 7 f 5 7 0 1
3 0 0 5 7 f 5 7 0 1
3 0 0 4 7 f 5 7 0 1
3 0 1 4 5 f 6 7 0 1
3 0 0 4 5 f 6 7 0 1
3 0 1 4 4 f 7 7 1 1
3 0 1 4 4 f 7 7 1 1
3 0 1 c c f 0 7 1 1
3 0 0 c c f 0 7 1 1
3 0 1 c c f 0 7 1 1
3 0 0 d c f 0 7 0 1
3 0 1 d d f 1 7 1 1
3 0 0 d d f 1 7 1 1
3 0 1 d d f 1 7 1 1
3 0 1 d d f 1 7 1 1
3 0 1 f f f 2 7 1 1
3 0 0 f f f 2 7 1 1
3 0 1 e e f 3 7 1 1
3 0 0 e e f 3 7 1 1
3 0 1 e e f 3 7 1 1
3 0 1 a a f 4 7 1 1
3 0 0 a a f 4 7 1 1
3 0 1 a a f 4 7 1 1
3 0 0 b a f 4 7 0 1
3 0 1 9 b f 5 7 0 1
3 0 1 9 9 f 6 7 1 1
3 0 0 8 9 f 6 7 0 1
3 0 0 8 9 f 6 7 0 1
3 0 1 8 8 f 7 7 1 1
3 0 1 8 8 f 7 7 1 1
3 0 0 8 8 f 7 7 1 1
3 0 1 0 0 f 0 7 1 1
3 0 0 0 0 f 0 7 1 1
3 0 1 0 0 f 0 7 1 1
3 0 1 0 0 f 0 7 1 1
3 0 1 0 0 f 0 7 1 1
3 0 1 0 0 f 0 7 1 1
3 0 1 0 0 f 0 7 1 1
3 0 0 1 0 f 0 7 0 1
3 0 1 1 1 f 1 7 1 1
3 0 0 1 1 f 1 7 1 1
3 0 0 1 1 f 1 7 1 1
3 0 1 1 1 f 1 7 1 1
3 0 1 1 1 f 1 7 1 1
3 0 1 3 3 f 2 7 1 1
3 0 0 2 3 f 2 7 0 1
3 0 1 2 2 f 3 7 1 1
3 0 1 2 2 f 3 7 1 1
3 0 0 2 2 f 3 7 1 1
3 0 0 2 2 f 3 7 1 1
3 0 1 2 2 f 3 7 1 1
3 0 1 2 2 f 3 7 1 1
3 0 1 6 6 f 4 7 1 1
3 0 0 7 6 f 4 7 0 1
3 0 0 7 6 f 4 7 0 1
3 0 1 7 7 f 5 7 1 1
3 0 0 7 7 f 5 7 1 1
3 0 0 7 7 f 5 7 1 1
3 0 0 5 7 f 5 7 0 1
3 0 0 5 7 f 5 7 0 1
3 0 0 5 7 f 5 7 0 1
3 0 1 5 5 f 6 7 1 1
3 0 1 4 4 f 7 7 1 1
3 0 1 c c f 0 7 1 1
3 0 0 c c f 0 7 1 1
3 0 1 c c f 0 7 1 1
3 0 1 d d f 1 7 1 1
3 0 1 f f f 2 7 1 1
3 0 0 f f f 2 7 1 1
3 1 1 e 0 f 0 7 0 1
3 0 1 e 1 f 1 7 0 1
3 0 1 e 3 f 2 7 0 1
3 0 0 e 3 f 2 7 0 1
3 0 1 e 2 f 3 7 0 1
3 0 0 e 2 f 3 7 0 1
3 0 1 e 6 f 4 7 0 1
3 0 0 a 6 f 4 7 0 1
3 0 1 a 7 f 5 7 0 1
3 0 0 a 7 f 5 7 0 1
3 0 1 a 5 f 6 7 0 1
3 0 1 a 4 f 7 7 0 1
3 0 0 b 4 f 7 7 0 1
3 0 0 9 4 f 7 7 0 1
3 0 1 8 c f 0 7 0 1
3 0 1 0 d f 1 7 0 1
3 0 0 0 d f 1 7 0 1
3 0 1 0 f f 2 7 0 1
3 0 0 0 f f 2 7 0 1
3 0 0 1 f f 2 7 0 1
3 0 1 3 e f 3 7 0 1
3 0 1 2 a f 4 7 0 1
3 0 0 2 a f 4 7 0 1
3 0 1 2 b f 5 7 0 1
3 0 1 6 9 f 6 7 0 1
3 0 1 7 8 f 7 7 0 1
3 0 0 5 8 f 7 7 0 1
3 0 1 4 0 f 0 7 0 1
3 0 1 4 1 f 1 7 0 1
3 0 1 4 3 f 2 7 0 1
3 0 0 c 3 f 2 7 0 1
3 0 1 c 2 f 3 7 0 1
3 0 1 d 6 f 4 7 0 1
3 0 0 d 6 f 4 7 0 1
3 0 1 d 7 f 5 7 0 1
3 0 1 d 5 f 6 7 0 1
3 0 0 f 5 f 6 7 0 1
3 0 0 f 5 f 6 7 0 1
3 0 0 e 5 f 6 7 0 1
3 0 0 e 5 f 6 7 0 1
3 0 0 a 5 f 6 7 0 1
3 0 1 a 4 f 7 7 0 1
3 0 0 a 4 f 7 7 0 1
3 0 1 a c f 0 7 0 1
3 0 1 b d f 1 7 0 1
3 0 1 b f f 2 7 0 1
3 0 0 9 f f 2 7 0 1
3 0 1 9 e f 3 7 0 1
3 0 0 9 e f 3 7 0 1
3 0 1 9 a f 4 7 0 1
3 0 0 9 a f 4 7 0 1
3 0 1 9 b f 5 7 0 1
3 0 1 8 9 f 6 7 0 1
3 0 0 0 9 f 6 7 0 1
3 0 1 1 8 f 7 7 0 1
3 0 1 1 0 f 0 7 0 1
3 0 1 1 1 f 1 7 1 1
3 0 1 1 1 f 1 7 1 1
3 0 0 1 1 f 1 7 1 1
3 0 0 1 1 f 1 7 1 1
3 0 1 1 1 f 1 7 1 1
3 0 0 3 1 f 1 7 0 1
3 0 0 3 1 f 1 7 0 1
3 0 0 3 1 f 1 7 0 1
3 0 1 3 3 f 2 7 1 1
3 0 1 3 3 f 2 7 1 1
3 0 1 2 2 f 3 7 1 1
3 0 1 2 2 f 3 7 1 1
3 0 0 6 2 f 3 7 0 1
3 0 1 6 6 f 4 7 1 1
3 0 0 7 6 f 4 7 0 1
3 0 1 5 7 f 5 7 0 1
3 0 0 4 7 f 5 7 0 1
3 0 1 c 5 f 6 7 0 1
3 0 0 c 5 f 6 7 0 1
3 0 1 c 4 f 7 7 0 1
3 0 1 c c f 0 7 1 1
3 0 1 c c f 0 7 1 1
3 0 1 c c f 0 7 1 1
3 0 0 d c f 0 7 0 1
3 0 1 d d f 1 7 1 1
3 0 1 f f f 2 7 1 1
3 0 0 e f f 2 7 0 1
3 0 0 e f f 2 7 0 1
3 0 1 e e f 3 7 1 1
3 0 1 e e f 3 7 1 1
3 0 1 a a f 4 7 1 1
3 0 0 b a f 4 7 0 1
3 0 0 b a f 4 7 0 1
3 0 1 b b f 5 7 1 1
3 0 0 9 b f 5 7 0 1
3 0 1 9 9 f 6 7 1 1
3 0 0 9 9 f 6 7 1 1
3 0 0 9 9 f 6 7 1 1
3 0 1 8 8 f 7 7 1 1
3 0 1 0 0 f 0 7 1 1
3 0 1 0 0 f 0 7 1 1
3 0 1 0 0 f 0 7 1 1
3 0 0 1 0 f 0 7 0 1
3 0 1 3 1 f 1 7 0 1
3 0 1 2 3 f 2 7 0 1
3 0 0 2 3 f 2 7 0 1
3 0 0 2 3 f 2 7 0 1
3 0 0 6 3 f 2 7 0 1
3 0 1 7 2 f 3 7 0 1
3 0 1 7 6 f 4 7 0 1
3 0 1 5 7 f 5 7 0 1
3 0 1 5 5 f 6 7 1 1
3 0 1 4 4 f 7 7 1 1
3 0 0 4 4 f 7 7 1 1
3 0 1 c c f 0 7 1 1
3 0 1 c c f 0 7 1 1
3 0 1 c c f 0 7 1 1
3 0 1 c c f 0 7 1 1
3 0 1 d d f 1 7 1 1
3 0 1 f f f 2 7 1 1
3 0 0 f f f 2 7 1 1
3 0 1 e e f 3 7 1 1
3 0 0 e e f 3 7 1 1
3 0 1 e e f 3 7 1 1
3 0 1 e e f 3 7 1 1
3 0 1 e e f 3 7 1 1
3 0 1 e e f 3 7 1 1
3 0 0 a e f 3 7 0 1
3 0 0 a e f 3 7 0 1
3 0 1 b a f 4 7 0 1
3 0 0 9 a f 4 7 0 1
3 0 0 9 a f 4 7 0 1
3 0 1 9 b f 5 7 0 1
3 0 0 9 b f 5 7 0 1
3 0 0 8 b f 5 7 0 1
3 0 1 8 9 f 6 7 0 1
3 0 0 0 9 f 6 7 0 1
3 0 0 1 9 f 6 7 0 1
3 0 1 1 8 f 7 7 0 1
3 0 0 1 8 f 7 7 0 1
3 0 1 1 0 f 0 7 0 1
3 0 0 3 0 f 0 7 0 1
3 0 1 3 1 f 1 7 0 1
3 0 1 3 3 f 2 7 1 1
3 0 1 2 2 f 3 7 1 1
3 0 0 2 2 f 3 7 1 1
3 0 1 6 6 f 4 7 1 1
3 0 1 6 6 f 4 7 1 1
3 0 1 6 6 f 4 7 1 1
3 0 1 7 7 f 5 7 1 1
3 0 0 7 7 f 5 7 1 1
3 0 1 7 7 f 5 7 1 1
3 0 1 7 7 f 5 7 1 1
3 0 0 7 7 f 5 7 1 1
3 0 1 5 5 f 6 7 1 1
3 0 1 5 5 f 6 7 1 1
3 0 0 4 5 f 6 7 0 1
3 0 0 c 5 f 6 7 0 1
3 0 1 c 4 f 7 7 0 1
3 0 1 d c f 0 7 0 1
3 0 0 d c f 0 7 0 1
3 0 1 f d f 1 7 0 1
3 0 0 e d f 1 7 0 1
3 0 0 e d f 1 7 0 1
3 0 1 e f f 2 7 0 1
3 0 1 e e f 3 7 1 1
3 0 1 a a f 4 7 1 1
3 0 0 a a f 4 7 1 1
3 0 1 a a f 4 7 1 1
3 0 0 b a f 4 7 0 1
3 0 1 9 b f 5 7 0 1
3 0 1 9 9 f 6 7 1 1
3 0 0 8 9 f 6 7 0 1
3 0 0 0 9 f 6 7 0 1
3 0 1 1 8 f 7 7 0 1
3 0 1 1 0 f 0 7 0 1
3 0 0 1 0 f 0 7 0 1
3 0 0 3 0 f 0 7 0 1
3 0 0 3 0 f 0 7 0 1
3 0 0 3 0 f 0 7 0 1
3 0 1 2 1 f 1 7 0 1
3 0 0 6 1 f 1 7 0 1
3 0 1 7 3 f 2 7 0 1
3 0 0 5 3 f 2 7 0 1
3 0 1 5 2 f 3 7 0 1
3 0 1 5 6 f 4 7 0 1
3 0 0 4 6 f 4 7 0 1
3 0 0 c 6 f 4 7 0 1
3 0 0 d 6 f 4 7 0 1
3 0 1 d 7 f 5 7 0 1
3 0 0 f 7 f 5 7 0 1
3 0 0 f 7 f 5 7 0 1
