0 1 0 0 0 0 f 0 1 0 1
0 0 1 0 0 1 f 0 1 0 1
0 0 1 0 0 2 f 0 1 0 1
0 0 1 0 0 3 f 0 1 0 1
0 0 1 0 0 4 f 0 1 0 1
0 0 1 0 0 5 f 0 1 0 1
0 0 1 0 0 6 f 0 1 0 1
0 0 1 0 0 7 f 0 1 0 1
0 0 1 0 0 8 f 0 1 1 1
0 0 1 0 0 9 f 0 1 1 1
0 0 1 0 0 a f 0 1 1 1
0 0 1 0 0 b f 0 1 1 1
0 0 1 0 0 c f 0 1 1 1
0 0 1 0 0 d f 0 1 1 1
0 0 1 0 0 e f 0 1 1 1
0 0 1 0 0 f f 1 1 1 1
0 0 1 0 0 0 f 0 1 0 1
0 0 1 0 0 1 f 0 1 0 1
0 0 1 0 0 2 f 0 1 0 1
1 0 0 1 1 5 f 0 1 0 1
1 0 0 1 1 b f 0 1 1 1
1 0 0 1 1 7 f 0 1 0 1
1 0 0 1 0 e f 0 1 1 1
1 0 1 0 0 f f 1 1 1 1
1 0 0 1 0 e f 0 1 1 1
1 0 0 1 0 c f 0 1 1 1
1 0 0 1 0 8 f 0 1 1 1
1 0 0 1 0 0 f 0 1 0 1
2 0 1 1 1 1 f 0 1 0 1
2 0 1 1 0 2 f 0 1 0 1
2 0 1 1 1 5 f 0 1 0 1
2 0 1 1 0 a f 0 1 1 1
3 0 0 0 1 a f 0 1 1 1
3 0 0 0 0 a f 0 1 1 1
3 0 0 1 0 4 f 0 1 0 1
3 0 0 0 0 4 f 0 1 0 1
3 0 1 0 1 5 f 0 1 0 1
3 0 0 1 1 b f 0 1 1 1
3 0 0 0 1 b f 0 1 1 1
3 0 1 0 1 c f 0 1 1 1
3 0 0 0 1 c f 0 1 1 1
3 0 0 0 0 c f 0 1 1 1
3 0 1 1 0 8 f 0 1 1 1
3 0 0 0 1 8 f 0 1 1 1
3 0 1 1 0 0 f 0 1 0 1
3 0 1 0 0 1 f 0 1 0 1
3 0 1 1 1 3 f 0 1 0 1
3 0 0 0 1 3 f 0 1 0 1
3 0 1 0 1 4 f 0 1 0 1
3 0 1 0 0 5 f 0 1 0 1
3 0 1 0 0 6 f 0 1 0 1
3 0 1 0 0 7 f 0 1 0 1
3 0 1 1 1 f f 1 1 1 1
3 0 0 1 1 f f 1 1 1 1
3 0 1 0 0 0 f 0 1 0 1
3 0 1 1 0 0 f 0 1 0 1
3 0 0 0 1 0 f 0 1 0 1
3 0 0 0 0 0 f 0 1 0 1
3 0 1 0 1 1 f 0 1 0 1
3 0 1 1 0 2 f 0 1 0 1
3 0 1 0 0 3 f 0 1 0 1
3 0 0 1 0 6 f 0 1 0 1
3 0 1 1 0 c f 0 1 1 1
3 0 1 0 1 d f 0 1 1 1
3 0 1 0 1 e f 0 1 1 1
3 0 0 1 1 d f 0 1 1 1
3 0 1 1 1 b f 0 1 1 1
3 0 1 1 1 7 f 0 1 0 1
3 0 0 0 0 7 f 0 1 0 1
3 0 1 1 0 e f 0 1 1 1
3 0 0 0 1 e f 0 1 1 1
3 0 1 1 1 d f 0 1 1 1
3 0 0 0 0 d f 0 1 1 1
3 0 1 0 0 e f 0 1 1 1
3 0 0 1 0 c f 0 1 1 1
3 0 1 0 1 d f 0 1 1 1
3 0 0 1 0 a f 0 1 1 1
3 0 0 1 0 4 f 0 1 0 1
3 0 1 0 1 5 f 0 1 0 1
3 0 0 0 1 5 f 0 1 0 1
3 0 0 1 1 b f 0 1 1 1
3 0 1 0 1 c f 0 1 1 1
3 0 0 1 1 9 f 0 1 1 1
3 0 1 0 1 a f 0 1 1 1
3 0 1 1 0 4 f 0 1 0 1
3 0 1 0 0 5 f 0 1 0 1
3 0 0 0 1 5 f 0 1 0 1
3 0 0 0 1 5 f 0 1 0 1
3 0 0 1 0 a f 0 1 1 1
3 0 0 1 1 5 f 0 1 0 1
3 0 1 0 0 6 f 0 1 0 1
3 0 1 0 1 7 f 0 1 0 1
3 0 0 0 0 7 f 0 1 0 1
3 0 1 0 1 8 f 0 1 1 1
3 0 0 0 1 8 f 0 1 1 1
3 0 0 0 1 8 f 0 1 1 1
3 0 1 1 0 0 f 0 1 0 1
3 0 0 0 1 0 f 0 1 0 1
3 0 0 0 0 0 f 0 1 0 1
3 0 1 0 0 1 f 0 1 0 1
3 0 1 0 0 2 f 0 1 0 1
3 0 1 1 1 5 f 0 1 0 1
3 0 0 1 0 a f 0 1 1 1
3 0 1 1 1 5 f 0 1 0 1
3 0 0 0 0 5 f 0 1 0 1
3 0 1 1 1 b f 0 1 1 1
3 0 0 0 0 b f 0 1 1 1
3 0 0 0 1 b f 0 1 1 1
3 0 0 1 1 7 f 0 1 0 1
3 0 1 1 1 f f 1 1 1 1
3 0 1 0 1 0 f 0 1 0 1
3 0 0 0 0 0 f 0 1 0 1
3 0 1 1 1 1 f 0 1 0 1
3 0 0 0 1 1 f 0 1 0 1
3 0 1 1 0 2 f 0 1 0 1
3 0 1 0 1 3 f 0 1 0 1
3 0 0 1 0 6 f 0 1 0 1
3 0 1 0 1 7 f 0 1 0 1
3 0 1 1 0 e f 0 1 1 1
3 0 0 1 1 d f 0 1 1 1
3 0 0 0 1 d f 0 1 1 1
3 0 1 1 0 a f 0 1 1 1
3 0 0 1 0 4 f 0 1 0 1
3 0 1 0 1 5 f 0 1 0 1
3 0 1 1 1 b f 0 1 1 1
3 0 1 1 0 6 f 0 1 0 1
3 0 0 1 0 c f 0 1 1 1
3 0 0 0 1 c f 0 1 1 1
3 0 0 0 0 c f 0 1 1 1
3 0 1 0 0 d f 0 1 1 1
3 0 1 0 0 e f 0 1 1 1
3 0 1 1 0 c f 0 1 1 1
3 0 0 0 1 c f 0 1 1 1
3 0 0 0 0 c f 0 1 1 1
3 0 0 1 0 8 f 0 1 1 1
3 0 1 1 1 1 f 0 1 0 1
3 0 1 1 0 2 f 0 1 0 1
3 0 0 1 0 4 f 0 1 0 1
3 0 1 0 1 5 f 0 1 0 1
3 0 0 1 0 a f 0 1 1 1
3 0 0 0 0 a f 0 1 1 1
3 0 1 1 1 5 f 0 1 0 1
3 0 1 0 0 6 f 0 1 0 1
3 0 0 1 0 c f 0 1 1 1
3 0 1 1 1 9 f 0 1 1 1
3 0 1 0 0 a f 0 1 1 1
3 0 0 0 1 a f 0 1 1 1
3 0 1 0 1 b f 0 1 1 1
3 0 0 0 0 b f 0 1 1 1
3 0 0 0 1 b f 0 1 1 1
3 0 1 1 0 6 f 0 1 0 1
3 0 0 0 0 6 f 0 1 0 1
3 0 0 0 1 6 f 0 1 0 1
3 0 0 0 0 6 f 0 1 0 1
3 0 0 0 0 6 f 0 1 0 1
3 1 0 1 0 0 f 0 1 0 1
3 0 0 0 0 0 f 0 1 0 1
3 0 0 0 1 0 f 0 1 0 1
3 0 1 1 0 0 f 0 1 0 1
3 0 1 1 1 1 f 0 1 0 1
3 0 1 0 0 2 f 0 1 0 1
3 0 0 0 1 2 f 0 1 0 1
3 0 0 1 0 4 f 0 1 0 1
3 0 0 1 1 9 f 0 1 1 1
3 0 0 1 0 2 f 0 1 0 1
3 0 1 0 0 3 f 0 1 0 1
3 0 0 0 1 3 f 0 1 0 1
3 0 0 0 0 3 f 0 1 0 1
3 0 0 0 0 3 f 0 1 0 1
3 0 0 1 1 7 f 0 1 0 1
3 0 0 1 1 f f 1 1 1 1
3 0 1 1 1 f f 1 1 1 1
3 0 1 1 1 f f 1 1 1 1
3 0 0 1 1 f f 1 1 1 1
3 0 1 0 1 0 f 0 1 0 1
3 0 0 0 0 0 f 0 1 0 1
3 0 0 1 0 0 f 0 1 0 1
3 0 0 1 0 0 f 0 1 0 1
3 0 1 1 1 1 f 0 1 0 1
3 0 1 0 1 2 f 0 1 0 1
3 0 0 0 0 2 f 0 1 0 1
3 0 1 0 1 3 f 0 1 0 1
3 0 1 1 1 7 f 0 1 0 1
3 0 1 0 0 8 f 0 1 1 1
3 0 1 1 0 0 f 0 1 0 1
3 0 0 0 0 0 f 0 1 0 1
3 0 1 1 0 0 f 0 1 0 1
3 0 0 0 0 0 f 0 1 0 1
3 0 1 0 1 1 f 0 1 0 1
3 0 0 1 0 2 f 0 1 0 1
3 0 1 0 0 3 f 0 1 0 1
3 0 0 1 0 6 f 0 1 0 1
3 0 1 0 1 7 f 0 1 0 1
3 0 1 1 1 f f 1 1 1 1
3 0 1 1 1 f f 1 1 1 1
3 0 0 0 1 f f 1 1 1 1
3 0 1 0 0 0 f 0 1 0 1
3 0 0 0 1 0 f 0 1 0 1
3 0 1 1 0 0 f 0 1 0 1
3 0 1 1 1 1 f 0 1 0 1
3 0 1 1 0 2 f 0 1 0 1
3 0 0 0 0 2 f 0 1 0 1
3 0 1 1 1 5 f 0 1 0 1
3 0 0 0 0 5 f 0 1 0 1
3 0 0 0 0 5 f 0 1 0 1
3 0 1 0 0 6 f 0 1 0 1
3 0 1 1 0 c f 0 1 1 1
3 0 0 1 1 9 f 0 1 1 1
3 0 0 0 1 9 f 0 1 1 1
3 0 1 0 1 a f 0 1 1 1
3 0 1 0 1 b f 0 1 1 1
3 0 1 0 0 c f 0 1 1 1
3 0 0 0 0 c f 0 1 1 1
3 0 0 0 0 c f 0 1 1 1
3 0 0 0 0 c f 0 1 1 1
3 0 1 1 1 9 f 0 1 1 1
3 0 1 0 0 a f 0 1 1 1
3 0 0 0 0 a f 0 1 1 1
3 0 0 0 0 a f 0 1 1 1
3 0 0 0 1 a f 0 1 1 1
3 0 0 1 0 4 f 0 1 0 1
3 0 1 0 0 5 f 0 1 0 1
3 0 1 1 1 b f 0 1 1 1
3 0 1 1 0 6 f 0 1 0 1
3 0 0 0 0 6 f 0 1 0 1
3 0 1 0 1 7 f 0 1 0 1
3 0 1 1 1 f f 1 1 1 1
3 0 0 1 0 e f 0 1 1 1
3 0 1 1 0 c f 0 1 1 1
3 0 0 0 1 c f 0 1 1 1
3 0 1 0 1 d f 0 1 1 1
3 0 1 1 0 a f 0 1 1 1
3 0 0 1 1 5 f 0 1 0 1
3 0 0 1 1 b f 0 1 1 1
3 0 1 0 1 c f 0 1 1 1
3 0 0 0 0 c f 0 1 1 1
3 0 1 0 1 d f 0 1 1 1
3 0 1 0 1 e f 0 1 1 1
3 0 1 1 1 d f 0 1 1 1
3 0 0 0 0 d f 0 1 1 1
3 0 0 1 0 a f 0 1 1 1
3 0 1 0 1 b f 0 1 1 1
3 0 1 0 1 c f 0 1 1 1
3 0 0 0 1 c f 0 1 1 1
3 0 1 1 0 8 f 0 1 1 1
3 0 1 1 0 0 f 0 1 0 1
3 0 1 0 1 1 f 0 1 0 1
3 0 0 0 1 1 f 0 1 0 1
3 0 0 1 0 2 f 0 1 0 1
3 0 0 1 1 5 f 0 1 0 1
3 0 1 0 0 6 f 0 1 0 1
3 0 0 0 1 6 f 0 1 0 1
3 0 1 1 0 c f 0 1 1 1
3 0 1 1 1 9 f 0 1 1 1
3 0 0 0 1 9 f 0 1 1 1
3 0 0 0 1 9 f 0 1 1 1
3 0 0 0 0 9 f 0 1 1 1
3 0 0 1 0 2 f 0 1 0 1
3 0 0 1 0 4 f 0 1 0 1
3 0 0 0 0 4 f 0 1 0 1
3 0 0 0 0 4 f 0 1 0 1
3 0 1 0 1 5 f 0 1 0 1
3 0 0 0 1 5 f 0 1 0 1
3 0 0 1 0 a f 0 1 1 1
3 0 0 1 0 4 f 0 1 0 1
3 0 0 0 1 4 f 0 1 0 1
3 0 0 0 0 4 f 0 1 0 1
3 0 1 0 1 5 f 0 1 0 1
3 0 1 0 1 6 f 0 1 0 1
3 0 0 0 0 6 f 0 1 0 1
3 0 1 0 0 7 f 0 1 0 1
3 0 1 0 0 8 f 0 1 1 1
3 0 1 1 1 1 f 0 1 0 1
3 0 1 1 1 3 f 0 1 0 1
3 0 0 1 1 7 f 0 1 0 1
3 0 0 1 1 f f 1 1 1 1
3 0 1 0 0 0 f 0 1 0 1
3 0 1 1 0 0 f 0 1 0 1
3 0 1 1 0 0 f 0 1 0 1
3 0 0 1 0 0 f 0 1 0 1
3 0 0 0 0 0 f 0 1 0 1
3 0 0 1 0 0 f 0 1 0 1
3 0 1 0 0 1 f 0 1 0 1
3 0 1 1 1 3 f 0 1 0 1
3 0 0 1 0 6 f 0 1 0 1
3 0 1 1 0 c f 0 1 1 1
3 0 0 0 1 c f 0 1 1 1
3 0 0 0 0 c f 0 1 1 1
3 0 1 0 1 d f 0 1 1 1
3 0 1 1 0 a f 0 1 1 1
3 0 1 0 0 b f 0 1 1 1
3 0 1 0 1 c f 0 1 1 1
3 0 0 1 1 9 f 0 1 1 1
3 0 1 0 0 a f 0 1 1 1
3 0 0 0 0 a f 0 1 1 1
3 0 1 0 1 b f 0 1 1 1
3 0 0 0 1 b f 0 1 1 1
3 0 0 0 0 b f 0 1 1 1
3 0 1 1 1 7 f 0 1 0 1
3 0 1 0 0 8 f 0 1 1 1
3 0 1 1 0 0 f 0 1 0 1
3 0 0 0 0 0 f 0 1 0 1
3 0 1 0 0 1 f 0 1 0 1
3 0 0 1 1 3 f 0 1 0 1
3 0 0 0 1 3 f 0 1 0 1
3 0 0 0 0 3 f 0 1 0 1
3 0 0 1 0 6 f 0 1 0 1
3 0 0 1 1 d f 0 1 1 1
3 0 1 0 0 e f 0 1 1 1
3 0 0 0 0 e f 0 1 1 1
3 0 1 0 1 f f 1 1 1 1
3 0 0 0 1 f f 1 1 1 1
3 0 0 0 1 f f 1 1 1 1
3 0 1 0 1 0 f 0 1 0 1
3 0 1 0 1 1 f 0 1 0 1
3 0 0 0 0 1 f 0 1 0 1
3 0 0 0 0 1 f 0 1 0 1
3 0 1 1 1 3 f 0 1 0 1
3 0 1 1 1 7 f 0 1 0 1
3 0 0 0 1 7 f 0 1 0 1
3 0 0 1 1 f f 1 1 1 1
3 0 0 0 1 f f 1 1 1 1
3 0 0 1 1 f f 1 1 1 1
3 0 1 1 1 f f 1 1 1 1
3 0 1 0 0 0 f 0 1 0 1
3 0 0 0 0 0 f 0 1 0 1
3 0 1 0 1 1 f 0 1 0 1
3 0 0 1 0 2 f 0 1 0 1
3 0 0 1 0 4 f 0 1 0 1
3 0 1 1 1 9 f 0 1 1 1
3 0 0 0 0 9 f 0 1 1 1
3 0 0 1 0 2 f 0 1 0 1
3 0 1 0 0 3 f 0 1 0 1
3 0 1 0 1 4 f 0 1 0 1
3 0 1 1 1 9 f 0 1 1 1
3 0 0 1 0 2 f 0 1 0 1
3 0 1 0 0 3 f 0 1 0 1
3 0 1 0 0 4 f 0 1 0 1
3 0 1 0 1 5 f 0 1 0 1
3 0 0 0 0 5 f 0 1 0 1
3 0 1 0 0 6 f 0 1 0 1
3 0 0 1 1 d f 0 1 1 1
3 0 0 1 0 a f 0 1 1 1
3 0 0 0 1 a f 0 1 1 1
3 0 1 0 0 b f 0 1 1 1
3 0 0 0 1 b f 0 1 1 1
3 0 0 0 1 b f 0 1 1 1
3 0 0 0 1 b f 0 1 1 1
3 0 1 0 1 c f 0 1 1 1
3 0 0 0 0 c f 0 1 1 1
3 0 1 0 1 d f 0 1 1 1
3 0 1 0 1 e f 0 1 1 1
3 0 0 1 1 d f 0 1 1 1
3 0 0 1 1 b f 0 1 1 1
3 0 0 0 0 b f 0 1 1 1
3 0 0 0 0 b f 0 1 1 1
3 0 1 0 1 c f 0 1 1 1
3 0 1 0 1 d f 0 1 1 1
3 0 1 1 1 b f 0 1 1 1
3 0 1 0 0 c f 0 1 1 1
3 0 0 1 1 9 f 0 1 1 1
3 0 0 1 0 2 f 0 1 0 1
3 0 0 0 0 2 f 0 1 0 1
3 0 1 0 1 3 f 0 1 0 1
3 0 0 1 0 6 f 0 1 0 1
3 0 1 1 0 c f 0 1 1 1
3 0 1 0 1 d f 0 1 1 1
3 0 0 0 0 d f 0 1 1 1
3 0 0 0 1 d f 0 1 1 1
3 0 1 1 0 a f 0 1 1 1
3 0 0 0 1 a f 0 1 1 1
3 0 0 0 1 a f 0 1 1 1
3 0 1 0 1 b f 0 1 1 1
3 0 1 1 1 7 f 0 1 0 1
3 0 1 1 0 e f 0 1 1 1
3 0 1 1 0 c f 0 1 1 1
3 0 1 1 1 9 f 0 1 1 1
3 0 1 0 0 a f 0 1 1 1
3 0 0 1 1 5 f 0 1 0 1
3 0 0 0 0 5 f 0 1 0 1
3 0 1 0 1 6 f 0 1 0 1
3 0 1 0 1 7 f 0 1 0 1
3 0 1 0 0 8 f 0 1 1 1
3 0 0 0 0 8 f 0 1 1 1
3 0 1 0 0 9 f 0 1 1 1
3 0 0 0 0 9 f 0 1 1 1
3 0 0 0 0 9 f 0 1 1 1
3 0 1 0 0 a f 0 1 1 1
3 0 1 1 1 5 f 0 1 0 1
3 0 1 1 1 b f 0 1 1 1
3 0 0 0 1 b f 0 1 1 1
3 0 0 1 0 6 f 0 1 0 1
3 0 0 1 1 d f 0 1 1 1
3 0 1 1 1 b f 0 1 1 1
3 0 1 1 1 7 f 0 1 0 1
3 0 0 1 0 e f 0 1 1 1
3 0 0 0 0 e f 0 1 1 1
3 0 1 0 0 f f 1 1 1 1
3 0 0 0 1 f f 1 1 1 1
3 0 1 0 0 0 f 0 1 0 1
3 0 1 1 0 0 f 0 1 0 1
3 0 0 0 0 0 f 0 1 0 1
3 0 0 1 0 0 f 0 1 0 1
3 0 1 0 1 1 f 0 1 0 1
3 0 0 0 0 1 f 0 1 0 1
3 0 0 0 0 1 f 0 1 0 1
3 0 1 1 0 2 f 0 1 0 1
3 0 0 1 0 4 f 0 1 0 1
3 0 0 1 1 9 f 0 1 1 1
3 0 1 1 0 2 f 0 1 0 1
3 0 1 0 0 3 f 0 1 0 1
3 0 0 1 0 6 f 0 1 0 1
3 0 1 0 1 7 f 0 1 0 1
3 0 0 0 0 7 f 0 1 0 1
3 0 1 0 1 8 f 0 1 1 1
3 0 1 0 0 9 f 0 1 1 1
3 0 0 0 1 9 f 0 1 1 1
3 0 1 0 1 a f 0 1 1 1
3 0 0 1 0 4 f 0 1 0 1
3 0 0 1 0 8 f 0 1 1 1
3 0 1 0 0 9 f 0 1 1 1
3 0 0 1 1 3 f 0 1 0 1
3 0 0 0 0 3 f 0 1 0 1
3 0 1 1 1 7 f 0 1 0 1
3 0 0 0 1 7 f 0 1 0 1
3 0 1 0 0 8 f 0 1 1 1
3 0 0 0 1 8 f 0 1 1 1
3 0 1 0 1 9 f 0 1 1 1
3 0 1 0 1 a f 0 1 1 1
3 0 0 1 1 5 f 0 1 0 1
3 0 1 1 1 b f 0 1 1 1
3 0 0 1 1 7 f 0 1 0 1
3 0 1 0 1 8 f 0 1 1 1
3 0 1 0 1 9 f 0 1 1 1
3 0 1 1 1 3 f 0 1 0 1
3 0 1 0 0 4 f 0 1 0 1
3 0 1 0 0 5 f 0 1 0 1
3 0 0 1 1 b f 0 1 1 1
3 0 1 0 0 c f 0 1 1 1
3 0 0 0 1 c f 0 1 1 1
3 0 1 0 1 d f 0 1 1 1
3 0 0 0 1 d f 0 1 1 1
3 0 1 1 0 a f 0 1 1 1
3 0 1 0 1 b f 0 1 1 1
3 0 0 0 1 b f 0 1 1 1
3 0 1 1 1 7 f 0 1 0 1
3 0 0 0 0 7 f 0 1 0 1
3 0 0 0 0 7 f 0 1 0 1
3 0 0 1 0 e f 0 1 1 1
3 0 1 1 0 c f 0 1 1 1
3 0 0 0 1 c f 0 1 1 1
3 0 0 0 0 c f 0 1 1 1
3 0 1 0 0 d f 0 1 1 1
3 0 1 1 0 a f 0 1 1 1
3 0 0 1 0 4 f 0 1 0 1
3 0 1 0 0 5 f 0 1 0 1
3 0 0 0 0 5 f 0 1 0 1
3 0 0 1 1 b f 0 1 1 1
3 0 0 0 0 b f 0 1 1 1
3 0 0 0 1 b f 0 1 1 1
3 0 0 0 1 b f 0 1 1 1
3 0 1 0 0 c f 0 1 1 1
3 0 0 0 0 c f 0 1 1 1
3 0 1 1 1 9 f 0 1 1 1
3 0 1 0 0 a f 0 1 1 1
3 0 1 1 0 4 f 0 1 0 1
3 0 1 1 0 8 f 0 1 1 1
3 0 1 1 1 1 f 0 1 0 1
3 0 0 0 1 1 f 0 1 0 1
3 0 0 1 0 2 f 0 1 0 1
3 0 0 0 1 2 f 0 1 0 1
3 0 1 0 0 3 f 0 1 0 1
3 0 0 1 0 6 f 0 1 0 1
3 0 1 0 0 7 f 0 1 0 1
3 0 1 0 0 8 f 0 1 1 1
3 0 1 1 1 1 f 0 1 0 1
3 0 0 0 1 1 f 0 1 0 1
3 0 1 0 1 2 f 0 1 0 1
3 0 1 1 0 4 f 0 1 0 1
3 0 0 0 0 4 f 0 1 0 1
3 0 1 1 0 8 f 0 1 1 1
3 0 0 0 0 8 f 0 1 1 1
3 0 0 1 0 0 f 0 1 0 1
3 0 0 0 0 0 f 0 1 0 1
3 0 1 0 0 1 f 0 1 0 1
3 0 1 1 1 3 f 0 1 0 1
3 0 0 0 0 3 f 0 1 0 1
3 0 1 0 1 4 f 0 1 0 1
3 0 0 0 0 4 f 0 1 0 1
3 0 1 0 1 5 f 0 1 0 1
3 0 1 0 0 6 f 0 1 0 1
3 0 0 0 1 6 f 0 1 0 1
3 0 1 1 1 d f 0 1 1 1
3 0 1 1 1 b f 0 1 1 1
3 0 1 0 0 c f 0 1 1 1
3 0 1 0 0 d f 0 1 1 1
3 0 1 0 0 e f 0 1 1 1
3 0 1 0 0 f f 1 1 1 1
3 0 1 0 0 0 f 0 1 0 1
3 0 1 0 0 1 f 0 1 0 1
3 0 1 1 1 3 f 0 1 0 1
3 0 0 1 1 7 f 0 1 0 1
3 0 1 0 1 8 f 0 1 1 1
3 0 0 1 0 0 f 0 1 0 1
3 0 0 1 0 0 f 0 1 0 1
3 0 1 0 1 1 f 0 1 0 1
3 0 0 0 0 1 f 0 1 0 1
3 0 1 0 0 2 f 0 1 0 1
3 0 0 0 0 2 f 0 1 0 1
3 0 1 1 0 4 f 0 1 0 1
3 0 0 1 0 8 f 0 1 1 1
3 0 1 1 0 0 f 0 1 0 1
3 0 0 0 0 0 f 0 1 0 1
3 0 1 0 1 1 f 0 1 0 1
3 0 1 0 0 2 f 0 1 0 1
3 0 0 1 1 5 f 0 1 0 1
3 0 1 1 1 b f 0 1 1 1
3 0 1 1 0 6 f 0 1 0 1
3 0 1 1 1 d f 0 1 1 1
3 0 1 0 0 e f 0 1 1 1
3 0 1 0 0 f f 1 1 1 1
3 0 1 0 0 0 f 0 1 0 1
3 0 0 1 0 0 f 0 1 0 1
3 0 1 1 0 0 f 0 1 0 1
3 0 0 1 0 0 f 0 1 0 1
3 0 0 0 0 0 f 0 1 0 1
3 0 0 1 1 1 f 0 1 0 1
3 0 0 1 0 2 f 0 1 0 1
3 0 1 0 0 3 f 0 1 0 1
3 0 0 1 1 7 f 0 1 0 1
3 0 0 0 1 7 f 0 1 0 1
3 0 1 0 0 8 f 0 1 1 1
3 0 1 0 0 9 f 0 1 1 1
3 0 0 0 1 9 f 0 1 1 1
3 0 1 1 1 3 f 0 1 0 1
3 0 1 1 1 7 f 0 1 0 1
3 0 0 1 0 e f 0 1 1 1
3 0 0 1 0 c f 0 1 1 1
3 0 0 0 0 c f 0 1 1 1
3 0 1 1 1 9 f 0 1 1 1
3 0 1 0 1 a f 0 1 1 1
3 0 0 0 1 a f 0 1 1 1
3 0 1 0 0 b f 0 1 1 1
3 1 0 0 0 0 f 0 1 0 1
3 0 1 0 1 1 f 0 1 0 1
3 0 0 0 0 1 f 0 1 0 1
3 0 0 0 1 1 f 0 1 0 1
3 0 1 1 0 2 f 0 1 0 1
3 0 1 0 0 3 f 0 1 0 1
3 0 1 1 1 7 f 0 1 0 1
3 0 1 0 0 8 f 0 1 1 1
3 0 0 0 1 8 f 0 1 1 1
3 0 0 1 1 1 f 0 1 0 1
3 0 1 1 0 2 f 0 1 0 1
3 0 0 1 0 4 f 0 1 0 1
3 0 0 0 1 4 f 0 1 0 1
3 0 0 0 0 4 f 0 1 0 1
3 0 1 1 1 9 f 0 1 1 1
3 0 0 1 0 2 f 0 1 0 1
3 0 0 0 1 2 f 0 1 0 1
3 0 1 0 1 3 f 0 1 0 1
3 0 1 1 1 7 f 0 1 0 1
3 0 0 0 1 7 f 0 1 0 1
3 0 1 1 1 f f 1 1 1 1
3 0 0 0 0 f f 1 1 1 1
3 0 0 0 0 f f 1 1 1 1
3 0 0 0 1 f f 1 1 1 1
3 0 0 1 0 e f 0 1 1 1
3 0 1 0 0 f f 1 1 1 1
3 0 0 0 1 f f 1 1 1 1
3 0 1 0 1 0 f 0 1 0 1
3 0 0 0 1 0 f 0 1 0 1
3 0 1 1 1 1 f 0 1 0 1
3 0 0 0 1 1 f 0 1 0 1
3 0 0 1 0 2 f 0 1 0 1
3 0 1 1 1 5 f 0 1 0 1
3 0 0 0 0 5 f 0 1 0 1
3 0 1 0 0 6 f 0 1 0 1
3 0 0 0 1 6 f 0 1 0 1
3 0 1 0 0 7 f 0 1 0 1
3 0 0 0 0 7 f 0 1 0 1
3 0 0 1 1 f f 1 1 1 1
3 0 1 0 1 0 f 0 1 0 1
3 0 0 1 1 1 f 0 1 0 1
3 0 1 1 0 2 f 0 1 0 1
3 0 1 1 1 5 f 0 1 0 1
3 0 1 0 1 6 f 0 1 0 1
3 0 1 0 1 7 f 0 1 0 1
3 0 1 0 1 8 f 0 1 1 1
3 0 0 1 1 1 f 0 1 0 1
3 0 0 1 0 2 f 0 1 0 1
3 0 1 1 0 4 f 0 1 0 1
3 0 1 0 1 5 f 0 1 0 1
3 0 1 0 0 6 f 0 1 0 1
3 0 0 0 1 6 f 0 1 0 1
3 0 0 1 1 d f 0 1 1 1
3 0 0 0 1 d f 0 1 1 1
3 0 1 0 1 e f 0 1 1 1
3 0 1 0 0 f f 1 1 1 1
3 0 1 0 1 0 f 0 1 0 1
3 0 1 0 1 1 f 0 1 0 1
3 0 1 1 1 3 f 0 1 0 1
3 0 0 0 1 3 f 0 1 0 1
3 0 1 0 1 4 f 0 1 0 1
3 0 1 0 0 5 f 0 1 0 1
3 0 1 0 0 6 f 0 1 0 1
3 0 0 0 1 6 f 0 1 0 1
3 0 1 1 1 d f 0 1 1 1
3 0 0 0 1 d f 0 1 1 1
3 0 0 0 1 d f 0 1 1 1
3 0 1 0 0 e f 0 1 1 1
3 0 1 0 1 f f 1 1 1 1
3 0 0 1 0 e f 0 1 1 1
3 0 1 1 0 c f 0 1 1 1
3 0 1 0 1 d f 0 1 1 1
3 0 0 1 1 b f 0 1 1 1
3 0 0 0 1 b f 0 1 1 1
3 0 1 0 1 c f 0 1 1 1
3 0 1 1 0 8 f 0 1 1 1
3 0 1 1 0 0 f 0 1 0 1
3 0 1 0 1 1 f 0 1 0 1
3 0 0 1 1 3 f 0 1 0 1
3 0 0 1 1 7 f 0 1 0 1
3 1 0 1 0 0 f 0 1 0 1
3 0 0 0 0 0 f 0 1 0 1
3 0 0 0 1 0 f 0 1 0 1
3 0 0 0 1 0 f 0 1 0 1
3 0 1 0 1 1 f 0 1 0 1
3 0 1 1 0 2 f 0 1 0 1
3 0 0 0 0 2 f 0 1 0 1
3 0 0 1 1 5 f 0 1 0 1
3 0 0 0 0 5 f 0 1 0 1
3 0 1 0 1 6 f 0 1 0 1
3 0 1 0 0 7 f 0 1 0 1
3 0 1 0 1 8 f 0 1 1 1
3 0 0 1 1 1 f 0 1 0 1
3 0 0 1 1 3 f 0 1 0 1
3 0 0 1 0 6 f 0 1 0 1
3 0 0 0 1 6 f 0 1 0 1
3 0 1 1 0 c f 0 1 1 1
3 0 0 0 0 c f 0 1 1 1
3 0 1 0 1 d f 0 1 1 1
3 0 1 0 1 e f 0 1 1 1
3 0 1 0 1 f f 1 1 1 1
3 0 1 0 1 0 f 0 1 0 1
3 0 1 1 1 1 f 0 1 0 1
3 0 1 0 0 2 f 0 1 0 1
3 0 0 0 1 2 f 0 1 0 1
3 0 1 0 1 3 f 0 1 0 1
3 0 0 0 0 3 f 0 1 0 1
3 0 1 0 0 4 f 0 1 0 1
3 0 0 0 1 4 f 0 1 0 1
3 0 0 0 1 4 f 0 1 0 1
3 0 1 0 0 5 f 0 1 0 1
3 0 0 0 0 5 f 0 1 0 1
3 0 1 0 1 6 f 0 1 0 1
3 0 1 1 1 d f 0 1 1 1
3 0 0 1 0 a f 0 1 1 1
3 0 1 0 1 b f 0 1 1 1
3 0 0 0 1 b f 0 1 1 1
3 0 0 0 1 b f 0 1 1 1
3 0 0 1 0 6 f 0 1 0 1
3 0 1 1 1 d f 0 1 1 1
3 0 1 1 0 a f 0 1 1 1
3 0 0 0 1 a f 0 1 1 1
3 0 1 0 1 b f 0 1 1 1
3 0 1 1 1 7 f 0 1 0 1
3 0 1 1 0 e f 0 1 1 1
3 0 0 0 0 e f 0 1 1 1
3 0 0 0 1 e f 0 1 1 1
3 0 1 0 0 f f 1 1 1 1
3 0 1 1 0 e f 0 1 1 1
3 0 0 0 1 e f 0 1 1 1
3 0 1 1 0 c f 0 1 1 1
3 1 1 0 0 0 f 0 1 0 1
3 0 0 0 0 0 f 0 1 0 1
3 0 0 0 1 0 f 0 1 0 1
3 0 0 1 0 0 f 0 1 0 1
3 0 1 1 0 0 f 0 1 0 1
3 0 0 0 0 0 f 0 1 0 1
3 0 1 0 1 1 f 0 1 0 1
3 0 1 0 1 2 f 0 1 0 1
3 0 0 0 0 2 f 0 1 0 1
3 0 1 0 1 3 f 0 1 0 1
3 0 1 0 0 4 f 0 1 0 1
3 0 0 1 1 9 f 0 1 1 1
3 0 0 0 1 9 f 0 1 1 1
3 0 0 0 0 9 f 0 1 1 1
3 0 0 0 0 9 f 0 1 1 1
3 0 0 0 0 9 f 0 1 1 1
3 0 0 1 0 2 f 0 1 0 1
3 0 0 0 0 2 f 0 1 0 1
3 0 1 0 0 3 f 0 1 0 1
3 0 1 1 0 6 f 0 1 0 1
3 0 0 0 1 6 f 0 1 0 1
3 0 1 0 0 7 f 0 1 0 1
3 0 0 0 0 7 f 0 1 0 1
3 0 0 1 0 e f 0 1 1 1
3 0 0 1 1 d f 0 1 1 1
3 0 1 0 1 e f 0 1 1 1
3 0 1 1 1 d f 0 1 1 1
3 0 0 1 1 b f 0 1 1 1
3 1 0 1 0 0 f 0 1 0 1
3 0 1 1 0 0 f 0 1 0 1
3 0 1 0 1 1 f 0 1 0 1
3 0 1 1 0 2 f 0 1 0 1
3 0 0 1 1 5 f 0 1 0 1
3 0 0 0 1 5 f 0 1 0 1
3 0 1 1 0 a f 0 1 1 1
3 0 1 0 1 b f 0 1 1 1
3 0 0 1 0 6 f 0 1 0 1
3 0 0 0 1 6 f 0 1 0 1
3 0 1 1 0 c f 0 1 1 1
3 0 1 1 0 8 f 0 1 1 1
3 0 0 1 1 1 f 0 1 0 1
3 0 0 0 1 1 f 0 1 0 1
3 0 1 1 0 2 f 0 1 0 1
3 0 1 1 0 4 f 0 1 0 1
3 0 1 1 0 8 f 0 1 1 1
3 0 1 0 1 9 f 0 1 1 1
3 0 1 1 1 3 f 0 1 0 1
3 0 0 0 1 3 f 0 1 0 1
3 0 0 0 0 3 f 0 1 0 1
3 0 1 0 1 4 f 0 1 0 1
3 0 1 0 0 5 f 0 1 0 1
3 0 0 1 1 b f 0 1 1 1
3 0 1 1 0 6 f 0 1 0 1
3 0 0 0 0 6 f 0 1 0 1
3 0 1 0 1 7 f 0 1 0 1
3 0 0 1 0 e f 0 1 1 1
3 0 0 0 1 e f 0 1 1 1
3 0 1 0 1 f f 1 1 1 1
3 0 0 0 0 f f 1 1 1 1
3 0 1 0 1 0 f 0 1 0 1
3 0 0 0 0 0 f 0 1 0 1
3 0 1 0 1 1 f 0 1 0 1
3 0 1 0 0 2 f 0 1 0 1
3 0 0 0 0 2 f 0 1 0 1
3 0 0 0 1 2 f 0 1 0 1
3 0 0 0 0 2 f 0 1 0 1
3 0 1 0 0 3 f 0 1 0 1
3 0 1 1 0 6 f 0 1 0 1
3 0 1 1 0 c f 0 1 1 1
3 0 0 0 0 c f 0 1 1 1
3 0 0 1 0 8 f 0 1 1 1
3 0 0 0 1 8 f 0 1 1 1
3 0 1 1 0 0 f 0 1 0 1
3 0 0 1 0 0 f 0 1 0 1
3 0 0 0 1 0 f 0 1 0 1
3 0 0 1 1 1 f 0 1 0 1
3 0 0 0 0 1 f 0 1 0 1
3 0 1 0 1 2 f 0 1 0 1
3 0 1 0 1 3 f 0 1 0 1
3 0 1 0 1 4 f 0 1 0 1
3 0 0 0 0 4 f 0 1 0 1
3 0 0 0 1 4 f 0 1 0 1
3 0 1 1 0 8 f 0 1 1 1
3 0 1 0 1 9 f 0 1 1 1
3 0 0 0 0 9 f 0 1 1 1
3 0 0 0 1 9 f 0 1 1 1
3 0 0 0 1 9 f 0 1 1 1
3 0 0 0 0 9 f 0 1 1 1
3 0 1 0 0 a f 0 1 1 1
3 0 0 1 0 4 f 0 1 0 1
3 0 1 0 1 5 f 0 1 0 1
3 0 1 0 1 6 f 0 1 0 1
3 0 0 0 1 6 f 0 1 0 1
3 0 1 0 1 7 f 0 1 0 1
3 0 0 1 1 f f 1 1 1 1
3 0 1 1 1 f f 1 1 1 1
3 0 0 0 0 f f 1 1 1 1
3 0 1 0 0 0 f 0 1 0 1
3 0 0 0 1 0 f 0 1 0 1
3 0 0 0 0 0 f 0 1 0 1
3 0 1 1 0 0 f 0 1 0 1
3 0 1 0 1 1 f 0 1 0 1
3 0 0 0 1 1 f 0 1 0 1
3 0 1 1 0 2 f 0 1 0 1
3 0 0 0 1 2 f 0 1 0 1
3 0 0 1 1 5 f 0 1 0 1
3 0 0 0 0 5 f 0 1 0 1
3 0 1 1 1 b f 0 1 1 1
3 0 0 0 0 b f 0 1 1 1
3 0 0 0 1 b f 0 1 1 1
3 0 1 0 0 c f 0 1 1 1
3 0 0 0 1 c f 0 1 1 1
3 0 1 0 0 d f 0 1 1 1
3 0 1 1 1 b f 0 1 1 1
3 0 0 0 0 b f 0 1 1 1
3 0 0 1 1 7 f 0 1 0 1
3 0 1 0 0 8 f 0 1 1 1
3 0 0 0 1 8 f 0 1 1 1
3 0 1 0 0 9 f 0 1 1 1
3 0 1 0 1 a f 0 1 1 1
3 0 0 0 0 a f 0 1 1 1
3 0 1 1 1 5 f 0 1 0 1
3 0 0 1 1 b f 0 1 1 1
3 0 1 0 0 c f 0 1 1 1
3 0 0 1 0 8 f 0 1 1 1
3 0 0 0 0 8 f 0 1 1 1
3 0 1 0 0 9 f 0 1 1 1
3 0 0 0 1 9 f 0 1 1 1
3 0 0 0 1 9 f 0 1 1 1
3 0 1 0 0 a f 0 1 1 1
3 0 1 1 0 4 f 0 1 0 1
3 0 0 1 0 8 f 0 1 1 1
3 0 0 1 0 0 f 0 1 0 1
3 0 1 0 1 1 f 0 1 0 1
3 0 0 0 0 1 f 0 1 0 1
3 0 1 1 0 2 f 0 1 0 1
3 0 1 0 0 3 f 0 1 0 1
3 0 0 1 1 7 f 0 1 0 1
3 0 0 0 1 7 f 0 1 0 1
3 0 1 1 0 e f 0 1 1 1
3 0 0 0 1 e f 0 1 1 1
3 0 1 0 0 f f 1 1 1 1
3 0 1 1 0 e f 0 1 1 1
3 0 0 0 1 e f 0 1 1 1
3 0 0 1 0 c f 0 1 1 1
3 0 1 0 0 d f 0 1 1 1
3 0 1 1 0 a f 0 1 1 1
3 0 0 0 0 a f 0 1 1 1
3 0 0 0 1 a f 0 1 1 1
3 0 1 1 1 5 f 0 1 0 1
3 0 1 1 0 a f 0 1 1 1
3 0 1 1 1 5 f 0 1 0 1
3 0 0 0 0 5 f 0 1 0 1
3 0 0 1 0 a f 0 1 1 1
3 0 1 1 1 5 f 0 1 0 1
3 0 1 0 1 6 f 0 1 0 1
3 0 0 1 0 c f 0 1 1 1
3 0 0 0 1 c f 0 1 1 1
3 0 1 1 0 8 f 0 1 1 1
3 0 1 0 0 9 f 0 1 1 1
3 0 1 1 0 2 f 0 1 0 1
3 0 0 1 1 5 f 0 1 0 1
3 0 0 1 1 b f 0 1 1 1
3 0 1 1 0 6 f 0 1 0 1
3 0 1 0 1 7 f 0 1 0 1
3 0 1 1 0 e f 0 1 1 1
3 0 0 0 1 e f 0 1 1 1
3 0 0 0 1 e f 0 1 1 1
3 0 0 1 1 d f 0 1 1 1
3 0 0 0 1 d f 0 1 1 1
3 0 0 1 0 a f 0 1 1 1
3 0 1 1 0 4 f 0 1 0 1
3 0 0 0 1 4 f 0 1 0 1
3 0 0 0 1 4 f 0 1 0 1
3 0 0 1 0 8 f 0 1 1 1
3 0 1 1 0 0 f 0 1 0 1
3 0 0 0 1 0 f 0 1 0 1
3 0 1 1 0 0 f 0 1 0 1
3 0 0 1 1 1 f 0 1 0 1
3 0 1 0 0 2 f 0 1 0 1
3 0 1 0 0 3 f 0 1 0 1
3 0 1 0 1 4 f 0 1 0 1
3 0 0 1 1 9 f 0 1 1 1
3 0 0 1 0 2 f 0 1 0 1
3 0 0 0 0 2 f 0 1 0 1
3 0 0 1 1 5 f 0 1 0 1
3 0 1 1 1 b f 0 1 1 1
3 0 1 0 1 c f 0 1 1 1
3 0 0 0 0 c f 0 1 1 1
3 0 1 1 0 8 f 0 1 1 1
3 0 1 0 1 9 f 0 1 1 1
3 0 0 0 0 9 f 0 1 1 1
3 0 0 0 0 9 f 0 1 1 1
3 0 0 0 1 9 f 0 1 1 1
3 0 1 1 0 2 f 0 1 0 1
3 0 1 1 0 4 f 0 1 0 1
3 0 1 1 0 8 f 0 1 1 1
3 0 0 0 0 8 f 0 1 1 1
3 0 1 1 0 0 f 0 1 0 1
3 0 0 0 0 0 f 0 1 0 1
3 0 0 0 0 0 f 0 1 0 1
3 0 0 1 1 1 f 0 1 0 1
3 0 0 1 0 2 f 0 1 0 1
3 0 0 0 1 2 f 0 1 0 1
3 0 1 0 1 3 f 0 1 0 1
3 0 0 1 0 6 f 0 1 0 1
3 0 1 0 1 7 f 0 1 0 1
3 0 1 0 1 8 f 0 1 1 1
3 0 1 0 1 9 f 0 1 1 1
3 0 1 0 1 a f 0 1 1 1
3 0 1 1 1 5 f 0 1 0 1
3 0 1 0 1 6 f 0 1 0 1
3 0 0 1 1 d f 0 1 1 1
3 0 0 0 0 d f 0 1 1 1
3 0 1 0 1 e f 0 1 1 1
3 0 1 0 1 f f 1 1 1 1
3 0 0 0 1 f f 1 1 1 1
3 0 0 0 1 f f 1 1 1 1
3 0 1 0 1 0 f 0 1 0 1
3 0 1 0 1 1 f 0 1 0 1
3 0 1 1 0 2 f 0 1 0 1
3 0 1 0 1 3 f 0 1 0 1
3 0 1 0 1 4 f 0 1 0 1
3 0 1 1 1 9 f 0 1 1 1
3 0 0 0 1 9 f 0 1 1 1
3 0 0 1 0 2 f 0 1 0 1
3 0 0 0 1 2 f 0 1 0 1
3 0 1 0 1 3 f 0 1 0 1
3 0 0 0 1 3 f 0 1 0 1
3 0 0 0 1 3 f 0 1 0 1
3 0 1 1 1 7 f 0 1 0 1
3 0 0 1 1 f f 1 1 1 1
3 0 1 0 1 0 f 0 1 0 1
3 0 0 0 0 0 f 0 1 0 1
3 0 1 0 1 1 f 0 1 0 1
3 0 1 0 1 2 f 0 1 0 1
3 0 1 0 1 3 f 0 1 0 1
3 0 1 0 0 4 f 0 1 0 1
3 0 1 0 0 5 f 0 1 0 1
3 0 0 1 1 b f 0 1 1 1
3 0 1 0 0 c f 0 1 1 1
3 0 0 1 1 9 f 0 1 1 1
3 0 1 1 1 3 f 0 1 0 1
3 0 0 0 1 3 f 0 1 0 1
3 0 0 0 0 3 f 0 1 0 1
3 0 1 1 0 6 f 0 1 0 1
3 0 0 1 0 c f 0 1 1 1
3 0 1 0 0 d f 0 1 1 1
3 0 1 1 0 a f 0 1 1 1
3 0 1 1 0 4 f 0 1 0 1
3 0 1 0 0 5 f 0 1 0 1
3 0 1 1 0 a f 0 1 1 1
3 0 0 1 0 4 f 0 1 0 1
3 0 1 1 0 8 f 0 1 1 1
3 0 1 0 0 9 f 0 1 1 1
3 0 1 1 1 3 f 0 1 0 1
3 0 0 0 0 3 f 0 1 0 1
3 0 1 0 0 4 f 0 1 0 1
3 0 0 0 1 4 f 0 1 0 1
3 0 0 1 0 8 f 0 1 1 1
3 0 1 1 0 0 f 0 1 0 1
3 0 0 1 1 1 f 0 1 0 1
3 0 0 0 0 1 f 0 1 0 1
3 0 0 0 0 1 f 0 1 0 1
3 0 1 0 0 2 f 0 1 0 1
3 0 0 1 0 4 f 0 1 0 1
3 0 1 0 1 5 f 0 1 0 1
3 0 1 0 0 6 f 0 1 0 1
3 0 1 0 0 7 f 0 1 0 1
3 0 1 0 1 8 f 0 1 1 1
3 0 1 0 0 9 f 0 1 1 1
3 0 1 0 1 a f 0 1 1 1
3 0 0 0 0 a f 0 1 1 1
3 0 1 0 0 b f 0 1 1 1
3 0 0 1 1 7 f 0 1 0 1
3 0 1 0 0 8 f 0 1 1 1
3 0 0 0 0 8 f 0 1 1 1
3 0 1 0 0 9 f 0 1 1 1
3 0 0 0 0 9 f 0 1 1 1
3 0 1 0 1 a f 0 1 1 1
3 0 1 0 1 b f 0 1 1 1
3 0 0 0 1 b f 0 1 1 1
3 0 1 1 0 6 f 0 1 0 1
3 0 1 1 0 c f 0 1 1 1
3 0 0 0 1 c f 0 1 1 1
3 0 1 1 1 9 f 0 1 1 1
3 0 0 0 1 9 f 0 1 1 1
3 0 0 0 1 9 f 0 1 1 1
3 0 1 0 1 a f 0 1 1 1
3 0 0 0 0 a f 0 1 1 1
3 0 1 0 1 b f 0 1 1 1
3 0 0 1 0 6 f 0 1 0 1
3 0 0 0 1 6 f 0 1 0 1
3 0 1 1 0 c f 0 1 1 1
3 0 1 1 1 9 f 0 1 1 1
3 0 1 0 0 a f 0 1 1 1
3 0 0 0 0 a f 0 1 1 1
3 0 0 0 1 a f 0 1 1 1
3 0 1 0 0 b f 0 1 1 1
3 0 0 0 0 b f 0 1 1 1
3 0 0 0 1 b f 0 1 1 1
3 0 0 1 1 7 f 0 1 0 1
3 0 0 0 1 7 f 0 1 0 1
3 0 1 0 0 8 f 0 1 1 1
3 0 1 0 0 9 f 0 1 1 1
3 0 0 0 1 9 f 0 1 1 1
3 0 0 0 1 9 f 0 1 1 1
3 0 1 1 0 2 f 0 1 0 1
3 0 1 1 0 4 f 0 1 0 1
3 0 1 1 1 9 f 0 1 1 1
3 0 1 1 1 3 f 0 1 0 1
3 0 1 1 1 7 f 0 1 0 1
3 0 0 0 1 7 f 0 1 0 1
3 0 1 0 0 8 f 0 1 1 1
3 0 0 0 1 8 f 0 1 1 1
3 0 1 0 1 9 f 0 1 1 1
3 0 1 0 1 a f 0 1 1 1
3 0 1 0 0 b f 0 1 1 1
3 0 0 0 0 b f 0 1 1 1
3 0 1 0 1 c f 0 1 1 1
3 0 1 1 1 9 f 0 1 1 1
3 0 1 1 1 3 f 0 1 0 1
3 0 0 1 0 6 f 0 1 0 1
3 0 0 1 1 d f 0 1 1 1
3 0 1 1 0 a f 0 1 1 1
3 0 1 0 1 b f 0 1 1 1
3 0 1 0 1 c f 0 1 1 1
3 0 0 0 0 c f 0 1 1 1
3 0 1 0 1 d f 0 1 1 1
3 0 1 1 0 a f 0 1 1 1
3 0 0 0 0 a f 0 1 1 1
3 0 1 1 0 4 f 0 1 0 1
3 0 0 0 1 4 f 0 1 0 1
3 0 1 1 0 8 f 0 1 1 1
3 0 1 1 1 1 f 0 1 0 1
3 0 0 0 0 1 f 0 1 0 1
3 0 0 1 0 2 f 0 1 0 1
3 0 1 1 0 4 f 0 1 0 1
3 0 0 0 1 4 f 0 1 0 1
3 0 1 1 1 9 f 0 1 1 1
3 0 1 0 1 a f 0 1 1 1
3 0 1 0 0 b f 0 1 1 1
3 0 0 0 0 b f 0 1 1 1
3 0 0 0 1 b f 0 1 1 1
3 0 0 1 0 6 f 0 1 0 1
3 0 1 0 1 7 f 0 1 0 1
3 0 1 1 1 f f 1 1 1 1
3 0 0 0 0 f f 1 1 1 1
3 0 1 1 0 e f 0 1 1 1
3 0 0 0 0 e f 0 1 1 1
3 0 0 1 1 d f 0 1 1 1
3 0 1 0 1 e f 0 1 1 1
3 0 0 1 0 c f 0 1 1 1
3 0 1 1 1 9 f 0 1 1 1
3 0 0 0 1 9 f 0 1 1 1
3 0 1 1 0 2 f 0 1 0 1
3 0 1 1 1 5 f 0 1 0 1
3 0 1 0 0 6 f 0 1 0 1
3 0 1 0 0 7 f 0 1 0 1
3 0 0 1 1 f f 1 1 1 1
3 0 0 0 0 f f 1 1 1 1
3 0 1 0 0 0 f 0 1 0 1
3 0 0 0 0 0 f 0 1 0 1
3 0 0 1 1 1 f 0 1 0 1
3 0 0 1 0 2 f 0 1 0 1
3 0 0 1 1 5 f 0 1 0 1
3 0 0 0 0 5 f 0 1 0 1
3 0 1 0 1 6 f 0 1 0 1
3 0 1 0 1 7 f 0 1 0 1
3 0 0 1 0 e f 0 1 1 1
3 0 1 1 0 c f 0 1 1 1
3 0 1 1 1 9 f 0 1 1 1
3 0 0 1 0 2 f 0 1 0 1
3 0 1 1 1 5 f 0 1 0 1
3 0 1 0 1 6 f 0 1 0 1
3 0 1 0 1 7 f 0 1 0 1
3 0 1 0 1 8 f 0 1 1 1
3 0 0 1 1 1 f 0 1 0 1
3 0 1 0 0 2 f 0 1 0 1
3 0 1 0 0 3 f 0 1 0 1
3 0 1 0 0 4 f 0 1 0 1
3 0 0 0 1 4 f 0 1 0 1
3 0 1 0 0 5 f 0 1 0 1
3 0 0 0 0 5 f 0 1 0 1
3 0 1 0 1 6 f 0 1 0 1
3 0 0 1 0 c f 0 1 1 1
3 0 0 0 0 c f 0 1 1 1
3 0 1 1 1 9 f 0 1 1 1
3 0 0 1 1 3 f 0 1 0 1
3 0 1 0 0 4 f 0 1 0 1
3 0 1 0 0 5 f 0 1 0 1
3 0 0 1 0 a f 0 1 1 1
3 0 0 1 1 5 f 0 1 0 1
3 0 1 1 0 a f 0 1 1 1
3 0 0 0 0 a f 0 1 1 1
3 0 1 0 1 b f 0 1 1 1
3 0 1 1 1 7 f 0 1 0 1
3 0 1 0 0 8 f 0 1 1 1
3 0 0 0 1 8 f 0 1 1 1
3 0 1 0 0 9 f 0 1 1 1
3 0 1 1 0 2 f 0 1 0 1
3 0 1 0 0 3 f 0 1 0 1
3 0 1 1 1 7 f 0 1 0 1
3 0 0 0 0 7 f 0 1 0 1
3 0 0 1 1 f f 1 1 1 1
3 0 0 0 1 f f 1 1 1 1
3 0 0 0 1 f f 1 1 1 1
3 0 1 0 0 0 f 0 1 0 1
3 0 0 0 0 0 f 0 1 0 1
3 0 1 0 0 1 f 0 1 0 1
3 0 0 1 0 2 f 0 1 0 1
3 0 1 1 1 5 f 0 1 0 1
3 0 0 1 1 b f 0 1 1 1
3 0 1 0 0 c f 0 1 1 1
3 0 1 0 1 d f 0 1 1 1
3 0 0 0 0 d f 0 1 1 1
3 0 1 0 1 e f 0 1 1 1
3 0 1 0 1 f f 1 1 1 1
3 0 1 1 1 f f 1 1 1 1
3 0 0 1 1 f f 1 1 1 1
3 0 0 0 1 f f 1 1 1 1
3 0 0 1 0 e f 0 1 1 1
3 0 1 1 0 c f 0 1 1 1
3 0 0 0 1 c f 0 1 1 1
3 0 1 0 1 d f 0 1 1 1
3 0 1 0 0 e f 0 1 1 1
3 0 0 0 1 e f 0 1 1 1
3 0 0 0 1 e f 0 1 1 1
3 0 0 1 1 d f 0 1 1 1
3 0 1 1 0 a f 0 1 1 1
3 0 1 0 1 b f 0 1 1 1
3 0 0 1 1 7 f 0 1 0 1
3 0 0 1 1 f f 1 1 1 1
3 0 1 0 0 0 f 0 1 0 1
3 0 1 0 0 1 f 0 1 0 1
3 0 1 1 0 2 f 0 1 0 1
3 0 0 0 1 2 f 0 1 0 1
3 0 1 0 1 3 f 0 1 0 1
3 0 1 0 1 4 f 0 1 0 1
3 0 1 0 0 5 f 0 1 0 1
3 0 0 1 1 b f 0 1 1 1
3 0 1 0 1 c f 0 1 1 1
3 0 0 0 1 c f 0 1 1 1
3 0 0 0 1 c f 0 1 1 1
3 0 0 0 0 c f 0 1 1 1
3 0 0 1 0 8 f 0 1 1 1
3 0 1 1 0 0 f 0 1 0 1
3 0 0 1 0 0 f 0 1 0 1
3 0 1 0 1 1 f 0 1 0 1
3 0 0 0 1 1 f 0 1 0 1
3 0 0 0 1 1 f 0 1 0 1
3 0 0 1 0 2 f 0 1 0 1
3 0 1 0 0 3 f 0 1 0 1
3 0 1 1 0 6 f 0 1 0 1
3 0 1 1 1 d f 0 1 1 1
3 0 1 0 1 e f 0 1 1 1
3 0 0 0 1 e f 0 1 1 1
3 0 1 1 1 d f 0 1 1 1
3 0 0 0 0 d f 0 1 1 1
3 0 1 1 1 b f 0 1 1 1
3 0 0 0 1 b f 0 1 1 1
3 0 1 0 1 c f 0 1 1 1
3 0 1 1 1 9 f 0 1 1 1
3 0 1 0 0 a f 0 1 1 1
3 0 1 1 1 5 f 0 1 0 1
3 0 0 0 1 5 f 0 1 0 1
3 0 0 0 0 5 f 0 1 0 1
3 0 0 1 0 a f 0 1 1 1
3 0 1 0 1 b f 0 1 1 1
3 0 1 0 1 c f 0 1 1 1
3 0 1 0 1 d f 0 1 1 1
3 0 1 1 1 b f 0 1 1 1
3 0 0 0 1 b f 0 1 1 1
3 0 1 0 0 c f 0 1 1 1
3 0 1 0 1 d f 0 1 1 1
3 0 0 0 1 d f 0 1 1 1
3 0 0 1 0 a f 0 1 1 1
3 0 0 1 0 4 f 0 1 0 1
3 0 0 1 1 9 f 0 1 1 1
3 0 0 1 1 3 f 0 1 0 1
3 0 0 0 0 3 f 0 1 0 1
3 0 0 1 0 6 f 0 1 0 1
3 0 1 0 0 7 f 0 1 0 1
3 0 0 0 1 7 f 0 1 0 1
3 0 0 1 1 f f 1 1 1 1
3 0 0 0 0 f f 1 1 1 1
3 0 1 0 1 0 f 0 1 0 1
3 0 1 1 0 0 f 0 1 0 1
3 0 1 0 1 1 f 0 1 0 1
3 0 0 1 0 2 f 0 1 0 1
3 0 1 1 0 4 f 0 1 0 1
3 0 1 0 1 5 f 0 1 0 1
3 0 1 0 0 6 f 0 1 0 1
3 0 1 0 1 7 f 0 1 0 1
3 0 1 0 0 8 f 0 1 1 1
3 0 1 1 0 0 f 0 1 0 1
3 0 0 1 0 0 f 0 1 0 1
3 0 1 0 0 1 f 0 1 0 1
3 0 1 0 1 2 f 0 1 0 1
3 0 1 0 1 3 f 0 1 0 1
3 0 0 0 0 3 f 0 1 0 1
3 0 1 0 1 4 f 0 1 0 1
3 0 1 0 1 5 f 0 1 0 1
3 0 1 0 1 6 f 0 1 0 1
3 0 1 0 1 7 f 0 1 0 1
3 0 1 0 1 8 f 0 1 1 1
3 0 0 0 1 8 f 0 1 1 1
3 0 0 0 1 8 f 0 1 1 1
3 0 1 0 0 9 f 0 1 1 1
3 0 0 1 0 2 f 0 1 0 1
3 0 1 1 1 5 f 0 1 0 1
3 0 0 0 1 5 f 0 1 0 1
3 0 0 1 0 a f 0 1 1 1
3 0 0 0 1 a f 0 1 1 1
3 0 0 0 1 a f 0 1 1 1
3 0 1 0 1 b f 0 1 1 1
3 0 1 1 1 7 f 0 1 0 1
3 0 1 0 1 8 f 0 1 1 1
3 0 1 0 0 9 f 0 1 1 1
3 0 1 1 0 2 f 0 1 0 1
3 0 0 1 1 5 f 0 1 0 1
3 0 0 0 1 5 f 0 1 0 1
3 0 1 1 1 b f 0 1 1 1
3 0 0 1 0 6 f 0 1 0 1
3 0 1 0 0 7 f 0 1 0 1
3 0 1 0 1 8 f 0 1 1 1
3 0 1 0 1 9 f 0 1 1 1
3 0 0 0 1 9 f 0 1 1 1
3 0 0 1 0 2 f 0 1 0 1
3 0 0 1 0 4 f 0 1 0 1
3 0 1 0 1 5 f 0 1 0 1
3 0 1 0 1 6 f 0 1 0 1
3 0 0 0 0 6 f 0 1 0 1
3 0 0 1 0 c f 0 1 1 1
3 0 0 1 1 9 f 0 1 1 1
3 0 0 0 1 9 f 0 1 1 1
3 0 1 0 1 a f 0 1 1 1
3 0 1 1 0 4 f 0 1 0 1
3 0 1 0 0 5 f 0 1 0 1
3 0 0 0 1 5 f 0 1 0 1
3 0 1 0 1 6 f 0 1 0 1
3 0 1 0 0 7 f 0 1 0 1
3 0 1 1 0 e f 0 1 1 1
3 0 0 1 0 c f 0 1 1 1
3 0 0 0 0 c f 0 1 1 1
3 0 0 1 0 8 f 0 1 1 1
3 0 1 1 0 0 f 0 1 0 1
3 0 0 0 1 0 f 0 1 0 1
3 0 1 1 1 1 f 0 1 0 1
3 0 0 1 0 2 f 0 1 0 1
3 0 1 0 0 3 f 0 1 0 1
3 0 1 0 1 4 f 0 1 0 1
3 0 0 0 1 4 f 0 1 0 1
3 0 1 0 1 5 f 0 1 0 1
3 0 1 1 1 b f 0 1 1 1
3 0 1 1 1 7 f 0 1 0 1
3 0 1 0 0 8 f 0 1 1 1
3 0 0 0 1 8 f 0 1 1 1
3 0 0 0 0 8 f 0 1 1 1
3 0 0 0 1 8 f 0 1 1 1
3 0 1 1 1 1 f 0 1 0 1
3 0 1 1 1 3 f 0 1 0 1
3 0 1 0 0 4 f 0 1 0 1
3 0 1 0 1 5 f 0 1 0 1
3 0 0 0 1 5 f 0 1 0 1
3 0 1 1 1 b f 0 1 1 1
3 0 1 1 1 7 f 0 1 0 1
3 0 0 0 1 7 f 0 1 0 1
3 0 0 0 1 7 f 0 1 0 1
3 0 0 1 0 e f 0 1 1 1
3 0 1 1 1 d f 0 1 1 1
3 0 1 1 0 a f 0 1 1 1
3 0 0 0 0 a f 0 1 1 1
3 0 1 0 1 b f 0 1 1 1
3 0 0 1 1 7 f 0 1 0 1
3 0 0 1 1 f f 1 1 1 1
3 0 1 0 0 0 f 0 1 0 1
3 0 0 0 0 0 f 0 1 0 1
3 0 0 0 0 0 f 0 1 0 1
3 0 1 0 0 1 f 0 1 0 1
3 0 0 1 1 3 f 0 1 0 1
3 0 1 0 0 4 f 0 1 0 1
3 0 1 1 0 8 f 0 1 1 1
3 0 1 1 1 1 f 0 1 0 1
3 0 1 1 0 2 f 0 1 0 1
3 0 0 0 1 2 f 0 1 0 1
3 0 0 0 0 2 f 0 1 0 1
3 0 0 1 0 4 f 0 1 0 1
3 0 1 1 0 8 f 0 1 1 1
3 0 1 0 1 9 f 0 1 1 1
3 0 0 0 0 9 f 0 1 1 1
3 0 1 1 0 2 f 0 1 0 1
3 0 0 1 0 4 f 0 1 0 1
3 0 1 0 1 5 f 0 1 0 1
3 0 0 0 1 5 f 0 1 0 1
3 0 1 1 1 b f 0 1 1 1
3 0 0 1 1 7 f 0 1 0 1
3 0 0 0 1 7 f 0 1 0 1
3 0 0 1 1 f f 1 1 1 1
3 0 1 0 0 0 f 0 1 0 1
3 0 0 0 1 0 f 0 1 0 1
3 0 0 1 1 1 f 0 1 0 1
3 0 1 0 0 2 f 0 1 0 1
3 1 0 1 0 0 f 0 1 0 1
3 0 0 0 0 0 f 0 1 0 1
3 0 0 1 1 1 f 0 1 0 1
3 0 1 0 0 2 f 0 1 0 1
3 0 1 1 1 5 f 0 1 0 1
3 0 1 1 1 b f 0 1 1 1
3 0 0 1 0 6 f 0 1 0 1
3 0 1 0 0 7 f 0 1 0 1
3 0 0 0 1 7 f 0 1 0 1
3 0 1 0 1 8 f 0 1 1 1
3 0 0 0 1 8 f 0 1 1 1
3 0 1 0 0 9 f 0 1 1 1
3 0 0 0 0 9 f 0 1 1 1
3 0 0 0 0 9 f 0 1 1 1
3 0 1 1 1 3 f 0 1 0 1
3 0 1 1 1 7 f 0 1 0 1
3 0 0 0 0 7 f 0 1 0 1
3 0 0 1 0 e f 0 1 1 1
3 0 1 0 0 f f 1 1 1 1
3 0 1 0 0 0 f 0 1 0 1
3 0 0 0 1 0 f 0 1 0 1
3 0 0 1 0 0 f 0 1 0 1
3 0 0 0 1 0 f 0 1 0 1
3 0 1 0 1 1 f 0 1 0 1
3 0 1 1 0 2 f 0 1 0 1
3 0 0 0 1 2 f 0 1 0 1
3 0 1 1 1 5 f 0 1 0 1
3 0 0 0 0 5 f 0 1 0 1
3 0 0 1 1 b f 0 1 1 1
3 0 1 1 1 7 f 0 1 0 1
3 0 0 1 1 f f 1 1 1 1
3 0 0 0 0 f f 1 1 1 1
3 0 0 1 1 f f 1 1 1 1
3 0 1 0 0 0 f 0 1 0 1
3 0 0 1 0 0 f 0 1 0 1
3 0 0 0 1 0 f 0 1 0 1
3 0 1 1 0 0 f 0 1 0 1
3 0 0 0 0 0 f 0 1 0 1
3 0 0 0 1 0 f 0 1 0 1
3 0 1 1 1 1 f 0 1 0 1
3 0 0 0 1 1 f 0 1 0 1
3 0 1 0 0 2 f 0 1 0 1
3 0 1 1 1 5 f 0 1 0 1
3 0 1 0 0 6 f 0 1 0 1
3 0 1 1 1 d f 0 1 1 1
3 0 0 0 1 d f 0 1 1 1
3 0 0 0 0 d f 0 1 1 1
3 0 1 1 1 b f 0 1 1 1
3 0 0 0 1 b f 0 1 1 1
3 0 1 1 0 6 f 0 1 0 1
3 0 1 1 1 d f 0 1 1 1
3 0 1 0 1 e f 0 1 1 1
3 0 0 1 0 c f 0 1 1 1
3 0 0 0 1 c f 0 1 1 1
3 0 0 0 0 c f 0 1 1 1
3 0 1 1 1 9 f 0 1 1 1
3 0 0 0 0 9 f 0 1 1 1
3 0 0 0 0 9 f 0 1 1 1
3 0 1 0 0 a f 0 1 1 1
3 0 1 0 0 b f 0 1 1 1
3 0 0 0 1 b f 0 1 1 1
3 0 0 0 1 b f 0 1 1 1
3 0 1 1 0 6 f 0 1 0 1
3 0 1 1 0 c f 0 1 1 1
3 0 1 0 1 d f 0 1 1 1
3 0 0 1 0 a f 0 1 1 1
3 0 0 0 1 a f 0 1 1 1
3 0 0 1 1 5 f 0 1 0 1
3 0 1 0 0 6 f 0 1 0 1
3 0 1 0 1 7 f 0 1 0 1
3 0 0 1 0 e f 0 1 1 1
3 0 1 0 1 f f 1 1 1 1
3 0 1 1 1 f f 1 1 1 1
3 0 0 0 1 f f 1 1 1 1
3 0 1 1 0 e f 0 1 1 1
3 0 1 1 1 d f 0 1 1 1
3 0 1 1 0 a f 0 1 1 1
3 0 1 0 1 b f 0 1 1 1
3 0 0 1 0 6 f 0 1 0 1
3 0 1 0 1 7 f 0 1 0 1
3 0 1 1 0 e f 0 1 1 1
3 0 1 1 0 c f 0 1 1 1
3 0 0 1 0 8 f 0 1 1 1
3 0 1 1 1 1 f 0 1 0 1
3 0 1 0 1 2 f 0 1 0 1
3 0 1 0 1 3 f 0 1 0 1
3 0 0 0 1 3 f 0 1 0 1
3 0 1 0 1 4 f 0 1 0 1
3 0 1 0 0 5 f 0 1 0 1
3 0 1 0 1 6 f 0 1 0 1
3 0 0 0 0 6 f 0 1 0 1
3 0 1 0 1 7 f 0 1 0 1
3 0 0 1 0 e f 0 1 1 1
3 0 1 0 0 f f 1 1 1 1
3 0 0 0 1 f f 1 1 1 1
3 0 1 1 0 e f 0 1 1 1
3 0 1 1 1 d f 0 1 1 1
3 0 1 0 0 e f 0 1 1 1
3 0 1 1 0 c f 0 1 1 1
3 0 1 1 1 9 f 0 1 1 1
3 0 0 1 0 2 f 0 1 0 1
3 0 1 0 1 3 f 0 1 0 1
3 0 0 0 1 3 f 0 1 0 1
3 0 0 1 1 7 f 0 1 0 1
3 0 1 0 0 8 f 0 1 1 1
3 0 0 1 1 1 f 0 1 0 1
3 0 1 0 1 2 f 0 1 0 1
3 0 1 0 1 3 f 0 1 0 1
3 0 1 1 1 7 f 0 1 0 1
3 0 0 0 1 7 f 0 1 0 1
3 0 1 1 0 e f 0 1 1 1
3 0 0 1 1 d f 0 1 1 1
3 0 1 1 0 a f 0 1 1 1
3 0 0 0 0 a f 0 1 1 1
3 0 1 1 0 4 f 0 1 0 1
3 0 1 0 0 5 f 0 1 0 1
3 0 0 0 1 5 f 0 1 0 1
3 0 0 0 1 5 f 0 1 0 1
3 0 0 1 1 b f 0 1 1 1
3 0 0 1 0 6 f 0 1 0 1
3 0 1 0 0 7 f 0 1 0 1
3 0 1 0 1 8 f 0 1 1 1
3 0 1 0 1 9 f 0 1 1 1
3 0 1 0 0 a f 0 1 1 1
3 0 0 1 1 5 f 0 1 0 1
3 1 0 1 1 0 f 0 1 0 1
3 0 0 1 1 1 f 0 1 0 1
3 0 1 1 1 3 f 0 1 0 1
3 0 1 1 1 7 f 0 1 0 1
3 0 0 1 0 e f 0 1 1 1
3 0 0 1 0 c f 0 1 1 1
3 0 0 0 0 c f 0 1 1 1
3 0 1 1 0 8 f 0 1 1 1
3 0 0 0 0 8 f 0 1 1 1
3 0 1 0 1 9 f 0 1 1 1
3 0 1 0 0 a f 0 1 1 1
3 0 1 0 1 b f 0 1 1 1
3 0 0 1 1 7 f 0 1 0 1
3 0 1 0 0 8 f 0 1 1 1
3 0 1 1 0 0 f 0 1 0 1
3 0 1 0 1 1 f 0 1 0 1
3 0 0 0 1 1 f 0 1 0 1
3 0 0 0 0 1 f 0 1 0 1
3 0 0 0 1 1 f 0 1 0 1
3 0 0 0 0 1 f 0 1 0 1
3 0 1 0 0 2 f 0 1 0 1
3 0 1 1 0 4 f 0 1 0 1
3 0 1 1 1 9 f 0 1 1 1
3 0 0 0 1 9 f 0 1 1 1
3 0 0 1 0 2 f 0 1 0 1
3 0 1 0 0 3 f 0 1 0 1
3 0 0 0 1 3 f 0 1 0 1
3 0 1 1 1 7 f 0 1 0 1
3 0 0 0 1 7 f 0 1 0 1
3 0 1 1 0 e f 0 1 1 1
3 0 1 1 1 d f 0 1 1 1
3 0 0 0 1 d f 0 1 1 1
3 0 1 1 1 b f 0 1 1 1
3 0 0 0 1 b f 0 1 1 1
3 0 1 1 1 7 f 0 1 0 1
3 0 1 0 0 8 f 0 1 1 1
3 0 1 0 0 9 f 0 1 1 1
3 0 0 0 0 9 f 0 1 1 1
3 0 1 0 1 a f 0 1 1 1
3 0 0 1 1 5 f 0 1 0 1
3 0 0 0 0 5 f 0 1 0 1
3 0 1 1 0 a f 0 1 1 1
3 0 0 0 0 a f 0 1 1 1
3 0 0 0 0 a f 0 1 1 1
3 0 0 1 0 4 f 0 1 0 1
3 0 1 0 1 5 f 0 1 0 1
3 0 1 1 0 a f 0 1 1 1
3 0 1 0 0 b f 0 1 1 1
3 0 1 0 1 c f 0 1 1 1
3 0 1 0 0 d f 0 1 1 1
3 0 0 0 1 d f 0 1 1 1
3 0 1 1 1 b f 0 1 1 1
3 0 0 0 0 b f 0 1 1 1
3 0 1 0 0 c f 0 1 1 1
3 0 1 0 0 d f 0 1 1 1
3 0 1 0 0 e f 0 1 1 1
3 0 0 0 1 e f 0 1 1 1
3 0 0 0 0 e f 0 1 1 1
3 0 1 1 0 c f 0 1 1 1
3 0 0 1 0 8 f 0 1 1 1
3 0 0 0 0 8 f 0 1 1 1
3 0 0 0 0 8 f 0 1 1 1
3 0 1 1 1 1 f 0 1 0 1
3 0 1 0 0 2 f 0 1 0 1
3 0 0 0 0 2 f 0 1 0 1
3 0 0 0 0 2 f 0 1 0 1
3 0 1 0 0 3 f 0 1 0 1
3 0 1 0 1 4 f 0 1 0 1
3 0 1 0 1 5 f 0 1 0 1
3 0 0 1 0 a f 0 1 1 1
3 0 1 1 1 5 f 0 1 0 1
3 0 0 0 0 5 f 0 1 0 1
3 0 0 0 0 5 f 0 1 0 1
3 0 0 1 0 a f 0 1 1 1
3 0 0 1 0 4 f 0 1 0 1
3 0 0 0 0 4 f 0 1 0 1
3 0 0 0 1 4 f 0 1 0 1
3 0 0 0 0 4 f 0 1 0 1
3 0 0 0 1 4 f 0 1 0 1
3 0 1 1 1 9 f 0 1 1 1
3 0 1 0 1 a f 0 1 1 1
3 0 1 0 0 b f 0 1 1 1
3 0 1 0 0 c f 0 1 1 1
3 0 1 0 0 d f 0 1 1 1
3 0 0 1 1 b f 0 1 1 1
3 0 0 1 0 6 f 0 1 0 1
3 0 0 0 1 6 f 0 1 0 1
3 0 1 1 1 d f 0 1 1 1
3 0 1 0 0 e f 0 1 1 1
3 0 1 1 1 d f 0 1 1 1
3 0 1 1 1 b f 0 1 1 1
3 0 0 0 1 b f 0 1 1 1
3 0 1 0 0 c f 0 1 1 1
3 0 0 1 1 9 f 0 1 1 1
3 0 1 0 1 a f 0 1 1 1
3 0 0 1 1 5 f 0 1 0 1
3 0 1 0 1 6 f 0 1 0 1
3 0 0 0 1 6 f 0 1 0 1
3 0 1 1 1 d f 0 1 1 1
3 0 1 0 0 e f 0 1 1 1
3 0 1 0 1 f f 1 1 1 1
3 0 1 1 1 f f 1 1 1 1
3 0 1 1 0 e f 0 1 1 1
3 0 1 1 1 d f 0 1 1 1
3 0 1 1 0 a f 0 1 1 1
3 0 1 1 1 5 f 0 1 0 1
3 0 0 1 1 b f 0 1 1 1
3 0 1 0 0 c f 0 1 1 1
3 0 1 1 0 8 f 0 1 1 1
3 0 0 0 1 8 f 0 1 1 1
3 0 0 1 0 0 f 0 1 0 1
3 0 1 0 1 1 f 0 1 0 1
3 0 0 0 1 1 f 0 1 0 1
3 0 1 1 0 2 f 0 1 0 1
3 0 1 0 1 3 f 0 1 0 1
3 0 1 0 1 4 f 0 1 0 1
3 0 1 0 0 5 f 0 1 0 1
3 0 0 1 1 b f 0 1 1 1
3 0 1 0 1 c f 0 1 1 1
3 0 0 1 1 9 f 0 1 1 1
3 0 1 0 1 a f 0 1 1 1
3 0 0 0 0 a f 0 1 1 1
3 0 0 0 0 a f 0 1 1 1
3 0 0 0 1 a f 0 1 1 1
3 0 1 1 1 5 f 0 1 0 1
3 0 1 0 1 6 f 0 1 0 1
3 0 1 0 0 7 f 0 1 0 1
3 0 1 1 1 f f 1 1 1 1
3 0 0 0 0 f f 1 1 1 1
3 0 0 1 0 e f 0 1 1 1
