0 0000 1 1
0 0001 0 1
0 0002 0 1
0 0003 0 1
0 0004 0 1
0 0005 1 1
0 0006 0 1
0 0007 0 1
0 0008 0 1
0 0009 0 1
0 000a 1 1
0 000b 0 1
0 000c 0 1
0 000d 0 1
0 000e 0 1
0 000f 1 1
0 0010 0 1
0 0011 0 1
0 0012 0 1
0 0013 0 1
0 0014 1 1
0 0015 0 1
0 0016 0 1
0 0017 0 1
0 0018 0 1
0 0019 1 1
0 001a 0 1
0 001b 0 1
0 001c 0 1
0 001d 0 1
0 001e 1 1
0 001f 0 1
0 0020 0 1
0 0021 0 1
0 0022 0 1
0 0023 1 1
0 0024 0 1
0 0025 0 1
0 0026 0 1
0 0027 0 1
0 0028 1 1
0 0029 0 1
0 002a 0 1
0 002b 0 1
0 002c 0 1
0 002d 1 1
0 002e 0 1
0 002f 0 1
0 0030 0 1
0 0031 0 1
0 0032 1 1
0 0033 0 1
0 0034 0 1
0 0035 0 1
0 0036 0 1
0 0037 1 1
0 0038 0 1
0 0039 0 1
0 003a 0 1
0 003b 0 1
0 003c 1 1
0 003d 0 1
0 003e 0 1
0 003f 0 1
0 0040 0 1
0 0041 1 1
0 0042 0 1
0 0043 0 1
0 0044 0 1
0 0045 0 1
0 0046 1 1
0 0047 0 1
0 0048 0 1
0 0049 0 1
0 004a 0 1
0 004b 1 1
0 004c 0 1
0 004d 0 1
0 004e 0 1
0 004f 0 1
0 0050 1 1
0 0051 0 1
0 0052 0 1
0 0053 0 1
0 0054 0 1
0 0055 1 1
0 0056 0 1
0 0057 0 1
0 0058 0 1
0 0059 0 1
0 005a 1 1
0 005b 0 1
0 005c 0 1
0 005d 0 1
0 005e 0 1
0 005f 1 1
0 0060 0 1
0 0061 0 1
0 0062 0 1
0 0063 0 1
0 0064 1 1
0 0065 0 1
0 0066 0 1
0 0067 0 1
0 0068 0 1
0 0069 1 1
0 006a 0 1
0 006b 0 1
0 006c 0 1
0 006d 0 1
0 006e 1 1
0 006f 0 1
0 0070 0 1
0 0071 0 1
0 0072 0 1
0 0073 1 1
0 0074 0 1
0 0075 0 1
0 0076 0 1
0 0077 0 1
0 0078 1 1
0 0079 0 1
0 007a 0 1
0 007b 0 1
0 007c 0 1
0 007d 1 1
0 007e 0 1
0 007f 0 1
0 0080 0 1
0 0081 0 1
0 0082 1 1
0 0083 0 1
0 0084 0 1
0 0085 0 1
0 0086 0 1
0 0087 1 1
0 0088 0 1
0 0089 0 1
0 008a 0 1
0 008b 0 1
0 008c 1 1
0 008d 0 1
0 008e 0 1
0 008f 0 1
0 0090 0 1
0 0091 1 1
0 0092 0 1
0 0093 0 1
0 0094 0 1
0 0095 0 1
0 0096 1 1
0 0097 0 1
0 0098 0 1
0 0099 0 1
0 009a 0 1
0 009b 1 1
0 009c 0 1
0 009d 0 1
0 009e 0 1
0 009f 0 1
0 00a0 1 1
0 00a1 0 1
0 00a2 0 1
0 00a3 0 1
0 00a4 0 1
0 00a5 1 1
0 00a6 0 1
0 00a7 0 1
0 00a8 0 1
0 00a9 0 1
0 00aa 1 1
0 00ab 0 1
0 00ac 0 1
0 00ad 0 1
0 00ae 0 1
0 00af 1 1
0 00b0 0 1
0 00b1 0 1
0 00b2 0 1
0 00b3 0 1
0 00b4 1 1
0 00b5 0 1
0 00b6 0 1
0 00b7 0 1
0 00b8 0 1
0 00b9 1 1
0 00ba 0 1
0 00bb 0 1
0 00bc 0 1
0 00bd 0 1
0 00be 1 1
0 00bf 0 1
0 00c0 0 1
0 00c1 0 1
0 00c2 0 1
0 00c3 1 1
0 00c4 0 1
0 00c5 0 1
0 00c6 0 1
0 00c7 0 1
1 ffff 1 1
1 fffa 1 1
1 fffe 0 1
1 8000 0 1
1 fff0 1 1
2 d636 0 1
2 6a7b 0 1
2 b963 0 1
2 ed14 0 1
2 cc61 0 1
2 7a3f 1 1
2 b7a3 0 1
2 3377 1 1
2 b303 0 1
2 7640 0 1
2 af23 1 1
2 1a9c 0 1
2 531b 1 1
2 42bf 0 1
2 d91c 1 1
2 94ee 0 1
2 b0ba 0 1
2 70b0 0 1
2 7e16 0 1
2 5ea5 0 1
2 1618 0 1
2 6bd1 0 1
2 9cbc 0 1
2 7602 1 1
2 1b7b 1 1
2 46d4 0 1
2 a6ea 1 1
2 df8b 0 1
2 f248 0 1
2 7ff4 0 1
2 9341 0 1
2 9b1e 1 1
2 f986 0 1
2 7d22 0 1
2 adcf 1 1
2 2fcd 0 1
2 3ec2 0 1
2 4373 0 1
2 4724 0 1
2 72e1 0 1
2 93e2 0 1
2 3b4b 0 1
2 aa10 0 1
2 4268 1 1
2 8d37 0 1
2 9f29 1 1
2 9dd7 0 1
2 299f 1 1
2 7548 0 1
2 313d 1 1
2 756a 0 1
2 e5d0 0 1
2 931a 0 1
2 6895 0 1
2 68db 0 1
2 031e 0 1
2 1d01 1 1
2 206f 0 1
2 7bb6 1 1
2 301f 0 1
2 0de3 1 1
2 8ebf 0 1
2 eb1a 0 1
2 a60c 0 1
2 0885 0 1
2 f050 1 1
2 48f7 0 1
2 a769 0 1
2 229c 1 1
2 b9c1 0 1
2 a130 0 1
2 8f10 0 1
2 a479 1 1
2 42b9 0 1
2 47e2 0 1
2 582a 1 1
2 13b9 0 1
2 3292 0 1
2 3a60 0 1
2 736c 0 1
2 cf51 0 1
2 29fc 0 1
2 6c08 0 1
2 02c5 0 1
2 2dc9 0 1
2 0833 0 1
2 d8b3 1 1
2 16d1 0 1
2 1490 0 1
2 eb29 0 1
2 e737 0 1
2 9df9 0 1
2 0165 0 1
2 592e 1 1
2 d66e 0 1
2 febe 0 1
2 1552 0 1
2 371c 0 1
2 2157 1 1
2 7188 0 1
2 e537 0 1
2 9105 1 1
2 8c7b 0 1
2 bfb9 0 1
2 6e10 0 1
2 b0b3 1 1
2 5c19 0 1
2 182e 1 1
2 50dd 0 1
2 823f 0 1
2 0382 0 1
2 9010 1 1
2 d6c6 0 1
2 cd78 1 1
2 332c 1 1
2 001e 1 1
2 dbf3 0 1
2 6b6c 1 1
2 6b07 0 1
2 389a 1 1
2 b73e 1 1
2 e2d2 0 1
2 7753 0 1
2 647b 0 1
2 3dbf 0 1
2 663c 0 1
2 1831 0 1
2 8d53 0 1
2 44b3 0 1
2 8eb3 0 1
2 ed48 0 1
2 0308 0 1
2 09c8 0 1
2 dec0 0 1
2 b1bc 1 1
2 a31f 0 1
2 b666 0 1
2 c785 0 1
2 583b 0 1
2 b2f8 0 1
2 5bcd 0 1
2 887e 0 1
2 384f 1 1
2 7f54 0 1
2 d48e 0 1
2 4bf9 0 1
2 a3f5 0 1
2 601f 0 1
2 1d2a 0 1
2 971f 0 1
2 650f 0 1
2 f8b8 0 1
2 b498 0 1
2 9119 1 1
2 a9eb 0 1
2 5ad7 1 1
2 1c34 1 1
2 caa8 1 1
2 5d6c 0 1
2 5c2e 0 1
2 721c 0 1
2 2eaa 0 1
2 7277 0 1
2 3814 0 1
2 f6df 0 1
2 312d 0 1
2 5848 1 1
2 b0ba 0 1
2 013c 0 1
2 0bdc 0 1
2 185c 0 1
2 f47f 0 1
2 517e 0 1
2 cd79 0 1
2 e04c 1 1
2 5bd7 0 1
2 c405 0 1
2 f46f 1 1
2 520b 0 1
2 573f 1 1
2 7333 0 1
2 658e 0 1
2 0821 0 1
2 c1c0 1 1
2 75bb 0 1
2 fcc0 0 1
2 0eed 0 1
2 9bb7 0 1
2 c42e 0 1
2 0b49 0 1
2 7a71 1 1
2 333a 0 1
2 ef5c 0 1
2 07e8 0 1
2 74c2 1 1
2 561e 0 1
2 2b7d 0 1
2 4343 0 1
2 482c 0 1
2 6b12 1 1
2 de32 0 1
2 6c18 0 1
2 4f6a 1 1
2 fcab 0 1
2 88fa 0 1
2 52e2 0 1
2 6ed9 0 1
2 6412 0 1
2 806e 0 1
2 301f 0 1
2 c6ae 0 1
2 557a 0 1
2 2b10 0 1
2 d420 0 1
2 130d 0 1
2 861a 1 1
2 a0ec 0 1
2 120b 0 1
2 967a 0 1
2 50c1 0 1
2 b6ef 0 1
2 ae34 0 1
2 0daa 0 1
2 97ca 0 1
2 898e 0 1
2 865f 0 1
2 e32e 0 1
2 b5b7 0 1
2 3af4 0 1
2 c1c2 0 1
2 bba2 0 1
2 1ca9 0 1
2 f4c5 0 1
2 9d82 0 1
2 8cba 0 1
2 1cfc 1 1
2 a4d6 0 1
2 67bb 1 1
2 f527 0 1
2 c4fe 1 1
2 c093 0 1
2 f07d 1 1
2 5e5b 1 1
2 f159 1 1
2 e84b 0 1
2 33c3 0 1
2 8f9d 1 1
2 bdf6 1 1
2 5d06 0 1
2 b030 0 1
2 723b 0 1
2 96a1 0 1
2 c898 0 1
2 0168 1 1
2 a04d 0 1
2 6483 0 1
2 5e36 0 1
2 546b 0 1
2 5713 0 1
2 b270 1 1
2 6ff0 0 1
2 ff8e 0 1
2 05ca 0 1
2 37d9 0 1
2 3ce7 0 1
2 0542 0 1
2 901a 1 1
2 15ed 0 1
2 5006 0 1
2 9cd2 0 1
2 320d 0 1
2 df94 0 1
2 639d 0 1
2 e8a3 1 1
2 0152 0 1
2 5f7d 1 1
2 7c8d 1 1
2 931c 1 1
2 f899 0 1
2 4745 1 1
2 7d41 1 1
2 c3b0 0 1
2 a6f6 0 1
2 5e82 0 1
2 bd5b 1 1
2 8870 0 1
2 dbe4 0 1
2 230f 1 1
2 9eb8 0 1
2 a286 0 1
2 c5ae 0 1
2 6901 0 1
2 f33f 0 1
2 2bbb 1 1
2 640f 1 1
2 e3e1 0 1
2 63ac 0 1
2 48d4 0 1
2 a6f3 0 1
2 05c8 1 1
2 6699 1 1
2 c9bb 0 1
2 ec66 0 1
2 3d9b 0 1
2 780a 1 1
2 d9a7 0 1
2 5560 0 1
2 57bf 0 1
2 a66b 0 1
2 039a 0 1
2 4a0a 0 1
2 be55 1 1
2 ca2a 0 1
2 884e 0 1
2 8e84 0 1
2 2959 1 1
2 b0dc 0 1
2 a900 0 1
2 c056 0 1
2 9c82 0 1
2 41af 1 1
2 5efc 0 1
2 45b4 0 1
2 3958 1 1
2 6635 1 1
2 85e8 1 1
2 8506 0 1
2 548b 0 1
2 cf8c 0 1
2 db47 1 1
2 51af 0 1
2 4e29 0 1
2 7693 1 1
2 c328 1 1
2 13a1 1 1
2 6544 0 1
2 c43e 0 1
2 1519 0 1
2 e4dc 0 1
2 2ff2 0 1
2 97bd 1 1
2 422b 0 1
2 7a3e 0 1
2 d0ee 0 1
2 1937 1 1
2 8a26 0 1
2 54a4 0 1
2 998f 0 1
2 d055 0 1
2 040e 0 1
2 40c9 1 1
2 2d90 0 1
2 76c3 0 1
2 343b 0 1
2 438e 0 1
2 7369 1 1
2 4399 1 1
2 39e4 1 1
2 d38e 0 1
2 a20e 0 1
2 e9ac 1 1
2 35fd 0 1
2 a121 0 1
2 bd15 1 1
2 d421 1 1
2 79d0 0 1
2 806b 1 1
2 7eea 1 1
2 969e 0 1
2 7b9a 0 1
2 8a6d 0 1
2 d37c 1 1
2 6d16 0 1
2 e54a 0 1
2 7470 0 1
2 cdb2 0 1
2 25cd 0 1
2 c381 0 1
2 b1a0 0 1
2 7da3 0 1
2 1805 0 1
2 5493 0 1
2 feb2 0 1
2 7c36 0 1
2 50cf 0 1
2 5c2f 0 1
2 5c2a 0 1
2 dd0d 0 1
2 968c 1 1
2 e9fb 0 1
2 0fdc 1 1
2 9259 1 1
2 8b83 1 1
2 853d 0 1
2 b69c 0 1
2 1db2 0 1
2 0082 1 1
2 c113 0 1
2 da6f 0 1
2 13f1 1 1
2 152a 0 1
2 d9f6 0 1
2 efe8 0 1
2 0245 0 1
2 ecee 0 1
2 657a 0 1
2 4493 1 1
2 2784 0 1
2 f1be 0 1
2 8548 1 1
2 1db4 0 1
2 1e16 0 1
2 1b80 1 1
2 8857 0 1
2 ee8a 0 1
2 04e1 0 1
2 f74f 0 1
2 b139 0 1
2 9254 1 1
2 b43b 0 1
2 f62c 1 1
2 776f 1 1
2 f058 0 1
2 b5be 0 1
2 a366 1 1
2 bc9b 0 1
2 3d17 0 1
2 2512 1 1
2 b353 0 1
2 716b 1 1
2 e74c 0 1
2 7699 0 1
2 cb98 1 1
2 504d 0 1
2 dd62 0 1
2 dbe9 0 1
2 f42f 0 1
2 1ed5 0 1
2 e9e4 0 1
2 f9a8 0 1
2 d586 0 1
2 5366 1 1
2 e60f 1 1
2 6a28 0 1
2 b394 0 1
2 d05d 0 1
2 9f90 0 1
2 d04b 0 1
2 5067 0 1
2 fd19 0 1
2 2756 1 1
2 4d65 0 1
2 2f18 0 1
2 b601 0 1
2 d2e3 0 1
2 7d28 1 1
2 fb0c 0 1
2 73b0 0 1
2 5705 0 1
2 9513 0 1
2 3feb 0 1
2 f931 0 1
2 0fc1 0 1
2 7519 0 1
2 6540 1 1
2 0f0a 1 1
2 1e94 0 1
2 ca24 0 1
2 98ef 0 1
2 72e6 0 1
2 0d95 0 1
2 9e6b 1 1
2 6f37 0 1
2 23aa 1 1
2 0ffa 1 1
2 f2f4 0 1
2 133a 0 1
2 090a 0 1
2 c574 0 1
2 1f6c 0 1
2 830e 1 1
2 1065 0 1
2 3894 0 1
2 dc54 0 1
2 de66 0 1
2 cea2 0 1
2 7e34 0 1
2 e39b 0 1
2 e17f 0 1
2 66f0 0 1
2 4412 0 1
2 6d02 0 1
2 1775 1 1
2 6af1 0 1
2 87cd 1 1
2 615f 0 1
2 210f 0 1
2 39d9 0 1
2 10b6 0 1
2 90f9 0 1
2 d93f 1 1
2 3205 1 1
2 73fc 0 1
2 57fa 0 1
2 288a 0 1
2 4188 0 1
2 de51 0 1
2 e180 0 1
2 7e04 1 1
2 feba 1 1
2 2803 0 1
2 0ea9 0 1
2 d791 1 1
2 572b 1 1
2 94b5 0 1
2 35b8 0 1
2 27b0 1 1
2 4c11 0 1
2 7266 0 1
2 6e00 1 1
2 c730 0 1
2 ff0a 1 1
2 c65c 1 1
2 f380 0 1
2 d3be 0 1
2 7ff6 0 1
2 e630 0 1
2 7d3b 0 1
2 dd8a 0 1
2 6ddc 0 1
2 5cfa 0 1
2 49c7 0 1
2 b968 0 1
2 fc1c 1 1
2 53d7 0 1
2 60c3 0 1
2 2524 0 1
2 27c6 0 1
2 71be 0 1
2 961a 0 1
2 a81f 0 1
2 ba91 0 1
2 0067 0 1
2 c655 0 1
2 eff8 0 1
2 02b2 1 1
2 90cb 0 1
2 8ae8 1 1
2 7bdb 0 1
2 6255 0 1
2 1d66 0 1
2 6e6a 0 1
2 6ecf 0 1
2 a4c2 0 1
2 891f 0 1
2 eb5d 0 1
2 03e4 0 1
2 1508 0 1
2 39d5 1 1
2 51b6 0 1
2 a3a8 0 1
2 872d 1 1
2 2355 1 1
2 251f 0 1
2 80ee 0 1
2 c93f 0 1
2 2ae9 1 1
2 7802 0 1
2 9b86 0 1
2 1ff7 0 1
2 70a1 0 1
2 e215 0 1
2 f0e2 0 1
2 eed2 0 1
2 1ba9 0 1
2 e418 0 1
2 b4c3 1 1
2 b6dd 0 1
2 7310 0 1
2 80b7 0 1
2 0fd6 0 1
2 f4d7 0 1
2 84b7 1 1
2 134c 1 1
2 88be 0 1
2 0db5 0 1
2 ddb4 0 1
2 1525 0 1
2 9dd2 0 1
2 4b9e 0 1
2 2013 0 1
2 aed7 0 1
2 7722 0 1
2 875c 0 1
2 a15e 1 1
2 f181 1 1
2 7a97 0 1
2 d57d 0 1
2 4e4f 0 1
2 ca25 0 1
2 c2f7 0 1
2 db28 0 1
2 16ef 0 1
2 bd59 0 1
2 3d1b 0 1
2 221c 0 1
2 39a9 0 1
2 3ec5 0 1
2 98d4 0 1
2 1aa7 0 1
2 7e2c 1 1
2 1963 0 1
2 8788 0 1
2 7c89 0 1
2 4a09 0 1
2 2ea0 0 1
2 d9da 1 1
2 afd3 0 1
2 e7c0 0 1
2 fcd2 0 1
2 a061 0 1
2 9e3e 1 1
2 b3bd 0 1
2 f8f6 0 1
2 3c1a 0 1
2 90cb 0 1
2 e403 0 1
2 099c 1 1
2 c45e 1 1
2 d525 1 1
2 59bd 0 1
2 e31f 0 1
2 5517 0 1
2 b466 0 1
2 5b90 1 1
2 f660 0 1
2 840d 1 1
2 de92 0 1
2 5ed1 0 1
2 c8fe 0 1
2 b91f 0 1
2 2949 0 1
2 b177 0 1
2 b8cb 0 1
2 debd 0 1
2 0fe5 0 1
2 376a 0 1
2 0c92 0 1
2 d11f 1 1
2 ee5e 0 1
2 07fb 0 1
2 1c6c 0 1
2 5912 0 1
2 fecf 0 1
2 6d64 0 1
2 714b 0 1
2 0bbc 0 1
2 47b3 1 1
2 b28b 0 1
2 1885 0 1
2 7524 0 1
2 4f3e 0 1
2 c756 1 1
2 1d3c 0 1
2 8286 0 1
2 656c 0 1
2 21b3 0 1
2 7d7c 0 1
2 2a2e 0 1
2 e779 0 1
2 3c3a 0 1
2 e562 0 1
2 3ec7 0 1
2 3c87 1 1
2 b026 0 1
2 b08c 0 1
2 2a7f 0 1
2 b3a8 0 1
2 84e1 0 1
2 9369 0 1
2 c457 0 1
2 bd84 0 1
2 125e 0 1
2 b069 0 1
2 51b4 0 1
2 974a 1 1
2 939c 0 1
2 03e2 0 1
2 e5f4 0 1
2 de82 0 1
2 070f 0 1
2 852d 0 1
2 6a43 0 1
2 c323 1 1
2 319d 0 1
2 4d34 0 1
2 50d7 1 1
2 1a57 0 1
2 213e 1 1
2 f426 0 1
2 4f3a 0 1
2 391a 0 1
2 5eee 0 1
2 f5ce 0 1
2 9e5b 0 1
2 8d28 0 1
2 df8b 0 1
2 0a46 1 1
2 c7a4 0 1
2 ebe6 1 1
2 aa11 0 1
2 d24f 0 1
2 1b03 1 1
2 7a3f 1 1
2 f394 0 1
2 f0e5 0 1
2 fecd 0 1
2 0081 0 1
2 ccfa 0 1
2 a8db 0 1
2 4516 0 1
2 4cc7 1 1
2 adad 0 1
2 c605 0 1
2 de1f 0 1
2 bff9 1 1
2 3fec 0 1
2 0435 0 1
2 b35b 1 1
2 aa92 0 1
2 f306 0 1
2 3426 1 1
2 8b59 0 1
2 fb0b 0 1
2 2ede 0 1
2 7dc2 0 1
2 bfe2 0 1
2 61d9 0 1
2 154a 1 1
2 834d 0 1
2 5a6e 1 1
2 68ee 0 1
2 fc3b 0 1
2 d934 0 1
2 97ec 0 1
2 fa65 0 1
2 83fa 0 1
2 84e9 1 1
2 5683 0 1
2 5322 0 1
2 501d 0 1
2 c77c 0 1
2 e8fb 0 1
2 2bff 0 1
2 fafc 0 1
2 90b8 0 1
2 60c4 0 1
2 40b2 0 1
2 0788 0 1
2 c0b8 0 1
2 a49b 0 1
2 b452 0 1
2 df6e 0 1
2 6d30 0 1
2 1952 0 1
2 e46d 0 1
2 40c2 0 1
2 3939 0 1
2 85f0 0 1
2 9ab0 1 1
2 69a0 1 1
2 3cdb 0 1
2 be02 0 1
2 3de5 1 1
2 f0a9 0 1
2 5d29 0 1
2 f33c 0 1
2 cb2e 0 1
2 cb88 0 1
2 b2f7 1 1
2 6418 0 1
2 081b 1 1
2 b528 0 1
2 2bd9 1 1
2 31ed 0 1
2 e1e0 0 1
2 ed3f 1 1
2 4c25 0 1
2 b7a4 0 1
2 c4e4 0 1
2 3bab 1 1
2 cad5 1 1
2 64a6 0 1
2 16fe 0 1
2 816a 1 1
2 9b2b 0 1
2 d7f7 0 1
2 db2b 0 1
2 1da3 0 1
2 897d 0 1
2 0562 0 1
2 db12 0 1
2 38c1 0 1
2 3bcb 0 1
2 2492 0 1
2 446b 1 1
2 b853 0 1
2 4791 0 1
2 6ca9 0 1
2 193e 0 1
2 87b5 0 1
2 5d6a 0 1
2 371b 0 1
2 079c 0 1
2 429e 0 1
2 da76 0 1
2 5193 0 1
2 91e9 0 1
2 b5e7 0 1
2 a5f5 1 1
2 face 0 1
2 f882 0 1
2 748f 0 1
2 0773 0 1
2 93b1 0 1
2 3754 0 1
2 17a5 0 1
2 060a 0 1
2 997f 1 1
2 e15c 0 1
2 5734 0 1
2 2f27 0 1
2 19be 1 1
2 33ec 0 1
2 afc8 1 1
2 83b4 0 1
2 eb95 0 1
2 46e7 0 1
2 d69b 0 1
2 f255 0 1
2 4af4 0 1
2 a665 0 1
2 3732 1 1
2 e611 0 1
2 2626 0 1
2 1236 0 1
2 4202 0 1
2 a404 0 1
2 76b5 0 1
2 0eb5 1 1
2 3215 0 1
2 9384 0 1
2 c408 0 1
2 9e15 0 1
2 ac29 0 1
2 722d 0 1
2 4251 0 1
2 acc2 0 1
2 4ce8 0 1
2 2ab1 0 1
2 892b 1 1
2 e4a5 0 1
2 b27c 0 1
2 c67f 1 1
2 1631 0 1
2 d4d9 0 1
2 b522 1 1
2 9b04 0 1
2 55da 0 1
2 af71 0 1
2 8045 0 1
2 f6f9 1 1
2 06bb 0 1
2 e7ff 0 1
2 39ae 0 1
2 c880 0 1
2 64d9 0 1
2 72c6 0 1
2 2831 0 1
2 cf51 0 1
2 fda8 0 1
2 0c03 1 1
2 ae65 1 1
2 c0a8 1 1
2 5524 0 1
2 74fa 0 1
2 0f20 0 1
2 95c1 0 1
2 39ce 0 1
2 5303 0 1
2 7e35 0 1
2 03f8 0 1
2 ab64 0 1
2 8628 0 1
2 9a72 0 1
2 75f7 0 1
2 10d1 1 1
2 173a 0 1
2 018d 0 1
2 fdd3 0 1
2 eee2 0 1
2 0fc2 0 1
2 b762 0 1
2 e534 0 1
2 760b 0 1
2 03ac 1 1
2 efbe 0 1
2 6852 0 1
2 5f8c 1 1
2 b331 0 1
2 223c 0 1
2 e25b 0 1
2 51bc 0 1
2 22b0 1 1
2 0636 1 1
2 f000 1 1
2 b1bd 0 1
2 7544 1 1
2 16eb 0 1
2 d851 0 1
2 bc95 0 1
2 af1c 0 1
2 e066 0 1
2 f9ee 0 1
2 d279 0 1
2 2f23 0 1
2 a30f 0 1
2 3156 1 1
2 68b3 0 1
2 6f23 0 1
2 9c6a 0 1
2 e315 0 1
2 ce02 0 1
2 9ace 1 1
2 3cf5 1 1
2 3e20 0 1
2 7b47 0 1
2 c212 0 1
2 e5b4 0 1
2 2081 0 1
2 0e31 0 1
2 2954 1 1
2 1d2d 0 1
2 6bd7 0 1
2 b591 0 1
2 9a83 1 1
2 1ae5 1 1
2 c9b2 0 1
2 8bce 1 1
2 da53 0 1
2 b1a4 0 1
2 92c8 0 1
2 fd7b 0 1
2 8765 0 1
2 2455 0 1
2 322e 0 1
2 952d 0 1
2 75fc 0 1
2 7fe0 0 1
2 0016 0 1
2 00fe 0 1
2 66ad 1 1
2 f6a5 0 1
2 d05a 0 1
2 aa25 0 1
2 ec81 1 1
2 2d0e 0 1
2 0b3d 0 1
2 112b 1 1
2 61a7 0 1
2 762e 0 1
2 80c3 0 1
2 1be5 0 1
2 f87d 0 1
2 d95c 0 1
2 74cf 0 1
2 69fb 0 1
2 906f 1 1
2 d876 0 1
2 ac60 0 1
2 ee97 0 1
2 535a 0 1
2 f716 0 1
2 1a36 1 1
2 27ce 1 1
2 9c49 0 1
2 7124 0 1
2 5ba5 0 1
2 2fae 0 1
2 a7b7 1 1
2 7f8f 1 1
2 8c10 0 1
2 b5fc 0 1
2 82a2 0 1
2 d871 0 1
2 a7fb 0 1
2 b4ec 0 1
2 0490 0 1
2 be4f 0 1
2 451b 0 1
2 6db7 0 1
2 c60a 0 1
2 074e 1 1
2 7961 0 1
2 8825 0 1
2 d917 1 1
2 ae09 0 1
2 d61d 0 1
2 133c 0 1
2 caa2 0 1
2 ff70 0 1
2 9a44 0 1
2 30c2 0 1
2 e4f1 0 1
2 8e65 0 1
2 f324 0 1
2 6481 0 1
2 fcde 0 1
2 2e68 1 1
2 cb35 0 1
2 88ea 1 1
2 24fb 0 1
2 982b 1 1
2 e778 0 1
2 9df1 0 1
2 0548 0 1
2 b96f 0 1
2 4af9 0 1
2 fab8 0 1
2 4abb 0 1
2 d1c3 0 1
2 b1c0 0 1
2 e0da 0 1
2 9c45 1 1
2 c38f 0 1
2 ddf1 0 1
2 10b1 0 1
2 756d 0 1
2 53ce 0 1
2 cdb0 0 1
2 113b 0 1
2 c319 1 1
2 fc98 0 1
2 8d0d 0 1
2 283d 0 1
2 30f6 0 1
2 66f4 0 1
2 d656 1 1
2 b63a 1 1
2 f9ed 0 1
2 1a0c 0 1
2 1aa2 0 1
2 f4e5 0 1
2 2668 0 1
2 9446 0 1
2 b6b0 0 1
2 01de 0 1
2 6db2 0 1
2 c75b 1 1
2 8b09 0 1
2 8fd8 0 1
2 a154 1 1
2 4520 0 1
2 bd28 0 1
2 315f 0 1
2 fcaf 0 1
2 d8fe 1 1
2 c9e5 1 1
2 5185 0 1
2 e5cd 0 1
2 f9f4 0 1
2 e388 0 1
2 4f87 0 1
2 9df9 0 1
2 be58 0 1
2 49b4 0 1
2 64af 1 1
2 f853 0 1
2 26e8 1 1
2 afe7 0 1
2 5bb9 0 1
2 21b6 1 1
2 b541 0 1
2 b5b5 0 1
2 3394 0 1
2 8d7c 1 1
2 ab70 0 1
2 3fdb 0 1
2 af54 0 1
2 81c5 0 1
2 ae52 0 1
2 f113 1 1
2 04ba 1 1
2 7c8e 0 1
2 29ab 0 1
2 1de6 0 1
2 f396 0 1
2 eb90 0 1
2 fa17 0 1
2 c250 0 1
2 b4f3 0 1
2 da09 0 1
2 6d60 1 1
2 8b2b 0 1
2 8a9e 0 1
2 7ed6 1 1
2 6bb2 1 1
2 cae9 1 1
2 5fcf 0 1
2 b539 0 1
2 84cb 1 1
2 1947 0 1
2 f5ce 0 1
2 d9a1 0 1
2 499e 0 1
2 6f47 0 1
2 e408 0 1
2 d742 0 1
2 4371 1 1
2 0211 0 1
2 fc45 0 1
2 2b58 0 1
2 1386 0 1
2 836a 0 1
2 3b31 0 1
2 e459 0 1
2 b235 0 1
2 aae6 1 1
2 d9cf 0 1
2 2a6c 1 1
2 9021 0 1
2 f94c 1 1
2 7b27 0 1
2 ac8a 1 1
2 2676 0 1
2 d3c9 0 1
2 cf5d 1 1
2 dc3c 1 1
2 6be1 0 1
2 5c7e 0 1
2 e93d 0 1
2 40ff 0 1
2 db13 0 1
2 cd57 0 1
2 8a0e 0 1
2 9f27 0 1
2 0ffb 0 1
2 c918 1 1
2 971d 1 1
2 2a60 0 1
2 f1f5 0 1
2 ba95 1 1
2 eb1f 0 1
2 8698 0 1
2 d3b6 0 1
2 f587 1 1
2 0219 0 1
2 fb53 0 1
2 b864 0 1
2 8465 0 1
2 a8b2 0 1
2 f63d 0 1
2 501e 1 1
2 b52b 0 1
2 0cef 0 1
2 6566 0 1
2 19be 1 1
2 3996 0 1
2 671d 0 1
2 8487 0 1
2 7e68 1 1
2 d363 1 1
2 69b7 0 1
2 ddcf 0 1
2 3ca3 0 1
2 e52a 0 1
2 dda9 1 1
2 fc07 0 1
2 61e6 0 1
2 daee 0 1
2 d041 0 1
2 9fce 1 1
2 cd62 0 1
2 1c55 0 1
2 fbb1 0 1
2 7471 0 1
2 d3ad 0 1
2 0cfe 0 1
2 2377 0 1
2 238d 0 1
2 22eb 0 1
2 aa48 0 1
2 558c 1 1
2 f085 0 1
2 efa9 0 1
2 d13b 0 1
2 3348 0 1
2 5f60 0 1
2 9543 0 1
2 d970 0 1
2 bc32 0 1
2 005f 1 1
2 b8ee 0 1
2 1888 1 1
2 2eb0 0 1
2 5b53 0 1
2 9684 0 1
2 0bc5 0 1
2 173b 0 1
2 4438 0 1
2 7fed 0 1
2 5620 0 1
2 829f 0 1
2 a5be 1 1
2 7008 1 1
2 8dc1 0 1
2 83f9 1 1
2 e218 1 1
2 a87c 0 1
2 8cbe 1 1
2 03b0 0 1
2 707f 0 1
2 872c 0 1
2 2935 0 1
2 81cf 0 1
2 b434 0 1
2 59b2 0 1
2 c8a7 0 1
2 7e1f 0 1
2 fb1f 0 1
2 2545 0 1
2 3e9e 1 1
2 a2fe 0 1
2 949d 1 1
2 4e9f 0 1
2 0759 0 1
2 90a9 0 1
2 b6bf 0 1
2 0733 0 1
2 a7ff 0 1
2 2a39 0 1
2 5c09 0 1
2 0150 0 1
2 2a97 0 1
2 3d28 0 1
2 737d 1 1
2 6833 1 1
2 bb1f 0 1
2 f219 0 1
2 10e1 0 1
2 37fb 0 1
2 783c 1 1
2 2708 0 1
2 e79a 1 1
2 adc9 0 1
2 15de 0 1
2 42cb 0 1
2 43d6 0 1
2 32d5 0 1
2 1819 0 1
2 26aa 0 1
2 8ce0 0 1
2 1404 0 1
2 1118 0 1
2 52c1 1 1
2 d375 0 1
2 1e05 1 1
2 4a52 0 1
2 4ce7 0 1
2 639b 0 1
2 43d6 0 1
2 8047 0 1
2 dac8 0 1
2 baec 0 1
2 995f 0 1
2 cfbf 0 1
2 d06d 0 1
2 afa6 0 1
2 95e7 1 1
2 e1cd 1 1
2 001e 1 1
2 aa47 0 1
2 6d01 1 1
2 196b 0 1
2 b9cf 0 1
2 96c7 0 1
2 4729 0 1
2 1aca 0 1
2 0fd8 0 1
2 c0d2 0 1
2 00c9 0 1
2 7eb7 0 1
2 6847 1 1
2 2d14 1 1
2 b593 0 1
2 81bf 1 1
2 0cbc 1 1
2 d2a5 1 1
2 8d9e 0 1
2 ff19 1 1
2 2825 0 1
2 d446 0 1
2 9f29 1 1
2 fa22 0 1
2 d1a0 0 1
2 8d82 0 1
2 428d 0 1
2 2f39 0 1
2 7e17 0 1
2 e96e 0 1
2 3eaa 0 1
2 b124 0 1
2 f498 0 1
2 e775 0 1
2 69f1 0 1
2 3e05 0 1
2 cffe 0 1
2 f948 0 1
2 ec5f 0 1
2 b90d 0 1
2 b46b 0 1
2 7b41 0 1
2 b0de 0 1
2 bfeb 0 1
2 60fc 0 1
2 bf39 0 1
2 e2d6 1 1
2 8a51 0 1
2 7284 0 1
2 a550 1 1
2 0e17 0 1
2 7621 0 1
2 6288 0 1
2 b7ab 0 1
2 445d 0 1
2 1508 0 1
2 61ea 0 1
2 2123 0 1
2 9145 0 1
2 82d6 0 1
2 77db 0 1
2 ad6f 0 1
2 13be 0 1
2 1aa8 0 1
2 aec1 0 1
2 1228 0 1
2 900d 0 1
2 136f 1 1
2 bdbd 0 1
2 d446 0 1
2 e1eb 1 1
2 9832 0 1
2 5086 0 1
2 b978 1 1
2 60d7 0 1
2 14b1 0 1
2 1726 0 1
2 18a4 0 1
2 848c 0 1
2 d1c1 0 1
2 c079 0 1
2 a305 0 1
2 8473 0 1
2 d707 0 1
2 7a12 1 1
2 3f3a 0 1
2 ded0 1 1
2 2d7e 0 1
2 71a1 0 1
2 663f 1 1
2 03a6 0 1
2 9d00 0 1
2 e3ca 0 1
2 1cd1 0 1
2 8db0 0 1
2 3546 0 1
2 d75d 0 1
2 7f6f 0 1
2 790d 0 1
2 7ca9 0 1
2 76f1 0 1
2 dd7e 0 1
2 2f8a 1 1
2 d907 0 1
2 d095 0 1
2 f34d 1 1
2 907e 1 1
2 086f 0 1
2 ad03 0 1
2 8b55 0 1
2 2cc2 0 1
2 df81 0 1
2 98b0 0 1
2 28e1 1 1
2 6428 1 1
2 a702 0 1
2 cc56 1 1
2 1aa9 1 1
2 2304 0 1
2 7fac 0 1
2 45a7 0 1
2 1f35 0 1
2 c453 0 1
2 41cb 0 1
2 00c5 0 1
2 4f3a 0 1
2 11b1 0 1
2 582a 1 1
2 cf19 0 1
2 78c4 0 1
2 5c66 0 1
2 d663 0 1
2 56b1 0 1
2 ce30 0 1
2 9de2 0 1
2 a5a6 0 1
2 9a51 1 1
2 56e0 1 1
2 3014 0 1
2 3cc2 0 1
2 3a93 1 1
2 5662 0 1
2 1545 1 1
2 3116 0 1
2 5d78 0 1
2 a85a 0 1
2 f523 1 1
2 ff6a 0 1
2 c580 1 1
2 e5af 0 1
2 aa41 1 1
2 a2fd 1 1
2 602a 0 1
2 46f3 0 1
2 ab30 0 1
2 371a 0 1
2 eb1d 0 1
2 17ba 0 1
2 6636 0 1
2 3be2 1 1
2 301f 0 1
2 3b83 1 1
2 c58a 1 1
2 03d2 0 1
2 d3bc 0 1
2 e578 0 1
2 efe5 0 1
2 d900 0 1
2 08f0 0 1
2 8544 0 1
2 c894 0 1
2 455a 0 1
2 0a16 0 1
2 4746 0 1
2 35a4 0 1
2 2901 0 1
2 1c91 0 1
2 3845 1 1
2 24e6 0 1
2 4683 0 1
2 c79c 1 1
2 061e 0 1
2 9167 0 1
2 feec 1 1
2 2c56 1 1
2 00fb 0 1
2 3ca2 0 1
2 52a9 0 1
2 ed27 0 1
2 3f78 0 1
2 dab9 0 1
2 b609 0 1
2 37a4 0 1
2 ce2f 0 1
2 0b7a 0 1
2 bc66 1 1
2 316f 1 1
2 fa05 1 1
2 feae 0 1
2 a3a9 0 1
2 dc21 0 1
2 a93a 0 1
2 38a5 0 1
2 e7b6 0 1
2 7fed 0 1
2 e85c 0 1
2 4ce2 0 1
2 f103 0 1
2 d504 0 1
2 0718 0 1
2 05c5 0 1
2 af46 1 1
2 d081 0 1
2 efe4 0 1
2 a5f2 0 1
2 6c14 0 1
2 32d5 0 1
2 db20 0 1
2 746d 1 1
2 0c64 0 1
2 1225 1 1
2 e892 0 1
2 a7da 1 1
2 be2e 0 1
2 dea5 0 1
2 99bc 0 1
2 fc28 0 1
2 15f0 0 1
2 6efd 0 1
2 9fb7 0 1
2 7fb0 0 1
2 c0c7 0 1
2 d112 0 1
2 592e 1 1
2 2873 1 1
2 786d 0 1
2 486f 0 1
2 13d6 0 1
2 7062 1 1
2 04a7 0 1
2 d60d 0 1
2 d2dd 0 1
2 d630 0 1
2 d95c 0 1
2 4fe9 0 1
2 7547 0 1
2 ac97 0 1
2 e16a 0 1
2 74b5 0 1
2 0dd8 0 1
2 e33a 1 1
2 4879 0 1
2 e5c5 0 1
2 dd5b 0 1
2 d873 0 1
2 368a 0 1
2 bcba 0 1
2 44e7 0 1
2 7fda 1 1
2 4bc9 0 1
2 3906 0 1
2 faa9 0 1
2 cc29 1 1
2 7cff 0 1
2 b517 0 1
2 a7d6 0 1
2 40e7 1 1
2 f862 0 1
2 cbd6 0 1
2 956b 0 1
2 9306 0 1
2 1fb7 0 1
2 0c13 0 1
2 419f 0 1
2 65e4 0 1
2 dfe4 0 1
2 e112 0 1
2 6c74 0 1
2 0689 0 1
2 1186 0 1
2 8875 0 1
2 4569 0 1
2 d8dd 0 1
2 c2c4 1 1
2 2066 0 1
2 6457 0 1
2 2224 1 1
2 3f8c 0 1
2 1e97 0 1
2 d52b 0 1
2 c88d 0 1
2 57e6 0 1
2 4d8a 1 1
2 8ec8 0 1
2 37d6 0 1
2 218e 1 1
2 3a93 1 1
2 f959 0 1
2 c1d6 0 1
2 c05f 0 1
2 0aee 0 1
2 fc10 0 1
2 4824 0 1
2 d776 0 1
2 bc60 0 1
2 3560 0 1
2 0b48 0 1
2 3c00 1 1
2 3db9 0 1
2 a226 1 1
2 89fb 0 1
2 6957 0 1
2 15f8 0 1
2 a301 0 1
2 e0e9 0 1
2 e84c 0 1
2 1345 0 1
2 d9e8 0 1
2 160a 0 1
2 a563 0 1
2 322e 0 1
2 6847 1 1
2 de23 0 1
2 ca1b 0 1
2 6f0f 0 1
2 9438 0 1
2 f0f1 0 1
2 cff3 1 1
2 c705 0 1
2 b3d7 0 1
2 dca7 0 1
2 5690 1 1
2 6d28 0 1
2 4ba8 0 1
2 1685 1 1
2 9d33 0 1
2 3f29 0 1
2 5465 1 1
2 8977 0 1
2 e432 0 1
2 6ca6 0 1
2 1ddf 0 1
2 b932 1 1
2 fc7f 0 1
2 66ee 1 1
2 c75c 0 1
2 5442 1 1
2 f82c 0 1
2 3c72 0 1
2 5984 0 1
2 b1fe 0 1
2 fb43 0 1
2 2bf7 1 1
2 acec 0 1
2 f203 1 1
2 902c 0 1
2 1a87 0 1
2 8362 0 1
2 7df1 0 1
2 c372 0 1
2 c055 0 1
2 3662 0 1
2 a33c 0 1
2 fa5c 0 1
2 5107 0 1
2 d214 1 1
2 12ac 1 1
2 f6c1 0 1
2 a7a9 0 1
2 a73d 0 1
2 1392 1 1
2 3bbd 0 1
2 3049 0 1
2 deaf 0 1
2 c377 0 1
2 e47d 0 1
2 f6b6 0 1
2 7012 1 1
2 587d 0 1
2 b8bd 0 1
2 da26 0 1
2 c15f 0 1
2 b383 1 1
2 5a9e 0 1
2 6a2f 0 1
2 df23 0 1
2 c5a6 0 1
2 92ce 0 1
2 9d66 0 1
2 ef78 0 1
2 6d16 0 1
2 8e10 0 1
2 0d0b 0 1
2 8c2e 0 1
2 e990 0 1
2 99f5 0 1
2 c431 1 1
2 ec83 0 1
2 036a 0 1
2 2981 1 1
2 45e4 0 1
2 16f3 1 1
2 e7df 0 1
2 b1af 0 1
2 7888 0 1
2 6257 1 1
2 4aeb 0 1
2 26dd 0 1
2 5130 0 1
2 fa18 0 1
2 7881 0 1
2 d905 0 1
2 1f8a 0 1
2 d73c 1 1
2 1b30 1 1
2 1c9a 0 1
2 34c2 0 1
2 1a51 0 1
2 cf16 0 1
2 4c73 0 1
2 758d 0 1
2 a25a 0 1
2 9a94 0 1
2 bf29 0 1
2 157a 0 1
2 ead9 0 1
2 7276 0 1
2 a2cc 0 1
2 7f03 1 1
2 bdde 0 1
2 1518 1 1
2 c3d4 0 1
2 d59f 0 1
2 45cf 0 1
2 8580 0 1
2 3424 0 1
2 ccdb 0 1
2 f6d5 0 1
2 341d 0 1
2 8bdd 1 1
2 4d07 0 1
2 f355 0 1
2 15f0 0 1
2 3940 0 1
2 5f4c 0 1
2 402a 0 1
2 0d2c 0 1
2 76f8 0 1
2 1a2b 0 1
2 e260 0 1
2 2d3f 0 1
2 27b5 1 1
2 ffc8 1 1
2 0e68 0 1
2 e782 0 1
2 fe5e 0 1
2 6ce2 0 1
2 73c9 0 1
2 7ae2 0 1
2 1c0a 0 1
2 220a 0 1
2 e344 1 1
2 e5d6 0 1
2 34e5 0 1
2 385a 0 1
2 af56 0 1
2 b15d 1 1
2 575a 0 1
2 236b 0 1
2 7471 0 1
2 8416 0 1
2 b029 0 1
2 2f13 0 1
2 403e 0 1
2 e0ce 1 1
2 e63a 0 1
2 108f 0 1
2 5ba4 1 1
2 9382 0 1
2 b676 1 1
2 8726 0 1
2 7fc1 1 1
2 fd6d 0 1
2 39aa 0 1
2 485a 0 1
2 d674 1 1
2 ef43 0 1
2 bbb6 0 1
2 da52 1 1
2 4e5b 0 1
2 dfd4 1 1
2 36ec 1 1
2 dae6 0 1
2 d183 1 1
2 699b 1 1
2 789d 0 1
2 b1b9 0 1
2 bda8 0 1
2 4cbf 0 1
2 0da5 0 1
2 76d7 0 1
2 2824 0 1
2 5e01 1 1
2 1b9a 0 1
2 67db 0 1
2 8189 0 1
2 d034 1 1
2 f076 0 1
2 c67a 1 1
2 cb7a 1 1
2 da45 0 1
2 7f59 0 1
2 4c58 0 1
2 9238 0 1
2 1e11 0 1
2 5ad1 0 1
2 24f7 0 1
2 16e0 0 1
2 49d8 0 1
2 459a 0 1
2 f529 0 1
2 f314 0 1
2 e6ac 0 1
2 3305 0 1
2 c9c0 0 1
2 795e 1 1
2 0fec 0 1
2 0c58 1 1
2 b4ea 0 1
2 c681 0 1
2 4a17 0 1
2 49e0 0 1
2 6b0c 0 1
2 fd04 0 1
2 1f4c 0 1
2 1938 0 1
2 3288 0 1
2 feac 0 1
2 e884 0 1
2 e960 0 1
2 b62e 0 1
2 73d0 0 1
2 8f6e 0 1
2 676b 1 1
2 3b00 0 1
2 0f41 1 1
2 1443 0 1
2 7615 0 1
2 25eb 0 1
2 cd3d 0 1
2 e655 1 1
2 ce68 1 1
2 63fa 0 1
2 373d 0 1
2 eea3 0 1
2 b9b4 1 1
2 e526 0 1
2 3df3 0 1
2 a40c 0 1
2 68bb 0 1
2 f0e5 0 1
2 dd32 0 1
2 2f9d 0 1
2 c503 1 1
2 d77c 0 1
2 dc65 0 1
2 1640 0 1
2 384b 0 1
2 126b 1 1
2 d9ab 0 1
2 f091 1 1
2 60cc 1 1
2 f82d 0 1
2 91a3 0 1
2 9d70 0 1
2 eb54 0 1
2 89d8 0 1
2 b72e 0 1
2 576c 1 1
2 1351 1 1
2 0577 0 1
2 b0cf 0 1
2 691d 0 1
2 8b17 0 1
2 62a9 0 1
2 9a4a 0 1
2 8703 0 1
2 21a9 0 1
2 b1ec 0 1
2 4490 0 1
2 513b 1 1
2 ef72 0 1
2 4305 0 1
2 d176 0 1
2 b3c3 0 1
2 ad98 1 1
2 3167 0 1
2 7877 0 1
2 fb19 0 1
2 3d45 1 1
2 8aba 0 1
2 f38e 1 1
2 e7c4 0 1
2 f546 1 1
2 b4b6 0 1
2 3ca3 0 1
2 a98a 0 1
2 f6af 0 1
2 c599 1 1
2 3dd5 0 1
2 33e1 0 1
2 0de2 0 1
2 962e 0 1
2 b491 1 1
2 5578 1 1
2 c480 0 1
2 495a 0 1
2 7d0b 0 1
2 50bf 0 1
2 6d75 0 1
2 9a39 0 1
2 9587 0 1
2 2109 0 1
2 eb95 0 1
2 31f2 0 1
2 1513 1 1
2 f0b7 0 1
2 326d 0 1
2 f9d0 0 1
2 97d5 0 1
2 7cbc 0 1
2 bf92 0 1
2 c439 0 1
2 d614 0 1
2 6002 0 1
2 e2c2 1 1
2 c3df 0 1
2 28b5 0 1
2 6947 0 1
2 cd96 1 1
2 4ad3 1 1
2 44b0 0 1
2 69ba 0 1
2 c927 1 1
2 7e15 0 1
2 d226 0 1
2 c9f0 0 1
2 cbbb 1 1
2 feda 0 1
2 7563 0 1
2 af17 0 1
2 9e84 1 1
2 8a85 0 1
2 328f 0 1
2 11ea 0 1
2 fd1f 0 1
2 4596 0 1
2 c75f 0 1
2 4124 0 1
2 64cb 0 1
2 0523 1 1
2 1df1 1 1
2 20ca 0 1
2 f67d 0 1
2 321a 0 1
2 0c57 0 1
2 61a2 0 1
2 15a0 0 1
2 4c6a 0 1
2 15fb 0 1
2 b4df 0 1
2 6a8d 0 1
2 6e1e 1 1
2 cd62 0 1
2 3e92 0 1
2 31d8 1 1
2 73ab 0 1
2 ccae 0 1
2 4b84 0 1
2 b47d 1 1
2 b85b 1 1
2 ebdb 0 1
2 f86d 0 1
2 7582 0 1
2 97ce 0 1
2 19a3 0 1
2 c653 0 1
2 24f2 0 1
2 feed 0 1
2 0070 0 1
2 5c4e 1 1
2 1ed7 1 1
2 301d 0 1
2 bd7d 0 1
2 5513 0 1
2 e58f 0 1
2 3f96 0 1
2 9015 1 1
2 9390 0 1
2 c8a8 0 1
2 c9e0 1 1
2 4298 0 1
2 c4e6 0 1
2 c8c3 1 1
2 2f2d 0 1
2 9f98 0 1
2 d669 0 1
2 0bec 0 1
2 3632 0 1
2 c5e7 0 1
2 dc14 1 1
2 87d3 0 1
2 7106 0 1
2 f903 0 1
2 dd2b 0 1
2 cba9 0 1
2 0736 0 1
2 d280 0 1
2 74c8 0 1
2 1f76 0 1
2 c969 0 1
2 c153 0 1
2 cc4f 0 1
2 4d9d 0 1
2 b9fc 0 1
2 136e 0 1
2 5d80 0 1
2 dd35 0 1
2 71cb 0 1
2 3e5f 0 1
2 baac 0 1
2 0d61 1 1
2 2048 0 1
2 eaa4 0 1
2 9a1d 0 1
2 eaff 0 1
2 5fed 0 1
2 b3db 0 1
2 e2b0 0 1
2 e345 0 1
2 21fa 0 1
2 6aa8 0 1
2 a135 0 1
2 3e5a 0 1
2 caeb 0 1
2 811f 1 1
2 f1a3 0 1
2 bb48 0 1
2 6c3d 0 1
2 931a 0 1
2 4591 0 1
2 3e4a 0 1
2 64a8 0 1
2 d799 0 1
2 c523 0 1
2 0fbe 1 1
2 9c36 1 1
2 86da 0 1
2 c52c 0 1
2 aefa 0 1
2 8077 0 1
2 dce8 0 1
2 6560 0 1
2 e26e 0 1
2 1856 1 1
2 11a2 0 1
2 d53c 0 1
2 bb76 1 1
2 d49b 0 1
2 03e9 0 1
2 c672 0 1
2 dcaf 1 1
2 2869 1 1
2 64e9 0 1
2 4944 0 1
2 f77f 0 1
2 6e2a 0 1
2 3f9f 0 1
2 7914 0 1
2 cfad 1 1
2 7e09 1 1
2 74e4 0 1
2 d488 0 1
2 ee4a 0 1
2 adbf 0 1
2 4103 0 1
2 a877 0 1
2 ca96 0 1
2 e1b4 1 1
2 8a37 0 1
2 ffe1 1 1
2 e841 0 1
2 e2ac 0 1
2 40d8 1 1
2 621c 0 1
2 8497 0 1
2 31c0 0 1
2 9b61 0 1
2 6a91 0 1
2 8991 0 1
2 3822 1 1
2 2e4e 0 1
2 a96a 1 1
2 a6f2 0 1
2 8391 0 1
2 ba57 0 1
2 ac1f 0 1
2 8307 0 1
2 d751 0 1
2 5867 0 1
2 3bbc 0 1
2 344b 0 1
2 eb78 1 1
2 d54b 0 1
2 6d3a 0 1
2 6f38 0 1
2 1eb0 0 1
2 c1cf 1 1
2 ba7c 1 1
2 ac80 1 1
2 a31d 0 1
2 3753 0 1
2 c366 0 1
2 fef7 0 1
2 bfca 0 1
2 a7d9 0 1
2 2853 0 1
2 79f6 0 1
2 5aba 0 1
2 282d 1 1
2 315b 1 1
2 a3b8 0 1
2 4a2f 0 1
2 63a8 0 1
2 b510 0 1
2 99bb 1 1
2 db57 0 1
2 2c0f 0 1
2 1a4f 1 1
2 c049 1 1
2 db4f 0 1
2 6062 0 1
2 3a57 1 1
2 0196 0 1
2 c25d 0 1
2 5cb9 0 1
2 552d 1 1
2 ab64 0 1
2 4277 1 1
2 b3ae 0 1
2 9456 0 1
2 da19 0 1
2 0583 0 1
2 5435 0 1
2 30b2 0 1
2 5b60 0 1
2 570a 0 1
2 66a4 0 1
2 4db5 0 1
2 871d 0 1
2 e7b8 1 1
2 6a7f 0 1
2 0f09 0 1
2 0e3b 0 1
2 4ce7 0 1
2 f12d 0 1
2 8a9b 0 1
2 bf4d 0 1
2 3099 0 1
2 caef 0 1
2 e985 0 1
2 0bd4 0 1
2 ab0e 1 1
2 6a4c 0 1
2 8184 0 1
2 8f51 0 1
2 be00 1 1
2 7006 0 1
2 9b6a 0 1
2 6570 0 1
2 b291 0 1
2 5773 0 1
2 8626 0 1
2 1477 0 1
2 8f0e 0 1
2 86fa 0 1
2 fef9 0 1
2 46de 0 1
2 2963 1 1
2 e1df 0 1
2 110d 1 1
2 dad8 0 1
2 b480 0 1
2 7677 0 1
2 f145 1 1
2 b835 0 1
2 f318 0 1
2 8efa 0 1
2 68cf 0 1
2 e501 1 1
2 88d8 0 1
2 f5c6 0 1
2 5d51 0 1
2 b3e1 0 1
2 4d66 0 1
2 2a7d 0 1
2 3bc8 0 1
2 ebf8 0 1
2 b9d0 0 1
2 f415 1 1
2 84ea 0 1
2 5bf4 1 1
2 3dac 0 1
2 c39b 1 1
2 740a 0 1
2 eb56 0 1
2 e26b 0 1
2 ab36 1 1
2 20dc 0 1
2 01cc 1 1
2 6469 1 1
2 afda 0 1
2 4741 0 1
2 b99f 0 1
2 4689 0 1
2 15ee 0 1
2 f6a9 1 1
2 fbbb 0 1
2 56de 0 1
2 c150 0 1
2 66d2 0 1
2 7d95 0 1
2 6a2d 0 1
2 dc8a 0 1
2 191e 1 1
2 c30a 1 1
2 f9bf 1 1
2 2a6c 1 1
2 0fd6 0 1
2 1dde 0 1
2 7ba4 0 1
2 8d0d 0 1
2 df61 1 1
2 d289 0 1
2 868d 1 1
2 1e82 1 1
2 56c1 0 1
2 a2ee 1 1
2 1b0d 1 1
2 8e16 0 1
2 41e7 0 1
2 b1df 1 1
2 d315 0 1
2 35d6 0 1
2 6f7d 0 1
2 4629 0 1
2 37e7 0 1
2 8084 1 1
2 299c 0 1
2 260a 0 1
2 1b42 0 1
2 2fb2 1 1
2 1afd 0 1
2 1b17 1 1
2 b107 0 1
2 978a 0 1
2 4fc1 0 1
2 0969 0 1
2 28fd 0 1
2 ab29 0 1
2 182c 0 1
2 795c 0 1
2 4c28 0 1
2 5ee5 0 1
2 b9d4 0 1
2 ac69 0 1
2 e8a4 0 1
2 956e 0 1
2 3422 0 1
2 ac09 0 1
2 53d3 0 1
2 7695 0 1
2 3f0b 0 1
2 3d4b 0 1
2 e231 1 1
2 2923 0 1
2 1945 0 1
2 5641 0 1
2 0057 0 1
2 c6fc 1 1
2 f74f 0 1
2 a804 0 1
2 995d 0 1
2 fd6a 0 1
2 74df 0 1
2 2ca7 0 1
2 46b0 0 1
2 de62 1 1
2 99f9 0 1
2 c8a4 0 1
2 1b77 0 1
2 cb4d 1 1
2 98b1 0 1
2 643b 0 1
2 7471 0 1
2 9f66 0 1
2 4671 0 1
2 db06 1 1
2 3b50 0 1
2 6062 0 1
2 92f2 0 1
2 a6b1 0 1
2 5537 1 1
2 3eb6 0 1
2 f77f 0 1
2 c828 1 1
2 d665 1 1
2 e585 0 1
2 cd10 0 1
2 7b38 0 1
2 2c34 0 1
2 4f7e 1 1
2 bafa 0 1
2 66ed 0 1
2 ffad 0 1
2 3cb8 0 1
2 9fe9 0 1
2 86bf 1 1
2 92cb 0 1
2 451b 0 1
2 2a45 0 1
2 9012 0 1
2 b18d 0 1
2 bc66 1 1
2 6fec 0 1
2 9073 0 1
2 a07e 0 1
2 a804 0 1
2 3c3e 0 1
2 fe0f 0 1
2 ab05 0 1
2 f20a 0 1
2 b8a9 0 1
2 1624 0 1
2 d1a1 1 1
2 c49e 0 1
2 83e7 0 1
2 7261 0 1
2 19e7 0 1
2 6d0c 0 1
2 7270 0 1
2 846a 0 1
2 919f 0 1
2 f4a9 0 1
2 8f80 0 1
2 77a3 0 1
2 2f03 1 1
2 67fb 0 1
2 ea24 1 1
2 bafa 0 1
2 2265 1 1
2 7f15 0 1
2 5e5b 1 1
2 e172 0 1
2 14b5 0 1
2 9e63 0 1
2 f678 0 1
2 f803 0 1
2 d970 0 1
2 c1e7 0 1
2 f788 0 1
2 bc7e 0 1
2 1265 0 1
2 7e97 0 1
2 466c 0 1
2 e849 1 1
2 5120 0 1
2 ebd8 0 1
2 d565 0 1
2 4412 0 1
2 d1bf 1 1
2 86df 0 1
2 d573 0 1
2 4d82 0 1
2 4120 0 1
2 05eb 1 1
2 6911 0 1
2 f06d 0 1
2 fdf4 0 1
2 ebbb 0 1
2 dafa 0 1
2 4b8b 0 1
2 1587 0 1
2 192c 0 1
2 210d 0 1
2 7420 0 1
2 db74 1 1
2 8bda 0 1
2 6718 0 1
2 07db 0 1
2 51d0 0 1
2 f40a 0 1
2 685d 0 1
2 fe9c 1 1
2 73da 0 1
2 357a 1 1
2 cdda 0 1
2 b0eb 0 1
2 c208 0 1
2 7e73 0 1
2 ec0e 1 1
2 ee42 0 1
2 ff76 0 1
2 d34a 1 1
2 f188 0 1
2 d5da 0 1
2 5da1 0 1
2 9423 0 1
2 0f30 0 1
2 4442 0 1
2 be50 1 1
2 0eca 0 1
2 10dc 0 1
2 d101 1 1
2 74c4 0 1
2 0ce8 0 1
2 9e08 0 1
2 062f 0 1
2 5128 0 1
2 2729 1 1
2 f95c 0 1
2 1b1c 1 1
2 1bae 0 1
2 2044 1 1
2 2b42 0 1
2 85a7 1 1
2 3f7e 0 1
2 72ac 0 1
2 94bd 0 1
2 d4f2 0 1
2 c406 0 1
2 4502 0 1
2 7886 0 1
2 6d1a 1 1
2 4c97 0 1
2 4dd0 1 1
2 fd05 0 1
2 0b73 0 1
2 d0d3 0 1
2 e0e3 0 1
2 8ce2 0 1
2 f919 0 1
2 ed20 0 1
2 3c46 1 1
2 e5a6 1 1
2 5c51 0 1
2 98c4 0 1
2 3269 1 1
2 ad8c 0 1
2 023d 0 1
2 f578 1 1
2 80fc 1 1
2 b5cc 1 1
2 595b 1 1
2 d5ad 0 1
2 f11a 0 1
2 d732 1 1
2 c49e 0 1
2 4cd4 0 1
2 5aa7 0 1
2 b04e 0 1
2 6b55 0 1
2 fe73 0 1
2 ea15 1 1
2 6a6f 0 1
2 21dc 0 1
2 4d3c 0 1
2 5817 0 1
2 f68b 1 1
2 2fc4 0 1
2 a10d 0 1
2 e741 0 1
2 02c3 0 1
2 3a0e 0 1
2 d6e6 0 1
2 d8e1 0 1
2 9a92 1 1
2 c976 0 1
2 8cdd 0 1
2 ecab 0 1
2 f7f0 0 1
2 07c8 0 1
2 d691 0 1
2 e262 0 1
2 4bfd 0 1
2 e306 0 1
2 c082 0 1
2 9bc9 0 1
2 10c8 0 1
2 b092 0 1
2 e186 0 1
2 3659 0 1
2 b08c 0 1
2 016c 0 1
2 ebed 0 1
2 04e8 0 1
2 dd05 0 1
2 49e7 0 1
2 7b18 0 1
2 957d 0 1
2 6bc5 0 1
2 ea13 0 1
2 4887 0 1
2 5eec 1 1
2 0c97 0 1
2 0821 0 1
2 0dae 0 1
2 51d8 0 1
2 d456 0 1
2 6f6b 0 1
2 700e 0 1
2 2811 0 1
2 8822 1 1
2 b4e0 0 1
2 9002 0 1
2 bbc6 1 1
2 a24e 1 1
2 d6c6 0 1
2 b1ff 0 1
2 13f0 0 1
2 c672 0 1
2 86cd 0 1
2 c3a1 0 1
2 a6f8 0 1
2 44dc 0 1
2 1254 0 1
2 c12b 0 1
2 7f6d 0 1
2 fd39 1 1
2 8694 0 1
2 b2c0 1 1
2 9f3a 0 1
2 9d00 0 1
2 8e09 0 1
2 c1dc 0 1
2 4811 0 1
2 8688 1 1
2 48be 0 1
2 d105 0 1
2 1471 0 1
2 4a62 0 1
2 fc8f 1 1
2 48f0 0 1
2 b2ec 0 1
2 e05f 0 1
2 3372 1 1
2 39a7 0 1
2 dc94 0 1
2 8db2 0 1
2 c670 1 1
2 3a49 0 1
2 24ef 1 1
2 1cea 0 1
2 579d 0 1
2 7f54 0 1
2 1633 0 1
2 ae2f 0 1
2 6bd7 0 1
2 495a 0 1
2 27db 0 1
2 bf5f 0 1
2 6423 1 1
2 fcb4 0 1
2 fd72 0 1
2 2582 0 1
2 910b 0 1
2 b11d 0 1
2 a11a 0 1
2 60c2 1 1
2 b4a3 0 1
2 bde4 0 1
2 5459 0 1
2 79df 0 1
2 e8de 0 1
2 bf9b 0 1
2 fd54 0 1
2 7bb3 0 1
2 4aae 0 1
2 1685 1 1
2 c09d 0 1
2 859a 0 1
2 091a 1 1
2 4e14 0 1
2 37a3 0 1
2 a521 0 1
2 221b 0 1
2 946a 0 1
2 9e92 0 1
2 372e 0 1
2 54be 0 1
2 1540 1 1
2 035f 0 1
2 8462 1 1
2 833c 0 1
2 86f0 0 1
2 3664 0 1
2 09ea 0 1
2 ed3c 0 1
2 0daf 0 1
2 b41f 0 1
2 aa89 0 1
2 e361 0 1
2 bdbd 0 1
2 6c0a 0 1
2 f68c 0 1
2 3b1b 0 1
2 04ea 0 1
2 c264 0 1
2 b5f9 1 1
2 f3b1 1 1
2 02fd 1 1
2 423a 0 1
2 7f2f 0 1
2 a9cf 0 1
2 ce8e 0 1
2 d001 0 1
2 6f85 0 1
2 d0ca 1 1
2 ecbc 0 1
2 a3ee 0 1
2 92a5 0 1
2 1c09 0 1
2 2847 0 1
2 4685 0 1
2 8e32 0 1
2 8fdd 0 1
2 6e55 1 1
2 5e43 0 1
2 ce1b 0 1
2 44b2 0 1
2 0480 0 1
2 5c15 0 1
2 33b5 0 1
2 3182 0 1
2 b4f6 0 1
2 dc47 0 1
2 ea87 0 1
2 d71d 0 1
2 5d67 0 1
2 8b39 0 1
2 d11e 0 1
2 7471 0 1
2 88e1 0 1
2 2f15 0 1
2 1592 0 1
2 414e 0 1
2 2cc6 0 1
2 96e2 0 1
2 c437 0 1
2 db2f 0 1
2 56ce 0 1
2 c277 0 1
2 7f9b 0 1
2 e5b5 1 1
2 5254 0 1
2 401c 0 1
2 d591 0 1
2 a8aa 0 1
2 52c4 0 1
2 0242 0 1
2 a22d 0 1
2 050d 0 1
2 b7b5 0 1
2 8bd2 0 1
2 d009 0 1
2 6a4d 0 1
2 5936 0 1
2 c24b 0 1
2 3c1d 0 1
2 7106 0 1
2 8a19 0 1
2 755b 0 1
2 2be3 1 1
2 6c22 0 1
2 6d54 0 1
2 fc09 0 1
2 bbb4 0 1
2 8394 0 1
2 f7cb 1 1
2 42f1 0 1
2 2bd2 0 1
2 e585 0 1
2 d1d2 0 1
2 79cf 0 1
2 c902 0 1
2 a9d4 0 1
2 1f72 1 1
2 87f8 0 1
2 f434 0 1
2 325c 0 1
2 4012 0 1
2 cb89 1 1
2 f3ad 0 1
2 c9f4 1 1
2 598c 0 1
2 4a1f 1 1
2 a724 0 1
2 6a9f 1 1
2 364a 0 1
2 795d 0 1
2 8c55 1 1
2 6756 0 1
2 f451 1 1
2 20cc 0 1
2 341a 0 1
2 6282 0 1
2 06ea 1 1
2 c22c 0 1
2 4283 0 1
2 4a1d 0 1
2 d60c 0 1
2 acdd 0 1
2 b2c0 1 1
2 6362 0 1
2 e83c 0 1
2 09f4 0 1
2 2e41 0 1
2 0799 1 1
2 bf5a 0 1
2 2341 1 1
2 1f32 0 1
2 a9de 0 1
2 ddaf 0 1
2 15dd 0 1
2 8002 1 1
2 0af6 0 1
2 14bb 0 1
2 272e 1 1
2 8244 0 1
2 cdac 0 1
2 fd01 0 1
2 2c47 1 1
2 5246 0 1
2 e817 1 1
2 6944 0 1
2 10eb 0 1
2 7442 0 1
2 edfc 0 1
2 6449 0 1
2 0c72 0 1
2 4169 1 1
2 6c7c 0 1
2 da30 0 1
2 05a0 1 1
2 9303 1 1
2 a434 0 1
2 1560 0 1
2 a8b1 1 1
2 4e4e 0 1
2 8c9f 0 1
2 640d 0 1
2 ebfa 1 1
2 761c 0 1
2 15ab 0 1
2 485a 0 1
2 3ecf 0 1
2 8017 0 1
2 bd0b 1 1
2 b084 0 1
2 a481 0 1
2 0e30 0 1
2 e46e 0 1
2 a2f9 0 1
2 dc3d 0 1
2 a6fa 0 1
2 d4ab 0 1
2 159a 1 1
2 330b 0 1
2 8f69 0 1
2 d48a 1 1
2 8549 0 1
2 285d 0 1
2 d6c6 0 1
2 1ec2 0 1
2 2322 0 1
2 f3f2 1 1
2 281a 0 1
2 257c 0 1
2 bec4 0 1
2 ba46 0 1
2 5b28 0 1
2 9fb1 0 1
2 a25d 1 1
2 83ca 0 1
2 90c3 0 1
2 b2c0 1 1
2 7a7e 0 1
2 fc71 1 1
2 fa21 0 1
2 909f 0 1
2 f72d 0 1
2 45d8 1 1
2 82ad 0 1
2 2f20 0 1
2 38fb 0 1
2 6566 0 1
2 7d90 0 1
2 f3d8 0 1
2 fa0b 0 1
2 c981 1 1
2 1dbb 0 1
2 9c31 1 1
2 6bc4 0 1
2 e07c 0 1
2 340a 0 1
2 e286 1 1
2 0957 0 1
2 6554 1 1
2 286e 1 1
2 9de8 0 1
2 bcda 0 1
2 9fc7 0 1
2 10d8 0 1
2 48cd 0 1
2 3a10 0 1
2 8afc 1 1
2 ac56 0 1
2 a4cf 0 1
2 452f 0 1
2 bb05 0 1
2 93f4 0 1
2 d29a 0 1
2 73f3 0 1
2 ac56 0 1
2 c6b2 0 1
2 1779 0 1
2 6ac3 0 1
2 da43 1 1
2 cb3a 0 1
2 c1a5 0 1
2 4ac5 0 1
2 99eb 0 1
2 8d00 0 1
2 577f 0 1
2 d0c5 1 1
2 7ba2 1 1
2 b06e 0 1
2 7915 0 1
2 72ab 1 1
2 872d 1 1
2 8498 0 1
2 7592 0 1
2 77d7 0 1
2 262c 0 1
2 599c 1 1
2 81f2 0 1
2 85c6 0 1
2 c8c0 0 1
2 111c 1 1
2 e526 0 1
2 acc8 0 1
2 429f 1 1
2 ea59 0 1
2 de7a 0 1
2 c988 0 1
2 b321 0 1
2 3da1 0 1
2 ac0b 0 1
2 ecbf 0 1
2 6192 0 1
2 7007 0 1
2 d3a3 0 1
2 2bcd 0 1
2 bf3e 0 1
2 7fd6 0 1
2 66c4 0 1
2 5cc4 0 1
2 74ab 0 1
2 a01a 0 1
2 71b3 0 1
2 d5be 0 1
2 f224 0 1
2 e94f 0 1
2 b58c 0 1
2 d44c 0 1
2 0a08 0 1
2 b2ab 0 1
2 1915 0 1
2 a5a0 1 1
2 3889 0 1
2 a902 0 1
2 670b 0 1
2 c490 1 1
2 d8f7 0 1
2 ac6b 0 1
2 2a16 0 1
2 0ed1 0 1
2 30db 0 1
2 8dc2 1 1
2 7acc 0 1
2 9e5f 0 1
2 ba7d 0 1
2 ae86 0 1
2 06a9 1 1
2 4a38 1 1
2 7082 0 1
2 52dd 0 1
2 8f3e 1 1
2 0b0e 1 1
2 c01e 0 1
2 379d 0 1
2 7189 1 1
2 1f88 0 1
2 17c7 0 1
2 af15 0 1
2 ddd8 0 1
2 c89a 0 1
2 5252 0 1
2 f9ad 0 1
2 5576 0 1
2 77f0 0 1
2 4f95 0 1
2 643c 1 1
2 65a4 1 1
2 6d14 0 1
2 577f 0 1
2 7401 0 1
2 b04b 0 1
2 7407 0 1
2 6bcb 1 1
2 f9c6 0 1
2 3ad2 0 1
2 976c 0 1
2 205e 0 1
2 d9d7 0 1
2 8ca8 0 1
2 03fe 0 1
2 cd66 0 1
2 f3af 0 1
2 3272 0 1
2 e7dd 0 1
2 ddd2 0 1
2 18dc 0 1
2 d022 0 1
2 ee8c 0 1
2 68eb 0 1
2 e615 0 1
2 8041 0 1
2 fb4f 1 1
2 525c 0 1
2 02f1 0 1
2 de33 0 1
2 b107 0 1
2 3348 0 1
2 7bb1 1 1
2 6df9 0 1
2 82f0 1 1
2 995b 0 1
2 5199 0 1
2 3c75 0 1
2 ef44 0 1
2 de03 1 1
2 01f1 0 1
2 dce2 0 1
2 b8a2 0 1
2 5549 0 1
2 1362 0 1
2 7068 0 1
2 8e9e 1 1
2 d1a7 0 1
2 04fa 0 1
2 41ca 0 1
2 b6c0 0 1
2 1910 0 1
2 abe7 0 1
2 075a 0 1
2 82f4 0 1
2 f181 1 1
2 cc1e 0 1
2 a6b7 0 1
2 1f3e 0 1
2 4e4c 0 1
2 7232 0 1
2 4107 0 1
2 378d 0 1
2 270b 1 1
2 ff12 0 1
2 281d 0 1
2 f2b3 0 1
2 a87b 0 1
2 a6e6 0 1
2 9a69 0 1
2 654b 0 1
2 f7aa 0 1
2 f91a 1 1
2 661c 1 1
2 83c7 1 1
2 69fe 0 1
2 d4a3 1 1
2 93a5 0 1
2 bc66 1 1
2 ff80 0 1
2 6ec2 0 1
2 cb96 0 1
2 5f9f 0 1
2 6a46 0 1
2 5f68 0 1
2 173e 1 1
2 668d 0 1
2 bb5a 0 1
2 8bf7 0 1
2 1981 0 1
2 a4f9 0 1
2 4ec1 0 1
2 042c 0 1
2 61d3 0 1
2 5430 0 1
2 62a3 0 1
2 6ce5 0 1
2 d7d1 0 1
2 b04f 1 1
2 4a43 0 1
2 77ad 0 1
2 8431 0 1
2 8e1a 0 1
2 ae86 0 1
2 30e2 0 1
2 4119 1 1
2 97fb 0 1
2 3849 0 1
2 9631 0 1
2 6cef 0 1
2 c076 1 1
2 f4be 0 1
2 2071 1 1
2 21f3 0 1
2 d66a 1 1
2 a751 0 1
2 f5e6 1 1
2 d484 0 1
2 73d6 0 1
2 eb1a 0 1
2 5965 1 1
2 0726 1 1
2 7a4c 0 1
2 24a3 0 1
2 9550 0 1
2 a692 0 1
2 5fd6 0 1
2 5b8d 0 1
2 9159 0 1
2 a8fd 0 1
2 1120 0 1
2 4953 0 1
2 2bf8 0 1
2 e0dd 1 1
2 956a 1 1
2 7bf7 1 1
2 99a1 0 1
2 e52e 1 1
2 e7fc 0 1
2 fb59 1 1
2 3785 0 1
2 567d 0 1
2 df65 0 1
2 05a9 0 1
2 0929 1 1
2 9c13 1 1
2 6732 0 1
2 5b0a 0 1
2 500b 0 1
2 0178 0 1
2 7926 0 1
2 2a46 0 1
2 4cf3 0 1
2 2c2b 0 1
2 eee0 0 1
2 1457 0 1
2 26a6 0 1
2 a071 0 1
2 df81 0 1
2 19d3 0 1
2 5b22 1 1
2 15d5 0 1
2 6cad 0 1
2 0148 0 1
2 1978 1 1
2 9037 0 1
2 f3c9 0 1
2 201a 0 1
2 343a 1 1
2 59ed 0 1
2 94ab 0 1
2 9646 1 1
2 86f5 0 1
2 4423 0 1
2 7b10 0 1
2 23e4 0 1
2 37c0 0 1
2 b626 1 1
2 7fb2 1 1
2 2064 0 1
2 e874 0 1
2 02ba 0 1
2 3000 0 1
2 45cd 0 1
2 d409 0 1
2 42e5 1 1
2 d831 1 1
2 deb6 0 1
2 d7b6 0 1
2 3083 0 1
2 0a01 0 1
2 f76c 1 1
2 8201 0 1
2 d7d9 0 1
2 15db 1 1
2 7329 0 1
2 1b95 0 1
2 c03a 1 1
2 6510 0 1
2 4bf9 0 1
2 9993 1 1
2 767e 0 1
2 ff91 1 1
2 7628 0 1
2 76fc 1 1
2 be28 1 1
2 b37a 0 1
2 7f89 0 1
2 8b8e 0 1
2 420c 0 1
2 c64f 0 1
2 69c8 1 1
2 2be0 0 1
2 13f1 1 1
2 9471 0 1
2 ea55 0 1
2 ca1b 0 1
2 58e9 0 1
2 3881 1 1
2 25cc 0 1
2 588a 0 1
2 15ea 1 1
2 a19c 0 1
2 5904 0 1
2 865b 1 1
2 ee17 0 1
2 c721 0 1
2 8e8e 0 1
2 ca06 0 1
2 5ed3 1 1
2 1783 0 1
2 8c93 0 1
2 69c9 0 1
2 d58c 0 1
2 d903 1 1
2 a81b 1 1
2 66bc 1 1
2 0777 0 1
2 f42b 0 1
2 a998 0 1
2 0b74 0 1
2 ba87 0 1
2 7e18 1 1
2 3680 0 1
2 2074 0 1
2 1b7d 0 1
2 55aa 1 1
2 ba4a 1 1
2 42b4 0 1
2 3703 0 1
2 56da 0 1
2 bec5 0 1
2 1256 0 1
2 3d30 0 1
2 a733 0 1
2 5236 0 1
2 2049 1 1
2 c7ee 0 1
2 ae1b 0 1
2 cd9e 0 1
2 234a 0 1
2 0a83 0 1
2 7131 0 1
2 6cd9 1 1
2 d1f1 1 1
2 3e44 1 1
2 4828 0 1
2 7a39 0 1
2 73ae 0 1
2 67a9 0 1
2 b485 0 1
2 3a2f 1 1
2 2fb0 0 1
2 432e 0 1
2 1a46 0 1
2 bdfd 0 1
2 a65c 0 1
2 b9a3 0 1
2 3125 0 1
2 0b0c 0 1
2 b2a2 1 1
2 cbf0 0 1
2 7f55 0 1
2 13da 0 1
2 4a94 0 1
2 68f3 0 1
2 4aad 0 1
2 5461 0 1
2 ce81 1 1
2 a122 1 1
2 c785 0 1
2 3b5e 0 1
2 edf5 0 1
2 cef7 0 1
2 304b 0 1
2 601c 0 1
2 ce88 0 1
2 eaea 0 1
2 450c 0 1
2 4af5 0 1
2 43b5 0 1
2 87e0 0 1
2 9ab2 0 1
2 72b8 0 1
2 1ada 0 1
2 21f1 0 1
2 2782 0 1
2 97fe 1 1
2 2510 0 1
2 71cc 0 1
2 df49 0 1
2 b15d 1 1
2 759f 0 1
2 fd76 0 1
2 a4a4 0 1
2 451c 0 1
2 0b42 0 1
2 c362 0 1
2 9c56 0 1
2 9b33 0 1
2 0201 0 1
2 50b0 0 1
2 22b0 1 1
2 f761 0 1
2 1270 1 1
2 73c9 0 1
2 5d3f 0 1
2 dd59 1 1
2 669e 1 1
2 858a 0 1
2 c4ff 0 1
2 e90c 1 1
2 c849 0 1
2 63f0 0 1
2 804b 0 1
2 4414 0 1
2 63d0 0 1
2 06ba 0 1
2 aabc 0 1
2 7e47 0 1
2 fa6d 0 1
2 771d 0 1
2 9845 0 1
2 e203 0 1
2 047d 0 1
2 6755 0 1
2 d5c5 1 1
2 ff9a 0 1
2 ab4c 0 1
2 61d7 0 1
2 6c64 0 1
2 b7f0 0 1
2 bce7 0 1
2 c12a 1 1
2 820c 0 1
2 64f7 0 1
2 8694 0 1
2 f5b3 0 1
2 bada 0 1
2 9da8 1 1
2 cb1c 0 1
2 84e3 0 1
2 ce93 0 1
2 f3ec 0 1
2 c044 1 1
2 25f1 0 1
2 7892 0 1
2 432e 0 1
2 4651 0 1
2 2ea2 0 1
2 70fe 0 1
2 efae 0 1
2 0ed3 1 1
2 83d4 0 1
2 7394 0 1
2 3ff9 0 1
2 6fe3 0 1
2 82bf 0 1
2 b3e4 0 1
2 a8f7 1 1
2 f224 0 1
2 ca72 0 1
2 31ba 1 1
2 3309 1 1
2 32d8 0 1
2 45e1 0 1
2 eba4 0 1
2 e02a 0 1
2 38f0 0 1
2 475c 0 1
2 3807 0 1
2 5510 0 1
2 ac40 0 1
2 07fe 0 1
2 1404 0 1
2 0f56 0 1
2 1082 0 1
2 5ecf 0 1
2 e6fe 0 1
2 6a93 0 1
2 41d6 0 1
2 502b 0 1
2 6556 0 1
2 a58f 0 1
2 b744 0 1
2 327c 0 1
2 2af9 0 1
2 e278 0 1
2 cc98 0 1
2 8a31 0 1
2 fb92 0 1
2 0555 1 1
2 b34b 0 1
2 34ae 0 1
2 f383 0 1
2 e235 0 1
2 5e20 0 1
2 557a 0 1
2 382e 0 1
2 ba5f 0 1
2 be4f 0 1
2 55d6 0 1
2 970f 0 1
2 f24e 1 1
2 30ac 1 1
2 7190 0 1
2 f425 0 1
2 2f68 0 1
2 87e4 0 1
2 08b6 1 1
2 183b 0 1
2 21b8 0 1
2 bb5c 0 1
2 6fba 0 1
2 8d74 0 1
2 21d9 1 1
2 fe64 0 1
2 45c4 1 1
2 b8f9 0 1
2 582b 0 1
2 74ff 0 1
2 fe0f 0 1
2 c2ad 0 1
2 e371 1 1
2 b28f 0 1
2 e712 0 1
2 0e31 0 1
2 06be 0 1
2 aae5 0 1
2 2008 1 1
2 6707 1 1
2 55c6 0 1
2 3354 1 1
2 5316 1 1
2 8266 0 1
2 7f00 0 1
2 ae5c 0 1
2 d224 0 1
2 2fa5 0 1
2 f5c6 0 1
2 fbde 0 1
2 08bf 0 1
2 a946 0 1
2 0979 1 1
2 c6af 0 1
2 3918 0 1
2 667a 0 1
2 9098 0 1
2 d236 0 1
2 cee5 1 1
2 a58b 0 1
2 646e 1 1
2 b9ed 0 1
2 361b 0 1
2 5407 0 1
2 1e96 1 1
2 62da 0 1
2 0d2e 0 1
2 70c1 1 1
2 b994 0 1
2 a92f 0 1
2 6422 0 1
2 5f06 0 1
2 c76e 0 1
2 5aaa 1 1
2 e77e 0 1
2 c1e5 0 1
2 3d7d 0 1
2 ac04 0 1
2 a8cc 0 1
2 fb21 0 1
2 6356 1 1
2 67a2 1 1
2 2097 0 1
2 ba7c 1 1
2 97b6 0 1
2 cbdd 0 1
2 dba4 0 1
2 c208 0 1
2 9d90 0 1
2 a171 0 1
2 a844 0 1
2 d71f 0 1
2 43b7 1 1
2 6597 0 1
2 bc18 0 1
2 db65 1 1
2 02b3 0 1
2 8f2e 0 1
2 e709 1 1
2 7f0e 0 1
2 a7d3 0 1
2 c578 0 1
2 9933 0 1
2 949e 0 1
2 4525 0 1
2 a257 0 1
2 ee82 0 1
2 42f2 0 1
2 7f07 0 1
2 7445 1 1
2 1e11 0 1
2 beef 0 1
2 014a 1 1
2 532d 0 1
2 70d6 0 1
2 a875 1 1
2 da75 1 1
2 f9dd 1 1
2 0cc9 0 1
2 9ea0 0 1
2 cee4 0 1
2 fa14 1 1
2 1b59 0 1
2 59c6 0 1
2 eefc 1 1
2 c477 1 1
2 4820 0 1
2 1ff2 0 1
2 2d3c 1 1
2 73b1 0 1
2 16f8 1 1
2 91b8 0 1
2 7416 0 1
2 a12d 0 1
2 eef9 0 1
2 adb0 0 1
2 b74a 0 1
2 f23e 0 1
2 4eb0 0 1
2 5ef5 0 1
2 3fd9 1 1
2 5d7d 0 1
2 db8f 0 1
2 386f 0 1
2 ac53 1 1
2 f03a 0 1
2 aca7 0 1
2 fe7f 0 1
2 39ad 1 1
2 4246 0 1
2 c226 0 1
2 4613 0 1
2 e3b2 1 1
2 0955 0 1
2 9014 0 1
2 7199 0 1
2 18ab 1 1
2 a288 0 1
2 d0da 0 1
2 8d13 1 1
2 f2fb 0 1
2 1551 0 1
2 d8b1 0 1
2 cf4a 0 1
2 988b 0 1
2 3ee5 0 1
2 4613 0 1
2 00e6 1 1
2 94de 1 1
2 b43b 0 1
2 835a 0 1
2 1785 0 1
2 fc8f 1 1
2 31ef 0 1
2 b738 0 1
2 172b 0 1
2 f90c 0 1
2 8d40 1 1
2 906d 0 1
2 3c4f 0 1
2 891d 0 1
2 c916 0 1
2 afa7 0 1
2 b99c 0 1
2 274d 0 1
2 ddee 0 1
2 9e5f 0 1
2 ba50 0 1
2 b96f 0 1
2 4df7 0 1
2 0e80 0 1
2 eaad 0 1
2 3b93 0 1
2 049e 0 1
2 5b3a 0 1
2 2b45 0 1
2 0623 0 1
2 e9b0 0 1
2 4f5d 0 1
2 7931 1 1
2 6030 0 1
2 dced 0 1
2 d32a 0 1
2 6b9d 0 1
2 2523 0 1
2 6926 0 1
2 bfe8 0 1
2 4d6c 1 1
2 f5af 1 1
2 474c 0 1
2 26fa 0 1
2 04bc 0 1
2 4b61 0 1
2 756d 0 1
2 8ebe 0 1
2 9c09 1 1
2 7ded 0 1
2 5c62 1 1
2 199d 0 1
2 c147 0 1
2 10e3 0 1
2 d2d5 0 1
2 2800 1 1
2 ba53 0 1
2 d10a 0 1
2 797e 0 1
2 ba8b 1 1
2 0a07 0 1
2 9998 1 1
2 3367 0 1
2 f191 0 1
2 2679 0 1
2 7aca 0 1
2 8d93 0 1
2 c1ad 0 1
2 ad80 0 1
2 e14d 0 1
2 0460 1 1
2 271d 0 1
2 3a71 0 1
2 0650 0 1
2 5371 0 1
2 6542 0 1
2 377b 0 1
2 86dc 0 1
2 088c 0 1
2 05d3 0 1
2 08f4 0 1
2 477a 0 1
2 c85b 0 1
2 11ee 1 1
2 37cb 0 1
2 e551 1 1
2 1ee0 0 1
2 5bf5 0 1
2 493f 0 1
2 837d 0 1
2 18c5 0 1
2 92ae 1 1
2 8680 0 1
2 7999 0 1
2 cb60 0 1
2 0755 0 1
2 440d 0 1
2 c127 0 1
2 1ea7 0 1
2 6cbd 0 1
2 9793 0 1
2 ebcc 0 1
2 cf24 0 1
2 656a 0 1
2 a3e1 0 1
2 ce6d 1 1
2 0a66 0 1
2 0456 1 1
2 8ea1 0 1
2 7a0e 0 1
2 e882 0 1
2 c7e0 0 1
2 1bda 1 1
2 3206 0 1
2 cc9c 1 1
2 32e9 0 1
2 545f 0 1
2 204b 0 1
2 68bd 0 1
2 529d 0 1
2 e171 0 1
2 0d04 0 1
2 0c7e 0 1
2 fd75 1 1
2 7961 0 1
2 42c9 0 1
2 c23f 0 1
2 5f65 0 1
2 c869 1 1
2 b660 0 1
2 0294 1 1
2 d4f4 0 1
2 8737 1 1
2 9f27 0 1
2 77b7 0 1
2 10b4 0 1
2 66a5 0 1
2 4bc4 0 1
2 5ba3 0 1
2 fe32 0 1
2 166b 0 1
2 a2cd 0 1
2 a373 0 1
2 702d 0 1
2 4354 0 1
2 c2ac 0 1
2 a5a5 1 1
2 6465 0 1
2 1b69 0 1
2 9cc2 1 1
2 2425 0 1
2 7f65 0 1
2 2739 0 1
2 62c4 0 1
2 f10c 0 1
2 f830 0 1
2 9f0b 1 1
2 929b 0 1
2 76bc 0 1
2 7476 0 1
2 8f6a 0 1
2 fd52 1 1
2 e3fa 0 1
2 bd50 0 1
2 635c 0 1
2 e2ec 0 1
2 7c47 1 1
2 05ef 0 1
2 6f98 0 1
2 5838 0 1
2 0d4b 0 1
2 54f5 0 1
2 1558 0 1
2 4b40 0 1
2 9126 0 1
2 c31d 0 1
2 c9b2 0 1
2 3bff 0 1
2 7df3 0 1
2 5f56 0 1
2 82fc 0 1
2 60f8 0 1
2 de8e 0 1
2 cafd 1 1
2 f9e1 0 1
2 456d 0 1
2 5bcb 0 1
2 e3b9 0 1
2 af59 0 1
2 0296 0 1
2 0e9f 0 1
2 42bf 0 1
2 6e14 1 1
2 5003 0 1
2 e7a7 0 1
2 649e 0 1
2 8d3c 0 1
2 04c9 1 1
2 4f5f 0 1
2 1592 0 1
2 c2ef 0 1
2 bf54 1 1
2 ce1d 1 1
2 e59c 1 1
2 afb2 0 1
2 d6ac 0 1
2 fe5c 0 1
2 9dcf 0 1
2 87ad 0 1
2 9718 1 1
2 1342 1 1
2 5a51 0 1
2 a47d 0 1
2 7618 0 1
2 96e6 1 1
2 1eca 0 1
2 920a 0 1
2 3879 0 1
2 a06a 0 1
2 de81 0 1
2 c5ac 0 1
2 88d4 0 1
2 1f75 0 1
2 c28a 0 1
2 d9ff 0 1
2 eeb2 0 1
2 2200 0 1
2 b66b 0 1
2 3b04 0 1
2 b09d 0 1
2 4341 0 1
2 7ba5 0 1
2 88c1 0 1
2 b3fe 0 1
2 f72d 0 1
2 33cb 0 1
2 d51a 0 1
2 e785 0 1
2 274d 0 1
2 9d62 1 1
2 49f6 0 1
2 aaba 0 1
2 7a99 1 1
2 578d 0 1
2 4b43 0 1
2 5ffe 0 1
2 63c8 0 1
2 c301 0 1
2 7d42 0 1
2 c291 0 1
2 fd14 0 1
2 168e 0 1
2 db62 0 1
2 859e 0 1
2 1b84 0 1
2 6164 0 1
2 35b3 0 1
2 0fcf 0 1
2 28cd 1 1
2 ccd2 0 1
2 035f 0 1
2 e3ef 0 1
2 1392 1 1
2 88db 1 1
2 0788 0 1
2 8f95 0 1
2 b1a3 1 1
2 240a 0 1
2 6ca3 0 1
2 3580 0 1
2 e541 0 1
2 4ea1 0 1
2 e13d 0 1
2 d3fb 0 1
2 b8d4 0 1
2 11e6 0 1
2 b0da 0 1
2 0ebb 0 1
2 e552 0 1
2 3b83 1 1
2 948a 0 1
2 61f5 0 1
2 b1e2 0 1
2 8d76 0 1
2 bba8 1 1
2 4898 0 1
2 c75e 0 1
2 deaa 0 1
2 4d5d 1 1
2 2d94 0 1
2 fcf7 0 1
2 ea25 0 1
2 cba0 0 1
2 437b 1 1
2 453f 0 1
2 8784 0 1
2 3866 0 1
2 a623 0 1
2 12c9 0 1
2 5095 0 1
2 bcef 0 1
2 01ec 0 1
2 649d 0 1
2 64b4 1 1
2 6f78 0 1
2 35cd 0 1
2 7d41 1 1
2 6b94 1 1
2 0b59 1 1
2 9064 0 1
2 3497 0 1
2 9a2d 0 1
2 00e0 0 1
2 2a85 1 1
2 e1ce 0 1
2 43c8 0 1
2 f161 0 1
2 d386 1 1
2 fb23 0 1
2 d6c1 0 1
2 fc07 0 1
2 99c3 0 1
2 990b 0 1
2 2c96 0 1
2 9482 0 1
2 6330 0 1
2 e9ed 1 1
2 585c 1 1
2 dbbe 0 1
2 feff 0 1
2 e15c 0 1
2 20a9 0 1
2 42d3 0 1
2 86a9 0 1
2 3de2 0 1
2 7dd8 0 1
2 5627 1 1
2 f7e8 0 1
2 a3de 1 1
2 5ea1 1 1
2 25d0 1 1
2 b8ea 0 1
2 b2b7 0 1
2 a419 0 1
2 c99c 0 1
2 a695 1 1
2 e50c 0 1
2 0eb4 0 1
2 0297 0 1
2 301a 0 1
2 6e74 0 1
2 2982 0 1
2 f413 0 1
2 6e71 0 1
2 166d 0 1
2 8845 1 1
2 69d3 0 1
2 ee8a 0 1
2 499c 0 1
2 86dc 0 1
2 ba7e 0 1
2 c6c0 1 1
2 3b37 0 1
2 3204 0 1
2 d997 0 1
2 e68e 0 1
2 6439 0 1
2 3635 0 1
2 1867 0 1
2 870b 0 1
2 6d70 0 1
2 2635 0 1
2 e988 0 1
2 8b42 1 1
2 1017 0 1
2 4210 0 1
2 1078 0 1
2 f2fb 0 1
2 5f59 0 1
2 44bf 0 1
2 5f48 0 1
2 f382 0 1
2 61ea 0 1
2 17b8 0 1
2 56b2 0 1
2 b508 0 1
2 8b49 0 1
2 51f5 0 1
2 f465 1 1
2 2795 0 1
2 51eb 0 1
2 0fd1 0 1
2 a703 1 1
2 f864 0 1
2 ab61 0 1
2 5ba6 0 1
2 2185 0 1
2 c2d2 0 1
2 7773 0 1
2 4e63 0 1
2 2bfc 1 1
2 d5d8 0 1
2 dba7 0 1
2 d93a 1 1
2 0063 0 1
2 af6a 0 1
2 b27e 0 1
2 d94d 0 1
2 eb0d 0 1
2 b413 0 1
2 a43e 0 1
2 e70d 0 1
2 8d6e 0 1
2 948e 1 1
2 8e9f 0 1
2 d2c6 0 1
2 a1e4 0 1
2 2803 0 1
2 af53 0 1
2 ddc2 1 1
2 d007 1 1
2 a790 0 1
2 f7a5 0 1
2 20c1 1 1
2 b1af 0 1
2 dd81 1 1
2 05e6 1 1
2 5ae0 0 1
2 a0fb 0 1
2 a26c 1 1
2 310a 0 1
2 a3bb 1 1
2 ecf5 0 1
2 933a 1 1
2 1471 0 1
2 3ee9 1 1
2 10b0 0 1
2 c826 0 1
2 8f28 0 1
2 33e5 1 1
2 4811 0 1
2 ed34 0 1
2 a5dc 1 1
2 0ae4 0 1
2 f691 0 1
2 1a1b 0 1
2 e1ca 0 1
2 b510 0 1
2 61ef 0 1
2 08f1 0 1
2 c790 0 1
2 865f 0 1
2 c42a 0 1
2 a7ad 1 1
2 6219 0 1
2 c2e2 1 1
2 ae07 0 1
2 250d 1 1
2 196e 1 1
2 e042 1 1
2 f79c 0 1
2 954c 1 1
2 21c5 1 1
2 5ea9 0 1
2 04d4 0 1
2 36c3 0 1
2 dba3 0 1
2 4a28 0 1
2 3157 0 1
2 b8f0 0 1
2 1a2a 0 1
2 5a9a 0 1
2 1a3e 0 1
2 c425 0 1
2 d370 0 1
2 51ed 0 1
2 2d33 0 1
2 0665 0 1
2 0e41 0 1
2 d22c 0 1
2 c579 0 1
2 3f3a 0 1
2 1900 1 1
2 9c2a 0 1
2 f344 0 1
2 debe 0 1
2 bfcc 1 1
2 75ad 1 1
2 0a6b 0 1
2 6c06 0 1
2 45b6 0 1
2 69d8 0 1
2 6103 1 1
2 785b 0 1
2 5261 0 1
2 0ed9 0 1
2 bd58 0 1
2 b002 0 1
2 f555 1 1
2 521f 0 1
2 642d 1 1
2 a6d6 1 1
2 341e 0 1
2 be55 1 1
2 7113 0 1
2 7524 0 1
2 525e 0 1
2 d2f4 0 1
2 bd10 1 1
2 48c6 1 1
2 fdb8 0 1
2 6191 0 1
2 944e 0 1
2 4488 0 1
2 d9d9 0 1
2 38c5 0 1
2 f06b 0 1
2 558d 0 1
2 6d92 1 1
2 4bae 0 1
