0 0070 1 1 0000 ffff
0 00a6 0 1 00a0 ffff
0 0000 0 1 0000 ffff
0 ffff 1 1 0000 ffff
0 8001 0 1 8001 ffff
0 c003 0 1 0000 ffff
0 e000 1 1 0000 ffff
0 0007 1 1 0000 ffff
0 6db6 0 1 0000 ffff
1 1089 0 1 1089 ffff
1 8d4a 0 1 814a ffff
1 a2b8 1 1 a280 ffff
1 0a74 1 1 0a04 ffff
1 4006 0 1 4000 ffff
1 72d1 1 1 0211 ffff
1 b768 1 1 8008 ffff
1 220c 0 1 2200 ffff
1 b128 0 1 8128 ffff
1 0410 0 1 0410 ffff
1 4b26 0 1 4820 ffff
1 09a2 0 1 0822 ffff
1 8ea0 1 1 80a0 ffff
1 8080 0 1 8080 ffff
1 d0d6 0 1 1010 ffff
1 0445 0 1 0445 ffff
1 1b52 0 1 0052 ffff
1 d8b1 0 1 0081 ffff
1 6000 0 1 0000 ffff
1 fc16 1 1 0010 ffff
1 57f8 1 1 5000 ffff
1 84d4 0 1 8414 ffff
1 8910 0 1 8910 ffff
1 2274 1 1 2204 ffff
1 8403 0 1 8400 ffff
1 1ef6 1 1 0000 ffff
1 6005 0 1 0005 ffff
1 0234 0 1 0204 ffff
1 921a 0 1 9202 ffff
1 fbf4 1 1 0004 ffff
1 40d5 0 1 4015 ffff
1 0352 0 1 0052 ffff
1 4e67 1 1 4000 ffff
1 594f 1 1 4140 ffff
1 3f21 1 1 0021 ffff
1 3bbb 1 1 0000 ffff
1 0246 0 1 0240 ffff
1 0000 0 1 0000 ffff
1 0401 0 1 0401 ffff
1 e000 1 1 0000 ffff
1 04e8 1 1 0408 ffff
1 2f51 1 1 2051 ffff
1 dac6 0 1 0200 ffff
1 9021 0 1 9021 ffff
1 d4d1 0 1 1411 ffff
1 2150 0 1 2150 ffff
1 0091 0 1 0091 ffff
1 0130 0 1 0100 ffff
1 98a1 0 1 80a1 ffff
1 d5b9 1 1 1401 ffff
1 0284 0 1 0284 ffff
1 1a40 0 1 0240 ffff
1 39e4 1 1 0004 ffff
1 1404 0 1 1404 ffff
1 1926 0 1 0120 ffff
1 1bfb 1 1 0000 ffff
1 6948 0 1 0948 ffff
1 15a1 0 1 1421 ffff
1 661c 1 1 0000 ffff
1 0040 0 1 0040 ffff
1 b18d 0 1 8001 ffff
1 1308 0 1 1008 ffff
1 8800 0 1 8800 ffff
1 02d0 0 1 0210 ffff
1 7cc0 1 1 0000 ffff
1 7000 1 1 0000 ffff
1 6101 0 1 0101 ffff
1 0903 0 1 0900 ffff
1 520c 0 1 5200 ffff
1 266a 0 1 200a ffff
1 e279 1 1 0201 ffff
1 fc1c 1 1 0000 ffff
1 cef7 1 1 0000 ffff
1 8403 0 1 8400 ffff
1 dc23 1 1 0020 ffff
1 a150 0 1 a150 ffff
1 1051 0 1 1051 ffff
1 ac3c 1 1 a000 ffff
1 6090 0 1 0090 ffff
1 4b2d 0 1 4821 ffff
1 a1a1 0 1 a021 ffff
1 b85f 1 1 8040 ffff
1 eddc 1 1 0000 ffff
1 e80b 1 1 0808 ffff
1 bc17 1 1 8010 ffff
1 5012 0 1 5012 ffff
1 e3f2 1 1 0002 ffff
1 80a0 0 1 80a0 ffff
1 50e5 1 1 5005 ffff
1 a916 0 1 a910 ffff
1 8220 0 1 8220 ffff
1 d024 0 1 1024 ffff
1 3a26 1 1 0220 ffff
1 e7a1 1 1 0021 ffff
1 2108 0 1 2108 ffff
1 5900 0 1 4100 ffff
1 d676 1 1 1000 ffff
1 8a10 0 1 8a10 ffff
1 5662 0 1 5002 ffff
1 34b7 1 1 0480 ffff
1 22b0 0 1 2280 ffff
1 b6f1 1 1 8001 ffff
1 1202 0 1 1202 ffff
1 2c55 0 1 2055 ffff
1 09f3 1 1 0800 ffff
1 2000 0 1 2000 ffff
1 2051 0 1 2051 ffff
1 742e 1 1 0420 ffff
1 0000 0 1 0000 ffff
1 c18c 0 1 0000 ffff
1 4190 0 1 4010 ffff
1 0a09 0 1 0a09 ffff
1 330b 0 1 0008 ffff
1 3201 0 1 0201 ffff
1 cf04 1 1 0004 ffff
1 0008 0 1 0008 ffff
1 800b 0 1 8008 ffff
1 0018 0 1 0000 ffff
1 1410 0 1 1410 ffff
1 4eb2 1 1 4082 ffff
1 0400 0 1 0400 ffff
1 1024 0 1 1024 ffff
1 3013 0 1 0010 ffff
1 3711 1 1 0011 ffff
1 52b5 0 1 5285 ffff
1 d501 0 1 1501 ffff
1 6890 0 1 0890 ffff
1 ed70 1 1 0100 ffff
1 c144 0 1 0144 ffff
1 f31b 1 1 0000 ffff
1 32bc 1 1 0280 ffff
1 aee4 1 1 a004 ffff
1 a6b5 0 1 a085 ffff
1 ae4a 1 1 a04a ffff
1 4028 0 1 4028 ffff
1 8313 0 1 8010 ffff
1 5210 0 1 5210 ffff
1 2041 0 1 2041 ffff
1 8b34 0 1 8804 ffff
1 7957 1 1 0150 ffff
1 0724 1 1 0024 ffff
1 39d3 1 1 0010 ffff
1 f497 1 1 0490 ffff
1 4127 1 1 4120 ffff
1 2000 0 1 2000 ffff
1 4f0a 1 1 400a ffff
1 2a2a 0 1 2a2a ffff
1 1f55 1 1 0055 ffff
1 3282 0 1 0282 ffff
1 4200 0 1 4200 ffff
1 1db6 1 1 0000 ffff
1 0001 0 1 0001 ffff
1 b0ee 1 1 8000 ffff
1 00c6 0 1 0000 ffff
1 d752 1 1 1052 ffff
1 92b1 0 1 9281 ffff
1 3408 0 1 0408 ffff
1 6024 0 1 0024 ffff
1 a0e7 1 1 a000 ffff
1 0c14 0 1 0014 ffff
1 a5d0 1 1 a410 ffff
1 d632 0 1 1002 ffff
1 4783 1 1 4000 ffff
1 064b 0 1 0048 ffff
1 1098 0 1 1080 ffff
1 1702 1 1 1002 ffff
1 42b2 0 1 4282 ffff
1 a610 0 1 a010 ffff
1 e867 1 1 0800 ffff
1 14a5 0 1 14a5 ffff
1 7123 1 1 0120 ffff
1 1cc4 1 1 0004 ffff
1 1042 0 1 1042 ffff
1 0000 0 1 0000 ffff
1 4450 0 1 4450 ffff
1 2800 0 1 2800 ffff
1 97b1 1 1 9001 ffff
1 0158 0 1 0140 ffff
1 8190 0 1 8010 ffff
1 4e8f 1 1 4080 ffff
1 2892 0 1 2892 ffff
1 c5c6 1 1 0400 ffff
1 9306 0 1 9000 ffff
1 0810 0 1 0810 ffff
1 0244 0 1 0244 ffff
1 3201 0 1 0201 ffff
1 0456 0 1 0450 ffff
1 5d5f 1 1 4140 ffff
1 69cb 1 1 0808 ffff
1 1408 0 1 1408 ffff
1 0fea 1 1 000a ffff
1 9b6b 0 1 8008 ffff
1 0210 0 1 0210 ffff
1 8838 1 1 8800 ffff
1 453b 1 1 4500 ffff
1 a499 0 1 a481 ffff
1 10ec 1 1 1000 ffff
1 6181 0 1 0001 ffff
1 02a4 0 1 02a4 ffff
1 b87b 1 1 8000 ffff
1 74b0 1 1 0480 ffff
1 dcd5 1 1 0015 ffff
1 8f00 1 1 8000 ffff
1 ce2b 1 1 0028 ffff
1 0824 0 1 0824 ffff
1 d60e 1 1 1000 ffff
1 8e97 1 1 8090 ffff
1 9425 0 1 9425 ffff
1 0404 0 1 0404 ffff
1 0112 0 1 0112 ffff
1 0b19 0 1 0801 ffff
1 0200 0 1 0200 ffff
1 cb3c 1 1 0800 ffff
1 31e7 1 1 0000 ffff
1 fa8c 1 1 0280 ffff
1 9000 0 1 9000 ffff
1 536b 0 1 5008 ffff
1 6660 0 1 0000 ffff
1 42c0 0 1 4200 ffff
1 0542 0 1 0542 ffff
1 e7e5 1 1 0005 ffff
1 3ac2 1 1 0202 ffff
1 4800 0 1 4800 ffff
1 01a2 0 1 0022 ffff
1 a701 1 1 a001 ffff
1 8006 0 1 8000 ffff
1 0104 0 1 0104 ffff
1 8ebc 1 1 8080 ffff
1 25e7 1 1 2400 ffff
1 0418 0 1 0400 ffff
1 d800 0 1 0000 ffff
1 0520 0 1 0520 ffff
1 bcbd 1 1 8081 ffff
1 2a36 0 1 2a00 ffff
1 2600 0 1 2000 ffff
1 55b7 1 1 5400 ffff
1 3bf8 1 1 0000 ffff
1 5028 0 1 5028 ffff
1 c900 0 1 0900 ffff
1 0080 0 1 0080 ffff
1 2463 0 1 2400 ffff
1 d625 0 1 1025 ffff
1 7121 1 1 0121 ffff
1 c05c 1 1 0040 ffff
1 44d1 0 1 4411 ffff
1 a906 0 1 a900 ffff
1 d26c 0 1 1200 ffff
1 2924 0 1 2924 ffff
1 c08e 1 1 0080 ffff
1 2110 0 1 2110 ffff
1 1881 0 1 0081 ffff
1 108a 0 1 108a ffff
1 d8c5 0 1 0005 ffff
1 2f2d 1 1 2021 ffff
1 8276 1 1 8200 ffff
1 e709 1 1 0009 ffff
1 f9e0 1 1 0000 ffff
1 4000 0 1 4000 ffff
1 d466 0 1 1400 ffff
1 9181 0 1 9001 ffff
1 48c8 0 1 4808 ffff
1 67c1 1 1 0001 ffff
1 8820 0 1 8820 ffff
1 fda6 1 1 0020 ffff
1 0203 0 1 0200 ffff
1 b01e 1 1 8000 ffff
1 0010 0 1 0010 ffff
1 4054 0 1 4054 ffff
1 0901 0 1 0901 ffff
1 8003 0 1 8000 ffff
1 3061 0 1 0001 ffff
1 2670 1 1 2000 ffff
1 bd9f 1 1 8000 ffff
1 1800 0 1 0000 ffff
1 c11a 0 1 0102 ffff
1 1089 0 1 1089 ffff
1 3427 1 1 0420 ffff
1 6025 0 1 0025 ffff
1 2004 0 1 2004 ffff
1 6a86 0 1 0a80 ffff
1 100b 0 1 1008 ffff
1 e803 1 1 0800 ffff
1 82a0 0 1 82a0 ffff
1 2ef2 1 1 2002 ffff
1 442e 1 1 4420 ffff
1 aabd 1 1 aa81 ffff
1 086b 0 1 0808 ffff
1 2d90 0 1 2010 ffff
1 81a4 0 1 8024 ffff
1 ea1e 1 1 0a00 ffff
1 d15c 1 1 1140 ffff
1 940a 0 1 940a ffff
1 9128 0 1 9128 ffff
1 6820 0 1 0820 ffff
1 e280 1 1 0280 ffff
1 a804 0 1 a804 ffff
1 c576 1 1 0500 ffff
1 fc5d 1 1 0041 ffff
1 18bd 1 1 0081 ffff
1 4085 0 1 4085 ffff
1 8200 0 1 8200 ffff
1 2e05 1 1 2005 ffff
1 05a0 0 1 0420 ffff
1 00d4 0 1 0014 ffff
1 4226 0 1 4220 ffff
1 07f1 1 1 0001 ffff
1 1391 1 1 1011 ffff
1 023d 1 1 0201 ffff
1 11bd 1 1 1001 ffff
1 0100 0 1 0100 ffff
1 7902 1 1 0102 ffff
1 39d9 1 1 0001 ffff
1 11a5 0 1 1025 ffff
1 d00c 0 1 1000 ffff
1 4050 0 1 4050 ffff
1 0802 0 1 0802 ffff
1 328d 0 1 0281 ffff
1 8416 0 1 8410 ffff
1 11af 1 1 1020 ffff
1 f92a 1 1 012a ffff
1 ceb5 1 1 0085 ffff
1 0602 0 1 0002 ffff
1 5000 0 1 5000 ffff
1 a088 0 1 a088 ffff
1 7865 1 1 0005 ffff
1 0400 0 1 0400 ffff
1 4000 0 1 4000 ffff
1 4008 0 1 4008 ffff
1 1011 0 1 1011 ffff
1 22aa 0 1 22aa ffff
1 d046 0 1 1040 ffff
1 2b0c 0 1 2800 ffff
1 a2f7 1 1 a200 ffff
1 83db 1 1 8000 ffff
1 faf1 1 1 0201 ffff
1 e97c 1 1 0900 ffff
1 279a 1 1 2002 ffff
1 7a2f 1 1 0220 ffff
1 8a8d 0 1 8a81 ffff
1 fd96 1 1 0010 ffff
1 0771 1 1 0001 ffff
1 4e8d 1 1 4081 ffff
1 1204 0 1 1204 ffff
1 b052 0 1 8052 ffff
1 0200 0 1 0200 ffff
1 cc08 0 1 0008 ffff
1 0c04 0 1 0004 ffff
1 1204 0 1 1204 ffff
1 ef65 1 1 0005 ffff
1 d018 0 1 1000 ffff
1 3786 1 1 0000 ffff
1 c885 0 1 0885 ffff
1 5f81 1 1 4001 ffff
1 8121 0 1 8121 ffff
1 b7a4 1 1 8024 ffff
1 02cd 0 1 0201 ffff
1 1ef9 1 1 0001 ffff
1 b080 0 1 8080 ffff
1 7e9d 1 1 0081 ffff
1 2684 0 1 2084 ffff
1 f12f 1 1 0120 ffff
1 258a 0 1 240a ffff
1 3120 0 1 0120 ffff
1 f8c0 1 1 0000 ffff
1 6728 1 1 0028 ffff
1 0000 0 1 0000 ffff
1 02fb 1 1 0200 ffff
1 2dee 1 1 2000 ffff
1 bbf5 1 1 8005 ffff
1 9050 0 1 9050 ffff
1 3070 1 1 0000 ffff
1 0304 0 1 0004 ffff
1 2493 0 1 2490 ffff
1 e652 1 1 0052 ffff
1 d022 0 1 1022 ffff
1 b724 1 1 8024 ffff
1 2014 0 1 2014 ffff
1 84a8 0 1 84a8 ffff
1 a800 0 1 a800 ffff
1 478d 1 1 4001 ffff
1 59eb 1 1 4008 ffff
1 3010 0 1 0010 ffff
1 3492 0 1 0492 ffff
1 5e97 1 1 4090 ffff
1 0829 0 1 0829 ffff
1 2915 0 1 2915 ffff
1 5882 0 1 4082 ffff
1 8980 0 1 8800 ffff
1 1a30 0 1 0200 ffff
1 9d31 1 1 8101 ffff
1 e0fd 1 1 0001 ffff
1 92b1 0 1 9281 ffff
1 89c8 1 1 8808 ffff
1 8006 0 1 8000 ffff
1 d08e 1 1 1080 ffff
1 b757 1 1 8050 ffff
1 8000 0 1 8000 ffff
1 0c9a 0 1 0082 ffff
1 c08e 1 1 0080 ffff
1 44e0 1 1 4400 ffff
1 07c7 1 1 0000 ffff
1 293a 1 1 2902 ffff
1 0800 0 1 0800 ffff
1 5cc1 1 1 4001 ffff
1 400a 0 1 400a ffff
1 4502 0 1 4502 ffff
1 0061 0 1 0001 ffff
1 566f 1 1 5000 ffff
1 0100 0 1 0100 ffff
1 8000 0 1 8000 ffff
1 10c0 0 1 1000 ffff
1 3cbb 1 1 0080 ffff
1 3030 0 1 0000 ffff
1 b651 0 1 8051 ffff
1 6048 0 1 0048 ffff
1 bb90 1 1 8010 ffff
1 4ec0 1 1 4000 ffff
1 4034 0 1 4004 ffff
1 a75b 1 1 a040 ffff
1 1629 0 1 1029 ffff
1 148e 1 1 1480 ffff
1 7210 1 1 0210 ffff
1 f8b4 1 1 0084 ffff
1 0548 0 1 0548 ffff
1 41c1 1 1 4001 ffff
1 b960 1 1 8100 ffff
1 41b8 1 1 4000 ffff
1 5c40 1 1 4040 ffff
1 fc11 1 1 0011 ffff
1 4000 0 1 4000 ffff
1 55c1 1 1 5401 ffff
1 77b1 1 1 0001 ffff
1 0022 0 1 0022 ffff
1 8004 0 1 8004 ffff
1 e49e 1 1 0480 ffff
1 062d 0 1 0021 ffff
1 b935 1 1 8105 ffff
1 05d0 1 1 0410 ffff
1 1155 0 1 1155 ffff
1 b1ed 1 1 8001 ffff
1 5033 0 1 5000 ffff
1 dbd2 1 1 0012 ffff
1 9873 1 1 8000 ffff
1 0c40 0 1 0040 ffff
1 71fc 1 1 0000 ffff
1 3128 0 1 0128 ffff
1 0bfa 1 1 0802 ffff
1 6202 0 1 0202 ffff
1 859e 1 1 8400 ffff
1 ba21 1 1 8221 ffff
1 48fe 1 1 4800 ffff
1 45e5 1 1 4405 ffff
1 0148 0 1 0148 ffff
1 8813 0 1 8810 ffff
1 fa0b 1 1 0208 ffff
1 2805 0 1 2805 ffff
1 042c 0 1 0420 ffff
1 0a95 0 1 0a95 ffff
1 2516 0 1 2510 ffff
1 4155 0 1 4155 ffff
1 4f48 1 1 4048 ffff
1 0108 0 1 0108 ffff
1 3794 1 1 0014 ffff
1 78f1 1 1 0001 ffff
1 d8c7 1 1 0000 ffff
1 2508 0 1 2508 ffff
1 8498 0 1 8480 ffff
1 26bf 1 1 2080 ffff
1 0004 0 1 0004 ffff
1 7193 1 1 0010 ffff
1 610d 0 1 0101 ffff
1 1845 0 1 0045 ffff
1 2339 1 1 2001 ffff
1 0060 0 1 0000 ffff
1 24d8 0 1 2400 ffff
1 05c0 1 1 0400 ffff
1 592f 1 1 4120 ffff
1 2d4e 1 1 2140 ffff
1 4238 1 1 4200 ffff
1 6124 0 1 0124 ffff
1 87ef 1 1 8000 ffff
1 44b8 1 1 4480 ffff
1 e3cf 1 1 0000 ffff
1 809d 1 1 8081 ffff
1 9e7d 1 1 8001 ffff
1 0430 0 1 0400 ffff
1 00c4 0 1 0004 ffff
1 0084 0 1 0084 ffff
1 9dfd 1 1 8001 ffff
1 3586 0 1 0400 ffff
1 1b46 0 1 0040 ffff
1 a141 0 1 a141 ffff
1 3004 0 1 0004 ffff
1 1454 0 1 1454 ffff
1 7800 1 1 0000 ffff
1 c5d2 1 1 0412 ffff
1 2dd4 1 1 2014 ffff
1 0000 0 1 0000 ffff
1 c079 1 1 0001 ffff
1 8cbc 1 1 8080 ffff
1 6bb7 1 1 0800 ffff
1 f6a4 1 1 00a4 ffff
1 a04c 0 1 a040 ffff
1 0557 1 1 0550 ffff
1 a013 0 1 a010 ffff
1 e011 1 1 0011 ffff
1 cdf1 1 1 0001 ffff
1 8fd3 1 1 8010 ffff
1 9814 0 1 8014 ffff
1 85fd 1 1 8401 ffff
1 c84e 1 1 0840 ffff
1 8340 0 1 8040 ffff
1 9006 0 1 9000 ffff
1 b044 0 1 8044 ffff
1 2088 0 1 2088 ffff
1 5120 0 1 5120 ffff
1 b34f 1 1 8040 ffff
1 8c48 0 1 8048 ffff
1 624c 0 1 0240 ffff
1 6e82 1 1 0082 ffff
1 b72a 1 1 802a ffff
1 0425 0 1 0425 ffff
1 4249 0 1 4249 ffff
1 a27b 1 1 a200 ffff
1 1100 0 1 1100 ffff
1 0902 0 1 0902 ffff
1 dd52 1 1 0152 ffff
1 402c 0 1 4020 ffff
1 a36b 0 1 a008 ffff
1 a1e0 1 1 a000 ffff
1 884d 0 1 8841 ffff
1 0253 0 1 0250 ffff
1 eb69 1 1 0809 ffff
1 6d90 0 1 0010 ffff
1 5afe 1 1 4200 ffff
1 3800 1 1 0000 ffff
1 2079 1 1 2001 ffff
1 b6eb 1 1 8008 ffff
1 9410 0 1 9410 ffff
1 0840 0 1 0840 ffff
1 7f30 1 1 0000 ffff
1 cb4f 1 1 0840 ffff
1 0962 0 1 0902 ffff
1 7ac5 1 1 0205 ffff
1 4ead 1 1 40a1 ffff
1 1000 0 1 1000 ffff
1 213f 1 1 2100 ffff
1 1661 0 1 1001 ffff
1 28b1 0 1 2881 ffff
1 d30d 0 1 1001 ffff
1 4401 0 1 4401 ffff
1 8020 0 1 8020 ffff
1 c383 1 1 0000 ffff
1 3535 0 1 0505 ffff
1 0294 0 1 0294 ffff
1 00a5 0 1 00a5 ffff
1 4103 0 1 4100 ffff
1 9950 0 1 8150 ffff
1 c410 0 1 0410 ffff
1 0010 0 1 0010 ffff
1 ed27 1 1 0120 ffff
1 3010 0 1 0010 ffff
1 044a 0 1 044a ffff
1 b005 0 1 8005 ffff
1 8b00 0 1 8800 ffff
1 bc8e 1 1 8080 ffff
1 5570 1 1 5500 ffff
1 13bb 1 1 1000 ffff
1 bce1 1 1 8001 ffff
1 7932 1 1 0102 ffff
1 2575 1 1 2505 ffff
1 ebd2 1 1 0812 ffff
1 88d8 0 1 8800 ffff
1 7181 1 1 0001 ffff
1 9ce8 1 1 8008 ffff
1 9c18 1 1 8000 ffff
1 643d 1 1 0401 ffff
1 8d88 0 1 8008 ffff
1 d132 0 1 1102 ffff
1 b80c 1 1 8000 ffff
1 e46d 1 1 0401 ffff
1 4d2f 1 1 4120 ffff
1 4b71 1 1 4801 ffff
1 35a4 0 1 0424 ffff
1 b042 0 1 8042 ffff
1 1f02 1 1 0002 ffff
1 cd27 1 1 0120 ffff
1 d58b 0 1 1408 ffff
1 5182 0 1 5002 ffff
1 8884 0 1 8884 ffff
1 eaaa 1 1 0aaa ffff
1 8b1c 1 1 8800 ffff
1 0050 0 1 0050 ffff
1 6d44 0 1 0144 ffff
1 0340 0 1 0040 ffff
1 6000 0 1 0000 ffff
1 1c1b 1 1 0000 ffff
1 084c 0 1 0840 ffff
1 a066 0 1 a000 ffff
1 db31 0 1 0001 ffff
1 7270 1 1 0200 ffff
1 0e02 1 1 0002 ffff
1 a11d 1 1 a101 ffff
1 01b7 1 1 0000 ffff
1 050b 0 1 0508 ffff
1 2fde 1 1 2000 ffff
1 0391 1 1 0011 ffff
1 69e4 1 1 0804 ffff
1 3f05 1 1 0005 ffff
1 0001 0 1 0001 ffff
1 2b61 0 1 2801 ffff
1 1963 0 1 0100 ffff
1 4052 0 1 4052 ffff
1 10a9 0 1 10a9 ffff
1 06a0 0 1 00a0 ffff
1 0004 0 1 0004 ffff
1 ff44 1 1 0044 ffff
1 e099 1 1 0081 ffff
1 a306 0 1 a000 ffff
1 8610 0 1 8010 ffff
1 7697 1 1 0090 ffff
1 0052 0 1 0052 ffff
1 63d1 1 1 0011 ffff
1 b158 0 1 8140 ffff
1 7e03 1 1 0000 ffff
1 4130 0 1 4100 ffff
1 0020 0 1 0020 ffff
1 0d2e 1 1 0120 ffff
1 9040 0 1 9040 ffff
1 46ec 1 1 4000 ffff
1 4ac7 1 1 4a00 ffff
1 5520 0 1 5520 ffff
1 0195 0 1 0015 ffff
1 0002 0 1 0002 ffff
1 c302 0 1 0002 ffff
1 0000 0 1 0000 ffff
1 de95 1 1 0095 ffff
1 008a 0 1 008a ffff
1 3000 0 1 0000 ffff
1 0fa5 1 1 0025 ffff
1 a000 0 1 a000 ffff
1 fe33 1 1 0000 ffff
1 2104 0 1 2104 ffff
1 d054 0 1 1054 ffff
1 ff22 1 1 0022 ffff
1 f9ac 1 1 0020 ffff
1 be59 1 1 8041 ffff
1 0b80 1 1 0800 ffff
1 384a 1 1 004a ffff
1 4120 0 1 4120 ffff
1 8550 0 1 8550 ffff
1 efae 1 1 0020 ffff
1 0110 0 1 0110 ffff
1 a180 0 1 a000 ffff
1 f6d2 1 1 0012 ffff
1 8214 0 1 8214 ffff
1 5381 1 1 5001 ffff
1 0820 0 1 0820 ffff
1 d284 0 1 1284 ffff
1 7111 1 1 0111 ffff
1 1013 0 1 1010 ffff
1 1402 0 1 1402 ffff
1 1006 0 1 1000 ffff
1 3db7 1 1 0000 ffff
1 0e25 1 1 0025 ffff
1 021f 1 1 0200 ffff
1 0040 0 1 0040 ffff
1 086b 0 1 0808 ffff
1 b002 0 1 8002 ffff
1 6c02 0 1 0002 ffff
1 b488 0 1 8488 ffff
1 486f 1 1 4800 ffff
1 ef34 1 1 0004 ffff
1 10cc 0 1 1000 ffff
1 8600 0 1 8000 ffff
1 5001 0 1 5001 ffff
1 8181 0 1 8001 ffff
1 288c 0 1 2880 ffff
1 8304 0 1 8004 ffff
1 0022 0 1 0022 ffff
1 541b 0 1 5400 ffff
1 2fe5 1 1 2005 ffff
1 a025 0 1 a025 ffff
1 fee8 1 1 0008 ffff
1 8084 0 1 8084 ffff
1 6571 1 1 0501 ffff
1 2801 0 1 2801 ffff
1 4205 0 1 4205 ffff
1 2f77 1 1 2000 ffff
1 e6d9 1 1 0001 ffff
1 8085 0 1 8085 ffff
1 6225 0 1 0225 ffff
1 4180 0 1 4000 ffff
1 0985 0 1 0805 ffff
1 b0c0 0 1 8000 ffff
1 f919 1 1 0101 ffff
1 cb4d 0 1 0841 ffff
1 02e9 1 1 0209 ffff
1 01c9 1 1 0009 ffff
1 10a1 0 1 10a1 ffff
1 7330 1 1 0000 ffff
1 0880 0 1 0880 ffff
1 5401 0 1 5401 ffff
1 2062 0 1 2002 ffff
1 0300 0 1 0000 ffff
1 6408 0 1 0408 ffff
1 02ee 1 1 0200 ffff
1 33e4 1 1 0004 ffff
1 20a6 0 1 20a0 ffff
1 4000 0 1 4000 ffff
1 d8dc 1 1 0000 ffff
1 67ef 1 1 0000 ffff
1 397e 1 1 0100 ffff
1 cc89 0 1 0089 ffff
1 8c41 0 1 8041 ffff
1 21a0 0 1 2020 ffff
1 1800 0 1 0000 ffff
1 24a9 0 1 24a9 ffff
1 d758 1 1 1040 ffff
1 7364 1 1 0004 ffff
1 ce23 1 1 0020 ffff
1 dc13 1 1 0010 ffff
1 97be 1 1 9000 ffff
1 dcf7 1 1 0000 ffff
1 2448 0 1 2448 ffff
1 3b05 1 1 0005 ffff
1 3304 0 1 0004 ffff
1 0cc0 0 1 0000 ffff
1 4008 0 1 4008 ffff
1 0008 0 1 0008 ffff
1 0160 0 1 0100 ffff
1 3232 0 1 0202 ffff
1 a28c 0 1 a280 ffff
1 c409 0 1 0409 ffff
1 b519 0 1 8501 ffff
1 0606 0 1 0000 ffff
1 a56e 1 1 a500 ffff
1 12b0 0 1 1280 ffff
1 b8c6 1 1 8000 ffff
1 2bcc 1 1 2800 ffff
1 5a02 0 1 4202 ffff
1 4202 0 1 4202 ffff
1 e3b7 1 1 0000 ffff
1 5901 0 1 4101 ffff
1 1ef8 1 1 0000 ffff
1 def1 1 1 0001 ffff
1 24f7 1 1 2400 ffff
1 c3da 1 1 0002 ffff
1 9418 0 1 9400 ffff
1 46ac 0 1 40a0 ffff
1 694d 0 1 0941 ffff
1 1004 0 1 1004 ffff
1 1100 0 1 1100 ffff
1 8558 0 1 8540 ffff
1 8040 0 1 8040 ffff
1 e954 1 1 0954 ffff
1 cee5 1 1 0005 ffff
1 c5f5 1 1 0405 ffff
1 d811 0 1 0011 ffff
1 0b40 0 1 0840 ffff
1 04c1 0 1 0401 ffff
1 d6d5 0 1 1015 ffff
1 e0cb 1 1 0008 ffff
1 8fb4 1 1 8004 ffff
1 86e5 1 1 8005 ffff
1 064a 0 1 004a ffff
1 d546 0 1 1540 ffff
1 d4c0 0 1 1400 ffff
1 4950 0 1 4950 ffff
1 244f 1 1 2440 ffff
1 a83f 1 1 a800 ffff
1 003e 1 1 0000 ffff
1 ca88 0 1 0a88 ffff
1 6c2d 0 1 0021 ffff
1 0008 0 1 0008 ffff
1 36b7 1 1 0080 ffff
1 0182 0 1 0002 ffff
1 7c1b 1 1 0000 ffff
1 f809 1 1 0009 ffff
1 0205 0 1 0205 ffff
1 5837 1 1 4000 ffff
1 0721 1 1 0021 ffff
1 c293 0 1 0290 ffff
1 2048 0 1 2048 ffff
1 8809 0 1 8809 ffff
1 6982 0 1 0802 ffff
1 310c 0 1 0100 ffff
1 b229 0 1 8229 ffff
1 4040 0 1 4040 ffff
1 0119 0 1 0101 ffff
1 db6d 0 1 0001 ffff
1 b6cc 0 1 8000 ffff
1 0426 0 1 0420 ffff
1 0900 0 1 0900 ffff
1 c4e0 1 1 0400 ffff
1 cc85 0 1 0085 ffff
1 84d4 0 1 8414 ffff
1 2440 0 1 2440 ffff
1 5fe6 1 1 4000 ffff
1 459b 0 1 4400 ffff
1 390a 1 1 010a ffff
1 1b03 0 1 0000 ffff
1 d088 0 1 1088 ffff
1 2a95 0 1 2a95 ffff
1 0f04 1 1 0004 ffff
1 a2a2 0 1 a2a2 ffff
1 66c5 0 1 0005 ffff
1 0845 0 1 0845 ffff
1 0201 0 1 0201 ffff
1 8880 0 1 8880 ffff
1 b01c 1 1 8000 ffff
1 6dd8 1 1 0000 ffff
1 2b40 0 1 2840 ffff
1 c887 1 1 0880 ffff
1 8e90 1 1 8090 ffff
1 13a3 1 1 1020 ffff
1 6210 0 1 0210 ffff
1 448a 0 1 448a ffff
1 d22a 0 1 122a ffff
1 0f80 1 1 0000 ffff
1 0102 0 1 0102 ffff
1 0979 1 1 0901 ffff
1 dbeb 1 1 0008 ffff
1 98a0 0 1 80a0 ffff
1 2920 0 1 2920 ffff
1 f220 1 1 0220 ffff
1 85a0 0 1 8420 ffff
1 24c0 0 1 2400 ffff
1 3200 0 1 0200 ffff
1 0500 0 1 0500 ffff
1 220b 0 1 2208 ffff
1 0069 0 1 0009 ffff
1 1026 0 1 1020 ffff
1 6ed2 1 1 0012 ffff
1 d5c3 1 1 1400 ffff
1 edff 1 1 0000 ffff
1 28a0 0 1 28a0 ffff
1 0b89 1 1 0809 ffff
1 2106 0 1 2100 ffff
1 7f02 1 1 0002 ffff
1 20c8 0 1 2008 ffff
1 0713 1 1 0010 ffff
1 0486 0 1 0480 ffff
1 100d 0 1 1001 ffff
1 7d7b 1 1 0100 ffff
1 851a 0 1 8502 ffff
1 63a4 1 1 0024 ffff
1 4995 0 1 4815 ffff
1 2224 0 1 2224 ffff
1 4545 0 1 4545 ffff
1 0320 0 1 0020 ffff
1 2548 0 1 2548 ffff
1 b9d7 1 1 8010 ffff
1 150a 0 1 150a ffff
1 7618 1 1 0000 ffff
1 0248 0 1 0248 ffff
1 3d16 1 1 0110 ffff
1 902a 0 1 902a ffff
1 2dd6 1 1 2010 ffff
1 c2a2 0 1 02a2 ffff
1 1d9f 1 1 0000 ffff
1 e8b2 1 1 0882 ffff
1 040a 0 1 040a ffff
1 48b6 0 1 4880 ffff
1 4440 0 1 4440 ffff
1 0ca0 0 1 00a0 ffff
1 7461 1 1 0401 ffff
1 0159 0 1 0141 ffff
1 0624 0 1 0024 ffff
1 fd42 1 1 0142 ffff
1 2013 0 1 2010 ffff
1 6bea 1 1 080a ffff
1 c5c5 1 1 0405 ffff
1 9b94 1 1 8014 ffff
1 0e95 1 1 0095 ffff
1 6707 1 1 0000 ffff
1 053e 1 1 0500 ffff
1 f60e 1 1 0000 ffff
1 9009 0 1 9009 ffff
1 c003 0 1 0000 ffff
1 f131 1 1 0101 ffff
1 4030 0 1 4000 ffff
1 041d 1 1 0401 ffff
1 0a1a 0 1 0a02 ffff
1 5040 0 1 5040 ffff
1 0022 0 1 0022 ffff
1 5df9 1 1 4001 ffff
1 9090 0 1 9090 ffff
1 0062 0 1 0002 ffff
1 f2ab 1 1 02a8 ffff
1 a67c 1 1 a000 ffff
1 e9cb 1 1 0808 ffff
1 83ed 1 1 8001 ffff
1 dfaf 1 1 0020 ffff
1 c4d5 0 1 0415 ffff
1 8341 0 1 8041 ffff
1 d78c 1 1 1000 ffff
1 65c5 1 1 0405 ffff
1 8c40 0 1 8040 ffff
1 0a0d 0 1 0a01 ffff
1 9041 0 1 9041 ffff
1 086a 0 1 080a ffff
1 c4ba 1 1 0482 ffff
1 48a0 0 1 48a0 ffff
1 3002 0 1 0002 ffff
1 c1ed 1 1 0001 ffff
1 1194 0 1 1014 ffff
1 2a5d 1 1 2a41 ffff
1 4908 0 1 4908 ffff
1 aaed 1 1 aa01 ffff
1 6186 0 1 0000 ffff
1 9651 0 1 9051 ffff
1 0082 0 1 0082 ffff
1 0887 1 1 0880 ffff
1 0006 0 1 0000 ffff
1 7b04 1 1 0004 ffff
1 63da 1 1 0002 ffff
1 abce 1 1 a800 ffff
1 0969 0 1 0909 ffff
1 0011 0 1 0011 ffff
1 8937 1 1 8900 ffff
1 c605 0 1 0005 ffff
1 0a50 0 1 0a50 ffff
1 08b0 0 1 0880 ffff
1 8ef3 1 1 8000 ffff
1 0606 0 1 0000 ffff
1 86bb 1 1 8080 ffff
1 c807 1 1 0800 ffff
1 4114 0 1 4114 ffff
1 1df6 1 1 0000 ffff
1 0541 0 1 0541 ffff
1 d7f3 1 1 1000 ffff
1 e1ac 1 1 0020 ffff
1 e46f 1 1 0400 ffff
1 f331 1 1 0001 ffff
1 4278 1 1 4200 ffff
1 02b5 0 1 0285 ffff
1 4408 0 1 4408 ffff
1 8418 0 1 8400 ffff
1 b9ee 1 1 8000 ffff
1 6497 1 1 0490 ffff
1 544e 1 1 5440 ffff
1 20c2 0 1 2002 ffff
1 32c5 0 1 0205 ffff
1 a000 0 1 a000 ffff
1 c323 0 1 0020 ffff
1 840e 1 1 8400 ffff
1 4429 0 1 4429 ffff
1 1601 0 1 1001 ffff
1 0080 0 1 0080 ffff
1 1868 0 1 0008 ffff
1 0920 0 1 0920 ffff
1 1c0a 1 1 000a ffff
1 5d12 1 1 4112 ffff
1 cb73 1 1 0800 ffff
1 0251 0 1 0251 ffff
1 8716 1 1 8010 ffff
1 0208 0 1 0208 ffff
1 360e 1 1 0000 ffff
1 4409 0 1 4409 ffff
1 320b 0 1 0208 ffff
1 0123 0 1 0120 ffff
1 edfb 1 1 0000 ffff
1 0600 0 1 0000 ffff
1 ed29 1 1 0129 ffff
1 8be5 1 1 8805 ffff
1 f809 1 1 0009 ffff
1 5000 0 1 5000 ffff
1 0002 0 1 0002 ffff
1 0080 0 1 0080 ffff
1 2f2e 1 1 2020 ffff
1 b316 0 1 8010 ffff
1 0071 1 1 0001 ffff
1 0d45 0 1 0145 ffff
1 5597 1 1 5410 ffff
1 b8d4 1 1 8014 ffff
1 4800 0 1 4800 ffff
1 0022 0 1 0022 ffff
1 6920 0 1 0920 ffff
1 6ee2 1 1 0002 ffff
1 720a 1 1 020a ffff
1 318c 0 1 0000 ffff
1 021c 1 1 0200 ffff
1 3100 0 1 0100 ffff
1 2b22 0 1 2822 ffff
1 d2cc 0 1 1200 ffff
1 8152 0 1 8152 ffff
1 4325 0 1 4025 ffff
1 020a 0 1 020a ffff
1 e6eb 1 1 0008 ffff
1 4456 0 1 4450 ffff
1 84a2 0 1 84a2 ffff
1 001e 1 1 0000 ffff
1 4140 0 1 4140 ffff
1 c551 0 1 0551 ffff
1 a76f 1 1 a000 ffff
1 4067 1 1 4000 ffff
1 0902 0 1 0902 ffff
1 0000 0 1 0000 ffff
1 f596 1 1 0410 ffff
1 9333 0 1 9000 ffff
1 7ea0 1 1 00a0 ffff
1 db4d 0 1 0041 ffff
1 8b3b 1 1 8800 ffff
1 9100 0 1 9100 ffff
1 951a 0 1 9502 ffff
1 4a42 0 1 4a42 ffff
1 6102 0 1 0102 ffff
1 c099 0 1 0081 ffff
1 1812 0 1 0012 ffff
1 4808 0 1 4808 ffff
1 6f39 1 1 0001 ffff
1 2500 0 1 2500 ffff
1 b912 1 1 8112 ffff
1 04a0 0 1 04a0 ffff
1 609a 0 1 0082 ffff
1 d201 0 1 1201 ffff
1 c895 0 1 0895 ffff
1 988c 0 1 8080 ffff
1 0110 0 1 0110 ffff
1 bee4 1 1 8004 ffff
1 4004 0 1 4004 ffff
1 0420 0 1 0420 ffff
1 e278 1 1 0200 ffff
1 624e 1 1 0240 ffff
1 971d 1 1 9001 ffff
1 6ad1 0 1 0a11 ffff
1 a709 1 1 a009 ffff
1 2994 0 1 2814 ffff
1 0188 0 1 0008 ffff
1 6de3 1 1 0000 ffff
1 de86 1 1 0080 ffff
1 4412 0 1 4412 ffff
1 0061 0 1 0001 ffff
1 2084 0 1 2084 ffff
1 319b 0 1 0000 ffff
1 e123 1 1 0120 ffff
1 116c 0 1 1100 ffff
1 4058 0 1 4040 ffff
1 8186 0 1 8000 ffff
1 04a4 0 1 04a4 ffff
1 8042 0 1 8042 ffff
1 94db 0 1 9400 ffff
1 765b 1 1 0040 ffff
1 2022 0 1 2022 ffff
1 00b2 0 1 0082 ffff
1 0400 0 1 0400 ffff
1 2c5e 1 1 2040 ffff
1 0240 0 1 0240 ffff
1 d344 0 1 1044 ffff
1 e913 1 1 0910 ffff
1 c3fa 1 1 0002 ffff
1 dc2c 1 1 0020 ffff
1 b211 0 1 8211 ffff
1 fda0 1 1 0020 ffff
1 fd8e 1 1 0000 ffff
1 e040 1 1 0040 ffff
1 1200 0 1 1200 ffff
1 f3a0 1 1 0020 ffff
1 7004 1 1 0004 ffff
1 4e59 1 1 4041 ffff
1 0229 0 1 0229 ffff
1 100f 1 1 1000 ffff
1 8205 0 1 8205 ffff
1 c493 0 1 0490 ffff
1 193d 1 1 0101 ffff
1 b7f8 1 1 8000 ffff
1 b37b 1 1 8000 ffff
1 943b 1 1 9400 ffff
1 3308 0 1 0008 ffff
1 13e2 1 1 1002 ffff
1 4b53 0 1 4850 ffff
1 cd0e 1 1 0100 ffff
1 891c 1 1 8900 ffff
1 5677 1 1 5000 ffff
1 0042 0 1 0042 ffff
1 8618 0 1 8000 ffff
1 4374 1 1 4004 ffff
1 82d0 0 1 8210 ffff
1 1898 0 1 0080 ffff
1 0166 0 1 0100 ffff
1 b043 0 1 8040 ffff
1 0c64 0 1 0004 ffff
1 0afb 1 1 0a00 ffff
1 0140 0 1 0140 ffff
1 8cfa 1 1 8002 ffff
1 f17a 1 1 0102 ffff
1 338c 1 1 0000 ffff
1 6011 0 1 0011 ffff
1 3bfa 1 1 0002 ffff
1 0820 0 1 0820 ffff
1 8720 1 1 8020 ffff
1 1002 0 1 1002 ffff
1 a964 0 1 a904 ffff
1 8d08 0 1 8108 ffff
1 4083 0 1 4080 ffff
1 4141 0 1 4141 ffff
1 0541 0 1 0541 ffff
1 8800 0 1 8800 ffff
1 9850 0 1 8050 ffff
1 c5cf 1 1 0400 ffff
1 2410 0 1 2410 ffff
1 4232 0 1 4202 ffff
1 0222 0 1 0222 ffff
1 5885 0 1 4085 ffff
1 02a3 0 1 02a0 ffff
1 ad69 0 1 a109 ffff
1 0120 0 1 0120 ffff
1 f355 1 1 0055 ffff
1 c318 0 1 0000 ffff
1 0201 0 1 0201 ffff
1 a200 0 1 a200 ffff
1 6444 0 1 0444 ffff
1 69e1 1 1 0801 ffff
1 7538 1 1 0500 ffff
1 748b 1 1 0488 ffff
1 0059 0 1 0041 ffff
1 4d1c 1 1 4100 ffff
1 a06a 0 1 a00a ffff
1 abe4 1 1 a804 ffff
1 4506 0 1 4500 ffff
1 cd41 0 1 0141 ffff
1 4bb6 1 1 4800 ffff
1 1100 0 1 1100 ffff
1 0100 0 1 0100 ffff
1 ba6d 1 1 8201 ffff
1 4de4 1 1 4004 ffff
1 0005 0 1 0005 ffff
1 2213 0 1 2210 ffff
1 0a7f 1 1 0a00 ffff
1 b47d 1 1 8401 ffff
1 7f0c 1 1 0000 ffff
1 1401 0 1 1401 ffff
1 be92 1 1 8092 ffff
1 0068 0 1 0008 ffff
1 0080 0 1 0080 ffff
1 835b 0 1 8040 ffff
1 0403 0 1 0400 ffff
1 3e29 1 1 0029 ffff
1 e33c 1 1 0000 ffff
1 0964 0 1 0904 ffff
1 8808 0 1 8808 ffff
1 6269 0 1 0209 ffff
1 74dd 1 1 0401 ffff
1 a5a0 0 1 a420 ffff
1 2af3 1 1 2a00 ffff
1 4404 0 1 4404 ffff
1 f4a9 1 1 04a9 ffff
1 5976 1 1 4100 ffff
1 14f7 1 1 1400 ffff
1 98f0 1 1 8000 ffff
1 76b4 1 1 0084 ffff
1 815a 0 1 8142 ffff
1 c488 0 1 0488 ffff
1 4611 0 1 4011 ffff
1 8080 0 1 8080 ffff
1 40e1 1 1 4001 ffff
1 f9dd 1 1 0001 ffff
1 03b7 1 1 0000 ffff
1 2950 0 1 2950 ffff
1 6000 0 1 0000 ffff
1 8569 0 1 8509 ffff
1 a5be 1 1 a400 ffff
1 2412 0 1 2412 ffff
1 2880 0 1 2880 ffff
1 f752 1 1 0052 ffff
1 adc6 1 1 a000 ffff
1 79c0 1 1 0000 ffff
1 a105 0 1 a105 ffff
1 fc30 1 1 0000 ffff
1 5010 0 1 5010 ffff
1 c9a1 0 1 0821 ffff
1 0109 0 1 0109 ffff
1 e6c6 1 1 0000 ffff
1 5f00 1 1 4000 ffff
1 7344 1 1 0044 ffff
1 4800 0 1 4800 ffff
1 608c 0 1 0080 ffff
1 004f 1 1 0040 ffff
1 c501 0 1 0501 ffff
1 9000 0 1 9000 ffff
1 c020 0 1 0020 ffff
1 a1e6 1 1 a000 ffff
1 4004 0 1 4004 ffff
1 1480 0 1 1480 ffff
1 85f1 1 1 8401 ffff
1 dfe9 1 1 0009 ffff
1 4858 0 1 4840 ffff
1 05e8 1 1 0408 ffff
1 c80a 0 1 080a ffff
1 2408 0 1 2408 ffff
1 15a0 0 1 1420 ffff
1 c52d 0 1 0521 ffff
1 46f8 1 1 4000 ffff
1 c6c4 0 1 0004 ffff
1 44fc 1 1 4400 ffff
1 2693 0 1 2090 ffff
1 0200 0 1 0200 ffff
1 840a 0 1 840a ffff
1 5870 1 1 4000 ffff
1 338f 1 1 0000 ffff
1 d972 1 1 0102 ffff
1 0000 0 1 0000 ffff
1 3f29 1 1 0029 ffff
1 d6ad 0 1 10a1 ffff
1 9480 0 1 9480 ffff
1 215e 1 1 2140 ffff
1 8880 0 1 8880 ffff
1 21d0 1 1 2010 ffff
1 4040 0 1 4040 ffff
1 3378 1 1 0000 ffff
1 0440 0 1 0440 ffff
1 2144 0 1 2144 ffff
1 7403 1 1 0400 ffff
1 a481 0 1 a481 ffff
1 a378 1 1 a000 ffff
1 322b 0 1 0228 ffff
1 e248 1 1 0248 ffff
1 9c27 1 1 8020 ffff
1 0000 0 1 0000 ffff
1 4ab7 1 1 4a80 ffff
1 4d30 0 1 4100 ffff
1 4606 0 1 4000 ffff
1 37b5 1 1 0005 ffff
1 f268 1 1 0208 ffff
1 1008 0 1 1008 ffff
1 c412 0 1 0412 ffff
1 05d7 1 1 0410 ffff
1 a27e 1 1 a200 ffff
1 d27f 1 1 1200 ffff
1 0001 0 1 0001 ffff
1 41db 1 1 4000 ffff
1 5040 0 1 5040 ffff
1 7454 1 1 0454 ffff
1 2080 0 1 2080 ffff
1 1a48 0 1 0248 ffff
1 49bf 1 1 4800 ffff
1 a24d 0 1 a241 ffff
1 295d 1 1 2941 ffff
1 2800 0 1 2800 ffff
1 3040 0 1 0040 ffff
1 0731 1 1 0001 ffff
1 8d7a 1 1 8102 ffff
1 89ee 1 1 8800 ffff
1 cb2c 0 1 0820 ffff
1 b100 0 1 8100 ffff
1 953f 1 1 9500 ffff
1 4201 0 1 4201 ffff
1 0783 1 1 0000 ffff
1 2046 0 1 2040 ffff
1 1001 0 1 1001 ffff
1 c2a4 0 1 02a4 ffff
1 326e 1 1 0200 ffff
1 a544 0 1 a544 ffff
1 0800 0 1 0800 ffff
1 8020 0 1 8020 ffff
1 a526 0 1 a520 ffff
1 1104 0 1 1104 ffff
1 1071 1 1 1001 ffff
1 3040 0 1 0040 ffff
1 0011 0 1 0011 ffff
1 a880 0 1 a880 ffff
1 683b 1 1 0800 ffff
1 0406 0 1 0400 ffff
1 a152 0 1 a152 ffff
1 3925 1 1 0125 ffff
1 9159 0 1 9141 ffff
1 0358 0 1 0040 ffff
1 b892 1 1 8092 ffff
1 ab0c 0 1 a800 ffff
1 824c 0 1 8240 ffff
1 0020 0 1 0020 ffff
1 8460 0 1 8400 ffff
1 0200 0 1 0200 ffff
1 a1d2 1 1 a012 ffff
1 0119 0 1 0101 ffff
1 bc2e 1 1 8020 ffff
1 0015 0 1 0015 ffff
1 380f 1 1 0000 ffff
1 4008 0 1 4008 ffff
1 0119 0 1 0101 ffff
1 edb4 1 1 0004 ffff
1 9000 0 1 9000 ffff
1 04b5 0 1 0485 ffff
1 60b2 0 1 0082 ffff
1 6240 0 1 0240 ffff
1 9766 1 1 9000 ffff
1 4018 0 1 4000 ffff
1 2082 0 1 2082 ffff
1 267d 1 1 2001 ffff
1 346d 0 1 0401 ffff
1 9603 0 1 9000 ffff
1 4000 0 1 4000 ffff
1 48e0 1 1 4800 ffff
1 6014 0 1 0014 ffff
1 cdc8 1 1 0008 ffff
1 3649 0 1 0049 ffff
1 d343 0 1 1040 ffff
1 44d2 0 1 4412 ffff
1 f6d6 1 1 0010 ffff
1 4000 0 1 4000 ffff
1 f043 1 1 0040 ffff
1 a058 0 1 a040 ffff
1 29ed 1 1 2801 ffff
1 08c8 0 1 0808 ffff
1 0212 0 1 0212 ffff
1 f588 1 1 0408 ffff
1 2342 0 1 2042 ffff
1 2460 0 1 2400 ffff
1 0621 0 1 0021 ffff
1 60b1 0 1 0081 ffff
1 0186 0 1 0000 ffff
1 6131 0 1 0101 ffff
1 4800 0 1 4800 ffff
1 1080 0 1 1080 ffff
1 1ca9 1 1 00a9 ffff
1 208e 1 1 2080 ffff
1 8e08 1 1 8008 ffff
1 1395 1 1 1015 ffff
1 0556 0 1 0550 ffff
1 0880 0 1 0880 ffff
1 e27e 1 1 0200 ffff
1 ee44 1 1 0044 ffff
1 3d97 1 1 0010 ffff
1 7477 1 1 0400 ffff
1 94e0 1 1 9400 ffff
1 d82e 1 1 0020 ffff
1 2081 0 1 2081 ffff
1 2d15 0 1 2115 ffff
1 eabf 1 1 0a80 ffff
1 2467 1 1 2400 ffff
1 21e0 1 1 2000 ffff
1 58c3 0 1 4000 ffff
1 3a0d 1 1 0201 ffff
1 51af 1 1 5020 ffff
1 8291 0 1 8291 ffff
1 2e0b 1 1 2008 ffff
1 2d08 0 1 2108 ffff
1 506e 1 1 5000 ffff
1 2d52 0 1 2152 ffff
1 f326 1 1 0020 ffff
1 98b7 1 1 8080 ffff
1 2a95 0 1 2a95 ffff
1 0140 0 1 0140 ffff
1 1b81 1 1 0001 ffff
1 a35b 0 1 a040 ffff
1 c152 0 1 0152 ffff
1 6b3e 1 1 0800 ffff
1 4182 0 1 4002 ffff
1 c725 1 1 0025 ffff
1 01e0 1 1 0000 ffff
1 30c0 0 1 0000 ffff
1 0f7a 1 1 0002 ffff
1 0118 0 1 0100 ffff
1 8200 0 1 8200 ffff
1 40a0 0 1 40a0 ffff
1 57b4 1 1 5004 ffff
1 0d18 0 1 0100 ffff
1 9219 0 1 9201 ffff
1 408f 1 1 4080 ffff
1 4d35 0 1 4105 ffff
1 2300 0 1 2000 ffff
1 1022 0 1 1022 ffff
1 20a8 0 1 20a8 ffff
1 20b6 0 1 2080 ffff
1 0621 0 1 0021 ffff
1 9020 0 1 9020 ffff
1 0120 0 1 0120 ffff
1 09a3 0 1 0820 ffff
1 8cdf 1 1 8000 ffff
1 49c1 1 1 4801 ffff
1 3001 0 1 0001 ffff
1 01b4 0 1 0004 ffff
1 89ce 1 1 8800 ffff
1 261c 1 1 2000 ffff
1 a24c 0 1 a240 ffff
1 780b 1 1 0008 ffff
1 00c8 0 1 0008 ffff
1 9104 0 1 9104 ffff
1 0000 0 1 0000 ffff
1 00a6 0 1 00a0 ffff
1 80fb 1 1 8000 ffff
1 a41d 1 1 a401 ffff
1 9414 0 1 9414 ffff
1 40a0 0 1 40a0 ffff
1 3759 1 1 0041 ffff
1 c050 0 1 0050 ffff
1 5cf2 1 1 4002 ffff
1 a01a 0 1 a002 ffff
1 09ed 1 1 0801 ffff
1 5400 0 1 5400 ffff
1 0122 0 1 0122 ffff
1 f412 1 1 0412 ffff
1 d7c0 1 1 1000 ffff
1 5737 1 1 5000 ffff
1 02a1 0 1 02a1 ffff
1 2464 0 1 2404 ffff
1 01b4 0 1 0004 ffff
1 2868 0 1 2808 ffff
1 05e2 1 1 0402 ffff
1 7c62 1 1 0002 ffff
1 480a 0 1 480a ffff
1 0b93 1 1 0810 ffff
1 edde 1 1 0000 ffff
1 2188 0 1 2008 ffff
1 a22c 0 1 a220 ffff
1 41a4 0 1 4024 ffff
1 d644 0 1 1044 ffff
1 4208 0 1 4208 ffff
1 6484 0 1 0484 ffff
1 0cbc 1 1 0080 ffff
1 0208 0 1 0208 ffff
1 3400 0 1 0400 ffff
1 0c6e 1 1 0000 ffff
1 f95b 1 1 0140 ffff
1 10b3 0 1 1080 ffff
1 b328 0 1 8028 ffff
1 c004 0 1 0004 ffff
1 1848 0 1 0048 ffff
1 2000 0 1 2000 ffff
1 8860 0 1 8800 ffff
1 0030 0 1 0000 ffff
1 21da 1 1 2002 ffff
1 2273 1 1 2200 ffff
1 3329 0 1 0029 ffff
1 7746 1 1 0040 ffff
1 9632 0 1 9002 ffff
1 c032 0 1 0002 ffff
1 0e38 1 1 0000 ffff
1 0f80 1 1 0000 ffff
1 05c8 1 1 0408 ffff
1 6e70 1 1 0000 ffff
1 14a6 0 1 14a0 ffff
1 509c 1 1 5080 ffff
1 0500 0 1 0500 ffff
1 0b5c 1 1 0840 ffff
1 be94 1 1 8094 ffff
1 d0b6 0 1 1080 ffff
1 488d 0 1 4881 ffff
1 8314 0 1 8014 ffff
1 5e80 1 1 4080 ffff
1 9c9b 1 1 8080 ffff
1 08b8 1 1 0880 ffff
1 8480 0 1 8480 ffff
1 3ef1 1 1 0001 ffff
1 312b 0 1 0128 ffff
1 4908 0 1 4908 ffff
1 8430 0 1 8400 ffff
1 68dc 1 1 0800 ffff
1 10c0 0 1 1000 ffff
1 4008 0 1 4008 ffff
1 041a 0 1 0402 ffff
1 3505 0 1 0505 ffff
1 53a2 1 1 5022 ffff
1 c649 0 1 0049 ffff
1 0270 1 1 0200 ffff
1 1414 0 1 1414 ffff
1 e49a 1 1 0482 ffff
1 1000 0 1 1000 ffff
1 d9a0 0 1 0020 ffff
1 919f 1 1 9000 ffff
1 0850 0 1 0850 ffff
1 3626 0 1 0020 ffff
1 120d 0 1 1201 ffff
1 0801 0 1 0801 ffff
1 a3c6 1 1 a000 ffff
1 060a 0 1 000a ffff
1 4a60 0 1 4a00 ffff
1 8200 0 1 8200 ffff
1 950c 0 1 9500 ffff
1 5ecd 1 1 4001 ffff
1 6278 1 1 0200 ffff
1 0114 0 1 0114 ffff
1 0043 0 1 0040 ffff
1 7366 1 1 0000 ffff
1 2488 0 1 2488 ffff
1 0e1c 1 1 0000 ffff
1 a0c0 0 1 a000 ffff
1 8631 0 1 8001 ffff
1 0d68 0 1 0108 ffff
1 0000 0 1 0000 ffff
1 0110 0 1 0110 ffff
1 89c0 1 1 8800 ffff
1 6715 1 1 0015 ffff
1 0181 0 1 0001 ffff
1 0242 0 1 0242 ffff
1 1051 0 1 1051 ffff
1 4fe6 1 1 4000 ffff
1 6140 0 1 0140 ffff
1 29bf 1 1 2800 ffff
1 90b1 0 1 9081 ffff
1 0822 0 1 0822 ffff
1 c020 0 1 0020 ffff
1 14c6 0 1 1400 ffff
1 11ab 0 1 1028 ffff
1 71cb 1 1 0008 ffff
1 b488 0 1 8488 ffff
1 804b 0 1 8048 ffff
1 9676 1 1 9000 ffff
1 0108 0 1 0108 ffff
1 00a0 0 1 00a0 ffff
1 cf2d 1 1 0021 ffff
1 5004 0 1 5004 ffff
1 655e 1 1 0540 ffff
1 419d 1 1 4001 ffff
1 5000 0 1 5000 ffff
1 022c 0 1 0220 ffff
1 8040 0 1 8040 ffff
1 86d1 0 1 8011 ffff
1 528c 0 1 5280 ffff
1 5814 0 1 4014 ffff
1 5681 0 1 5081 ffff
1 600e 1 1 0000 ffff
1 5144 0 1 5144 ffff
1 5825 0 1 4025 ffff
1 0150 0 1 0150 ffff
1 1966 0 1 0100 ffff
1 9c00 1 1 8000 ffff
1 0000 0 1 0000 ffff
1 225d 1 1 2241 ffff
1 1804 0 1 0004 ffff
1 a151 0 1 a151 ffff
1 d0d3 0 1 1010 ffff
1 78f9 1 1 0001 ffff
1 05cf 1 1 0400 ffff
1 ad77 1 1 a100 ffff
1 ab09 0 1 a809 ffff
1 e168 1 1 0108 ffff
1 84e7 1 1 8400 ffff
1 fad9 1 1 0201 ffff
1 4018 0 1 4000 ffff
1 4001 0 1 4001 ffff
1 0002 0 1 0002 ffff
1 af5e 1 1 a040 ffff
1 8962 0 1 8902 ffff
1 48fa 1 1 4802 ffff
1 5c89 1 1 4089 ffff
1 10a7 1 1 10a0 ffff
1 d5e5 1 1 1405 ffff
1 6124 0 1 0124 ffff
1 9001 0 1 9001 ffff
1 a400 0 1 a400 ffff
1 8143 0 1 8140 ffff
1 3f13 1 1 0010 ffff
1 5112 0 1 5112 ffff
1 6016 0 1 0010 ffff
1 c1a2 0 1 0022 ffff
1 f050 1 1 0050 ffff
1 07c2 1 1 0002 ffff
1 b339 1 1 8001 ffff
1 c0e2 1 1 0002 ffff
1 01d2 1 1 0012 ffff
1 d1db 1 1 1000 ffff
1 5051 0 1 5051 ffff
1 0024 0 1 0024 ffff
1 d3f7 1 1 1000 ffff
1 21af 1 1 2020 ffff
1 11d2 1 1 1012 ffff
1 c290 0 1 0290 ffff
1 1431 0 1 1401 ffff
1 55ec 1 1 5400 ffff
1 5543 0 1 5540 ffff
1 19b0 0 1 0000 ffff
1 2a3e 1 1 2a00 ffff
1 62a5 0 1 02a5 ffff
1 3b2e 1 1 0020 ffff
1 3481 0 1 0481 ffff
1 0c0c 0 1 0000 ffff
1 8c00 0 1 8000 ffff
1 0201 0 1 0201 ffff
1 bfb2 1 1 8002 ffff
1 202a 0 1 202a ffff
1 537d 1 1 5001 ffff
1 f3c0 1 1 0000 ffff
1 27b6 1 1 2000 ffff
1 0024 0 1 0024 ffff
1 7e32 1 1 0002 ffff
1 1448 0 1 1448 ffff
1 402c 0 1 4020 ffff
1 a840 0 1 a840 ffff
1 a10e 1 1 a100 ffff
1 a4c0 0 1 a400 ffff
1 da9b 0 1 0280 ffff
1 333b 1 1 0000 ffff
1 f78b 1 1 0008 ffff
1 d42c 0 1 1420 ffff
1 fe1a 1 1 0002 ffff
1 0827 1 1 0820 ffff
1 59b0 0 1 4000 ffff
1 3b29 1 1 0029 ffff
1 8230 0 1 8200 ffff
1 0820 0 1 0820 ffff
1 4891 0 1 4891 ffff
1 0080 0 1 0080 ffff
1 0884 0 1 0884 ffff
1 01ca 1 1 000a ffff
1 5102 0 1 5102 ffff
1 dfe2 1 1 0002 ffff
1 b801 1 1 8001 ffff
1 55f1 1 1 5401 ffff
1 8484 0 1 8484 ffff
1 4e30 1 1 4000 ffff
1 0415 0 1 0415 ffff
1 464a 0 1 404a ffff
1 41db 1 1 4000 ffff
1 0240 0 1 0240 ffff
1 3d6c 1 1 0100 ffff
1 a140 0 1 a140 ffff
1 8100 0 1 8100 ffff
1 dd00 1 1 0100 ffff
1 8c3d 1 1 8001 ffff
1 a6b4 0 1 a084 ffff
1 0084 0 1 0084 ffff
1 4ad9 0 1 4a01 ffff
1 1430 0 1 1400 ffff
1 265a 0 1 2042 ffff
1 cb8c 1 1 0800 ffff
1 0283 0 1 0280 ffff
1 4475 1 1 4405 ffff
1 2408 0 1 2408 ffff
1 6020 0 1 0020 ffff
1 d770 1 1 1000 ffff
1 e7f1 1 1 0001 ffff
1 01a2 0 1 0022 ffff
1 d4cf 1 1 1400 ffff
1 0540 0 1 0540 ffff
1 6f68 1 1 0008 ffff
1 4200 0 1 4200 ffff
1 0209 0 1 0209 ffff
1 04f2 1 1 0402 ffff
1 6cc4 0 1 0004 ffff
1 6b1e 1 1 0800 ffff
1 4914 0 1 4914 ffff
1 602a 0 1 002a ffff
1 8024 0 1 8024 ffff
1 c84b 0 1 0848 ffff
1 a85d 1 1 a841 ffff
1 1080 0 1 1080 ffff
1 01ee 1 1 0000 ffff
1 6780 1 1 0000 ffff
1 7fce 1 1 0000 ffff
1 081c 1 1 0800 ffff
1 2680 0 1 2080 ffff
1 0c94 0 1 0094 ffff
1 924c 0 1 9240 ffff
1 84c8 0 1 8408 ffff
1 9803 0 1 8000 ffff
1 7002 1 1 0002 ffff
1 8840 0 1 8840 ffff
1 3912 1 1 0112 ffff
1 41a9 0 1 4029 ffff
1 40a1 0 1 40a1 ffff
1 3102 0 1 0102 ffff
1 51c2 1 1 5002 ffff
1 183d 1 1 0001 ffff
1 9404 0 1 9404 ffff
1 a298 0 1 a280 ffff
1 31a0 0 1 0020 ffff
1 0020 0 1 0020 ffff
1 2730 1 1 2000 ffff
1 0101 0 1 0101 ffff
1 8f44 1 1 8044 ffff
1 1110 0 1 1110 ffff
1 4020 0 1 4020 ffff
1 8080 0 1 8080 ffff
1 5840 0 1 4040 ffff
1 f427 1 1 0420 ffff
1 a8af 1 1 a8a0 ffff
1 1090 0 1 1090 ffff
1 0144 0 1 0144 ffff
1 0236 0 1 0200 ffff
1 012b 0 1 0128 ffff
1 8888 0 1 8888 ffff
1 0600 0 1 0000 ffff
1 d417 1 1 1410 ffff
1 cc10 0 1 0010 ffff
1 7501 1 1 0501 ffff
1 3479 1 1 0401 ffff
1 c4c5 0 1 0405 ffff
1 6c32 0 1 0002 ffff
1 1812 0 1 0012 ffff
1 e524 1 1 0524 ffff
1 b463 0 1 8400 ffff
1 0504 0 1 0504 ffff
1 a6b7 1 1 a080 ffff
1 7b97 1 1 0010 ffff
1 8d45 0 1 8145 ffff
1 9841 0 1 8041 ffff
1 4006 0 1 4000 ffff
1 0690 0 1 0090 ffff
1 2a82 0 1 2a82 ffff
1 4040 0 1 4040 ffff
1 b0f0 1 1 8000 ffff
1 bc50 1 1 8050 ffff
1 0002 0 1 0002 ffff
1 0133 0 1 0100 ffff
1 3402 0 1 0402 ffff
1 0800 0 1 0800 ffff
1 02c0 0 1 0200 ffff
1 8082 0 1 8082 ffff
1 7a44 1 1 0244 ffff
1 60f4 1 1 0004 ffff
1 42ab 0 1 42a8 ffff
1 eba8 1 1 0828 ffff
1 3a59 1 1 0241 ffff
1 3009 0 1 0009 ffff
1 e3d2 1 1 0012 ffff
1 119d 1 1 1001 ffff
1 8c90 0 1 8090 ffff
1 0029 0 1 0029 ffff
1 1120 0 1 1120 ffff
1 0a61 0 1 0a01 ffff
1 469f 1 1 4080 ffff
1 7229 1 1 0229 ffff
1 0196 0 1 0010 ffff
1 10a2 0 1 10a2 ffff
1 1736 1 1 1000 ffff
1 73d0 1 1 0010 ffff
1 1471 1 1 1401 ffff
1 ebd7 1 1 0810 ffff
1 b2c9 0 1 8209 ffff
1 8411 0 1 8411 ffff
1 1126 0 1 1120 ffff
1 36cf 1 1 0000 ffff
1 28c6 0 1 2800 ffff
1 b064 0 1 8004 ffff
1 0850 0 1 0850 ffff
1 3ca6 1 1 00a0 ffff
1 1f1f 1 1 0000 ffff
1 ad33 0 1 a100 ffff
1 05a0 0 1 0420 ffff
1 ff6d 1 1 0001 ffff
1 2000 0 1 2000 ffff
1 fee4 1 1 0004 ffff
1 0207 1 1 0200 ffff
1 0ce6 1 1 0000 ffff
1 5682 0 1 5082 ffff
1 0484 0 1 0484 ffff
1 0006 0 1 0000 ffff
1 8200 0 1 8200 ffff
1 7000 1 1 0000 ffff
1 a081 0 1 a081 ffff
1 30a0 0 1 00a0 ffff
1 1ec7 1 1 0000 ffff
1 2b85 1 1 2805 ffff
1 79f0 1 1 0000 ffff
1 8014 0 1 8014 ffff
1 0dfc 1 1 0000 ffff
1 0c00 0 1 0000 ffff
1 e5d1 1 1 0411 ffff
1 c022 0 1 0022 ffff
1 fa0c 1 1 0200 ffff
1 48ff 1 1 4800 ffff
1 1500 0 1 1500 ffff
1 0f93 1 1 0010 ffff
1 e803 1 1 0800 ffff
1 8a20 0 1 8a20 ffff
1 2041 0 1 2041 ffff
1 4000 0 1 4000 ffff
1 2300 0 1 2000 ffff
1 49d1 1 1 4811 ffff
1 55f8 1 1 5400 ffff
1 2050 0 1 2050 ffff
1 4c3a 1 1 4002 ffff
1 48af 1 1 48a0 ffff
1 008d 0 1 0081 ffff
1 ba8c 1 1 8280 ffff
1 e292 1 1 0292 ffff
1 40c6 0 1 4000 ffff
1 daf7 1 1 0200 ffff
1 c34f 1 1 0040 ffff
1 4101 0 1 4101 ffff
1 c008 0 1 0008 ffff
1 c990 0 1 0810 ffff
1 be4e 1 1 8040 ffff
1 c279 1 1 0201 ffff
1 2311 0 1 2011 ffff
1 14d7 1 1 1410 ffff
1 8cc4 0 1 8004 ffff
1 0026 0 1 0020 ffff
1 4214 0 1 4214 ffff
1 280b 0 1 2808 ffff
1 2c80 0 1 2080 ffff
1 1003 0 1 1000 ffff
1 30c7 1 1 0000 ffff
1 3558 0 1 0540 ffff
1 441f 1 1 4400 ffff
1 6100 0 1 0100 ffff
1 8000 0 1 8000 ffff
1 f255 1 1 0255 ffff
1 4820 0 1 4820 ffff
1 1c7f 1 1 0000 ffff
1 1a81 0 1 0281 ffff
1 d6e5 1 1 1005 ffff
1 a211 0 1 a211 ffff
1 81a7 1 1 8020 ffff
1 6e8b 1 1 0088 ffff
1 9219 0 1 9201 ffff
1 9584 0 1 9404 ffff
1 1448 0 1 1448 ffff
1 842d 0 1 8421 ffff
1 e54f 1 1 0540 ffff
1 0201 0 1 0201 ffff
1 69ac 0 1 0820 ffff
1 2afa 1 1 2a02 ffff
1 1945 0 1 0145 ffff
1 2c62 0 1 2002 ffff
1 e3bc 1 1 0000 ffff
1 4458 0 1 4440 ffff
1 2253 0 1 2250 ffff
1 1078 1 1 1000 ffff
1 5250 0 1 5250 ffff
1 4908 0 1 4908 ffff
1 80db 0 1 8000 ffff
1 0d30 0 1 0100 ffff
1 96a4 0 1 90a4 ffff
1 4420 0 1 4420 ffff
1 2d13 0 1 2110 ffff
1 2448 0 1 2448 ffff
1 d4d1 0 1 1411 ffff
1 0601 0 1 0001 ffff
1 9ce9 1 1 8009 ffff
1 5c00 1 1 4000 ffff
1 ebce 1 1 0800 ffff
1 5380 1 1 5000 ffff
1 3a2a 1 1 022a ffff
1 c2d8 0 1 0200 ffff
1 5845 0 1 4045 ffff
1 f7d9 1 1 0001 ffff
1 0425 0 1 0425 ffff
1 fe16 1 1 0010 ffff
1 aed6 1 1 a010 ffff
1 3169 0 1 0109 ffff
1 a449 0 1 a449 ffff
1 1297 1 1 1290 ffff
1 514b 0 1 5148 ffff
1 6ac0 0 1 0a00 ffff
1 f718 1 1 0000 ffff
1 0002 0 1 0002 ffff
1 7090 1 1 0090 ffff
1 bbbc 1 1 8000 ffff
1 cc55 0 1 0055 ffff
1 ba02 1 1 8202 ffff
1 0081 0 1 0081 ffff
1 388f 1 1 0080 ffff
1 00c0 0 1 0000 ffff
1 4608 0 1 4008 ffff
1 6061 0 1 0001 ffff
1 d4fa 1 1 1402 ffff
1 a0c5 0 1 a005 ffff
1 0084 0 1 0084 ffff
1 92f0 1 1 9200 ffff
1 358b 0 1 0408 ffff
1 2070 1 1 2000 ffff
1 9f87 1 1 8000 ffff
1 0908 0 1 0908 ffff
1 0418 0 1 0400 ffff
1 4156 0 1 4150 ffff
1 d8d3 0 1 0010 ffff
1 7556 1 1 0550 ffff
1 8a05 0 1 8a05 ffff
1 0174 1 1 0104 ffff
1 61b5 0 1 0005 ffff
1 e820 1 1 0820 ffff
1 0190 0 1 0010 ffff
1 b087 1 1 8080 ffff
1 9add 1 1 8201 ffff
1 d200 0 1 1200 ffff
1 43c1 1 1 4001 ffff
1 01a4 0 1 0024 ffff
1 d1e5 1 1 1005 ffff
1 68c5 0 1 0805 ffff
1 d63b 1 1 1000 ffff
1 aba3 1 1 a820 ffff
1 6a00 0 1 0a00 ffff
1 9aec 1 1 8200 ffff
1 0819 0 1 0801 ffff
1 98b0 0 1 8080 ffff
1 cd5b 0 1 0140 ffff
1 b40f 1 1 8400 ffff
1 074b 1 1 0048 ffff
1 057a 1 1 0502 ffff
1 24d6 0 1 2410 ffff
1 3083 0 1 0080 ffff
1 ee67 1 1 0000 ffff
1 7224 1 1 0224 ffff
1 3a22 1 1 0222 ffff
1 5fec 1 1 4000 ffff
1 8412 0 1 8412 ffff
1 5f45 1 1 4045 ffff
1 3671 1 1 0001 ffff
1 c0a0 0 1 00a0 ffff
1 70ed 1 1 0001 ffff
1 d712 1 1 1012 ffff
1 0051 0 1 0051 ffff
1 0612 0 1 0012 ffff
1 71f9 1 1 0001 ffff
1 77b8 1 1 0000 ffff
1 07c1 1 1 0001 ffff
1 9048 0 1 9048 ffff
1 b77a 1 1 8002 ffff
1 1618 0 1 1000 ffff
1 3df4 1 1 0004 ffff
1 1016 0 1 1010 ffff
1 0282 0 1 0282 ffff
1 4cda 0 1 4002 ffff
1 fa6f 1 1 0200 ffff
1 fea2 1 1 00a2 ffff
1 354f 1 1 0540 ffff
1 c968 0 1 0908 ffff
1 8010 0 1 8010 ffff
1 cfff 1 1 0000 ffff
1 44e1 1 1 4401 ffff
1 4abc 1 1 4a80 ffff
1 0080 0 1 0080 ffff
1 f8a9 1 1 00a9 ffff
1 00b4 0 1 0084 ffff
1 13ee 1 1 1000 ffff
1 7c52 1 1 0052 ffff
1 22c0 0 1 2200 ffff
1 2880 0 1 2880 ffff
1 8026 0 1 8020 ffff
1 4d20 0 1 4120 ffff
1 0901 0 1 0901 ffff
1 5a19 0 1 4201 ffff
1 64dd 1 1 0401 ffff
1 dda9 1 1 0029 ffff
1 d2d4 0 1 1214 ffff
1 5054 0 1 5054 ffff
1 9400 0 1 9400 ffff
1 955d 1 1 9541 ffff
1 841d 1 1 8401 ffff
1 0120 0 1 0120 ffff
1 0000 0 1 0000 ffff
1 100c 0 1 1000 ffff
1 bc0f 1 1 8000 ffff
1 21f1 1 1 2001 ffff
1 3ad0 1 1 0210 ffff
1 1a10 0 1 0210 ffff
1 9800 0 1 8000 ffff
1 0004 0 1 0004 ffff
1 0993 0 1 0810 ffff
1 0c09 0 1 0009 ffff
1 0a10 0 1 0a10 ffff
1 a733 1 1 a000 ffff
1 a7a6 1 1 a020 ffff
1 8165 0 1 8105 ffff
1 9422 0 1 9422 ffff
1 8a08 0 1 8a08 ffff
1 5c65 1 1 4005 ffff
1 82a0 0 1 82a0 ffff
1 0194 0 1 0014 ffff
1 08a9 0 1 08a9 ffff
1 dd29 1 1 0129 ffff
1 a170 1 1 a100 ffff
1 d148 0 1 1148 ffff
1 0a98 0 1 0a80 ffff
1 5148 0 1 5148 ffff
1 2101 0 1 2101 ffff
1 0709 1 1 0009 ffff
1 a63f 1 1 a000 ffff
1 d11a 0 1 1102 ffff
1 a960 0 1 a900 ffff
1 a3dd 1 1 a001 ffff
1 1e5e 1 1 0040 ffff
1 0418 0 1 0400 ffff
1 235a 0 1 2042 ffff
1 091d 1 1 0901 ffff
1 a3b2 1 1 a002 ffff
1 0d7a 1 1 0102 ffff
1 1e7f 1 1 0000 ffff
1 49c0 1 1 4800 ffff
1 f174 1 1 0104 ffff
1 010e 1 1 0100 ffff
1 0808 0 1 0808 ffff
1 b071 1 1 8001 ffff
1 0489 0 1 0489 ffff
1 e342 1 1 0042 ffff
1 79d7 1 1 0010 ffff
1 4406 0 1 4400 ffff
1 0081 0 1 0081 ffff
1 4797 1 1 4010 ffff
1 0429 0 1 0429 ffff
1 0000 0 1 0000 ffff
1 e8a0 1 1 08a0 ffff
1 2044 0 1 2044 ffff
1 aeba 1 1 a082 ffff
1 31bc 1 1 0000 ffff
1 0082 0 1 0082 ffff
1 4dd7 1 1 4010 ffff
1 24b4 0 1 2484 ffff
1 9500 0 1 9500 ffff
1 3691 0 1 0091 ffff
1 24ef 1 1 2400 ffff
1 327e 1 1 0200 ffff
1 0b76 1 1 0800 ffff
1 c2cf 1 1 0200 ffff
1 0680 0 1 0080 ffff
1 08c2 0 1 0802 ffff
1 0440 0 1 0440 ffff
1 100c 0 1 1000 ffff
1 c586 0 1 0400 ffff
1 5ebf 1 1 4080 ffff
1 f283 1 1 0280 ffff
1 9350 0 1 9050 ffff
1 4783 1 1 4000 ffff
1 5904 0 1 4104 ffff
1 9112 0 1 9112 ffff
1 6316 0 1 0010 ffff
1 d267 1 1 1200 ffff
1 2f07 1 1 2000 ffff
1 0449 0 1 0449 ffff
1 f3a6 1 1 0020 ffff
1 5011 0 1 5011 ffff
1 4420 0 1 4420 ffff
1 3cd8 1 1 0000 ffff
1 00a8 0 1 00a8 ffff
1 5186 0 1 5000 ffff
1 921c 1 1 9200 ffff
1 ecbc 1 1 0080 ffff
1 ac37 1 1 a000 ffff
1 f690 1 1 0090 ffff
1 09d0 1 1 0810 ffff
1 3e00 1 1 0000 ffff
1 bc24 1 1 8024 ffff
1 bf15 1 1 8015 ffff
1 44df 1 1 4400 ffff
1 8a00 0 1 8a00 ffff
1 2139 1 1 2101 ffff
1 1140 0 1 1140 ffff
1 939e 1 1 9000 ffff
1 0000 0 1 0000 ffff
1 f8f2 1 1 0002 ffff
1 784c 1 1 0040 ffff
1 8087 1 1 8080 ffff
1 87de 1 1 8000 ffff
1 2180 0 1 2000 ffff
1 de6e 1 1 0000 ffff
1 40c4 0 1 4004 ffff
1 4110 0 1 4110 ffff
1 1c9f 1 1 0080 ffff
1 5003 0 1 5000 ffff
1 14e0 1 1 1400 ffff
1 0841 0 1 0841 ffff
1 98b3 0 1 8080 ffff
1 0400 0 1 0400 ffff
1 d31a 0 1 1002 ffff
1 a886 0 1 a880 ffff
1 0442 0 1 0442 ffff
1 c00d 0 1 0001 ffff
1 2f02 1 1 2002 ffff
1 1759 1 1 1041 ffff
1 11a0 0 1 1020 ffff
1 9002 0 1 9002 ffff
1 d1b7 1 1 1000 ffff
1 1240 0 1 1240 ffff
1 23aa 1 1 202a ffff
1 809b 0 1 8080 ffff
1 833d 1 1 8001 ffff
1 7914 1 1 0114 ffff
1 0842 0 1 0842 ffff
1 0200 0 1 0200 ffff
1 e76e 1 1 0000 ffff
1 0240 0 1 0240 ffff
1 428a 0 1 428a ffff
1 108c 0 1 1080 ffff
1 ef43 1 1 0040 ffff
1 0010 0 1 0010 ffff
1 0806 0 1 0800 ffff
1 25e2 1 1 2402 ffff
1 0ac9 0 1 0a09 ffff
1 c669 0 1 0009 ffff
1 e9ed 1 1 0801 ffff
1 8032 0 1 8002 ffff
1 8049 0 1 8049 ffff
1 3e01 1 1 0001 ffff
1 4793 1 1 4010 ffff
1 1280 0 1 1280 ffff
1 ab19 0 1 a801 ffff
1 a800 0 1 a800 ffff
1 1a52 0 1 0252 ffff
1 2f0f 1 1 2000 ffff
1 8d5f 1 1 8140 ffff
1 2e0c 1 1 2000 ffff
1 adb1 0 1 a001 ffff
1 4334 0 1 4004 ffff
1 ca00 0 1 0a00 ffff
1 af20 1 1 a020 ffff
1 b070 1 1 8000 ffff
1 8004 0 1 8004 ffff
1 cbb5 1 1 0805 ffff
1 9110 0 1 9110 ffff
1 5b17 1 1 4010 ffff
1 1be2 1 1 0002 ffff
1 4624 0 1 4024 ffff
1 d9e5 1 1 0005 ffff
1 4658 0 1 4040 ffff
1 5009 0 1 5009 ffff
1 ee2b 1 1 0028 ffff
1 9b7d 1 1 8001 ffff
1 901a 0 1 9002 ffff
1 1ea0 1 1 00a0 ffff
1 1b04 0 1 0004 ffff
1 2694 0 1 2094 ffff
1 a9a9 0 1 a829 ffff
1 9004 0 1 9004 ffff
1 1503 0 1 1500 ffff
1 0416 0 1 0410 ffff
1 2c08 0 1 2008 ffff
1 b208 0 1 8208 ffff
1 661a 0 1 0002 ffff
1 4082 0 1 4082 ffff
1 e0e8 1 1 0008 ffff
1 8088 0 1 8088 ffff
1 5f07 1 1 4000 ffff
1 0020 0 1 0020 ffff
1 59dc 1 1 4000 ffff
1 0984 0 1 0804 ffff
1 4182 0 1 4002 ffff
1 1099 0 1 1081 ffff
1 4110 0 1 4110 ffff
1 01c4 1 1 0004 ffff
1 fb4e 1 1 0040 ffff
1 c4a4 0 1 04a4 ffff
1 8298 0 1 8280 ffff
1 cd7d 1 1 0101 ffff
1 09c0 1 1 0800 ffff
1 014b 0 1 0148 ffff
1 2000 0 1 2000 ffff
1 8000 0 1 8000 ffff
1 0543 0 1 0540 ffff
1 0128 0 1 0128 ffff
1 8801 0 1 8801 ffff
1 0014 0 1 0014 ffff
1 836c 0 1 8000 ffff
1 4004 0 1 4004 ffff
1 a8c0 0 1 a800 ffff
1 294d 0 1 2941 ffff
1 ca40 0 1 0a40 ffff
1 1241 0 1 1241 ffff
1 8014 0 1 8014 ffff
1 22bb 1 1 2280 ffff
1 148a 0 1 148a ffff
1 b50b 0 1 8508 ffff
1 6d7c 1 1 0100 ffff
1 0576 1 1 0500 ffff
1 0404 0 1 0404 ffff
1 25af 1 1 2420 ffff
1 b7f8 1 1 8000 ffff
1 e7ca 1 1 000a ffff
1 0592 0 1 0412 ffff
1 94ee 1 1 9400 ffff
1 0928 0 1 0928 ffff
1 0010 0 1 0010 ffff
1 27af 1 1 2020 ffff
1 da54 0 1 0254 ffff
1 d102 0 1 1102 ffff
1 8081 0 1 8081 ffff
1 e01a 1 1 0002 ffff
1 320b 0 1 0208 ffff
1 6d5d 1 1 0141 ffff
1 ef79 1 1 0001 ffff
1 c193 0 1 0010 ffff
1 9204 0 1 9204 ffff
1 7c4b 1 1 0048 ffff
1 4515 0 1 4515 ffff
1 7daf 1 1 0020 ffff
1 a848 0 1 a848 ffff
1 4635 0 1 4005 ffff
1 4f7a 1 1 4002 ffff
1 4980 0 1 4800 ffff
1 e080 1 1 0080 ffff
1 f6e3 1 1 0000 ffff
1 dfc3 1 1 0000 ffff
1 8f41 1 1 8041 ffff
1 4297 1 1 4290 ffff
1 4c20 0 1 4020 ffff
1 d7db 1 1 1000 ffff
1 8446 0 1 8440 ffff
1 2dc6 1 1 2000 ffff
1 0cff 1 1 0000 ffff
1 6622 0 1 0022 ffff
1 215c 1 1 2140 ffff
1 0422 0 1 0422 ffff
1 16bb 1 1 1080 ffff
1 37f4 1 1 0004 ffff
1 3484 0 1 0484 ffff
1 ad64 0 1 a104 ffff
1 0018 0 1 0000 ffff
1 ae38 1 1 a000 ffff
1 0444 0 1 0444 ffff
1 0848 0 1 0848 ffff
1 abd5 1 1 a815 ffff
1 23d9 1 1 2001 ffff
1 c191 0 1 0011 ffff
1 61b9 1 1 0001 ffff
1 000a 0 1 000a ffff
1 b2d1 0 1 8211 ffff
1 201c 1 1 2000 ffff
1 420a 0 1 420a ffff
1 08c0 0 1 0800 ffff
1 62c1 0 1 0201 ffff
1 8a20 0 1 8a20 ffff
1 00c2 0 1 0002 ffff
1 5c78 1 1 4000 ffff
1 1230 0 1 1200 ffff
1 83e2 1 1 8002 ffff
1 0040 0 1 0040 ffff
1 858e 1 1 8400 ffff
1 6100 0 1 0100 ffff
1 c004 0 1 0004 ffff
1 5306 0 1 5000 ffff
1 e90c 1 1 0900 ffff
1 4431 0 1 4401 ffff
1 7400 1 1 0400 ffff
1 83c0 1 1 8000 ffff
1 e15b 1 1 0140 ffff
1 0083 0 1 0080 ffff
1 0ac6 0 1 0a00 ffff
1 9995 0 1 8015 ffff
1 4108 0 1 4108 ffff
1 80a2 0 1 80a2 ffff
1 85a4 0 1 8424 ffff
1 8060 0 1 8000 ffff
1 3b7f 1 1 0000 ffff
1 2040 0 1 2040 ffff
1 4404 0 1 4404 ffff
1 42c0 0 1 4200 ffff
1 4324 0 1 4024 ffff
1 2cad 0 1 20a1 ffff
1 9770 1 1 9000 ffff
1 d7c9 1 1 1009 ffff
1 74fe 1 1 0400 ffff
1 8c33 0 1 8000 ffff
1 8322 0 1 8022 ffff
1 b195 0 1 8015 ffff
1 d008 0 1 1008 ffff
1 0f8b 1 1 0008 ffff
1 6f14 1 1 0014 ffff
1 37bd 1 1 0001 ffff
1 a74e 1 1 a040 ffff
1 e38a 1 1 000a ffff
1 8028 0 1 8028 ffff
1 a95a 0 1 a942 ffff
1 3018 0 1 0000 ffff
1 770a 1 1 000a ffff
1 6691 0 1 0091 ffff
1 2862 0 1 2802 ffff
1 4160 0 1 4100 ffff
1 bfa8 1 1 8028 ffff
1 5840 0 1 4040 ffff
1 0261 0 1 0201 ffff
1 dfac 1 1 0020 ffff
1 d524 0 1 1524 ffff
1 58b8 1 1 4080 ffff
1 f74a 1 1 004a ffff
1 9450 0 1 9450 ffff
1 4098 0 1 4080 ffff
1 8431 0 1 8401 ffff
1 4a78 1 1 4a00 ffff
1 085d 1 1 0841 ffff
1 0721 1 1 0021 ffff
1 fcf3 1 1 0000 ffff
1 5378 1 1 5000 ffff
1 069a 0 1 0082 ffff
1 9289 0 1 9289 ffff
1 4234 0 1 4204 ffff
1 e73d 1 1 0001 ffff
1 0429 0 1 0429 ffff
1 6589 0 1 0409 ffff
1 d054 0 1 1054 ffff
1 5551 0 1 5551 ffff
1 2022 0 1 2022 ffff
1 0080 0 1 0080 ffff
1 c2a9 0 1 02a9 ffff
1 ed99 1 1 0001 ffff
1 1594 0 1 1414 ffff
1 a040 0 1 a040 ffff
1 1970 1 1 0100 ffff
1 2007 1 1 2000 ffff
1 62f7 1 1 0200 ffff
1 3d62 1 1 0102 ffff
1 0cee 1 1 0000 ffff
1 6c75 1 1 0005 ffff
1 a208 0 1 a208 ffff
1 1444 0 1 1444 ffff
1 1128 0 1 1128 ffff
1 60d4 0 1 0014 ffff
1 4098 0 1 4080 ffff
1 8be6 1 1 8800 ffff
1 0000 0 1 0000 ffff
1 6c57 1 1 0050 ffff
1 b4db 0 1 8400 ffff
1 69e9 1 1 0809 ffff
1 5020 0 1 5020 ffff
1 011c 1 1 0100 ffff
1 d319 0 1 1001 ffff
1 8d42 0 1 8142 ffff
1 c070 1 1 0000 ffff
1 4451 0 1 4451 ffff
1 dd93 1 1 0010 ffff
1 4844 0 1 4844 ffff
1 0772 1 1 0002 ffff
1 3971 1 1 0101 ffff
1 660f 1 1 0000 ffff
1 e587 1 1 0400 ffff
1 4020 0 1 4020 ffff
1 9c56 1 1 8050 ffff
1 b984 1 1 8004 ffff
1 f236 1 1 0200 ffff
1 0c20 0 1 0020 ffff
1 0448 0 1 0448 ffff
1 fa06 1 1 0200 ffff
1 8104 0 1 8104 ffff
1 84dc 1 1 8400 ffff
1 4090 0 1 4090 ffff
1 48c0 0 1 4800 ffff
1 3c95 1 1 0095 ffff
1 6d70 1 1 0100 ffff
1 e3af 1 1 0020 ffff
1 2394 1 1 2014 ffff
1 2588 0 1 2408 ffff
1 2428 0 1 2428 ffff
1 0152 0 1 0152 ffff
1 5080 0 1 5080 ffff
1 0080 0 1 0080 ffff
1 08c4 0 1 0804 ffff
1 94b8 1 1 9480 ffff
1 c9e2 1 1 0802 ffff
1 8862 0 1 8802 ffff
1 1198 0 1 1000 ffff
1 0001 0 1 0001 ffff
1 0005 0 1 0005 ffff
1 96c7 1 1 9000 ffff
1 ab9c 1 1 a800 ffff
1 0161 0 1 0101 ffff
1 085a 0 1 0842 ffff
1 ffff 1 1 0000 ffff
1 0102 0 1 0102 ffff
1 abb9 1 1 a801 ffff
1 3c20 1 1 0020 ffff
1 2403 0 1 2400 ffff
1 1b06 0 1 0000 ffff
1 54b8 1 1 5480 ffff
1 f713 1 1 0010 ffff
1 a6c2 0 1 a002 ffff
1 d85b 0 1 0040 ffff
1 3032 0 1 0002 ffff
1 3a33 1 1 0200 ffff
1 0000 0 1 0000 ffff
1 1018 0 1 1000 ffff
1 6420 0 1 0420 ffff
1 0901 0 1 0901 ffff
1 23a3 1 1 2020 ffff
1 fc16 1 1 0010 ffff
1 1046 0 1 1040 ffff
1 2775 1 1 2005 ffff
1 bb58 1 1 8040 ffff
1 0800 0 1 0800 ffff
1 80c6 0 1 8000 ffff
1 e1d9 1 1 0001 ffff
1 f22a 1 1 022a ffff
1 122b 0 1 1228 ffff
1 741b 1 1 0400 ffff
1 4684 0 1 4084 ffff
1 ecaf 1 1 00a0 ffff
1 2608 0 1 2008 ffff
1 b413 0 1 8410 ffff
1 0d6b 0 1 0108 ffff
1 9bdc 1 1 8000 ffff
1 242a 0 1 242a ffff
1 0480 0 1 0480 ffff
1 25a6 0 1 2420 ffff
1 e3f1 1 1 0001 ffff
1 a0fe 1 1 a000 ffff
1 0e7d 1 1 0001 ffff
1 4b1a 0 1 4802 ffff
1 609c 1 1 0080 ffff
1 bdc2 1 1 8002 ffff
1 e24c 1 1 0240 ffff
1 5093 0 1 5090 ffff
1 46ec 1 1 4000 ffff
1 ceec 1 1 0000 ffff
1 4a60 0 1 4a00 ffff
1 591d 1 1 4101 ffff
1 3731 1 1 0001 ffff
1 4866 0 1 4800 ffff
1 2622 0 1 2022 ffff
1 5642 0 1 5042 ffff
1 0c67 1 1 0000 ffff
1 9163 0 1 9100 ffff
1 f96c 1 1 0100 ffff
1 852b 0 1 8528 ffff
1 eaea 1 1 0a0a ffff
1 1100 0 1 1100 ffff
1 8969 0 1 8909 ffff
1 72dc 1 1 0200 ffff
1 0408 0 1 0408 ffff
1 4021 0 1 4021 ffff
1 9da9 1 1 8029 ffff
1 653d 1 1 0501 ffff
1 7efb 1 1 0000 ffff
1 3b0d 1 1 0001 ffff
1 900c 0 1 9000 ffff
1 74ad 1 1 04a1 ffff
1 2852 0 1 2852 ffff
1 002c 0 1 0020 ffff
1 5001 0 1 5001 ffff
1 90b0 0 1 9080 ffff
1 cee4 1 1 0004 ffff
1 6f4c 1 1 0040 ffff
1 4244 0 1 4244 ffff
1 0811 0 1 0811 ffff
1 9100 0 1 9100 ffff
1 4f19 1 1 4001 ffff
1 0620 0 1 0020 ffff
1 efbf 1 1 0000 ffff
1 1d84 1 1 0004 ffff
1 6ac7 1 1 0a00 ffff
1 006c 0 1 0000 ffff
1 0070 1 1 0000 ffff
1 d33b 1 1 1000 ffff
1 1028 0 1 1028 ffff
1 9844 0 1 8044 ffff
1 0c58 0 1 0040 ffff
1 8f32 1 1 8002 ffff
1 5c1d 1 1 4001 ffff
1 8109 0 1 8109 ffff
1 750b 1 1 0508 ffff
1 2282 0 1 2282 ffff
1 60a4 0 1 00a4 ffff
1 0190 0 1 0010 ffff
1 eee3 1 1 0000 ffff
1 d13d 1 1 1101 ffff
1 3608 0 1 0008 ffff
1 b7cb 1 1 8008 ffff
1 c4f7 1 1 0400 ffff
1 dac5 0 1 0205 ffff
1 7968 1 1 0108 ffff
1 fd2e 1 1 0120 ffff
1 c076 1 1 0000 ffff
1 8079 1 1 8001 ffff
1 35b1 0 1 0401 ffff
1 5085 0 1 5085 ffff
1 f247 1 1 0240 ffff
1 2804 0 1 2804 ffff
1 bdc9 1 1 8009 ffff
1 15ca 1 1 140a ffff
1 4419 0 1 4401 ffff
1 304d 0 1 0041 ffff
1 0840 0 1 0840 ffff
1 3cfa 1 1 0002 ffff
1 292b 0 1 2928 ffff
1 42a0 0 1 42a0 ffff
1 3f01 1 1 0001 ffff
1 cc8c 0 1 0080 ffff
1 9000 0 1 9000 ffff
1 71c3 1 1 0000 ffff
1 c774 1 1 0004 ffff
1 9268 0 1 9208 ffff
1 0540 0 1 0540 ffff
1 a48b 0 1 a488 ffff
1 1a66 0 1 0200 ffff
1 4d10 0 1 4110 ffff
1 b27d 1 1 8201 ffff
1 41c0 1 1 4000 ffff
1 2808 0 1 2808 ffff
1 0502 0 1 0502 ffff
1 4c82 0 1 4082 ffff
1 1481 0 1 1481 ffff
1 36c6 0 1 0000 ffff
1 1011 0 1 1011 ffff
1 7e37 1 1 0000 ffff
1 cf3c 1 1 0000 ffff
1 d007 1 1 1000 ffff
1 536b 0 1 5008 ffff
1 a127 1 1 a120 ffff
1 2a02 0 1 2a02 ffff
1 4001 0 1 4001 ffff
1 daa0 0 1 02a0 ffff
1 a2a8 0 1 a2a8 ffff
1 9342 0 1 9042 ffff
1 d07d 1 1 1001 ffff
1 4950 0 1 4950 ffff
1 2880 0 1 2880 ffff
1 1320 0 1 1020 ffff
1 14ed 1 1 1401 ffff
1 ade6 1 1 a000 ffff
1 1030 0 1 1000 ffff
1 6880 0 1 0880 ffff
1 b513 0 1 8510 ffff
1 04a6 0 1 04a0 ffff
1 e800 1 1 0800 ffff
1 68c5 0 1 0805 ffff
1 7059 1 1 0041 ffff
1 891a 0 1 8902 ffff
1 b74f 1 1 8040 ffff
1 18df 1 1 0000 ffff
1 ee5e 1 1 0040 ffff
1 2803 0 1 2800 ffff
1 915b 0 1 9140 ffff
1 2004 0 1 2004 ffff
1 06cd 0 1 0001 ffff
1 74da 1 1 0402 ffff
1 84f8 1 1 8400 ffff
1 72de 1 1 0200 ffff
1 2007 1 1 2000 ffff
1 4803 0 1 4800 ffff
1 0880 0 1 0880 ffff
1 1ef9 1 1 0001 ffff
1 0c59 0 1 0041 ffff
1 6df1 1 1 0001 ffff
1 198b 0 1 0008 ffff
1 2088 0 1 2088 ffff
1 c463 0 1 0400 ffff
1 78a8 1 1 00a8 ffff
1 2104 0 1 2104 ffff
1 c692 0 1 0092 ffff
1 23a8 1 1 2028 ffff
1 c5d7 1 1 0410 ffff
1 cec9 1 1 0009 ffff
1 0548 0 1 0548 ffff
1 0035 0 1 0005 ffff
1 030c 0 1 0000 ffff
1 572a 1 1 502a ffff
1 00b0 0 1 0080 ffff
1 4b97 1 1 4810 ffff
1 4436 0 1 4400 ffff
1 101c 1 1 1000 ffff
1 f16d 1 1 0101 ffff
1 4320 0 1 4020 ffff
1 8330 0 1 8000 ffff
1 4bb0 1 1 4800 ffff
1 ce9a 1 1 0082 ffff
1 5010 0 1 5010 ffff
1 b188 0 1 8008 ffff
1 2180 0 1 2000 ffff
1 ea7b 1 1 0a00 ffff
1 5731 1 1 5001 ffff
1 7b0a 1 1 000a ffff
1 a63b 1 1 a000 ffff
1 2400 0 1 2400 ffff
1 0840 0 1 0840 ffff
1 8408 0 1 8408 ffff
1 2113 0 1 2110 ffff
1 dad5 0 1 0215 ffff
1 283f 1 1 2800 ffff
1 0158 0 1 0140 ffff
1 0d4d 0 1 0141 ffff
1 52ab 0 1 52a8 ffff
1 5636 0 1 5000 ffff
1 a720 1 1 a020 ffff
1 6b63 0 1 0800 ffff
1 e050 1 1 0050 ffff
1 27c6 1 1 2000 ffff
1 0d9c 1 1 0000 ffff
1 a461 0 1 a401 ffff
1 bab9 1 1 8281 ffff
1 1409 0 1 1409 ffff
1 f890 1 1 0090 ffff
1 022e 1 1 0220 ffff
1 d5e9 1 1 1409 ffff
1 4c08 0 1 4008 ffff
1 73d5 1 1 0015 ffff
1 3d25 1 1 0125 ffff
1 58cc 0 1 4000 ffff
1 00c9 0 1 0009 ffff
1 b000 0 1 8000 ffff
1 d223 0 1 1220 ffff
1 50a4 0 1 50a4 ffff
1 6cb8 1 1 0080 ffff
1 2904 0 1 2904 ffff
1 8003 0 1 8000 ffff
1 8617 1 1 8010 ffff
1 289e 1 1 2880 ffff
1 65a5 0 1 0425 ffff
1 e223 1 1 0220 ffff
1 e3a1 1 1 0021 ffff
1 12cb 0 1 1208 ffff
1 fd2b 1 1 0128 ffff
1 480c 0 1 4800 ffff
1 0200 0 1 0200 ffff
1 d03b 1 1 1000 ffff
1 8281 0 1 8281 ffff
1 5200 0 1 5200 ffff
1 65c7 1 1 0400 ffff
1 5060 0 1 5000 ffff
1 93d6 1 1 9010 ffff
1 020c 0 1 0200 ffff
1 8402 0 1 8402 ffff
1 971a 1 1 9002 ffff
1 4bc0 1 1 4800 ffff
1 1169 0 1 1109 ffff
1 1bf4 1 1 0004 ffff
1 aa37 1 1 aa00 ffff
1 0f17 1 1 0010 ffff
1 c0c9 0 1 0009 ffff
1 10c9 0 1 1009 ffff
1 fc45 1 1 0045 ffff
1 8608 0 1 8008 ffff
1 0c30 0 1 0000 ffff
1 197c 1 1 0100 ffff
1 d500 0 1 1500 ffff
1 0088 0 1 0088 ffff
1 4498 0 1 4480 ffff
1 6ed5 1 1 0015 ffff
1 636b 0 1 0008 ffff
1 353b 1 1 0500 ffff
1 447a 1 1 4402 ffff
1 0051 0 1 0051 ffff
1 5233 0 1 5200 ffff
1 7c14 1 1 0014 ffff
1 1084 0 1 1084 ffff
1 e6e6 1 1 0000 ffff
1 1000 0 1 1000 ffff
1 0940 0 1 0940 ffff
1 9700 1 1 9000 ffff
1 8290 0 1 8290 ffff
1 0c68 0 1 0008 ffff
1 9200 0 1 9200 ffff
1 8020 0 1 8020 ffff
1 b46b 0 1 8408 ffff
1 05d1 1 1 0411 ffff
1 7773 1 1 0000 ffff
1 45ae 1 1 4420 ffff
1 01f0 1 1 0000 ffff
1 6409 0 1 0409 ffff
1 0013 0 1 0010 ffff
1 0010 0 1 0010 ffff
1 4019 0 1 4001 ffff
1 c000 0 1 0000 ffff
1 c1c5 1 1 0005 ffff
1 14e4 1 1 1404 ffff
1 917d 1 1 9101 ffff
1 b8f9 1 1 8001 ffff
1 8a42 0 1 8a42 ffff
1 e159 1 1 0141 ffff
1 8240 0 1 8240 ffff
1 11f1 1 1 1001 ffff
1 0240 0 1 0240 ffff
1 1008 0 1 1008 ffff
1 e14e 1 1 0140 ffff
1 7116 1 1 0110 ffff
1 1620 0 1 1020 ffff
1 0487 1 1 0480 ffff
1 6086 0 1 0080 ffff
1 88b8 1 1 8880 ffff
1 4040 0 1 4040 ffff
1 2340 0 1 2040 ffff
1 359d 1 1 0401 ffff
1 b7ea 1 1 800a ffff
1 2080 0 1 2080 ffff
1 f673 1 1 0000 ffff
1 7905 1 1 0105 ffff
1 0000 0 1 0000 ffff
1 4400 0 1 4400 ffff
1 484c 0 1 4840 ffff
1 68fd 1 1 0801 ffff
1 7071 1 1 0001 ffff
1 0181 0 1 0001 ffff
1 14d8 0 1 1400 ffff
1 51e0 1 1 5000 ffff
1 55a2 0 1 5422 ffff
1 cd74 1 1 0104 ffff
1 1826 0 1 0020 ffff
1 2000 0 1 2000 ffff
1 1020 0 1 1020 ffff
1 1ece 1 1 0000 ffff
1 7a3f 1 1 0200 ffff
1 8f0f 1 1 8000 ffff
1 0220 0 1 0220 ffff
1 0c31 0 1 0001 ffff
1 c4a9 0 1 04a9 ffff
1 c204 0 1 0204 ffff
1 000d 0 1 0001 ffff
1 1100 0 1 1100 ffff
1 706b 1 1 0008 ffff
1 8502 0 1 8502 ffff
1 c065 0 1 0005 ffff
1 31ab 0 1 0028 ffff
1 404a 0 1 404a ffff
1 1471 1 1 1401 ffff
1 689c 1 1 0880 ffff
1 20b7 1 1 2080 ffff
1 976a 1 1 900a ffff
1 3cf6 1 1 0000 ffff
1 22ae 1 1 22a0 ffff
1 65e7 1 1 0400 ffff
1 0048 0 1 0048 ffff
1 1122 0 1 1122 ffff
1 12bd 1 1 1281 ffff
1 ad8a 0 1 a00a ffff
1 9e49 1 1 8049 ffff
1 51e0 1 1 5000 ffff
1 f7d3 1 1 0010 ffff
1 5cc1 1 1 4001 ffff
1 b01a 0 1 8002 ffff
1 e0d5 1 1 0015 ffff
1 13dd 1 1 1001 ffff
1 b9d9 1 1 8001 ffff
1 2ee8 1 1 2008 ffff
1 10c1 0 1 1001 ffff
1 2d26 0 1 2120 ffff
1 0028 0 1 0028 ffff
1 ae63 1 1 a000 ffff
1 0322 0 1 0022 ffff
1 e176 1 1 0100 ffff
1 444d 0 1 4441 ffff
1 4012 0 1 4012 ffff
1 e0cd 1 1 0001 ffff
1 1804 0 1 0004 ffff
1 2e71 1 1 2001 ffff
1 6069 0 1 0009 ffff
1 0094 0 1 0094 ffff
1 20c9 0 1 2009 ffff
1 9c43 1 1 8040 ffff
1 0012 0 1 0012 ffff
1 8000 0 1 8000 ffff
1 1241 0 1 1241 ffff
1 d3c6 1 1 1000 ffff
1 3594 0 1 0414 ffff
1 4780 1 1 4000 ffff
1 1200 0 1 1200 ffff
1 008a 0 1 008a ffff
1 a038 1 1 a000 ffff
1 780e 1 1 0000 ffff
1 8204 0 1 8204 ffff
1 041f 1 1 0400 ffff
1 4080 0 1 4080 ffff
1 082c 0 1 0820 ffff
1 3a73 1 1 0200 ffff
1 8208 0 1 8208 ffff
1 002a 0 1 002a ffff
1 0431 0 1 0401 ffff
1 8442 0 1 8442 ffff
1 1284 0 1 1284 ffff
1 1842 0 1 0042 ffff
1 2402 0 1 2402 ffff
1 1920 0 1 0120 ffff
1 2115 0 1 2115 ffff
1 6af0 1 1 0a00 ffff
1 48d0 0 1 4810 ffff
1 43e8 1 1 4008 ffff
1 cefa 1 1 0002 ffff
1 1014 0 1 1014 ffff
1 8880 0 1 8880 ffff
1 010a 0 1 010a ffff
1 3060 0 1 0000 ffff
1 8146 0 1 8140 ffff
1 75ab 1 1 0428 ffff
1 f8b9 1 1 0081 ffff
1 52aa 0 1 52aa ffff
1 4088 0 1 4088 ffff
1 49df 1 1 4800 ffff
1 2e7f 1 1 2000 ffff
1 ab46 0 1 a840 ffff
1 6081 0 1 0081 ffff
1 922c 0 1 9220 ffff
1 5651 0 1 5051 ffff
1 2604 0 1 2004 ffff
1 9949 0 1 8149 ffff
1 4580 0 1 4400 ffff
1 ead9 1 1 0a01 ffff
1 1014 0 1 1014 ffff
1 85c6 1 1 8400 ffff
1 345e 1 1 0440 ffff
1 2418 0 1 2400 ffff
1 5be0 1 1 4000 ffff
1 4028 0 1 4028 ffff
1 2a60 0 1 2a00 ffff
1 2010 0 1 2010 ffff
1 9f0f 1 1 8000 ffff
1 3f03 1 1 0000 ffff
1 4109 0 1 4109 ffff
1 e31a 1 1 0002 ffff
1 0440 0 1 0440 ffff
1 49f1 1 1 4801 ffff
1 a270 1 1 a200 ffff
1 0680 0 1 0080 ffff
1 a040 0 1 a040 ffff
1 ded3 1 1 0010 ffff
1 8894 0 1 8894 ffff
1 2022 0 1 2022 ffff
1 41b9 1 1 4001 ffff
1 0040 0 1 0040 ffff
1 8548 0 1 8548 ffff
1 09fb 1 1 0800 ffff
1 cdb3 0 1 0000 ffff
1 d8d2 0 1 0012 ffff
1 f37f 1 1 0000 ffff
1 621b 0 1 0200 ffff
1 f9f3 1 1 0000 ffff
1 4929 0 1 4929 ffff
1 9bf6 1 1 8000 ffff
1 cea5 1 1 00a5 ffff
1 42b7 1 1 4280 ffff
1 8000 0 1 8000 ffff
1 6424 0 1 0424 ffff
1 0d40 0 1 0140 ffff
1 380a 1 1 000a ffff
1 9018 0 1 9000 ffff
1 4600 0 1 4000 ffff
1 72e6 1 1 0200 ffff
1 b810 1 1 8010 ffff
1 3200 0 1 0200 ffff
1 8030 0 1 8000 ffff
1 3a69 1 1 0209 ffff
1 0000 0 1 0000 ffff
1 77f4 1 1 0004 ffff
1 97e1 1 1 9001 ffff
1 1211 0 1 1211 ffff
1 3b3e 1 1 0000 ffff
1 0209 0 1 0209 ffff
1 2eb7 1 1 2080 ffff
1 ad63 0 1 a100 ffff
1 2020 0 1 2020 ffff
1 0001 0 1 0001 ffff
1 0145 0 1 0145 ffff
1 404a 0 1 404a ffff
1 7005 1 1 0005 ffff
1 2d40 0 1 2140 ffff
1 088c 0 1 0880 ffff
1 4f56 1 1 4050 ffff
1 04c8 0 1 0408 ffff
1 7a90 1 1 0290 ffff
1 b159 0 1 8141 ffff
1 2ecb 1 1 2008 ffff
1 d000 0 1 1000 ffff
1 9b28 0 1 8028 ffff
1 4043 0 1 4040 ffff
1 4402 0 1 4402 ffff
1 6fd8 1 1 0000 ffff
1 afa1 1 1 a021 ffff
1 5ff4 1 1 4004 ffff
1 1cdc 1 1 0000 ffff
1 09c4 1 1 0804 ffff
1 0000 0 1 0000 ffff
1 7520 1 1 0520 ffff
1 0024 0 1 0024 ffff
1 c619 0 1 0001 ffff
1 7e46 1 1 0040 ffff
1 6b39 1 1 0801 ffff
1 4100 0 1 4100 ffff
1 c25b 0 1 0240 ffff
1 ca98 0 1 0a80 ffff
1 898c 0 1 8800 ffff
1 5b39 1 1 4001 ffff
1 2085 0 1 2085 ffff
1 2008 0 1 2008 ffff
1 a090 0 1 a090 ffff
1 3800 1 1 0000 ffff
1 ee49 1 1 0049 ffff
1 9120 0 1 9120 ffff
1 f001 1 1 0001 ffff
1 1482 0 1 1482 ffff
1 01c8 1 1 0008 ffff
1 a800 0 1 a800 ffff
1 0021 0 1 0021 ffff
1 46ad 0 1 40a1 ffff
1 d7db 1 1 1000 ffff
1 8d02 0 1 8102 ffff
1 43a4 1 1 4024 ffff
1 729c 1 1 0280 ffff
1 3450 0 1 0450 ffff
1 5eff 1 1 4000 ffff
1 de96 1 1 0090 ffff
1 2802 0 1 2802 ffff
1 de3f 1 1 0000 ffff
1 0e8a 1 1 008a ffff
1 e638 1 1 0000 ffff
1 0447 1 1 0440 ffff
1 db80 1 1 0000 ffff
1 583a 1 1 4002 ffff
1 c604 0 1 0004 ffff
1 8cd4 0 1 8014 ffff
1 413c 1 1 4100 ffff
1 8964 0 1 8904 ffff
1 ed84 1 1 0004 ffff
1 0320 0 1 0020 ffff
1 4729 1 1 4029 ffff
1 0240 0 1 0240 ffff
1 6501 0 1 0501 ffff
1 eef2 1 1 0002 ffff
1 c84c 0 1 0840 ffff
1 4025 0 1 4025 ffff
1 2812 0 1 2812 ffff
1 094d 0 1 0941 ffff
1 8185 0 1 8005 ffff
1 a008 0 1 a008 ffff
1 4883 0 1 4880 ffff
1 4040 0 1 4040 ffff
1 48a1 0 1 48a1 ffff
1 1a98 0 1 0280 ffff
1 617f 1 1 0100 ffff
1 800b 0 1 8008 ffff
1 97e1 1 1 9001 ffff
1 531f 1 1 5000 ffff
1 8f40 1 1 8040 ffff
1 cf1e 1 1 0000 ffff
1 0364 0 1 0004 ffff
1 f22e 1 1 0220 ffff
1 4008 0 1 4008 ffff
1 6384 1 1 0004 ffff
1 8953 0 1 8950 ffff
1 f646 1 1 0040 ffff
1 09e1 1 1 0801 ffff
1 0040 0 1 0040 ffff
1 701c 1 1 0000 ffff
1 69a4 0 1 0824 ffff
1 3415 0 1 0415 ffff
1 00c5 0 1 0005 ffff
1 c901 0 1 0901 ffff
1 ce3b 1 1 0000 ffff
1 4422 0 1 4422 ffff
1 5f2a 1 1 402a ffff
1 1e21 1 1 0021 ffff
1 b1c6 1 1 8000 ffff
1 dbbb 1 1 0000 ffff
1 b076 1 1 8000 ffff
1 22d0 0 1 2210 ffff
1 88ce 1 1 8800 ffff
1 0240 0 1 0240 ffff
1 a624 0 1 a024 ffff
1 98e0 1 1 8000 ffff
1 800b 0 1 8008 ffff
1 96aa 0 1 90aa ffff
1 0d23 0 1 0120 ffff
1 1860 0 1 0000 ffff
1 8052 0 1 8052 ffff
1 8753 1 1 8050 ffff
1 0296 0 1 0290 ffff
1 5358 0 1 5040 ffff
1 a583 0 1 a400 ffff
1 43a8 1 1 4028 ffff
1 10a1 0 1 10a1 ffff
1 0020 0 1 0020 ffff
1 a27a 1 1 a202 ffff
1 cc56 0 1 0050 ffff
1 c800 0 1 0800 ffff
1 a500 0 1 a500 ffff
1 fd08 1 1 0108 ffff
1 434a 0 1 404a ffff
1 0021 0 1 0021 ffff
1 6552 0 1 0552 ffff
1 3ca0 1 1 00a0 ffff
1 108b 0 1 1088 ffff
1 1190 0 1 1010 ffff
1 9066 0 1 9000 ffff
1 0052 0 1 0052 ffff
1 1ae4 1 1 0204 ffff
1 10a3 0 1 10a0 ffff
1 0082 0 1 0082 ffff
1 8008 0 1 8008 ffff
1 8190 0 1 8010 ffff
1 0018 0 1 0000 ffff
1 9000 0 1 9000 ffff
1 4640 0 1 4040 ffff
1 dead 1 1 00a1 ffff
1 5000 0 1 5000 ffff
1 215c 1 1 2140 ffff
1 a0a2 0 1 a0a2 ffff
1 0413 0 1 0410 ffff
1 04d8 0 1 0400 ffff
1 1602 0 1 1002 ffff
1 2117 1 1 2110 ffff
1 c374 1 1 0004 ffff
1 24c1 0 1 2401 ffff
1 4235 0 1 4205 ffff
1 5088 0 1 5088 ffff
1 9e5a 1 1 8042 ffff
1 9d23 1 1 8120 ffff
1 e3b6 1 1 0000 ffff
1 0108 0 1 0108 ffff
1 6455 0 1 0455 ffff
1 ce05 1 1 0005 ffff
1 1804 0 1 0004 ffff
1 7799 1 1 0001 ffff
1 0092 0 1 0092 ffff
1 ae15 1 1 a015 ffff
1 415a 0 1 4142 ffff
1 417c 1 1 4100 ffff
1 0410 0 1 0410 ffff
1 82c4 0 1 8204 ffff
1 1a54 0 1 0254 ffff
1 8bae 1 1 8820 ffff
1 86e4 1 1 8004 ffff
1 e182 1 1 0002 ffff
1 0202 0 1 0202 ffff
1 e0fe 1 1 0000 ffff
1 4b22 0 1 4822 ffff
1 a804 0 1 a804 ffff
1 6712 1 1 0012 ffff
1 0341 0 1 0041 ffff
1 0021 0 1 0021 ffff
1 aaf0 1 1 aa00 ffff
1 b7c8 1 1 8008 ffff
1 0000 0 1 0000 ffff
1 cbb0 1 1 0800 ffff
1 130a 0 1 100a ffff
1 0028 0 1 0028 ffff
