0 00 00 0 3
0 00 01 3 3
0 00 7f 3 3
0 00 80 1 3
0 00 ff 1 3
0 01 00 1 3
0 01 01 0 3
0 01 7f 3 3
0 01 80 1 3
0 01 ff 1 3
0 7f 00 1 3
0 7f 01 1 3
0 7f 7f 0 3
0 7f 80 1 3
0 7f ff 1 3
0 80 00 3 3
0 80 01 3 3
0 80 7f 3 3
0 80 80 0 3
0 80 ff 3 3
0 ff 00 3 3
0 ff 01 3 3
0 ff 7f 3 3
0 ff 80 1 3
0 ff ff 0 3
1 50 68 3 3
1 77 d9 1 3
1 55 c9 1 3
1 01 96 1 3
1 f0 6a 3 3
1 2b 2b 0 3
1 fe 32 3 3
1 91 c5 3 3
1 51 bb 1 3
1 05 6f 3 3
1 b2 b2 0 3
1 e4 f7 3 3
1 4a dd 1 3
1 71 98 1 3
1 f1 4d 3 3
1 8c db 3 3
1 38 4b 3 3
1 45 99 1 3
1 4d 4d 0 3
1 26 7a 3 3
1 63 aa 1 3
1 46 46 0 3
1 b7 dd 3 3
1 17 e8 1 3
1 93 0e 3 3
1 03 35 3 3
1 c0 09 3 3
1 7b ad 1 3
1 78 8f 1 3
1 62 61 1 3
1 d3 7b 3 3
1 3c 68 3 3
1 ac 9e 1 3
1 d0 9c 1 3
1 b3 03 3 3
1 a4 1a 3 3
1 fb 60 3 3
1 28 b0 1 3
1 75 84 1 3
1 e4 e4 0 3
1 55 2c 1 3
1 b8 b8 0 3
1 b9 17 3 3
1 2b 2b 0 3
1 3f 3b 1 3
1 32 32 0 3
1 82 82 0 3
1 60 60 0 3
1 1d 66 3 3
1 55 40 1 3
1 6e 59 1 3
1 54 54 0 3
1 e8 28 3 3
1 65 1a 1 3
1 9e ff 3 3
1 e7 23 3 3
1 16 32 3 3
1 79 a0 1 3
1 03 26 3 3
1 e3 a9 1 3
1 eb 3c 3 3
1 bd 85 1 3
1 15 15 0 3
1 d5 d5 0 3
1 f3 be 1 3
1 d0 5a 3 3
1 e7 00 3 3
1 14 14 0 3
1 c6 6b 3 3
1 f1 45 3 3
1 3a 66 3 3
1 50 00 1 3
1 4a 4a 0 3
1 80 5f 3 3
1 38 e9 1 3
1 d8 6a 3 3
1 35 35 0 3
1 bb 39 3 3
1 4d e9 1 3
1 d4 7f 3 3
1 d2 70 3 3
1 e9 b8 1 3
1 56 47 1 3
1 9b cf 3 3
1 fe 08 3 3
1 e2 25 3 3
1 84 6d 3 3
1 84 bb 3 3
1 e3 e3 0 3
1 c4 3c 3 3
1 b7 b7 0 3
1 2e 2e 0 3
1 cd 78 3 3
1 d4 d4 0 3
1 c0 c0 0 3
1 7f d7 1 3
1 ee 2d 3 3
1 8b eb 3 3
1 bf 90 1 3
1 e6 4a 3 3
1 82 82 0 3
1 6b bd 1 3
1 88 d4 3 3
1 cd 80 1 3
1 ca ca 0 3
1 d2 16 3 3
1 23 b7 1 3
1 9b 07 3 3
1 f8 01 3 3
1 f0 6b 3 3
1 15 d8 1 3
1 11 14 3 3
1 42 c9 1 3
1 9f cb 3 3
1 32 c5 1 3
1 3a 29 1 3
1 a1 a1 0 3
1 10 50 3 3
1 52 cb 1 3
1 ae ae 0 3
1 ea aa 1 3
1 6d 3b 1 3
1 26 b0 1 3
1 52 e7 1 3
1 77 1d 1 3
1 03 03 0 3
1 10 35 3 3
1 f9 f9 0 3
1 b2 40 3 3
1 40 ac 1 3
1 38 fc 1 3
1 2c fb 1 3
1 5c 3e 1 3
1 5f bf 1 3
1 b0 b0 0 3
1 f5 3d 3 3
1 c0 c6 3 3
1 29 29 0 3
1 c5 b0 1 3
1 d2 45 3 3
1 0a 94 1 3
1 6f 06 1 3
1 53 53 0 3
1 cb 95 1 3
1 70 25 1 3
1 4f 84 1 3
1 69 58 1 3
1 a5 a5 0 3
1 bc bc 0 3
1 ce ce 0 3
1 d2 d2 0 3
1 9e 75 3 3
1 7a 7a 0 3
1 c1 0c 3 3
1 1a 3d 3 3
1 21 eb 1 3
1 13 5c 3 3
1 5d 45 1 3
1 f3 27 3 3
1 a6 54 3 3
1 bb 97 1 3
1 f8 51 3 3
1 0c 19 3 3
1 1b d4 1 3
1 2b ad 1 3
1 84 84 0 3
1 a7 fd 3 3
1 d5 b7 1 3
1 ad 00 3 3
1 65 19 1 3
1 60 d7 1 3
1 fb 9a 1 3
1 73 ce 1 3
1 db db 0 3
1 e7 ae 1 3
1 ac db 3 3
1 7c e4 1 3
1 62 b2 1 3
1 fb 52 3 3
1 fa 25 3 3
1 b6 c9 3 3
1 63 01 1 3
1 84 70 3 3
1 e4 e4 0 3
1 71 65 1 3
1 5c 5c 0 3
1 75 5d 1 3
1 37 bb 1 3
1 a3 c7 3 3
1 02 59 3 3
1 71 71 0 3
1 36 68 3 3
1 5e 0c 1 3
1 16 ef 1 3
1 a5 fd 3 3
1 4b f8 1 3
1 c7 1b 3 3
1 18 78 3 3
1 48 48 0 3
1 5e 19 1 3
1 77 90 1 3
1 3c 96 1 3
1 b6 2f 3 3
1 1e 1e 0 3
1 92 b0 3 3
1 53 13 1 3
1 4e f4 1 3
1 1d 1d 0 3
1 c4 c3 1 3
1 69 69 0 3
1 02 02 0 3
1 94 63 3 3
1 49 49 0 3
1 98 71 3 3
1 62 26 1 3
1 55 55 0 3
1 0c 0c 0 3
1 6f 17 1 3
1 47 db 1 3
1 06 92 1 3
1 32 e5 1 3
1 fd 85 1 3
1 41 56 3 3
1 33 af 1 3
1 0a 0a 0 3
1 0a c5 1 3
1 c4 db 3 3
1 ba 4f 3 3
1 bc 1b 3 3
1 25 a3 1 3
1 c0 d5 3 3
1 32 e2 1 3
1 51 f2 1 3
1 99 95 1 3
1 dc e5 3 3
1 ab 82 1 3
1 ce 05 3 3
1 78 85 1 3
1 3f ad 1 3
1 1d bf 1 3
1 bd d7 3 3
1 a9 c4 3 3
1 cc bd 1 3
1 41 f9 1 3
1 e8 fc 3 3
1 c2 c2 0 3
1 6c 36 1 3
1 64 75 3 3
1 f1 13 3 3
1 11 93 1 3
1 78 78 0 3
1 6c 6c 0 3
1 94 94 0 3
1 27 1a 1 3
1 7b 7b 0 3
1 0e 81 1 3
1 b0 48 3 3
1 2d 3b 3 3
1 cf 86 1 3
1 8b 09 3 3
1 4f a9 1 3
1 ce cf 3 3
1 ce d0 3 3
1 c1 db 3 3
1 59 a2 1 3
1 c1 f8 3 3
1 b8 b8 0 3
1 bc 51 3 3
1 d6 8a 1 3
1 39 af 1 3
1 d0 17 3 3
1 bd 67 3 3
1 67 d9 1 3
1 28 52 3 3
1 4d 5d 3 3
1 70 e1 1 3
1 8f 8c 1 3
1 5a 5a 0 3
1 c3 b4 1 3
1 d5 ae 1 3
1 16 16 0 3
1 97 07 3 3
1 04 38 3 3
1 15 39 3 3
1 48 ba 1 3
1 b5 ad 1 3
1 40 40 0 3
1 2e fe 1 3
1 18 5d 3 3
1 4b 67 3 3
1 8f 20 3 3
1 1a 5a 3 3
1 2a ed 1 3
1 6d 13 1 3
1 9d d7 3 3
1 7a 00 1 3
1 c9 32 3 3
1 b4 d8 3 3
1 52 52 0 3
1 6a 6d 3 3
1 05 05 0 3
1 65 f1 1 3
1 5f 25 1 3
1 0a 42 3 3
1 a1 54 3 3
1 9e de 3 3
1 5e 4c 1 3
1 d3 88 1 3
1 52 40 1 3
1 2a 94 1 3
1 1a 09 1 3
1 c8 a7 1 3
1 92 92 0 3
1 44 2e 1 3
1 ec 88 1 3
1 73 38 1 3
1 04 04 0 3
1 10 e7 1 3
1 4c 4c 0 3
1 f6 9f 1 3
1 a2 b8 3 3
1 02 e1 1 3
1 a5 b4 3 3
1 77 77 0 3
1 99 02 3 3
1 85 53 3 3
1 a3 c5 3 3
1 8d 0f 3 3
1 7a c1 1 3
1 c1 3f 3 3
1 9a 1e 3 3
1 8b bc 3 3
1 63 63 0 3
1 70 04 1 3
1 32 72 3 3
1 c1 51 3 3
1 00 b1 1 3
1 17 17 0 3
1 10 9f 1 3
1 39 c8 1 3
1 2e ab 1 3
1 9b b6 3 3
1 73 53 1 3
1 77 95 1 3
1 d8 9b 1 3
1 9c 39 3 3
1 64 6d 3 3
1 b2 07 3 3
1 ec ec 0 3
1 86 ab 3 3
1 eb 38 3 3
1 00 b6 1 3
1 7d b3 1 3
1 e3 74 3 3
1 a1 d7 3 3
1 8b fa 3 3
1 e7 ae 1 3
1 75 92 1 3
1 88 c5 3 3
1 c2 c2 0 3
1 c4 89 1 3
1 a9 df 3 3
1 5f 7e 3 3
1 6b 6e 3 3
1 32 d2 1 3
1 7b 4c 1 3
1 ef cc 1 3
1 2e 18 1 3
1 6a 6a 0 3
1 d7 94 1 3
1 07 07 0 3
1 84 94 3 3
1 18 eb 1 3
1 a0 4c 3 3
1 18 83 1 3
1 27 26 1 3
1 9a 52 3 3
1 e4 e4 0 3
1 f4 f4 0 3
1 a1 a1 0 3
1 27 c3 1 3
1 d6 d6 0 3
1 46 b0 1 3
1 5e b3 1 3
1 31 32 3 3
1 7b 5c 1 3
1 43 43 0 3
1 22 4f 3 3
1 76 7c 3 3
1 ba f6 3 3
1 44 54 3 3
1 fa fa 0 3
1 2b 68 3 3
1 b5 36 3 3
1 ed fa 3 3
1 b9 01 3 3
1 ad 34 3 3
1 e1 e1 0 3
1 fb fb 0 3
1 c8 c8 0 3
1 e8 7b 3 3
1 ff c8 1 3
1 34 3b 3 3
1 5e 09 1 3
1 53 53 0 3
1 e7 3e 3 3
1 7b d3 1 3
1 84 1a 3 3
1 11 a2 1 3
1 6a d8 1 3
1 89 8f 3 3
1 36 36 0 3
1 54 7d 3 3
1 31 78 3 3
1 50 13 1 3
1 a3 ef 3 3
1 4c 10 1 3
1 77 86 1 3
1 6f 32 1 3
1 75 75 0 3
1 87 c8 3 3
1 09 09 0 3
1 1d c7 1 3
1 46 49 3 3
1 00 00 0 3
1 87 9f 3 3
1 36 e0 1 3
1 ce bf 1 3
1 03 e9 1 3
1 f9 9c 1 3
1 10 89 1 3
1 86 15 3 3
1 21 32 3 3
1 b4 b4 0 3
1 c4 e4 3 3
1 b2 33 3 3
1 a7 ec 3 3
1 a7 ab 3 3
1 dd dd 0 3
1 16 16 0 3
1 95 95 0 3
1 58 3e 1 3
1 ab 0f 3 3
1 b2 0e 3 3
1 d8 d8 0 3
1 4f 37 1 3
1 b7 54 3 3
1 b8 63 3 3
1 78 7f 3 3
1 3e 78 3 3
1 1c ef 1 3
1 04 f3 1 3
1 79 f3 1 3
1 cb 1f 3 3
1 a7 30 3 3
1 3d 59 3 3
1 e8 5d 3 3
1 dd 1f 3 3
1 86 36 3 3
1 93 b7 3 3
1 1b 21 3 3
1 c6 8b 1 3
1 24 ce 1 3
1 25 1b 1 3
1 6a 6a 0 3
1 72 0e 1 3
1 22 22 0 3
1 4e 7c 3 3
1 d9 be 1 3
1 bb bb 0 3
1 a7 a7 0 3
1 2b 8f 1 3
1 6b 10 1 3
1 eb e9 1 3
1 b4 a7 1 3
1 43 e0 1 3
1 0e fe 1 3
1 79 c3 1 3
1 a8 65 3 3
1 3d 3d 0 3
1 65 82 1 3
1 91 91 0 3
1 b8 12 3 3
1 57 57 0 3
1 c3 f8 3 3
1 26 26 0 3
1 2d 07 1 3
1 b2 86 1 3
1 8b 5a 3 3
1 b5 b5 0 3
1 b1 fb 3 3
1 23 23 0 3
1 83 13 3 3
1 1f e6 1 3
1 86 36 3 3
1 62 1e 1 3
1 e4 a5 1 3
1 40 ce 1 3
1 66 d4 1 3
1 d4 d4 0 3
1 81 a2 3 3
1 ac 1a 3 3
1 fd fd 0 3
1 b4 74 3 3
1 37 37 0 3
1 cb 1c 3 3
1 6a 92 1 3
1 e9 ab 1 3
1 36 4b 3 3
1 6b 17 1 3
1 b0 56 3 3
1 e0 86 1 3
1 90 7d 3 3
1 d6 d6 0 3
1 b1 ef 3 3
1 5e ba 1 3
1 53 68 3 3
1 e7 5c 3 3
1 bf bf 0 3
1 35 35 0 3
1 02 94 1 3
1 48 48 0 3
1 e6 af 1 3
1 a9 5a 3 3
1 5d 17 1 3
1 c8 c8 0 3
1 c4 44 3 3
1 34 0f 1 3
1 d3 a7 1 3
1 b8 b3 1 3
1 02 00 1 3
1 a3 8b 1 3
1 fc 1f 3 3
1 c0 24 3 3
1 55 a9 1 3
1 36 77 3 3
1 61 e9 1 3
1 7e d5 1 3
1 ad cf 3 3
1 42 74 3 3
1 9a 8e 1 3
1 7f fd 1 3
1 d0 23 3 3
1 88 19 3 3
1 e6 e6 0 3
1 fd aa 1 3
1 67 2f 1 3
1 4a fb 1 3
1 c7 87 1 3
1 90 66 3 3
1 86 aa 3 3
1 8c c4 3 3
1 18 dc 1 3
1 31 31 0 3
1 68 ce 1 3
1 2d 57 3 3
1 be b5 1 3
1 0d 0d 0 3
1 9f 67 3 3
1 0f 32 3 3
1 87 4b 3 3
1 d7 27 3 3
1 2f b8 1 3
1 55 c5 1 3
1 99 99 0 3
1 20 27 3 3
1 8c 25 3 3
1 ad 2c 3 3
1 af cd 3 3
1 83 06 3 3
1 23 9a 1 3
1 66 68 3 3
1 c3 1e 3 3
1 1c 4c 3 3
1 6f 90 1 3
1 a5 a5 0 3
1 b9 42 3 3
1 5c d8 1 3
1 a7 da 3 3
1 e8 cf 1 3
1 37 50 3 3
1 36 7a 3 3
1 a8 95 1 3
1 f4 53 3 3
1 35 d7 1 3
1 c1 d1 3 3
1 46 57 3 3
1 ca d3 3 3
1 78 0b 1 3
1 8f e7 3 3
1 d2 73 3 3
1 9c 53 3 3
1 aa 24 3 3
1 f0 f0 0 3
1 71 46 1 3
1 11 11 0 3
1 dc c2 1 3
1 3e 99 1 3
1 ec ec 0 3
1 ce ba 1 3
1 ae 08 3 3
1 0f 0f 0 3
1 a6 a6 0 3
1 0a be 1 3
1 ff 66 3 3
1 21 20 1 3
1 7f d5 1 3
1 65 60 1 3
1 ad ad 0 3
1 3a 3a 0 3
1 04 38 3 3
1 ea ea 0 3
1 36 b4 1 3
1 87 14 3 3
1 32 16 1 3
1 74 ac 1 3
1 91 30 3 3
1 6e 59 1 3
1 ce ce 0 3
1 d8 9a 1 3
1 fa ce 1 3
1 b2 11 3 3
1 93 44 3 3
1 69 97 1 3
1 74 74 0 3
1 3a 3a 0 3
1 46 87 1 3
1 25 25 0 3
1 aa 61 3 3
1 fd da 1 3
1 6b 6b 0 3
1 b0 b3 3 3
1 04 f6 1 3
1 d2 76 3 3
1 a9 a9 0 3
1 4f 7b 3 3
1 ad 20 3 3
1 46 af 1 3
1 23 03 1 3
1 6d d8 1 3
1 21 1b 1 3
1 87 dd 3 3
1 54 03 1 3
1 93 e8 3 3
1 85 a8 3 3
1 67 94 1 3
1 54 24 1 3
1 4f 3b 1 3
1 29 42 3 3
1 c6 c6 0 3
1 ad a6 1 3
1 04 d9 1 3
1 05 a4 1 3
1 bd 41 3 3
1 05 05 0 3
1 bd ca 3 3
1 a1 2b 3 3
1 c1 c1 0 3
1 e2 59 3 3
1 75 75 0 3
1 35 7c 3 3
1 bf bf 0 3
1 e4 1d 3 3
1 24 00 1 3
1 3f 78 3 3
1 82 82 0 3
1 1d b7 1 3
1 6f 7e 3 3
1 c6 c8 3 3
1 63 87 1 3
1 c4 2d 3 3
1 0b b5 1 3
1 f4 f4 0 3
1 15 58 3 3
1 f8 f8 0 3
1 64 8b 1 3
1 e2 08 3 3
1 24 30 3 3
1 03 03 0 3
1 b7 b7 0 3
1 95 75 3 3
1 e9 e9 0 3
1 1a 6e 3 3
1 a2 9d 1 3
1 bf ee 3 3
1 d2 cd 1 3
1 c8 c8 0 3
1 04 54 3 3
1 36 8b 1 3
1 e2 e2 0 3
1 01 83 1 3
1 26 26 0 3
1 b8 4e 3 3
1 28 0b 1 3
1 b6 b0 1 3
1 92 a6 3 3
1 ab 80 1 3
1 a8 a8 0 3
1 32 32 0 3
1 76 96 1 3
1 fd f7 1 3
1 a2 a2 0 3
1 db db 0 3
1 c5 2e 3 3
1 6b 29 1 3
1 ac 49 3 3
1 69 16 1 3
1 93 e1 3 3
1 9c a4 3 3
1 93 fb 3 3
1 c4 53 3 3
1 cd 43 3 3
1 b0 b0 0 3
1 cb cb 0 3
1 1a 4e 3 3
1 dc dc 0 3
1 ea ea 0 3
1 a0 d6 3 3
1 2b 54 3 3
1 e9 cd 1 3
1 b5 1f 3 3
1 3c 37 1 3
1 fd ab 1 3
1 99 3c 3 3
1 6a c7 1 3
1 b4 7e 3 3
1 3a 9c 1 3
1 44 13 1 3
1 ce 52 3 3
1 4e 4e 0 3
1 16 16 0 3
1 aa 58 3 3
1 3d 55 3 3
1 a1 05 3 3
1 30 78 3 3
1 6a 52 1 3
1 ee 6c 3 3
1 40 e9 1 3
1 a7 e7 3 3
1 c3 9c 1 3
1 af af 0 3
1 c7 e2 3 3
1 eb d5 1 3
1 61 61 0 3
1 99 26 3 3
1 b9 9c 1 3
1 72 fb 1 3
1 c4 13 3 3
1 65 82 1 3
1 a4 a4 0 3
1 d3 76 3 3
1 42 c7 1 3
1 4b d5 1 3
1 97 97 0 3
1 9f 12 3 3
1 7a 8b 1 3
1 e7 c0 1 3
1 4f 4f 0 3
1 4a 4a 0 3
1 39 39 0 3
1 57 57 0 3
1 75 a4 1 3
1 00 e4 1 3
1 b4 4a 3 3
1 20 8f 1 3
1 20 cb 1 3
1 f9 49 3 3
1 21 d3 1 3
1 b5 4a 3 3
1 e2 5c 3 3
1 a3 a3 0 3
1 7a f2 1 3
1 25 6e 3 3
1 f5 f5 0 3
1 44 63 3 3
1 07 7c 3 3
1 57 02 1 3
1 e5 27 3 3
1 6d 7f 3 3
1 01 63 3 3
1 02 02 0 3
1 49 4a 3 3
1 5b 71 3 3
1 ab 97 1 3
1 df eb 3 3
1 3d f7 1 3
1 aa aa 0 3
1 ef d7 1 3
1 9f cf 3 3
1 82 1a 3 3
1 72 5f 1 3
1 e1 6d 3 3
1 e1 39 3 3
1 c4 94 1 3
1 d1 dd 3 3
1 08 e2 1 3
1 51 51 0 3
1 0b ce 1 3
1 f0 f0 0 3
1 cf 51 3 3
1 5f 02 1 3
1 d1 2e 3 3
1 45 eb 1 3
1 2c 35 3 3
1 a2 26 3 3
1 3a da 1 3
1 9f 5e 3 3
1 84 84 0 3
1 da 76 3 3
1 b0 da 3 3
1 07 e3 1 3
1 9c 9c 0 3
1 9f 65 3 3
1 ea ab 1 3
1 c3 a2 1 3
1 9d bc 3 3
1 21 0d 1 3
1 87 3d 3 3
1 27 38 3 3
1 db 85 1 3
1 0e b3 1 3
1 b3 f6 3 3
1 7a 35 1 3
1 e4 43 3 3
1 12 62 3 3
1 69 a7 1 3
1 b3 1e 3 3
1 89 89 0 3
1 bd f3 3 3
1 b6 b6 0 3
1 3a 4f 3 3
1 4f 24 1 3
1 bb bb 0 3
1 06 39 3 3
1 e6 66 3 3
1 26 26 0 3
1 0f 0f 0 3
1 f4 19 3 3
1 0b af 1 3
1 6d 03 1 3
1 8c fe 3 3
1 46 76 3 3
1 ac a1 1 3
1 7f e9 1 3
1 02 e7 1 3
1 4e 02 1 3
1 0b ef 1 3
1 96 a2 3 3
1 4d 2c 1 3
1 be bb 1 3
1 6f 2f 1 3
1 59 26 1 3
1 8b 8b 0 3
1 30 0e 1 3
1 3c 57 3 3
1 52 91 1 3
1 c0 f2 3 3
1 f7 a5 1 3
1 d6 d6 0 3
1 cb ae 1 3
1 0c f3 1 3
1 69 6e 3 3
1 0e 0e 0 3
1 92 4c 3 3
1 79 79 0 3
1 63 71 3 3
1 c4 87 1 3
1 f3 a5 1 3
1 77 ef 1 3
1 6d 11 1 3
1 6d 98 1 3
1 69 5a 1 3
1 2d 75 3 3
1 46 46 0 3
1 c6 c6 0 3
1 5d 86 1 3
1 48 b2 1 3
1 cd 7b 3 3
1 0b 16 3 3
1 95 ef 3 3
1 3f c2 1 3
1 17 85 1 3
1 af 6b 3 3
1 4f 35 1 3
1 85 85 0 3
1 53 e5 1 3
1 51 43 1 3
1 b1 7d 3 3
1 a8 a8 0 3
1 d3 d3 0 3
1 49 b3 1 3
1 67 e5 1 3
1 34 33 1 3
1 61 f1 1 3
1 d2 09 3 3
1 23 d6 1 3
1 c0 50 3 3
1 80 80 0 3
1 18 b1 1 3
1 d5 19 3 3
1 0f bf 1 3
1 62 59 1 3
1 e9 27 3 3
1 81 80 1 3
1 91 be 3 3
1 1a 1a 0 3
1 3f 05 1 3
1 87 87 0 3
1 0c af 1 3
1 28 28 0 3
1 10 ae 1 3
1 c1 38 3 3
1 c6 c6 0 3
1 b0 b0 0 3
1 6e 6e 0 3
1 b7 b2 1 3
1 43 75 3 3
1 cc 07 3 3
1 18 18 0 3
1 2e b9 1 3
1 d7 c0 1 3
1 0a 50 3 3
1 37 be 1 3
1 7c c9 1 3
1 d4 bb 1 3
1 70 ca 1 3
1 25 2e 3 3
1 89 d9 3 3
1 54 48 1 3
1 f3 32 3 3
1 42 b6 1 3
1 07 b1 1 3
1 b7 ae 1 3
1 f0 02 3 3
1 a1 a1 0 3
1 3a 69 3 3
1 9d c5 3 3
1 e9 e9 0 3
1 64 3a 1 3
1 15 4d 3 3
1 f1 41 3 3
1 d3 3a 3 3
1 63 2d 1 3
1 f1 14 3 3
1 7f 7f 0 3
1 88 78 3 3
1 ed cc 1 3
1 78 b8 1 3
1 a2 56 3 3
1 c3 c3 0 3
1 0e 52 3 3
1 1e 1e 0 3
1 f9 eb 1 3
1 95 95 0 3
1 4a 67 3 3
1 12 12 0 3
1 dd 09 3 3
1 4a 6b 3 3
1 54 b8 1 3
1 dd ac 1 3
1 fe 90 1 3
1 9d 6c 3 3
1 8a 9f 3 3
1 de fe 3 3
1 d2 59 3 3
1 10 60 3 3
1 76 df 1 3
1 86 57 3 3
1 bc d7 3 3
1 df 64 3 3
1 47 f5 1 3
1 70 1d 1 3
1 26 26 0 3
1 c5 62 3 3
1 6b 1f 1 3
1 ce 18 3 3
1 ef 48 3 3
1 47 47 0 3
1 ae ae 0 3
1 33 33 0 3
1 5a 5a 0 3
1 16 ed 1 3
1 2e 2e 0 3
1 97 5f 3 3
1 ab d8 3 3
1 56 56 0 3
1 8b 47 3 3
1 6e a9 1 3
1 0f e7 1 3
1 75 02 1 3
1 a8 9a 1 3
1 f7 f7 0 3
1 a6 41 3 3
1 2d 69 3 3
1 49 84 1 3
1 dd dd 0 3
1 19 59 3 3
1 e2 c4 1 3
1 d2 dd 3 3
1 a6 5c 3 3
1 9e 35 3 3
1 1f 1f 0 3
1 d6 0f 3 3
1 4d b9 1 3
1 59 59 0 3
1 e3 e3 0 3
1 36 61 3 3
1 4f 97 1 3
1 bc a0 1 3
1 2a f8 1 3
1 41 ed 1 3
1 d8 d8 0 3
1 18 86 1 3
1 d5 ba 1 3
1 ab b3 3 3
1 2c 37 3 3
1 2a ff 1 3
1 f5 92 1 3
1 af 9a 1 3
1 11 11 0 3
1 d9 c7 1 3
1 5f ab 1 3
1 79 24 1 3
1 68 68 0 3
1 4c 26 1 3
1 5c 5c 0 3
1 d6 e6 3 3
1 09 36 3 3
1 35 35 0 3
1 a6 0e 3 3
1 29 e1 1 3
1 3c 3c 0 3
1 4d 4d 0 3
1 73 20 1 3
1 70 70 0 3
1 9b 5f 3 3
1 fd 7c 3 3
1 37 52 3 3
1 b7 6b 3 3
1 c7 e8 3 3
1 cb a2 1 3
1 0e 4d 3 3
1 a0 07 3 3
1 07 e8 1 3
1 75 75 0 3
1 9e 2d 3 3
1 03 03 0 3
1 2c 9b 1 3
1 9d aa 3 3
1 a1 86 1 3
1 f1 10 3 3
1 78 8a 1 3
1 98 3f 3 3
1 73 3a 1 3
1 2b ce 1 3
1 5e 5e 0 3
1 ff 0e 3 3
1 c7 c7 0 3
1 8f e6 3 3
1 97 ba 3 3
1 70 a3 1 3
1 50 38 1 3
1 51 07 1 3
1 01 27 3 3
1 d0 d0 0 3
1 22 2b 3 3
1 83 8a 3 3
1 2f 7f 3 3
1 e9 d9 1 3
1 f5 53 3 3
1 f0 26 3 3
1 50 ce 1 3
1 f8 76 3 3
1 14 49 3 3
1 79 46 1 3
1 e2 25 3 3
1 a5 f1 3 3
1 c8 08 3 3
1 35 35 0 3
1 4c 26 1 3
1 89 89 0 3
1 4d 1a 1 3
1 c4 c4 0 3
1 22 f2 1 3
1 8f 79 3 3
1 34 17 1 3
1 c5 eb 3 3
1 35 ce 1 3
1 05 f6 1 3
1 ca ca 0 3
1 4d 4d 0 3
1 02 16 3 3
1 3f 3f 0 3
1 03 d1 1 3
1 5b 5b 0 3
1 1c 20 3 3
1 da da 0 3
1 30 73 3 3
1 93 72 3 3
1 76 6a 1 3
1 8e 0f 3 3
1 a0 a0 0 3
1 b9 ef 3 3
1 b7 64 3 3
1 35 60 3 3
1 c8 60 3 3
1 72 be 1 3
1 bd 82 1 3
1 81 81 0 3
1 3b e7 1 3
1 8c bf 3 3
1 e9 99 1 3
1 6c 23 1 3
1 3d 3d 0 3
1 10 55 3 3
1 e7 d2 1 3
1 be d7 3 3
1 55 ff 1 3
1 cc bc 1 3
1 23 ab 1 3
1 97 11 3 3
1 52 52 0 3
1 ec 32 3 3
1 4c 4c 0 3
1 ce 8a 1 3
1 6b a5 1 3
1 00 44 3 3
1 3b 8a 1 3
1 56 15 1 3
1 2e 03 1 3
1 f7 8c 1 3
1 cf 35 3 3
1 7a 5b 1 3
1 d2 5b 3 3
1 cf 3f 3 3
1 7a 7a 0 3
1 ab c6 3 3
1 9a 52 3 3
1 3a 10 1 3
1 43 85 1 3
1 32 74 3 3
1 ee d1 1 3
1 7d 26 1 3
1 92 3d 3 3
1 3c 3c 0 3
1 cf 47 3 3
1 3f 50 3 3
1 5c 0a 1 3
1 2c fc 1 3
1 8c 42 3 3
1 14 00 1 3
1 d2 7c 3 3
1 3e 2b 1 3
1 b6 5c 3 3
1 14 c9 1 3
1 22 03 1 3
1 0d 75 3 3
1 97 13 3 3
1 fa bb 1 3
1 bd d6 3 3
1 dc 8d 1 3
1 24 eb 1 3
1 9c 24 3 3
1 c9 5c 3 3
1 ea f9 3 3
1 cd b4 1 3
1 f6 f6 0 3
1 04 71 3 3
1 43 49 3 3
1 ef a6 1 3
1 6e b1 1 3
1 ee 5d 3 3
1 a6 a6 0 3
1 47 30 1 3
1 a0 a0 0 3
1 48 48 0 3
1 d8 74 3 3
1 cf cf 0 3
1 7e 7e 0 3
1 76 47 1 3
1 0b 28 3 3
1 3d 90 1 3
1 90 ed 3 3
1 40 b9 1 3
1 51 3c 1 3
1 87 89 3 3
1 34 10 1 3
1 02 cd 1 3
1 64 64 0 3
1 cf 4b 3 3
1 aa ce 3 3
1 d4 03 3 3
1 7b 12 1 3
1 9b 1e 3 3
1 5c 3b 1 3
1 b2 b2 0 3
1 54 5a 3 3
1 a6 d0 3 3
1 d8 1e 3 3
1 65 08 1 3
1 4b 53 3 3
1 d6 fb 3 3
1 92 82 1 3
1 c7 af 1 3
1 b4 b4 0 3
1 bd 70 3 3
1 95 95 0 3
1 c6 c0 1 3
1 1c 50 3 3
1 e1 e1 0 3
1 27 f3 1 3
1 6e ab 1 3
1 37 37 0 3
1 05 fa 1 3
1 07 39 3 3
1 3c 61 3 3
1 b9 7f 3 3
1 d9 b6 1 3
1 60 c1 1 3
1 8b 4b 3 3
1 27 27 0 3
1 50 1c 1 3
1 a3 60 3 3
1 71 89 1 3
1 39 39 0 3
1 b3 92 1 3
1 68 68 0 3
1 bd 46 3 3
1 88 68 3 3
1 4e e7 1 3
1 d3 aa 1 3
1 38 41 3 3
1 2f e0 1 3
1 c0 61 3 3
1 19 ba 1 3
1 fd 9a 1 3
1 de 6f 3 3
1 db d0 1 3
1 fb fb 0 3
1 ab 8f 1 3
1 2c 9c 1 3
1 e2 83 1 3
1 2f 5f 3 3
1 24 24 0 3
1 84 e5 3 3
1 d1 b8 1 3
1 c9 75 3 3
1 9a 7d 3 3
1 59 9e 1 3
1 76 40 1 3
1 16 80 1 3
1 c9 37 3 3
1 2e 6e 3 3
1 cd aa 1 3
1 5c 07 1 3
1 02 76 3 3
1 32 dd 1 3
1 d5 d5 0 3
1 3a e6 1 3
1 dd bf 1 3
1 e3 33 3 3
1 f1 ee 1 3
1 13 13 0 3
1 d6 8f 1 3
1 56 2b 1 3
1 5e 48 1 3
1 fe 4d 3 3
1 77 77 0 3
1 c9 16 3 3
1 7c b0 1 3
1 0d 0d 0 3
1 69 ae 1 3
1 dd 75 3 3
1 29 40 3 3
1 dc 28 3 3
1 2a 12 1 3
1 c1 c1 0 3
1 78 5a 1 3
1 65 25 1 3
1 a8 82 1 3
1 36 36 0 3
1 e5 89 1 3
1 1a db 1 3
1 e7 e7 0 3
1 2f 84 1 3
1 56 f7 1 3
1 55 7c 3 3
1 b7 b7 0 3
1 e1 a2 1 3
1 16 16 0 3
1 a4 d6 3 3
1 d8 0b 3 3
1 5d 5d 0 3
1 a8 a8 0 3
1 bd 6a 3 3
1 67 93 1 3
1 76 76 0 3
1 16 9e 1 3
1 c8 40 3 3
1 3b 8e 1 3
1 6d 84 1 3
1 26 5a 3 3
1 64 a3 1 3
1 b7 7c 3 3
1 b4 57 3 3
1 13 5c 3 3
1 67 e5 1 3
1 ce f5 3 3
1 40 15 1 3
1 49 5e 3 3
1 c9 f5 3 3
1 09 3b 3 3
1 00 00 0 3
1 ae aa 1 3
1 51 40 1 3
1 47 d3 1 3
1 c7 a7 1 3
1 1b 1b 0 3
1 eb 53 3 3
1 00 ff 1 3
1 22 b9 1 3
1 82 46 3 3
1 c8 c8 0 3
1 7c 7c 0 3
1 43 4f 3 3
1 9f f2 3 3
1 22 d4 1 3
1 6f 7b 3 3
1 c6 c7 3 3
1 62 c3 1 3
1 b3 b3 0 3
1 85 85 0 3
1 91 62 3 3
1 cc ab 1 3
1 93 68 3 3
1 05 64 3 3
1 80 46 3 3
1 d0 a1 1 3
1 1b 11 1 3
1 cd b3 1 3
1 c2 1f 3 3
1 f4 67 3 3
1 72 1b 1 3
1 7d 56 1 3
1 44 19 1 3
1 8c 00 3 3
1 e5 21 3 3
1 4a 6a 3 3
1 25 25 0 3
1 0c aa 1 3
1 60 9e 1 3
1 12 62 3 3
1 92 92 0 3
1 66 66 0 3
1 32 b3 1 3
1 76 4c 1 3
1 40 40 0 3
1 be ec 3 3
1 f5 b9 1 3
1 21 7b 3 3
1 d0 97 1 3
1 06 6a 3 3
1 b2 78 3 3
1 e3 63 3 3
1 a4 3b 3 3
1 ea bd 1 3
1 67 e4 1 3
1 86 c6 3 3
1 cd cd 0 3
1 b6 b6 0 3
1 17 33 3 3
1 e5 e5 0 3
1 34 34 0 3
1 70 fc 1 3
1 a2 90 1 3
1 7c f3 1 3
1 ac ea 3 3
1 18 b1 1 3
1 e7 e7 0 3
1 0a 25 3 3
1 5d 78 3 3
1 4a 5d 3 3
1 64 fc 1 3
1 71 33 1 3
1 0a 55 3 3
1 19 ec 1 3
1 8d 55 3 3
1 4f 4f 0 3
1 67 9b 1 3
1 4f a4 1 3
1 ae 9d 1 3
1 91 91 0 3
1 1c a8 1 3
1 e0 b8 1 3
1 64 7e 3 3
1 36 6c 3 3
1 a9 0a 3 3
1 cd 2b 3 3
1 c7 c7 0 3
1 9a f7 3 3
1 fb 94 1 3
1 a0 31 3 3
1 b7 b8 3 3
1 6c 13 1 3
1 d1 a2 1 3
1 66 c6 1 3
1 57 c4 1 3
1 bc e3 3 3
1 8d f7 3 3
1 d4 8c 1 3
1 10 10 0 3
1 83 58 3 3
1 23 7d 3 3
1 8b e8 3 3
1 a7 00 3 3
1 00 f7 1 3
1 df df 0 3
1 1a 34 3 3
1 3a f3 1 3
1 e5 96 1 3
1 cb 03 3 3
1 14 93 1 3
1 0a 0a 0 3
1 bd bd 0 3
1 61 4f 1 3
1 79 bb 1 3
1 5c 5c 0 3
1 8a 8b 3 3
1 a0 0f 3 3
1 68 1a 1 3
1 a8 a8 0 3
1 ec db 1 3
1 85 85 0 3
1 71 11 1 3
1 58 f0 1 3
1 05 5a 3 3
1 c2 52 3 3
1 81 2d 3 3
1 56 c3 1 3
1 4d 7b 3 3
1 84 74 3 3
1 1c 1c 0 3
1 50 b3 1 3
1 8d 3c 3 3
1 41 b0 1 3
1 2b ba 1 3
1 c9 c9 0 3
1 f4 35 3 3
1 d0 79 3 3
1 49 49 0 3
1 71 c0 1 3
1 10 d9 1 3
1 36 d8 1 3
1 dc 64 3 3
1 48 c7 1 3
1 27 bc 1 3
1 d6 d6 0 3
1 ea 59 3 3
1 a3 85 1 3
1 ea 61 3 3
1 5d 5d 0 3
1 16 16 0 3
1 9d a2 3 3
1 56 56 0 3
1 b1 9f 1 3
1 6b e1 1 3
1 0f 90 1 3
1 b1 3e 3 3
1 4d bd 1 3
1 7f 3d 1 3
1 d4 0a 3 3
1 d6 d6 0 3
1 0e ca 1 3
1 34 61 3 3
1 c3 c3 0 3
1 a7 63 3 3
1 81 81 0 3
1 9a e7 3 3
1 9e bd 3 3
1 39 b8 1 3
1 37 37 0 3
1 d1 d1 0 3
1 7e 61 1 3
1 0d 0d 0 3
1 f8 f8 0 3
1 5b 3e 1 3
1 94 94 0 3
1 c1 ba 1 3
1 5c 26 1 3
1 9b 10 3 3
1 8a 23 3 3
1 0a 0a 0 3
1 22 92 1 3
1 c8 cb 3 3
1 cf cf 0 3
1 a9 e4 3 3
1 b3 b3 0 3
1 dc dc 0 3
1 6c 61 1 3
1 2f 2b 1 3
1 2b 1f 1 3
1 2a f8 1 3
1 70 53 1 3
1 e7 e7 0 3
1 31 5a 3 3
1 48 d4 1 3
1 3d 07 1 3
1 6e be 1 3
1 6d 6d 0 3
1 02 02 0 3
1 a5 a5 0 3
1 88 88 0 3
1 5d 8a 1 3
1 20 2b 3 3
1 79 72 1 3
1 00 00 0 3
1 eb 9a 1 3
1 6a 16 1 3
1 b4 00 3 3
1 e4 2a 3 3
1 64 42 1 3
1 31 e4 1 3
1 ce ab 1 3
1 0e c3 1 3
1 b9 00 3 3
1 1e 1e 0 3
1 a2 59 3 3
1 04 f9 1 3
1 7a 90 1 3
1 46 46 0 3
1 15 3d 3 3
1 96 92 1 3
1 bb a0 1 3
1 15 15 0 3
1 db 8d 1 3
1 11 7b 3 3
1 29 f4 1 3
1 ca ca 0 3
1 0a 0a 0 3
1 da d6 1 3
1 f6 f6 0 3
1 9c 73 3 3
1 22 21 1 3
1 36 52 3 3
1 85 85 0 3
1 78 4b 1 3
1 5e 5e 0 3
1 50 bb 1 3
1 9d ac 3 3
1 cd ab 1 3
1 53 98 1 3
1 80 d5 3 3
1 20 20 0 3
1 02 fe 1 3
1 e4 38 3 3
1 ee da 1 3
1 8d ac 3 3
1 8f 59 3 3
1 d1 32 3 3
1 c9 c9 0 3
1 a1 d7 3 3
1 c8 6f 3 3
1 53 53 0 3
1 a4 07 3 3
1 e5 73 3 3
1 c8 b3 1 3
1 74 6f 1 3
1 cb 29 3 3
1 03 b1 1 3
1 23 4e 3 3
1 56 92 1 3
1 f5 3d 3 3
1 d4 bf 1 3
1 f2 98 1 3
1 37 3a 3 3
1 13 12 1 3
1 bd 63 3 3
1 da b2 1 3
1 57 57 0 3
1 43 eb 1 3
1 b2 5d 3 3
1 4f de 1 3
1 a1 46 3 3
1 4b c8 1 3
1 91 bd 3 3
1 b3 c3 3 3
1 98 88 1 3
1 98 ff 3 3
1 b9 b9 0 3
1 77 77 0 3
1 c6 c2 1 3
1 71 95 1 3
1 82 a7 3 3
1 8b 90 3 3
1 4a f6 1 3
1 10 4b 3 3
1 ee 75 3 3
1 66 66 0 3
1 c7 3d 3 3
1 e1 e1 0 3
1 fb 38 3 3
1 c3 ef 3 3
1 71 4f 1 3
1 f5 f5 0 3
1 3c d2 1 3
1 29 18 1 3
1 bc 5b 3 3
1 f7 74 3 3
1 45 f1 1 3
1 34 ba 1 3
1 97 cd 3 3
1 a8 1a 3 3
1 e9 4d 3 3
1 6f ae 1 3
1 5f 36 1 3
1 7f 85 1 3
1 be 0f 3 3
1 9e 7f 3 3
1 07 64 3 3
1 27 02 1 3
1 be be 0 3
1 32 dd 1 3
1 82 2f 3 3
1 89 4f 3 3
1 b4 43 3 3
1 08 f2 1 3
1 c0 c0 0 3
1 12 7a 3 3
1 c8 80 1 3
1 ff ff 0 3
1 ca ca 0 3
1 e3 e0 1 3
1 63 63 0 3
1 93 84 1 3
1 82 82 0 3
1 07 32 3 3
1 97 97 0 3
1 fa 36 3 3
1 9f 9f 0 3
1 f4 94 1 3
1 d4 ea 3 3
1 6d c1 1 3
1 d0 75 3 3
1 f8 fe 3 3
1 0d a6 1 3
1 64 64 0 3
1 5a 08 1 3
1 30 c6 1 3
1 f5 6c 3 3
1 7e 7e 0 3
1 62 93 1 3
1 18 2d 3 3
1 2b 77 3 3
1 e6 84 1 3
1 72 72 0 3
1 da 40 3 3
1 aa 06 3 3
1 b3 74 3 3
1 09 9f 1 3
1 18 8f 1 3
1 7b f3 1 3
1 71 3a 1 3
1 8b 97 3 3
1 7e a3 1 3
1 8a 2c 3 3
1 ec ec 0 3
1 6e 51 1 3
1 d8 f3 3 3
1 7b db 1 3
1 3e e8 1 3
1 4b 88 1 3
1 42 5a 3 3
1 35 2d 1 3
1 a4 a4 0 3
1 a7 49 3 3
1 55 59 3 3
1 f3 d3 1 3
1 44 6b 3 3
1 bd bd 0 3
1 35 e0 1 3
1 71 71 0 3
1 14 14 0 3
1 30 7d 3 3
1 b9 b9 0 3
1 bc 14 3 3
1 ea 0a 3 3
1 be 76 3 3
1 55 9b 1 3
1 90 f1 3 3
1 a5 3a 3 3
1 c1 93 1 3
1 9f 9f 0 3
1 bf 49 3 3
1 bf 1f 3 3
1 ab ab 0 3
1 f7 37 3 3
1 6e c1 1 3
1 bf 9d 1 3
1 47 f5 1 3
1 f2 8d 1 3
1 bc d9 3 3
1 aa 62 3 3
1 4c cd 1 3
1 c3 4a 3 3
1 a0 54 3 3
1 8c fd 3 3
1 d7 0b 3 3
1 c5 48 3 3
1 f7 11 3 3
1 80 80 0 3
1 04 04 0 3
1 35 35 0 3
1 91 96 3 3
1 43 84 1 3
1 6d 2c 1 3
1 c4 4f 3 3
1 8e 28 3 3
1 3e 3e 0 3
1 d6 d9 3 3
1 fe af 1 3
1 fe b4 1 3
1 aa 53 3 3
1 a5 a5 0 3
1 f0 2b 3 3
1 3b d3 1 3
1 85 e9 3 3
1 0c 0c 0 3
1 07 92 1 3
1 07 07 0 3
1 4b 1b 1 3
1 09 6b 3 3
1 06 d6 1 3
1 07 ba 1 3
1 d5 89 1 3
1 33 68 3 3
1 94 ec 3 3
1 c0 a5 1 3
1 ea ea 0 3
1 5e 12 1 3
1 e5 9e 1 3
1 60 e2 1 3
1 0c b6 1 3
1 3b e3 1 3
1 4d 6d 3 3
1 5f b1 1 3
1 af 87 1 3
1 77 cd 1 3
1 50 49 1 3
1 3d 6c 3 3
1 55 e8 1 3
1 b1 b1 0 3
1 99 ef 3 3
1 17 c0 1 3
1 99 2f 3 3
1 c0 c0 0 3
1 36 1b 1 3
1 0b 0b 0 3
1 bb 12 3 3
1 af d9 3 3
1 86 86 0 3
1 02 24 3 3
1 39 d9 1 3
1 62 ee 1 3
1 cc a3 1 3
1 34 34 0 3
1 84 84 0 3
1 b6 e2 3 3
1 e3 e3 0 3
1 6a 4f 1 3
1 34 a9 1 3
1 bd 8d 1 3
1 4f d4 1 3
1 c0 c0 0 3
1 63 ef 1 3
1 4a 06 1 3
1 29 77 3 3
1 bb ba 1 3
1 00 00 0 3
1 d7 25 3 3
1 ec 2f 3 3
1 cc 66 3 3
1 21 87 1 3
1 fe d2 1 3
1 d4 ad 1 3
1 48 9e 1 3
1 91 a5 3 3
1 73 cc 1 3
1 e9 e9 0 3
1 c2 c3 3 3
1 db 5f 3 3
1 4f 4f 0 3
1 aa aa 0 3
1 ba fa 3 3
1 61 0d 1 3
1 d0 be 1 3
1 b0 ea 3 3
1 10 ec 1 3
1 d6 d6 0 3
1 36 d6 1 3
1 16 2f 3 3
1 84 84 0 3
1 ac ac 0 3
1 23 0c 1 3
1 7b 38 1 3
1 4f 65 3 3
1 87 87 0 3
1 58 58 0 3
1 b2 44 3 3
1 7c 24 1 3
1 95 0d 3 3
1 32 2c 1 3
1 8e 12 3 3
1 dd 2e 3 3
1 f3 e5 1 3
1 6b 26 1 3
1 8f 6f 3 3
1 f9 e3 1 3
1 05 bb 1 3
1 c2 9d 1 3
1 c8 7d 3 3
1 dd d7 1 3
1 e8 7e 3 3
1 3a 2c 1 3
1 ef e1 1 3
1 ff 3f 3 3
1 5e ae 1 3
1 67 f3 1 3
1 3d 52 3 3
1 f7 f7 0 3
1 e8 db 1 3
1 52 80 1 3
1 07 03 1 3
1 33 33 0 3
1 f9 90 1 3
1 a4 a4 0 3
1 7b 36 1 3
1 07 22 3 3
1 b3 1c 3 3
1 fd 7b 3 3
1 95 18 3 3
1 be 28 3 3
1 63 f9 1 3
1 f0 45 3 3
1 c9 45 3 3
1 8e e7 3 3
1 02 89 1 3
1 ef 54 3 3
1 54 4a 1 3
1 a3 a3 0 3
1 05 13 3 3
1 bc 26 3 3
1 8c 72 3 3
1 3c 3c 0 3
1 65 a0 1 3
1 8a 4a 3 3
1 62 13 1 3
1 b1 b1 0 3
1 64 f0 1 3
1 f0 65 3 3
1 28 47 3 3
1 8a 0f 3 3
1 d2 b4 1 3
1 9a b6 3 3
1 a7 3c 3 3
1 be 5d 3 3
1 6e 4e 1 3
1 64 91 1 3
1 4c 32 1 3
1 92 77 3 3
1 e1 86 1 3
1 b1 d7 3 3
1 a2 cc 3 3
1 f6 53 3 3
1 49 49 0 3
1 dd f9 3 3
1 25 07 1 3
1 33 84 1 3
1 da 82 1 3
1 56 46 1 3
1 37 92 1 3
1 ea ea 0 3
1 10 10 0 3
1 14 14 0 3
1 73 dd 1 3
1 de 73 3 3
1 b4 29 3 3
1 cf 6e 3 3
1 7a 6f 1 3
1 07 ec 1 3
1 0f d6 1 3
1 78 78 0 3
1 ef aa 1 3
1 06 06 0 3
1 40 dc 1 3
1 ce ce 0 3
1 5f 8a 1 3
1 5f 2a 1 3
1 e0 54 3 3
1 20 20 0 3
1 0f 0f 0 3
1 06 ca 1 3
1 52 81 1 3
1 b5 f8 3 3
1 f6 a6 1 3
1 30 61 3 3
1 3d 6d 3 3
1 8b 8b 0 3
1 71 15 1 3
1 d6 3f 3 3
1 6e 23 1 3
1 22 22 0 3
1 04 8b 1 3
1 25 9c 1 3
1 7a cb 1 3
1 02 86 1 3
1 80 1f 3 3
1 b5 f7 3 3
1 68 ea 1 3
1 e3 7f 3 3
1 7e bd 1 3
1 4e d1 1 3
1 02 02 0 3
1 ab 63 3 3
1 7c 03 1 3
1 12 49 3 3
1 8a 1b 3 3
1 eb eb 0 3
1 90 cd 3 3
1 5a 17 1 3
1 8f 8f 0 3
1 e5 f9 3 3
1 1e 30 3 3
1 28 28 0 3
1 9f 40 3 3
1 d3 d3 0 3
1 35 35 0 3
1 09 09 0 3
1 1e 82 1 3
1 da 33 3 3
1 8c 8c 0 3
1 92 2e 3 3
1 34 34 0 3
1 bb bb 0 3
1 25 25 0 3
1 9b 86 1 3
1 4c 04 1 3
1 24 00 1 3
1 b5 f2 3 3
1 b9 36 3 3
1 34 52 3 3
1 51 8e 1 3
1 3d 66 3 3
1 0d b9 1 3
1 e5 c5 1 3
1 4a 29 1 3
1 26 52 3 3
1 3b 93 1 3
1 72 72 0 3
1 e8 92 1 3
1 27 6c 3 3
1 a0 7a 3 3
1 bc 02 3 3
1 ed de 1 3
1 c6 92 1 3
1 a8 75 3 3
1 10 99 1 3
1 1d 70 3 3
1 b1 37 3 3
1 8f 13 3 3
1 1c 29 3 3
1 a5 ea 3 3
1 3c 3c 0 3
1 c9 df 3 3
1 9b 71 3 3
1 72 df 1 3
1 29 29 0 3
1 c2 c3 3 3
1 f6 bc 1 3
1 69 05 1 3
1 9e 3d 3 3
1 02 12 3 3
1 7c 12 1 3
1 ac 0d 3 3
1 c6 c6 0 3
1 a1 f8 3 3
1 13 36 3 3
1 3e 23 1 3
1 d1 7f 3 3
1 cd ff 3 3
1 28 ff 1 3
1 74 1c 1 3
1 c0 c0 0 3
1 19 99 1 3
1 1e 1e 0 3
1 ba a2 1 3
1 1e c3 1 3
1 b1 06 3 3
1 ff ff 0 3
1 61 95 1 3
1 f8 25 3 3
1 de de 0 3
1 4e 9a 1 3
1 1b f1 1 3
1 b2 88 1 3
1 1c 3a 3 3
1 cd cd 0 3
1 a1 c5 3 3
1 cb dc 3 3
1 cb 8e 1 3
1 52 4c 1 3
1 8e 18 3 3
1 53 5e 3 3
1 32 74 3 3
1 d0 1d 3 3
1 d9 06 3 3
1 82 06 3 3
1 11 11 0 3
1 2c 2b 1 3
1 c0 95 1 3
1 e4 af 1 3
1 3a 91 1 3
1 7b 7b 0 3
1 25 39 3 3
1 6d a8 1 3
1 7f 7f 0 3
1 26 df 1 3
1 db 58 3 3
1 e1 26 3 3
1 6f 38 1 3
1 f4 f4 0 3
1 c5 66 3 3
1 43 43 0 3
1 e7 91 1 3
1 d5 e3 3 3
1 39 a8 1 3
1 66 66 0 3
1 ad 21 3 3
1 3c 7c 3 3
1 5b 5b 0 3
1 51 aa 1 3
1 54 0d 1 3
1 fc 9d 1 3
1 fb 5c 3 3
1 84 c7 3 3
1 73 6d 1 3
1 0f 71 3 3
1 5a 5a 0 3
1 aa d7 3 3
1 68 6e 3 3
1 cb 39 3 3
1 3e 4b 3 3
1 cc c0 1 3
1 11 bc 1 3
1 b3 a6 1 3
1 dc dd 3 3
1 ca a4 1 3
1 bb bb 0 3
1 3b 09 1 3
1 ed 41 3 3
1 04 62 3 3
1 63 73 3 3
1 08 fc 1 3
1 11 11 0 3
1 2c 0a 1 3
1 41 41 0 3
1 04 b4 1 3
1 61 d6 1 3
1 03 1b 3 3
1 b4 6c 3 3
1 e3 17 3 3
1 e9 57 3 3
1 f5 f5 0 3
1 5b 6c 3 3
1 0e dd 1 3
1 8b a4 3 3
1 9d be 3 3
1 ee ee 0 3
1 17 13 1 3
1 89 eb 3 3
1 21 6b 3 3
1 80 0d 3 3
1 d8 95 1 3
1 71 c0 1 3
1 77 c0 1 3
1 16 0b 1 3
1 f8 9e 1 3
1 98 c1 3 3
1 a6 50 3 3
1 21 21 0 3
1 07 cb 1 3
1 e5 34 3 3
1 90 55 3 3
1 eb ff 3 3
1 cb 13 3 3
1 0f 4f 3 3
1 51 6a 3 3
1 85 9d 3 3
1 90 0d 3 3
1 ae de 3 3
1 45 54 3 3
1 35 35 0 3
1 a6 06 3 3
1 fa 11 3 3
1 cf 38 3 3
1 a9 c5 3 3
1 cc f6 3 3
1 f3 28 3 3
1 40 ca 1 3
1 a4 a6 3 3
1 0d b0 1 3
1 ff a3 1 3
1 91 7b 3 3
1 0a 97 1 3
1 6d 82 1 3
1 a0 35 3 3
1 e1 47 3 3
1 8d 09 3 3
1 b8 d6 3 3
1 64 b3 1 3
1 e4 1e 3 3
1 54 69 3 3
1 73 0d 1 3
1 b4 b4 0 3
1 ad 52 3 3
1 08 08 0 3
1 0b c6 1 3
1 34 40 3 3
1 9f ff 3 3
1 48 8c 1 3
1 5c d0 1 3
1 9a d5 3 3
1 9b ef 3 3
1 d3 01 3 3
1 51 51 0 3
1 40 07 1 3
1 c4 20 3 3
1 09 b5 1 3
1 3a 4c 3 3
1 58 da 1 3
1 53 0a 1 3
1 a4 21 3 3
1 4e 4e 0 3
1 63 63 0 3
1 92 92 0 3
1 ad 9b 1 3
1 88 88 0 3
1 bd 97 1 3
1 14 1e 3 3
1 47 c1 1 3
1 d9 35 3 3
1 df cd 1 3
1 e7 ce 1 3
1 f7 59 3 3
1 b1 c7 3 3
1 9d 40 3 3
1 d6 d1 1 3
1 69 69 0 3
1 4d 9e 1 3
1 75 a6 1 3
1 26 be 1 3
1 e2 e2 0 3
1 37 37 0 3
1 e1 55 3 3
1 09 32 3 3
1 b5 e7 3 3
1 78 0b 1 3
1 f0 e1 1 3
1 b6 37 3 3
1 5b 65 3 3
1 cd da 3 3
1 a6 a9 3 3
1 ce 26 3 3
1 1d 94 1 3
1 68 68 0 3
1 a1 e3 3 3
1 fe 18 3 3
1 db 8e 1 3
1 0b 8e 1 3
1 08 5f 3 3
1 b2 04 3 3
1 ae 16 3 3
1 ff 97 1 3
1 ac 0d 3 3
1 d4 7a 3 3
1 3a 29 1 3
1 24 24 0 3
1 50 86 1 3
1 71 dd 1 3
1 78 13 1 3
1 a2 d8 3 3
1 1e 1e 0 3
1 21 64 3 3
1 38 18 1 3
1 c0 c0 0 3
1 46 05 1 3
1 79 79 0 3
1 cb cb 0 3
1 1f 1f 0 3
1 ae 47 3 3
1 85 90 3 3
1 1d 08 1 3
1 93 93 0 3
1 15 18 3 3
1 51 8e 1 3
1 42 42 0 3
1 e2 76 3 3
1 b8 e2 3 3
1 69 7d 3 3
1 db db 0 3
1 3a f8 1 3
1 32 7f 3 3
1 48 ff 1 3
1 cc 68 3 3
1 1d b9 1 3
1 8f 8f 0 3
1 1c 03 1 3
1 2d c1 1 3
1 da 77 3 3
1 4c 63 3 3
1 22 22 0 3
1 e5 6c 3 3
1 11 d7 1 3
1 88 be 3 3
1 1a 00 1 3
1 f9 54 3 3
1 35 23 1 3
1 f4 9d 1 3
1 76 03 1 3
1 b3 b3 0 3
1 12 94 1 3
1 dd 58 3 3
1 56 36 1 3
1 fd 59 3 3
1 e6 e6 0 3
1 f3 f3 0 3
1 a4 47 3 3
1 22 02 1 3
1 e9 a5 1 3
1 64 3a 1 3
1 e0 6a 3 3
1 32 32 0 3
1 f5 74 3 3
1 c4 7a 3 3
1 bd 59 3 3
1 17 07 1 3
1 12 12 0 3
1 48 a3 1 3
1 9c bf 3 3
1 8b 30 3 3
1 17 95 1 3
1 cc 60 3 3
1 6f 18 1 3
1 18 ae 1 3
1 1c 54 3 3
1 cd 92 1 3
1 7f 73 1 3
1 e2 38 3 3
1 f6 f6 0 3
1 41 6d 3 3
1 9f 01 3 3
1 bc bc 0 3
1 6c 9c 1 3
1 19 19 0 3
1 19 fe 1 3
1 9c 62 3 3
1 f2 f2 0 3
1 6a 6a 0 3
1 c5 c8 3 3
1 dc dc 0 3
1 48 5a 3 3
1 7d fb 1 3
1 c3 c5 3 3
1 79 f5 1 3
1 53 53 0 3
1 2a 51 3 3
1 54 71 3 3
1 cf 4b 3 3
1 73 9e 1 3
1 00 00 0 3
1 db 8f 1 3
1 aa 0e 3 3
1 71 7a 3 3
1 8c 24 3 3
1 4e 3f 1 3
1 61 42 1 3
1 bc e5 3 3
1 7b eb 1 3
1 f8 96 1 3
1 86 2c 3 3
1 9c 0b 3 3
1 91 e4 3 3
1 c4 c4 0 3
1 2a 0b 1 3
1 4f ad 1 3
1 4f 4f 0 3
1 db 48 3 3
1 7d 3c 1 3
1 3e 8d 1 3
1 0c 0c 0 3
1 89 54 3 3
1 e3 e3 0 3
1 6b 4c 1 3
1 7a 29 1 3
1 07 17 3 3
1 e4 f6 3 3
1 5b f4 1 3
1 71 b7 1 3
1 22 b9 1 3
1 6b 6b 0 3
1 bb bb 0 3
1 91 91 0 3
1 56 a4 1 3
1 84 cb 3 3
1 a0 38 3 3
1 d7 0e 3 3
1 f8 dd 1 3
1 43 d5 1 3
1 c6 04 3 3
1 2c bf 1 3
1 83 4b 3 3
1 cc cc 0 3
1 d5 3f 3 3
1 8e d4 3 3
1 cc cc 0 3
1 50 78 3 3
1 19 1e 3 3
1 83 0d 3 3
1 62 f4 1 3
1 96 96 0 3
1 26 16 1 3
1 17 ce 1 3
1 5f cc 1 3
1 59 55 1 3
1 9b f7 3 3
1 72 85 1 3
1 17 ba 1 3
1 f8 d7 1 3
1 68 0d 1 3
1 ce f7 3 3
1 9c 72 3 3
1 56 0a 1 3
1 34 8d 1 3
1 ca ea 3 3
1 05 05 0 3
1 08 6e 3 3
1 75 1b 1 3
1 d8 d4 1 3
1 1e 57 3 3
1 cb d2 3 3
1 07 07 0 3
1 0f 1e 3 3
1 31 e1 1 3
1 c7 88 1 3
1 8f 8f 0 3
1 d1 7d 3 3
1 7d b6 1 3
1 85 d3 3 3
1 c3 17 3 3
1 68 e2 1 3
1 84 84 0 3
1 eb d5 1 3
1 ea ea 0 3
1 62 bb 1 3
1 8b 6b 3 3
1 e0 6c 3 3
1 27 2d 3 3
1 d1 0c 3 3
1 f3 95 1 3
1 5d eb 1 3
1 21 71 3 3
1 b0 1a 3 3
1 6d 6d 0 3
1 06 62 3 3
1 5e 5e 0 3
1 3a 3a 0 3
1 69 69 0 3
1 8d ff 3 3
1 7f ae 1 3
1 2b c0 1 3
1 e6 49 3 3
1 14 e9 1 3
1 97 e8 3 3
1 c6 2a 3 3
1 64 54 1 3
1 d3 f6 3 3
1 3e df 1 3
1 6b b2 1 3
1 c3 10 3 3
1 45 03 1 3
1 94 94 0 3
1 1d bd 1 3
1 03 bd 1 3
1 e2 4d 3 3
1 bd 4e 3 3
1 62 f5 1 3
1 9f 9f 0 3
1 58 d1 1 3
1 f8 8f 1 3
1 9d d2 3 3
1 9a 0c 3 3
1 c9 f1 3 3
1 5c 0c 1 3
1 6b e6 1 3
1 42 1a 1 3
1 34 34 0 3
1 29 89 1 3
1 84 89 3 3
1 53 5c 3 3
1 7f 1c 1 3
1 ba 54 3 3
1 eb eb 0 3
1 f8 f8 0 3
1 3b f5 1 3
1 f7 f7 0 3
1 6c 62 1 3
1 f1 64 3 3
1 9d fa 3 3
1 8b ca 3 3
1 92 8a 1 3
1 5a 32 1 3
1 98 a5 3 3
1 49 dc 1 3
1 0b 3d 3 3
1 db a4 1 3
1 97 81 1 3
1 3d 3f 3 3
1 32 24 1 3
1 52 e3 1 3
1 f1 d4 1 3
1 c2 c2 0 3
1 3c 04 1 3
1 5c 09 1 3
1 78 e4 1 3
1 5a ab 1 3
1 fc 2e 3 3
1 6a 24 1 3
1 0b 9a 1 3
1 ff ad 1 3
1 5e 5e 0 3
1 d6 3c 3 3
1 ca 23 3 3
1 54 39 1 3
1 bc f9 3 3
1 38 38 0 3
1 2a 2a 0 3
1 10 6d 3 3
1 ef db 1 3
1 b1 04 3 3
1 84 70 3 3
1 e3 08 3 3
1 8e 8e 0 3
1 b5 b5 0 3
1 d0 8a 1 3
1 8e 8e 0 3
1 19 79 3 3
1 94 8d 1 3
1 bf 5d 3 3
1 f1 c7 1 3
1 86 dd 3 3
1 58 85 1 3
1 7b 7b 0 3
1 bd ea 3 3
1 ec 94 1 3
1 2e dc 1 3
1 2b 81 1 3
1 2a 2a 0 3
1 98 62 3 3
1 8c 8c 0 3
1 08 0c 3 3
1 ec ec 0 3
1 8b 12 3 3
1 41 ef 1 3
1 c0 c0 0 3
1 2e 77 3 3
1 70 90 1 3
1 4e 43 1 3
1 6f 3e 1 3
1 c2 33 3 3
1 52 06 1 3
1 82 90 3 3
1 b7 23 3 3
1 3f 5e 3 3
1 cc cc 0 3
1 c5 87 1 3
1 e3 e3 0 3
1 4a 8a 1 3
1 e9 f4 3 3
1 fd fd 0 3
1 ef 23 3 3
1 30 4a 3 3
1 42 8a 1 3
1 df 97 1 3
1 1c 0d 1 3
1 27 8a 1 3
1 a1 a1 0 3
1 de 76 3 3
1 e3 a4 1 3
1 57 c6 1 3
1 65 2d 1 3
1 c8 c8 0 3
1 6b 23 1 3
1 81 f7 3 3
1 09 a0 1 3
1 44 44 0 3
1 34 32 1 3
1 62 a1 1 3
1 cd 20 3 3
1 63 e9 1 3
1 74 f4 1 3
1 22 fd 1 3
1 ff 54 3 3
1 1b ae 1 3
1 dd 91 1 3
1 52 32 1 3
1 31 9a 1 3
1 05 2e 3 3
1 3b 3b 0 3
1 97 78 3 3
1 a1 81 1 3
1 df 99 1 3
1 67 22 1 3
1 d3 4e 3 3
1 26 97 1 3
1 bd 59 3 3
1 ab 7b 3 3
1 bb 68 3 3
1 61 50 1 3
1 16 6a 3 3
1 c2 c2 0 3
1 e9 f1 3 3
1 ff c9 1 3
1 79 76 1 3
1 33 fd 1 3
1 24 f4 1 3
1 41 94 1 3
1 6b a4 1 3
1 39 67 3 3
1 d9 46 3 3
1 87 33 3 3
1 a9 95 1 3
1 85 f9 3 3
1 e1 da 1 3
1 e9 1b 3 3
1 05 39 3 3
1 ef 5c 3 3
1 7b ef 1 3
1 72 a3 1 3
1 f7 b9 1 3
1 3c 3c 0 3
1 81 81 0 3
1 cd cd 0 3
1 d1 93 1 3
1 a9 d0 3 3
1 2d db 1 3
1 04 54 3 3
1 37 90 1 3
1 9c e1 3 3
1 93 93 0 3
1 b1 b1 0 3
1 40 87 1 3
1 4e 4e 0 3
1 25 d1 1 3
1 79 79 0 3
1 03 03 0 3
1 b5 fe 3 3
1 5b 48 1 3
1 12 12 0 3
1 90 f5 3 3
1 ee ee 0 3
1 ca a4 1 3
1 47 3e 1 3
1 9b bf 3 3
1 f2 27 3 3
1 63 63 0 3
1 25 64 3 3
1 fc 56 3 3
1 98 fc 3 3
1 4d 50 3 3
1 2b b7 1 3
1 98 ea 3 3
1 ea 2a 3 3
1 b2 b2 0 3
1 76 1f 1 3
1 96 96 0 3
1 6c b3 1 3
1 6e 4c 1 3
1 77 af 1 3
1 93 c7 3 3
1 f9 dc 1 3
1 51 30 1 3
1 10 56 3 3
1 67 d3 1 3
1 39 39 0 3
1 cf 4f 3 3
1 51 aa 1 3
1 13 25 3 3
1 db 55 3 3
1 d5 07 3 3
1 e7 4d 3 3
1 6d b4 1 3
1 30 a6 1 3
1 36 b5 1 3
1 20 ab 1 3
1 88 f0 3 3
1 2d 2d 0 3
1 a9 50 3 3
1 1e 5d 3 3
1 f2 d2 1 3
1 39 72 3 3
1 d9 4b 3 3
1 33 4b 3 3
1 30 25 1 3
1 91 25 3 3
1 de de 0 3
1 3d 8e 1 3
1 d6 87 1 3
1 ac 92 1 3
1 a5 ad 3 3
1 15 15 0 3
1 ef 0b 3 3
1 f3 e4 1 3
1 59 1e 1 3
1 25 fd 1 3
1 27 27 0 3
1 ad d8 3 3
1 cd cd 0 3
1 6a 5b 1 3
1 b7 b7 0 3
1 e4 e4 0 3
1 bb f8 3 3
1 67 88 1 3
1 9d 9d 0 3
1 78 91 1 3
1 d8 34 3 3
1 0f 73 3 3
1 53 53 0 3
1 21 b6 1 3
1 95 45 3 3
1 50 af 1 3
1 2b 06 1 3
1 cf c3 1 3
1 01 58 3 3
1 19 50 3 3
1 25 99 1 3
1 b5 b2 1 3
1 2e 38 3 3
1 26 d3 1 3
1 9b 16 3 3
1 01 4d 3 3
1 93 2e 3 3
1 58 94 1 3
1 6c 6c 0 3
1 04 22 3 3
1 dd dd 0 3
1 b3 20 3 3
1 b4 0a 3 3
1 7f 94 1 3
1 82 65 3 3
1 38 38 0 3
1 97 05 3 3
1 dc dc 0 3
1 68 81 1 3
1 4a 0a 1 3
1 58 45 1 3
1 f2 63 3 3
1 87 0e 3 3
1 80 e3 3 3
1 93 af 3 3
1 25 b6 1 3
1 d1 1f 3 3
1 01 01 0 3
1 e6 e6 0 3
1 00 48 3 3
1 b6 5c 3 3
1 ab 89 1 3
1 95 95 0 3
1 45 f1 1 3
1 da 5b 3 3
1 32 46 3 3
1 64 06 1 3
1 b1 88 1 3
1 5a e4 1 3
1 7a 84 1 3
1 3c 7a 3 3
1 78 bc 1 3
1 fc 9a 1 3
1 6b 6b 0 3
1 e4 e4 0 3
1 97 38 3 3
1 3f b9 1 3
1 0f 86 1 3
1 25 14 1 3
1 69 97 1 3
1 d4 d2 1 3
1 37 44 3 3
1 98 98 0 3
1 33 e0 1 3
1 08 60 3 3
1 d1 d1 0 3
1 c4 c4 0 3
1 42 c6 1 3
1 31 ec 1 3
1 f3 c2 1 3
1 ee 13 3 3
1 81 8b 3 3
1 55 4b 1 3
1 c0 c0 0 3
1 fc ca 1 3
1 1c 28 3 3
1 e6 0e 3 3
1 1c e8 1 3
1 49 49 0 3
1 c8 fa 3 3
1 54 ae 1 3
1 14 ae 1 3
1 dc 36 3 3
1 8a 8a 0 3
1 4e 4e 0 3
1 b3 8f 1 3
1 4c 6e 3 3
1 f4 be 1 3
1 fa 9a 1 3
1 60 81 1 3
1 8d 49 3 3
1 f0 08 3 3
1 55 55 0 3
1 3c 67 3 3
1 96 86 1 3
1 06 49 3 3
1 cf b5 1 3
1 c8 fe 3 3
1 7f 3e 1 3
1 9c 9c 0 3
1 06 58 3 3
1 4d 08 1 3
1 56 56 0 3
1 9f 09 3 3
1 f1 f1 0 3
1 89 89 0 3
1 2a 2a 0 3
1 62 a7 1 3
1 4d 12 1 3
1 15 a0 1 3
1 e4 f6 3 3
1 68 56 1 3
1 19 93 1 3
1 10 10 0 3
1 4d 19 1 3
1 e9 ce 1 3
1 ea c5 1 3
1 0c 0c 0 3
1 e4 e4 0 3
1 a6 00 3 3
1 db b7 1 3
1 54 83 1 3
1 3a 00 1 3
1 7c aa 1 3
1 bb df 3 3
1 97 6b 3 3
1 78 25 1 3
1 43 9d 1 3
1 32 44 3 3
1 f0 b0 1 3
1 3d 52 3 3
1 c5 53 3 3
1 6a a7 1 3
1 d0 26 3 3
1 42 d2 1 3
1 03 5f 3 3
1 c8 7e 3 3
1 68 d3 1 3
1 a2 12 3 3
1 cc dc 3 3
1 a7 a7 0 3
1 96 f9 3 3
1 d2 b2 1 3
1 89 89 0 3
1 d9 e9 3 3
1 46 74 3 3
1 2c fb 1 3
1 96 6a 3 3
1 04 04 0 3
1 e3 a7 1 3
1 9b 9c 3 3
1 11 80 1 3
1 c0 c0 0 3
1 06 93 1 3
1 f0 d5 1 3
1 a5 23 3 3
1 71 a3 1 3
1 a1 e7 3 3
1 97 93 1 3
1 fd 25 3 3
1 16 97 1 3
1 84 d3 3 3
1 9f 65 3 3
1 3b 1b 1 3
1 02 78 3 3
1 c6 50 3 3
1 f2 c2 1 3
1 4a f8 1 3
1 d5 99 1 3
1 91 f1 3 3
1 22 22 0 3
1 f0 70 3 3
1 10 10 0 3
1 82 7b 3 3
1 f9 ad 1 3
1 cb 1a 3 3
1 f9 11 3 3
1 2d 40 3 3
1 ff e8 1 3
1 50 2f 1 3
1 f6 22 3 3
1 46 46 0 3
1 76 47 1 3
1 11 11 0 3
1 4e 4e 0 3
1 26 1f 1 3
1 71 ac 1 3
1 3f 3f 0 3
1 f4 e8 1 3
1 69 69 0 3
1 a5 56 3 3
1 5f e3 1 3
1 37 6c 3 3
1 8d d9 3 3
1 56 79 3 3
1 b3 96 1 3
1 7c 43 1 3
1 32 32 0 3
1 ca ed 3 3
1 6a 6a 0 3
1 99 67 3 3
1 39 af 1 3
1 99 99 0 3
1 6e 9c 1 3
1 23 23 0 3
1 cf b4 1 3
1 6a 46 1 3
1 43 01 1 3
1 f3 a2 1 3
1 8f d6 3 3
1 f0 11 3 3
1 ee 17 3 3
1 4e f1 1 3
1 83 96 3 3
1 87 87 0 3
1 70 0b 1 3
1 92 b8 3 3
1 87 a4 3 3
1 36 e5 1 3
1 04 90 1 3
1 22 ad 1 3
1 49 5a 3 3
1 bf 54 3 3
1 99 6a 3 3
1 58 cf 1 3
1 21 ad 1 3
1 4c 02 1 3
1 7f 7a 1 3
1 72 20 1 3
1 7a 6f 1 3
1 56 d1 1 3
1 30 fb 1 3
1 f9 6d 3 3
1 e8 86 1 3
1 15 a1 1 3
1 a8 38 3 3
1 dc ec 3 3
1 e5 e5 0 3
1 5f 16 1 3
1 6a e7 1 3
1 11 f1 1 3
1 bd bd 0 3
1 eb fe 3 3
1 d5 8c 1 3
1 0c 3b 3 3
1 c9 59 3 3
1 14 67 3 3
1 c9 bf 1 3
1 d8 d8 0 3
1 97 97 0 3
1 7e 30 1 3
1 50 50 0 3
1 60 76 3 3
1 17 27 3 3
1 19 b9 1 3
1 26 10 1 3
1 d6 d6 0 3
1 8d 8d 0 3
1 78 db 1 3
1 fb 39 3 3
1 20 23 3 3
1 38 9f 1 3
1 26 26 0 3
1 d0 2a 3 3
1 56 c5 1 3
1 8a 8a 0 3
1 3e 3e 0 3
1 ec ec 0 3
1 20 93 1 3
1 ad bb 3 3
1 f7 cd 1 3
1 2f 07 1 3
1 86 6a 3 3
1 a5 78 3 3
1 2a 80 1 3
1 a9 a9 0 3
1 b2 df 3 3
1 64 f5 1 3
1 1c 5b 3 3
1 f3 17 3 3
1 a0 c1 3 3
1 4c 0c 1 3
1 32 8a 1 3
1 bb c8 3 3
1 0c f9 1 3
1 ac 63 3 3
1 cb 44 3 3
1 2e a2 1 3
1 16 f2 1 3
1 69 fb 1 3
1 06 06 0 3
1 a7 a7 0 3
1 36 87 1 3
1 ee 2c 3 3
1 c8 6b 3 3
1 91 eb 3 3
1 7c cb 1 3
1 47 82 1 3
1 f2 29 3 3
1 2a 4a 3 3
1 9e 69 3 3
1 6c bb 1 3
1 b7 b4 1 3
1 b8 7e 3 3
1 95 36 3 3
1 ab 68 3 3
1 80 0a 3 3
1 e6 08 3 3
1 03 03 0 3
1 0c 56 3 3
1 29 5e 3 3
1 59 b2 1 3
1 92 bb 3 3
1 70 41 1 3
1 54 5c 3 3
1 81 64 3 3
1 f6 f6 0 3
1 2c 2c 0 3
1 1c 1c 0 3
1 0a 1a 3 3
1 f4 43 3 3
1 a8 47 3 3
1 1b 1b 0 3
1 d9 26 3 3
1 7b 18 1 3
1 b9 b9 0 3
1 65 65 0 3
1 83 83 0 3
1 78 12 1 3
1 42 39 1 3
1 d0 d0 0 3
1 5f 5f 0 3
1 ed a4 1 3
1 3f a2 1 3
1 2e d1 1 3
1 3d e3 1 3
1 12 86 1 3
1 ed 98 1 3
1 fc 1b 3 3
1 b7 ba 3 3
1 8a 8a 0 3
1 31 a3 1 3
1 d8 49 3 3
1 ce ce 0 3
1 8f 15 3 3
1 d0 d0 0 3
1 ec df 1 3
1 13 13 0 3
1 18 1d 3 3
1 37 68 3 3
1 8e 51 3 3
1 15 15 0 3
1 98 42 3 3
1 1d dd 1 3
1 62 07 1 3
1 ef 9d 1 3
1 3b 3b 0 3
1 56 5b 3 3
1 f7 50 3 3
1 ac 71 3 3
1 a6 a6 0 3
1 0e 0e 0 3
1 92 92 0 3
1 aa aa 0 3
1 9e 8e 1 3
1 be 53 3 3
1 1c a9 1 3
