0 1 0 0 0 0 0 0 0 1 00 ff
1 0 1 3 1 2 0 0 1 1 08 ff
1 0 1 4 3 1 0 0 0 1 08 ff
1 0 1 5 1 3 0 0 0 1 08 ff
2 0 1 4 3 1 1 3 1 1 10 ff
3 0 1 4 1 1 0 0 0 1 10 ff
3 0 1 4 1 1 1 4 1 1 10 ff
4 0 1 0 1 2 0 0 1 1 10 ff
4 0 1 1 0 0 0 0 1 1 12 ff
4 0 1 0 0 0 0 0 1 1 12 ff
5 0 1 6 3 7 0 2 1 1 52 ff
5 0 1 4 2 7 0 5 0 1 52 ff
5 0 1 0 1 3 1 5 0 1 52 ff
5 0 1 3 5 7 0 3 1 1 5a ff
5 0 0 5 5 1 0 7 0 1 5a ff
5 0 1 7 3 6 0 1 0 1 5a ff
5 0 0 3 6 0 0 1 0 1 5a ff
5 0 0 0 4 6 0 1 0 1 5a ff
5 0 1 6 1 4 1 5 0 1 5a ff
5 0 1 0 2 6 0 3 0 1 5a ff
5 0 1 4 0 5 0 5 0 1 5a ff
5 0 1 5 3 0 1 3 1 1 72 ff
5 0 0 7 0 6 0 4 0 1 72 ff
5 0 1 2 0 3 0 2 1 1 76 ff
5 0 1 5 4 6 0 6 0 1 76 ff
5 0 1 6 2 0 0 1 0 1 76 ff
5 0 1 2 7 6 1 1 0 1 74 ff
5 0 0 4 4 0 0 2 0 1 74 ff
5 0 1 4 7 6 1 7 0 1 74 ff
5 0 1 1 3 6 1 3 0 1 74 ff
5 0 1 7 0 5 1 4 0 1 64 ff
5 0 0 0 7 4 1 5 0 1 44 ff
5 0 1 7 7 1 0 0 1 1 c4 ff
5 0 1 0 7 7 0 3 0 1 c4 ff
5 0 1 2 0 7 0 0 0 1 c4 ff
5 0 1 6 2 5 1 3 0 1 c4 ff
5 0 1 1 3 0 1 6 1 1 86 ff
5 0 1 4 1 5 0 2 0 1 86 ff
5 0 0 4 3 0 0 4 0 1 86 ff
5 0 1 7 5 7 0 3 0 1 86 ff
5 0 1 3 3 1 0 2 0 1 86 ff
5 0 1 4 1 4 0 4 0 1 86 ff
5 0 1 0 2 4 0 7 0 1 86 ff
5 0 1 2 7 3 1 4 0 1 86 ff
5 0 0 4 3 7 1 5 0 1 86 ff
5 0 0 4 7 2 0 6 0 1 86 ff
5 0 1 1 2 7 1 2 0 1 82 ff
5 0 1 1 6 6 1 4 0 1 82 ff
5 0 1 3 2 0 1 4 1 1 8a ff
5 0 1 6 3 5 0 2 0 1 8a ff
5 0 1 4 6 4 1 5 1 1 9a ff
5 0 0 7 3 7 0 0 0 1 9a ff
5 0 1 1 0 4 0 3 0 1 9a ff
5 0 1 6 5 4 1 6 0 1 9a ff
5 0 1 2 6 4 1 0 0 1 9a ff
5 0 1 2 0 7 1 7 1 1 1e ff
5 0 1 6 3 0 0 1 0 1 1e ff
5 0 1 2 6 4 0 1 0 1 1e ff
5 0 1 3 7 0 1 0 0 1 1e ff
5 0 1 1 0 6 1 7 0 1 1e ff
5 0 1 3 0 0 0 6 0 1 1e ff
5 0 1 1 6 5 1 7 0 1 1e ff
5 0 1 3 7 5 1 1 0 1 1c ff
5 0 1 4 4 0 0 0 0 1 1c ff
5 0 0 4 5 0 1 0 0 1 1c ff
5 0 0 2 3 5 0 7 0 1 1c ff
5 0 1 4 4 4 0 0 0 1 1c ff
5 0 1 3 1 1 0 4 0 1 1c ff
5 0 1 1 2 2 0 1 0 1 1c ff
5 0 0 2 3 2 1 4 0 1 0c ff
5 0 1 6 4 2 0 4 0 1 0c ff
5 0 1 5 0 3 0 2 0 1 0c ff
5 0 1 3 5 6 1 5 0 1 0c ff
5 0 1 7 3 5 1 0 0 1 0c ff
5 0 1 7 5 7 0 0 1 1 8c ff
5 0 1 3 1 2 0 6 0 1 8c ff
5 0 1 6 5 5 1 2 1 1 c8 ff
5 0 1 1 5 2 1 0 1 1 ca ff
5 0 0 1 6 0 1 3 0 1 c2 ff
5 0 1 6 6 5 1 6 1 1 c2 ff
5 0 1 1 6 2 1 2 0 1 c2 ff
5 0 1 3 7 7 0 5 0 1 c2 ff
5 0 0 6 5 3 1 7 0 1 42 ff
5 0 1 5 5 1 1 7 0 1 42 ff
5 0 1 0 1 7 0 7 0 1 42 ff
5 0 0 4 5 2 1 1 0 1 40 ff
5 0 1 7 5 2 0 2 1 1 c0 ff
5 0 1 1 3 1 1 7 1 1 42 ff
5 0 0 2 6 0 1 2 0 1 42 ff
5 0 1 2 4 0 1 0 1 1 46 ff
5 0 0 0 6 0 0 2 0 1 46 ff
5 0 1 1 1 7 1 5 0 1 46 ff
5 0 1 2 1 4 0 2 0 1 46 ff
5 0 1 1 2 5 0 0 0 1 46 ff
5 0 0 4 2 3 1 2 0 1 42 ff
5 0 1 6 2 5 1 2 0 1 42 ff
5 0 1 7 1 0 1 7 0 1 42 ff
5 0 1 4 5 6 0 6 0 1 42 ff
5 0 1 5 2 4 1 6 1 1 22 ff
5 0 1 5 5 6 0 7 0 1 22 ff
5 0 0 0 0 5 1 7 0 1 22 ff
5 0 1 5 7 3 1 4 0 1 22 ff
5 0 1 2 5 7 1 3 0 1 22 ff
5 0 1 7 5 2 0 0 0 1 22 ff
5 0 0 1 6 2 0 6 0 1 22 ff
5 0 0 4 5 3 1 5 0 1 02 ff
5 0 1 0 0 7 1 1 1 1 00 ff
5 0 1 5 3 6 0 0 1 1 20 ff
5 0 1 1 6 7 1 6 1 1 22 ff
5 0 0 7 7 0 1 4 0 1 22 ff
5 0 0 0 0 0 1 7 0 1 22 ff
5 0 0 3 5 6 1 6 0 1 22 ff
5 0 1 3 4 1 0 2 0 1 22 ff
5 0 0 6 1 5 0 0 0 1 22 ff
5 0 1 0 4 6 1 6 1 1 22 ff
5 0 1 0 6 2 0 4 1 1 22 ff
5 0 0 0 3 3 1 7 0 1 22 ff
5 0 1 5 3 1 0 7 0 1 22 ff
5 0 1 5 7 5 1 0 0 1 22 ff
5 0 1 1 5 3 0 4 0 1 22 ff
5 0 1 0 6 2 1 1 1 1 20 ff
5 0 1 2 5 4 1 6 0 1 20 ff
5 0 1 7 7 1 1 4 1 1 a0 ff
5 0 1 0 5 3 0 7 0 1 a0 ff
5 0 1 1 2 2 0 4 1 1 a2 ff
5 0 0 6 4 6 0 4 0 1 a2 ff
5 0 0 0 3 7 0 7 0 1 a2 ff
5 0 0 4 5 4 0 6 0 1 a2 ff
5 0 1 1 2 0 0 1 0 1 a2 ff
5 0 1 7 7 0 1 4 0 1 a2 ff
5 0 1 1 1 2 0 4 0 1 a2 ff
5 0 1 6 4 2 0 5 1 1 e2 ff
5 0 1 1 7 4 0 3 0 1 e2 ff
5 0 0 6 2 2 0 2 0 1 e2 ff
5 0 1 2 4 0 0 2 1 1 e6 ff
5 0 0 0 0 4 0 1 0 1 e6 ff
5 0 1 6 3 7 0 5 0 1 e6 ff
5 0 1 0 2 6 0 4 0 1 e6 ff
5 0 1 2 3 3 0 1 0 1 e6 ff
5 0 1 3 1 2 0 3 0 1 e6 ff
5 0 0 3 4 3 0 3 0 1 e6 ff
5 0 1 6 1 1 1 4 0 1 e6 ff
5 0 1 4 7 4 1 3 0 1 e6 ff
5 0 1 6 4 5 0 4 0 1 e6 ff
5 0 1 1 1 1 0 4 0 1 e6 ff
5 0 1 2 0 2 1 2 1 1 e6 ff
5 0 0 1 2 3 1 6 0 1 a6 ff
5 0 1 4 7 3 1 3 0 1 a6 ff
5 0 1 5 7 6 1 7 0 1 26 ff
5 0 1 2 6 0 0 1 0 1 26 ff
5 0 1 6 5 4 0 3 0 1 26 ff
5 0 1 2 1 0 1 2 0 1 22 ff
5 0 1 7 1 6 1 7 0 1 22 ff
5 0 1 6 3 5 1 1 0 1 20 ff
5 0 1 3 0 1 0 1 1 1 28 ff
5 0 1 4 0 6 0 1 1 1 38 ff
5 0 1 7 2 5 0 1 0 1 38 ff
5 0 1 1 4 3 0 2 0 1 38 ff
5 0 1 7 4 7 1 3 0 1 30 ff
5 0 1 4 2 2 0 1 0 1 30 ff
5 0 1 4 4 6 1 7 0 1 30 ff
5 0 1 2 4 1 1 3 0 1 30 ff
5 0 1 7 6 1 1 4 1 1 a0 ff
5 0 1 5 2 4 0 5 0 1 a0 ff
5 0 1 4 3 0 0 6 1 1 b0 ff
5 0 1 0 2 7 0 1 0 1 b0 ff
5 0 1 7 3 2 0 2 0 1 b0 ff
5 0 1 7 0 2 1 4 0 1 a0 ff
5 0 1 7 6 2 1 5 0 1 80 ff
5 0 1 1 2 3 1 4 1 1 82 ff
5 0 1 6 5 3 1 4 1 1 c2 ff
5 0 1 5 0 1 1 0 0 1 c2 ff
5 0 1 2 5 6 0 2 0 1 c2 ff
5 0 1 4 6 2 0 7 0 1 c2 ff
5 0 1 7 4 7 1 5 0 1 c2 ff
5 0 1 6 3 7 1 0 0 1 c2 ff
5 0 0 1 5 0 1 0 0 1 c2 ff
5 0 1 0 1 7 1 5 0 1 c2 ff
5 0 1 4 7 3 1 0 0 1 c2 ff
5 0 0 3 5 4 1 6 0 1 82 ff
5 0 0 7 5 2 0 1 0 1 82 ff
5 0 1 2 2 5 1 7 1 1 06 ff
5 0 0 0 7 4 0 4 0 1 06 ff
5 0 1 3 5 4 0 5 1 1 0e ff
5 0 0 4 5 5 0 1 0 1 0e ff
5 0 1 1 2 7 1 6 0 1 0e ff
5 0 1 4 0 7 1 3 1 1 16 ff
5 0 1 5 2 2 0 1 0 1 16 ff
5 0 1 3 5 7 1 4 1 1 0e ff
5 0 1 2 2 5 0 3 0 1 0e ff
5 0 1 2 3 6 0 7 0 1 0e ff
5 0 1 0 3 6 0 2 0 1 0e ff
5 0 0 1 0 7 0 3 0 1 0e ff
5 0 0 1 5 5 0 3 0 1 0e ff
5 0 1 1 7 4 0 5 0 1 0e ff
5 0 1 7 3 7 1 5 0 1 0e ff
5 0 1 6 2 5 1 5 0 1 0e ff
5 0 1 3 0 5 1 2 0 1 0a ff
5 0 1 6 2 4 0 4 1 1 4a ff
5 0 1 4 3 2 0 7 0 1 4a ff
5 0 0 7 6 7 0 3 0 1 4a ff
5 0 1 3 0 6 0 3 0 1 4a ff
5 0 1 5 3 7 0 2 0 1 4a ff
5 0 0 1 0 0 1 0 0 1 4a ff
5 0 1 4 3 0 0 7 0 1 4a ff
5 0 0 6 1 5 1 2 0 1 4a ff
5 0 1 4 0 0 1 0 1 1 5a ff
5 0 1 7 5 6 1 2 0 1 5a ff
5 0 1 4 0 6 0 0 0 1 5a ff
5 0 0 2 2 3 0 1 0 1 5a ff
5 0 1 2 7 2 1 6 1 1 1e ff
5 0 1 6 2 2 0 1 0 1 1e ff
5 0 1 4 0 4 1 3 0 1 16 ff
5 0 0 3 2 2 0 4 0 1 16 ff
5 0 1 7 7 2 0 1 0 1 16 ff
5 0 1 2 5 6 1 5 0 1 16 ff
5 0 1 5 3 4 0 0 0 1 16 ff
5 0 0 0 5 5 0 2 0 1 16 ff
5 0 1 7 5 5 1 3 1 1 96 ff
5 0 1 6 0 7 0 1 0 1 96 ff
5 0 1 3 0 3 0 4 1 1 9e ff
5 0 1 4 3 3 0 6 0 1 9e ff
5 0 1 1 5 4 0 1 0 1 9e ff
5 0 1 5 6 4 0 6 0 1 9e ff
5 0 1 2 7 0 1 1 0 1 9c ff
5 0 1 3 5 1 1 6 0 1 9c ff
5 0 1 0 2 6 1 5 0 1 9c ff
5 0 1 0 6 7 0 3 0 1 9c ff
5 0 0 4 1 2 0 0 0 1 9c ff
5 0 1 6 0 3 0 5 0 1 9c ff
5 0 1 6 6 3 0 2 0 1 9c ff
5 0 1 0 1 7 0 6 0 1 9c ff
5 0 1 7 3 1 1 1 0 1 9c ff
5 0 1 2 2 3 1 4 0 1 8c ff
5 0 1 5 1 5 0 1 1 1 ac ff
5 0 1 2 5 5 0 1 0 1 ac ff
5 0 1 6 5 6 0 6 0 1 ac ff
5 0 1 1 3 1 0 5 0 1 ac ff
5 0 0 4 7 4 0 1 0 1 ac ff
5 0 0 0 6 0 0 4 0 1 ac ff
5 0 0 0 0 5 1 0 0 1 ac ff
5 0 1 7 5 7 1 5 0 1 8c ff
5 0 1 2 3 6 0 7 0 1 8c ff
5 0 1 5 4 0 1 5 1 1 ac ff
5 0 1 4 7 6 0 4 0 1 ac ff
5 0 1 2 4 4 1 5 0 1 8c ff
5 0 1 6 0 2 0 2 0 1 8c ff
5 0 0 4 4 1 1 2 0 1 88 ff
5 0 0 5 0 6 0 6 0 1 88 ff
5 0 1 0 0 3 1 4 0 1 88 ff
5 0 1 2 0 5 1 1 1 1 8c ff
5 0 1 5 6 1 0 2 1 1 ac ff
5 0 0 3 1 6 0 4 0 1 ac ff
5 0 1 5 3 5 1 2 0 1 a8 ff
5 0 1 2 0 2 1 7 1 1 2c ff
5 0 1 1 4 4 0 3 1 1 2e ff
5 0 1 5 0 6 0 6 0 1 2e ff
5 0 1 7 2 3 0 7 0 1 2e ff
5 0 0 7 1 3 1 1 0 1 2c ff
5 0 0 2 2 7 0 0 0 1 2c ff
5 0 1 3 4 0 1 2 0 1 28 ff
5 0 0 5 4 3 0 0 0 1 28 ff
5 0 1 4 6 4 1 5 1 1 18 ff
5 0 1 5 6 7 0 4 1 1 38 ff
5 0 1 0 3 6 0 6 0 1 38 ff
5 0 1 2 1 3 1 1 0 1 38 ff
5 0 1 7 2 1 0 3 1 1 b8 ff
5 0 0 5 6 2 0 3 0 1 b8 ff
5 0 1 1 4 3 0 1 0 1 b8 ff
5 0 1 7 2 1 1 6 0 1 b8 ff
5 0 1 6 3 7 1 1 0 1 b8 ff
5 0 0 6 5 0 1 5 0 1 98 ff
5 0 1 5 3 5 0 5 0 1 98 ff
5 0 1 6 6 1 0 0 1 1 d8 ff
5 0 0 2 1 3 0 2 0 1 d8 ff
5 0 1 3 0 0 1 6 0 1 98 ff
5 0 1 1 4 4 0 6 0 1 98 ff
5 0 1 1 4 5 1 4 1 1 8a ff
5 0 1 5 6 0 0 4 1 1 aa ff
5 0 1 1 6 4 0 6 0 1 aa ff
5 0 1 6 4 6 1 5 1 1 ca ff
5 0 1 6 4 7 0 4 0 1 ca ff
5 0 1 6 3 2 1 3 0 1 c2 ff
5 0 0 5 4 7 0 6 0 1 c2 ff
5 0 1 2 0 3 0 5 1 1 c6 ff
5 0 1 1 7 7 0 5 0 1 c6 ff
5 0 1 0 5 6 0 2 0 1 c6 ff
5 0 1 3 3 7 0 7 0 1 c6 ff
5 0 0 1 1 0 1 5 0 1 c6 ff
5 0 1 1 5 0 0 2 0 1 c6 ff
5 0 1 4 5 7 1 7 1 1 56 ff
5 0 1 6 0 1 0 5 0 1 56 ff
5 0 1 1 7 4 0 5 0 1 56 ff
5 0 1 4 5 3 1 2 0 1 52 ff
5 0 1 1 5 1 0 4 0 1 52 ff
5 0 1 7 5 7 0 2 1 1 d2 ff
5 0 1 5 0 3 0 2 1 1 f2 ff
5 0 1 6 0 4 1 2 0 1 f2 ff
5 0 1 2 4 1 0 1 0 1 f2 ff
5 0 0 7 5 1 0 2 0 1 f2 ff
5 0 0 2 7 5 0 2 0 1 f2 ff
5 0 1 1 6 4 0 7 0 1 f2 ff
5 0 1 3 7 6 0 6 0 1 f2 ff
5 0 1 4 5 1 0 2 0 1 f2 ff
5 0 1 1 1 6 0 6 0 1 f2 ff
5 0 0 2 1 3 0 4 0 1 f2 ff
5 0 0 1 4 0 0 7 0 1 f2 ff
5 0 1 0 3 2 1 7 1 1 72 ff
5 0 1 5 1 4 1 2 0 1 72 ff
5 0 1 4 3 1 0 7 0 1 72 ff
5 0 1 4 4 5 1 0 0 1 72 ff
5 0 0 2 4 2 1 3 0 1 72 ff
5 0 1 6 2 4 0 2 0 1 72 ff
5 0 1 5 6 1 0 1 0 1 72 ff
5 0 1 1 1 1 0 5 0 1 72 ff
5 0 1 3 7 1 0 4 0 1 72 ff
5 0 1 2 0 6 0 7 0 1 72 ff
5 0 0 0 7 0 1 3 0 1 72 ff
5 0 1 0 5 2 0 7 0 1 72 ff
5 0 1 3 4 0 0 5 0 1 72 ff
5 0 1 3 3 0 1 1 1 1 78 ff
5 0 0 5 6 1 1 5 0 1 58 ff
5 0 0 6 2 5 0 2 0 1 58 ff
5 0 0 7 3 6 1 4 0 1 48 ff
5 0 0 4 1 1 1 4 0 1 48 ff
5 0 0 1 5 4 0 6 0 1 48 ff
5 0 0 4 6 6 1 7 0 1 48 ff
5 0 1 3 5 3 0 5 0 1 48 ff
5 0 1 3 1 7 0 1 0 1 48 ff
5 0 1 6 1 1 0 5 0 1 48 ff
5 0 1 4 3 5 0 0 0 1 48 ff
5 0 1 4 4 2 0 3 1 1 58 ff
5 0 0 6 4 6 1 4 0 1 48 ff
5 0 1 5 3 6 0 1 0 1 48 ff
5 0 1 0 1 7 0 2 1 1 48 ff
5 0 1 1 0 5 0 3 1 1 4a ff
5 0 1 1 0 3 1 0 0 1 4a ff
5 0 1 4 4 0 1 7 1 1 5a ff
5 0 1 1 5 3 1 2 0 1 5a ff
5 0 1 4 3 5 0 5 0 1 5a ff
5 0 0 1 3 5 0 4 0 1 5a ff
5 0 1 3 6 1 0 3 0 1 5a ff
5 0 1 6 5 4 0 6 0 1 5a ff
5 0 1 7 5 1 1 6 0 1 1a ff
5 0 1 6 1 0 0 3 0 1 1a ff
5 0 1 1 4 4 1 6 0 1 1a ff
5 0 1 5 1 0 0 1 0 1 1a ff
5 0 1 6 2 5 1 7 1 1 5a ff
5 0 1 4 7 6 1 7 0 1 5a ff
5 0 1 7 1 3 1 4 0 1 4a ff
5 0 1 5 7 0 1 6 1 1 2a ff
5 0 1 2 4 2 0 0 1 1 2e ff
5 0 0 7 6 4 0 1 0 1 2e ff
5 0 1 2 6 7 0 0 0 1 2e ff
5 0 1 7 0 1 1 5 0 1 0e ff
5 0 1 1 0 4 1 1 1 1 0e ff
5 0 1 6 2 0 0 0 0 1 0e ff
5 0 1 7 4 2 1 6 0 1 0e ff
5 0 1 0 4 5 0 7 1 1 0e ff
5 0 1 1 3 3 0 4 0 1 0e ff
5 0 1 0 0 3 0 1 0 1 0e ff
5 0 1 0 3 3 1 0 0 1 0e ff
5 0 1 0 2 7 1 0 0 1 0e ff
5 0 1 3 7 2 1 5 0 1 0e ff
5 0 1 1 3 5 0 3 0 1 0e ff
5 0 1 7 0 2 1 6 0 1 0e ff
5 0 1 2 3 3 0 5 0 1 0e ff
5 0 1 4 1 4 0 7 0 1 0e ff
5 0 0 1 0 4 0 6 0 1 0e ff
5 0 1 4 6 5 1 6 1 1 1e ff
5 0 1 2 7 6 0 2 0 1 1e ff
5 0 1 3 4 7 0 7 0 1 1e ff
5 0 1 7 7 3 1 2 0 1 1a ff
5 0 1 0 6 1 0 2 0 1 1a ff
5 0 1 7 4 7 0 1 0 1 1a ff
5 0 1 4 4 0 0 6 0 1 1a ff
5 0 1 0 2 2 0 1 1 1 1a ff
5 0 1 4 7 6 1 5 0 1 1a ff
5 0 1 3 6 4 1 5 0 1 1a ff
5 0 1 1 5 1 0 2 0 1 1a ff
5 0 1 4 6 0 0 1 0 1 1a ff
5 0 1 3 3 6 0 1 0 1 1a ff
5 0 1 2 2 2 1 1 1 1 1c ff
5 0 1 0 6 1 1 2 1 1 18 ff
5 0 1 3 0 2 1 7 0 1 18 ff
5 0 1 5 3 5 1 4 0 1 08 ff
5 0 0 4 2 1 0 2 0 1 08 ff
5 0 0 2 1 5 1 1 0 1 08 ff
5 0 1 5 1 7 1 6 1 1 28 ff
5 0 0 1 7 2 1 4 0 1 28 ff
5 0 1 7 6 2 1 1 1 1 a8 ff
5 0 1 2 3 2 1 5 0 1 88 ff
5 0 1 6 4 6 0 7 1 1 c8 ff
5 0 0 1 0 6 1 2 0 1 c8 ff
5 0 1 6 6 1 0 0 0 1 c8 ff
5 0 1 1 6 1 0 4 0 1 c8 ff
5 0 1 3 1 6 1 7 0 1 48 ff
5 0 1 3 5 0 0 1 0 1 48 ff
5 0 1 5 7 3 1 1 0 1 48 ff
5 0 1 0 6 7 1 2 0 1 48 ff
5 0 1 4 3 0 0 0 0 1 48 ff
5 0 0 2 1 5 0 3 0 1 48 ff
5 0 1 6 0 1 1 2 0 1 48 ff
5 0 0 1 7 7 0 0 0 1 48 ff
5 0 1 2 7 2 0 3 1 1 4c ff
5 0 1 6 7 0 0 0 0 1 4c ff
5 0 1 0 7 3 0 4 0 1 4c ff
5 0 1 2 0 3 0 1 0 1 4c ff
5 0 0 0 0 2 0 5 0 1 4c ff
5 0 1 7 2 1 0 2 0 1 4c ff
5 0 1 4 1 6 0 3 0 1 4c ff
5 0 1 1 2 4 0 4 0 1 4c ff
5 0 0 3 1 1 1 1 0 1 4c ff
5 0 1 1 7 7 0 1 1 1 4e ff
5 0 1 7 5 0 0 4 1 1 ce ff
5 0 1 3 1 0 0 4 0 1 ce ff
5 0 1 3 6 7 0 3 0 1 ce ff
5 0 1 0 4 1 1 1 1 1 cc ff
5 0 1 4 1 0 0 1 1 1 dc ff
5 0 1 2 0 1 0 4 0 1 dc ff
5 0 1 5 4 6 0 0 0 1 dc ff
5 0 1 6 2 4 0 4 0 1 dc ff
5 0 0 4 3 6 0 1 0 1 dc ff
5 0 1 1 0 7 0 0 0 1 dc ff
5 0 1 0 0 1 0 3 1 1 dc ff
5 0 1 6 5 7 0 0 0 1 dc ff
5 0 1 2 6 4 0 4 0 1 dc ff
5 0 0 0 3 2 0 0 0 1 dc ff
5 0 0 2 4 2 1 5 0 1 dc ff
5 0 0 4 7 7 0 4 0 1 dc ff
5 0 0 0 0 4 1 7 0 1 5c ff
5 0 1 0 5 3 1 0 0 1 5c ff
5 0 1 4 0 6 0 7 0 1 5c ff
5 0 1 0 6 0 0 4 0 1 5c ff
5 0 1 7 4 5 1 4 1 1 cc ff
5 0 1 1 3 5 0 0 0 1 cc ff
5 0 1 3 6 0 1 5 0 1 cc ff
5 0 1 4 3 4 0 7 0 1 cc ff
5 0 1 6 0 3 0 7 0 1 cc ff
5 0 0 6 3 7 0 1 0 1 cc ff
5 0 1 3 4 5 1 7 0 1 4c ff
5 0 1 1 2 4 0 0 0 1 4c ff
5 0 1 3 3 7 1 7 0 1 4c ff
5 0 1 4 7 6 1 0 0 1 4c ff
5 0 1 2 6 5 1 7 0 1 4c ff
5 0 0 1 2 6 0 2 0 1 4c ff
5 0 1 5 6 7 0 3 0 1 4c ff
5 0 1 0 4 1 0 2 1 1 4c ff
5 0 1 2 2 6 0 1 0 1 4c ff
5 0 1 0 4 3 0 7 0 1 4c ff
5 0 1 1 1 2 0 1 0 1 4c ff
5 0 1 5 6 6 1 3 0 1 44 ff
5 0 1 0 0 6 1 6 1 1 04 ff
5 0 1 4 4 5 0 5 1 1 14 ff
5 0 1 4 7 5 0 2 0 1 14 ff
5 0 1 1 5 5 0 4 1 1 16 ff
5 0 1 4 4 3 0 2 0 1 16 ff
5 0 1 5 6 3 1 5 1 1 36 ff
5 0 0 1 7 4 1 5 0 1 16 ff
5 0 1 7 2 6 1 1 0 1 14 ff
5 0 1 2 7 6 1 3 0 1 14 ff
5 0 1 0 2 5 1 6 0 1 14 ff
5 0 1 5 7 4 0 4 0 1 14 ff
5 0 1 4 6 0 0 1 0 1 14 ff
5 0 0 7 3 3 0 3 0 1 14 ff
5 0 0 7 1 0 1 5 0 1 14 ff
5 0 1 5 0 3 0 5 1 1 34 ff
5 0 1 6 7 4 0 1 0 1 34 ff
5 0 1 2 6 4 0 1 0 1 34 ff
5 0 1 5 3 6 1 1 0 1 34 ff
5 0 0 2 7 6 0 7 0 1 34 ff
5 0 1 4 4 2 0 5 0 1 34 ff
5 0 1 1 5 4 0 3 0 1 34 ff
5 0 1 2 4 1 1 7 0 1 34 ff
5 0 0 3 4 4 1 7 0 1 34 ff
5 0 1 3 0 2 0 5 0 1 34 ff
5 0 1 0 5 2 0 1 0 1 34 ff
5 0 1 6 7 7 1 7 1 1 74 ff
5 0 1 5 7 3 1 0 0 1 74 ff
5 0 1 2 3 0 1 2 1 1 74 ff
5 0 1 3 1 6 0 6 0 1 74 ff
5 0 1 6 3 0 1 4 0 1 64 ff
5 0 1 3 3 0 0 5 1 1 6c ff
5 0 1 2 6 5 0 4 0 1 6c ff
5 0 1 1 5 3 0 6 0 1 6c ff
5 0 1 1 6 6 1 0 0 1 6c ff
5 0 1 5 3 2 0 7 0 1 6c ff
5 0 1 0 0 7 1 4 1 1 6c ff
5 0 1 2 5 6 0 3 0 1 6c ff
5 0 1 1 4 0 1 0 1 1 6e ff
5 0 1 0 3 6 0 5 0 1 6e ff
5 0 1 1 0 1 0 2 0 1 6e ff
5 0 1 6 4 3 1 1 0 1 6c ff
5 0 1 5 3 1 1 5 0 1 4c ff
5 0 1 1 2 6 0 6 0 1 4c ff
5 0 1 1 7 4 0 1 1 1 4e ff
5 0 0 5 7 7 0 3 0 1 4e ff
5 0 0 0 3 3 1 0 0 1 4e ff
5 0 1 0 0 7 1 4 1 1 4e ff
5 0 0 1 5 5 0 3 0 1 4e ff
5 0 0 5 0 7 1 1 0 1 4c ff
5 0 1 2 6 1 1 2 0 1 48 ff
5 0 1 0 2 6 0 2 0 1 48 ff
5 0 1 4 3 7 1 3 1 1 50 ff
5 0 1 2 4 7 1 2 0 1 50 ff
5 0 0 3 2 6 1 6 0 1 10 ff
5 0 1 1 2 0 1 5 1 1 12 ff
5 0 1 5 2 7 1 6 1 1 32 ff
5 0 0 6 0 7 0 0 0 1 32 ff
5 0 1 4 0 7 1 1 0 1 30 ff
5 0 1 1 2 5 1 4 0 1 20 ff
5 0 1 3 7 0 0 3 1 1 28 ff
5 0 0 7 5 2 0 6 0 1 28 ff
5 0 1 0 3 3 1 6 0 1 28 ff
5 0 0 3 1 6 1 4 0 1 28 ff
5 0 1 6 6 5 1 0 0 1 28 ff
5 0 1 2 1 3 1 6 0 1 28 ff
5 0 1 3 5 3 1 2 0 1 28 ff
5 0 1 0 4 5 0 5 0 1 28 ff
5 0 1 6 5 4 0 7 0 1 28 ff
5 0 0 0 5 7 1 4 0 1 28 ff
5 0 1 0 5 1 0 0 0 1 28 ff
5 0 1 1 6 7 0 2 1 1 2a ff
5 0 0 0 6 7 0 4 0 1 2a ff
5 0 1 7 1 0 1 6 0 1 2a ff
5 0 1 0 7 0 0 7 1 1 2a ff
5 0 1 5 3 3 1 7 0 1 2a ff
5 0 1 4 5 1 0 0 0 1 2a ff
5 0 1 5 0 5 0 2 0 1 2a ff
5 0 0 1 7 6 0 0 0 1 2a ff
5 0 1 7 1 6 1 0 0 1 2a ff
5 0 0 2 7 5 1 7 0 1 2a ff
5 0 0 4 3 5 1 7 0 1 2a ff
5 0 1 5 5 7 0 0 0 1 2a ff
5 0 1 6 2 1 0 2 0 1 2a ff
5 0 1 0 5 0 0 1 0 1 2a ff
5 0 1 3 0 1 0 5 0 1 2a ff
5 0 1 3 2 4 1 0 0 1 2a ff
5 0 1 3 0 2 0 3 0 1 2a ff
5 0 0 6 1 7 1 5 0 1 0a ff
5 0 1 2 0 7 0 1 1 1 0e ff
5 0 1 2 2 1 0 3 0 1 0e ff
5 0 1 1 5 4 1 6 0 1 0e ff
5 0 1 0 5 3 0 2 0 1 0e ff
5 0 1 7 0 1 0 1 0 1 0e ff
5 0 1 6 1 1 0 1 0 1 0e ff
5 0 1 3 1 2 0 4 0 1 0e ff
5 0 1 4 6 4 0 6 1 1 1e ff
5 0 1 2 6 4 0 5 0 1 1e ff
5 0 0 6 3 5 0 4 0 1 1e ff
5 0 1 5 1 3 0 5 0 1 1e ff
5 0 0 2 4 4 0 5 0 1 1e ff
5 0 1 1 0 3 1 3 0 1 16 ff
5 0 1 6 0 3 1 7 1 1 56 ff
5 0 0 1 6 3 0 2 0 1 56 ff
5 0 1 2 0 1 0 2 0 1 56 ff
5 0 1 7 7 2 0 4 0 1 56 ff
5 0 0 6 5 4 1 0 0 1 56 ff
5 0 1 2 4 1 1 7 0 1 56 ff
5 0 1 1 4 6 0 3 0 1 56 ff
5 0 1 2 1 0 1 4 0 1 46 ff
5 1 1 6 5 5 0 5 0 1 00 ff
5 0 1 2 6 2 0 6 1 1 04 ff
5 0 1 7 3 7 0 2 1 1 84 ff
5 0 0 0 7 5 0 1 0 1 84 ff
5 0 1 5 7 6 0 3 0 1 84 ff
5 0 1 1 3 3 0 0 1 1 86 ff
5 0 1 2 7 5 0 4 0 1 86 ff
5 0 0 7 6 5 1 5 0 1 86 ff
5 0 1 0 2 1 0 7 0 1 86 ff
5 0 1 5 1 2 0 7 0 1 86 ff
5 0 1 6 1 0 1 1 1 1 c4 ff
5 0 1 4 3 5 0 2 1 1 d4 ff
5 0 1 1 7 0 1 2 0 1 d0 ff
5 0 1 0 0 1 1 0 1 1 d0 ff
5 0 1 0 3 3 1 2 1 1 d0 ff
5 0 0 4 1 5 1 7 0 1 50 ff
5 0 1 5 3 0 0 2 1 1 70 ff
5 0 1 1 7 5 1 1 0 1 70 ff
5 0 1 7 1 0 1 0 1 1 f0 ff
5 0 1 1 4 1 0 3 0 1 f0 ff
5 0 1 0 0 0 0 7 1 1 f0 ff
5 0 1 1 1 5 0 7 0 1 f0 ff
5 0 1 1 7 4 0 1 0 1 f0 ff
5 0 1 6 3 4 1 0 0 1 f0 ff
5 0 1 3 4 5 0 5 0 1 f0 ff
5 0 0 0 0 1 1 6 0 1 b0 ff
5 0 1 2 0 0 0 0 1 1 b4 ff
5 0 0 6 6 0 0 5 0 1 b4 ff
5 0 1 7 7 0 1 4 0 1 a4 ff
5 0 1 2 7 0 0 2 0 1 a4 ff
5 0 1 2 5 7 0 4 0 1 a4 ff
5 0 1 3 0 5 0 1 0 1 a4 ff
5 0 1 0 5 3 1 5 1 1 84 ff
5 0 1 3 5 1 0 2 1 1 8c ff
5 0 1 7 1 3 0 7 0 1 8c ff
5 0 0 6 2 6 0 0 0 1 8c ff
5 0 1 7 4 7 1 2 0 1 88 ff
5 0 1 6 1 1 0 5 1 1 c8 ff
5 0 1 5 1 0 0 6 1 1 e8 ff
5 0 1 6 4 5 1 4 0 1 e8 ff
5 0 0 7 4 1 0 1 0 1 e8 ff
5 0 1 1 1 3 0 5 0 1 e8 ff
5 0 1 3 2 0 0 4 0 1 e8 ff
5 0 1 3 7 5 1 2 0 1 e8 ff
5 0 0 1 1 4 0 0 0 1 e8 ff
5 0 0 3 3 6 0 4 0 1 e8 ff
5 0 1 1 7 7 1 0 0 1 e8 ff
5 0 1 5 5 7 1 4 0 1 e8 ff
5 0 0 0 7 3 1 0 0 1 e8 ff
5 0 1 7 7 6 0 2 0 1 e8 ff
5 0 1 0 0 6 0 4 0 1 e8 ff
5 0 0 0 5 5 0 3 0 1 e8 ff
5 0 1 4 0 1 0 1 1 1 f8 ff
5 0 1 5 3 2 0 3 0 1 f8 ff
5 0 1 1 7 7 0 2 0 1 f8 ff
5 0 0 7 5 6 1 4 0 1 e8 ff
5 0 0 7 2 1 0 0 0 1 e8 ff
5 0 1 0 1 3 0 2 0 1 e8 ff
5 0 1 1 5 2 0 1 0 1 e8 ff
5 0 1 0 1 1 0 2 1 1 e8 ff
5 0 1 5 6 2 0 5 0 1 e8 ff
5 0 1 5 5 5 0 3 0 1 e8 ff
5 0 1 7 3 6 1 0 0 1 e8 ff
5 0 1 7 3 6 0 0 0 1 e8 ff
5 0 1 5 6 6 0 4 0 1 e8 ff
5 0 1 4 4 7 0 3 0 1 e8 ff
5 0 1 2 3 6 0 1 0 1 e8 ff
5 0 0 3 5 2 1 6 0 1 a8 ff
5 0 1 4 7 1 0 5 0 1 a8 ff
5 0 0 2 0 7 0 0 0 1 a8 ff
5 0 1 1 6 6 0 4 1 1 aa ff
5 0 1 5 6 5 0 2 0 1 aa ff
5 0 1 5 0 2 1 1 0 1 a8 ff
5 0 0 6 2 5 0 6 0 1 a8 ff
5 0 1 0 7 3 0 3 0 1 a8 ff
5 0 1 6 4 6 1 0 1 1 e8 ff
5 0 1 4 2 4 0 3 1 1 f8 ff
5 0 1 7 1 1 0 4 0 1 f8 ff
5 0 1 0 6 6 1 2 0 1 f8 ff
5 0 1 3 6 4 1 2 0 1 f8 ff
5 0 1 0 5 6 0 1 0 1 f8 ff
5 0 1 2 5 4 0 5 0 1 f8 ff
5 0 0 2 7 6 0 0 0 1 f8 ff
5 0 1 7 5 6 0 4 0 1 f8 ff
5 0 1 7 6 5 1 4 0 1 e8 ff
5 0 1 5 0 3 1 6 0 1 a8 ff
5 0 1 7 4 4 1 1 0 1 a8 ff
5 0 0 5 7 3 0 4 0 1 a8 ff
5 0 0 4 6 7 1 2 0 1 a8 ff
5 0 1 6 4 3 0 5 0 1 a8 ff
5 0 0 7 6 3 0 7 0 1 a8 ff
5 0 1 1 6 4 0 1 1 1 aa ff
5 0 0 7 4 0 0 7 0 1 aa ff
5 0 1 3 0 6 0 4 0 1 aa ff
5 0 1 4 7 3 0 5 0 1 aa ff
5 0 1 1 5 2 0 6 0 1 aa ff
5 0 1 7 1 4 0 4 0 1 aa ff
5 0 0 3 5 7 0 3 0 1 aa ff
5 0 1 0 2 5 1 5 1 1 8a ff
5 0 1 3 2 3 0 7 0 1 8a ff
5 0 1 1 2 5 0 2 0 1 8a ff
5 0 1 4 6 3 0 2 0 1 8a ff
5 0 0 7 3 2 0 5 0 1 8a ff
5 0 1 4 3 4 0 2 0 1 8a ff
5 0 1 5 0 5 1 5 1 1 aa ff
5 0 1 2 1 0 0 6 0 1 aa ff
5 0 0 5 4 5 1 6 0 1 aa ff
5 0 1 5 4 7 1 1 0 1 a8 ff
5 0 1 7 5 0 0 4 0 1 a8 ff
5 0 0 7 2 7 1 1 0 1 a8 ff
5 0 0 7 2 6 0 7 0 1 a8 ff
5 0 1 7 4 0 1 7 1 1 a8 ff
5 0 1 2 4 5 0 2 0 1 a8 ff
5 0 1 1 7 7 1 1 0 1 a8 ff
5 0 1 0 3 0 1 1 0 1 a8 ff
5 0 1 0 5 2 0 7 0 1 a8 ff
5 0 1 4 1 0 0 6 1 1 b8 ff
5 0 1 0 2 6 1 5 1 1 98 ff
5 0 1 3 1 2 0 5 0 1 98 ff
5 0 0 3 1 0 0 7 0 1 98 ff
5 0 1 3 4 3 0 5 0 1 98 ff
5 0 1 1 1 1 1 2 1 1 9a ff
5 0 0 6 5 0 0 5 0 1 9a ff
5 0 1 7 4 5 1 3 0 1 92 ff
5 0 1 4 5 1 0 3 0 1 92 ff
5 0 0 2 5 6 1 6 0 1 92 ff
5 0 1 0 4 6 0 1 0 1 92 ff
5 0 1 4 2 0 0 0 0 1 92 ff
5 0 1 2 6 7 1 5 0 1 92 ff
5 0 1 6 7 5 0 3 0 1 92 ff
5 0 1 7 1 1 0 2 0 1 92 ff
5 0 0 2 4 2 1 1 0 1 90 ff
5 0 1 6 3 0 0 3 1 1 d0 ff
5 0 1 0 0 0 0 4 1 1 d0 ff
5 0 1 7 7 6 1 1 0 1 d0 ff
5 0 0 6 3 5 0 7 0 1 d0 ff
5 0 1 6 0 3 0 5 0 1 d0 ff
5 0 0 3 4 4 1 6 0 1 90 ff
5 0 1 2 3 2 0 0 1 1 94 ff
5 0 1 5 7 3 1 4 0 1 84 ff
5 0 1 0 3 3 0 5 1 1 84 ff
5 0 1 5 0 5 1 7 1 1 24 ff
5 0 1 5 3 4 0 3 0 1 24 ff
5 1 0 0 5 3 1 0 0 1 00 ff
5 0 1 4 3 4 0 7 1 1 10 ff
5 0 0 7 7 2 0 5 0 1 10 ff
5 0 1 3 2 0 0 4 1 1 18 ff
5 0 1 3 1 0 0 3 0 1 18 ff
5 0 1 5 1 1 0 0 1 1 38 ff
5 0 1 1 1 1 0 1 1 1 3a ff
5 0 1 1 0 1 0 3 0 1 3a ff
5 0 0 1 2 2 1 5 0 1 1a ff
5 0 0 1 5 5 1 0 0 1 1a ff
5 0 1 6 0 6 0 5 1 1 5a ff
5 0 1 6 4 0 0 4 0 1 5a ff
5 0 0 4 5 5 1 1 0 1 58 ff
5 0 1 4 2 4 0 2 0 1 58 ff
5 0 1 5 6 5 1 3 0 1 50 ff
5 0 1 1 3 2 1 0 1 1 52 ff
5 0 1 1 7 1 1 1 1 1 52 ff
5 0 1 7 2 1 1 0 0 1 52 ff
5 0 1 7 0 1 0 0 0 1 52 ff
5 0 1 1 0 6 1 7 0 1 52 ff
5 0 1 5 6 2 0 7 0 1 52 ff
5 0 1 2 1 6 0 0 0 1 52 ff
5 0 1 1 0 4 0 0 0 1 52 ff
5 0 1 5 1 6 0 7 0 1 52 ff
5 0 1 0 1 4 0 4 0 1 52 ff
5 0 1 4 4 1 0 6 0 1 52 ff
5 0 1 0 0 4 1 6 0 1 12 ff
5 0 1 2 7 3 1 1 1 1 14 ff
5 0 0 5 6 1 0 1 0 1 14 ff
5 0 0 1 1 6 0 3 0 1 14 ff
5 0 1 2 3 0 0 0 0 1 14 ff
5 0 0 2 7 4 0 4 0 1 14 ff
5 0 1 2 0 0 1 1 0 1 14 ff
5 0 1 4 7 1 0 3 0 1 14 ff
5 0 1 4 3 4 0 7 0 1 14 ff
5 0 1 1 3 5 1 3 1 1 16 ff
5 0 0 6 6 0 1 6 0 1 16 ff
5 0 1 7 2 1 0 0 0 1 16 ff
5 0 1 7 1 2 0 4 0 1 16 ff
5 0 1 0 3 0 0 6 1 1 16 ff
5 0 1 4 7 0 1 7 0 1 16 ff
5 0 1 6 6 4 0 2 0 1 16 ff
5 0 1 4 4 0 0 3 0 1 16 ff
5 0 1 7 0 0 0 4 1 1 96 ff
5 0 1 7 5 7 1 3 0 1 96 ff
5 1 1 6 0 1 0 2 0 1 00 ff
5 0 1 4 0 0 0 2 1 1 10 ff
5 0 1 7 2 4 1 0 0 1 10 ff
5 0 1 6 3 5 0 7 1 1 50 ff
5 0 1 3 5 2 1 5 1 1 58 ff
5 0 1 6 4 3 1 2 0 1 58 ff
5 0 0 5 4 1 0 4 0 1 58 ff
5 0 1 3 0 0 1 3 1 1 58 ff
5 0 1 0 5 5 0 0 1 1 58 ff
5 0 0 5 1 1 1 4 0 1 48 ff
5 0 0 6 5 0 0 6 0 1 48 ff
5 0 0 5 2 1 1 2 0 1 48 ff
5 0 1 1 0 7 1 7 1 1 4a ff
5 0 1 3 4 5 0 0 0 1 4a ff
5 0 1 7 5 4 0 1 1 1 ca ff
5 0 1 5 1 7 0 3 0 1 ca ff
5 0 0 7 1 0 0 6 0 1 ca ff
5 0 1 6 3 1 0 1 0 1 ca ff
5 0 1 0 1 1 1 5 0 1 ca ff
5 0 1 5 3 7 1 3 0 1 c2 ff
5 0 1 3 7 1 0 5 0 1 c2 ff
5 0 1 0 6 5 0 1 0 1 c2 ff
5 0 1 7 1 4 0 2 0 1 c2 ff
5 0 1 4 6 6 0 7 0 1 c2 ff
5 0 0 5 7 3 0 4 0 1 c2 ff
5 0 1 0 2 0 1 3 1 1 c2 ff
5 0 0 3 6 0 1 5 0 1 c2 ff
5 0 0 1 2 7 1 4 0 1 c2 ff
5 0 1 5 3 6 1 0 0 1 c2 ff
5 0 1 7 4 3 0 1 0 1 c2 ff
5 0 1 1 5 5 1 1 1 1 c2 ff
5 0 0 6 4 4 0 4 0 1 c2 ff
5 0 1 5 6 7 0 0 0 1 c2 ff
5 0 1 2 4 1 0 7 0 1 c2 ff
5 0 0 6 6 3 0 0 0 1 c2 ff
5 0 0 1 3 7 1 0 0 1 c2 ff
5 0 1 0 1 0 1 4 0 1 c2 ff
5 0 1 3 3 1 0 7 0 1 c2 ff
5 0 1 0 2 7 0 7 0 1 c2 ff
5 0 0 1 7 4 0 0 0 1 c2 ff
5 0 1 5 0 1 1 3 0 1 c2 ff
5 0 1 7 5 5 0 7 0 1 c2 ff
5 0 1 0 1 2 0 5 0 1 c2 ff
5 0 1 2 7 6 1 6 0 1 82 ff
5 0 1 3 3 2 0 6 1 1 8a ff
5 0 1 6 0 0 0 0 1 1 ca ff
5 0 1 3 0 1 0 1 0 1 ca ff
5 0 1 7 2 5 0 3 0 1 ca ff
5 0 1 0 2 4 0 7 1 1 ca ff
5 0 1 3 0 1 1 2 0 1 ca ff
5 0 1 5 7 7 0 1 0 1 ca ff
5 0 1 4 1 0 1 1 1 1 d8 ff
5 0 1 5 0 7 0 4 0 1 d8 ff
5 0 1 0 7 1 1 0 0 1 d8 ff
5 0 1 1 0 6 0 7 0 1 d8 ff
5 0 0 3 7 0 0 7 0 1 d8 ff
5 0 1 4 7 3 0 2 0 1 d8 ff
5 0 0 0 6 4 1 2 0 1 d8 ff
5 0 0 3 3 5 0 2 0 1 d8 ff
5 0 1 6 4 5 1 3 0 1 d0 ff
5 0 1 6 2 7 1 2 0 1 d0 ff
5 0 1 5 2 1 1 1 1 1 f0 ff
5 0 1 5 4 5 0 6 0 1 f0 ff
5 0 0 4 7 3 1 0 0 1 f0 ff
5 0 1 0 7 5 0 5 0 1 f0 ff
5 0 1 4 6 0 1 5 0 1 d0 ff
5 0 1 6 2 2 1 6 1 1 d0 ff
5 0 1 4 3 4 1 4 1 1 d0 ff
5 0 1 7 0 2 1 1 0 1 d0 ff
5 0 1 0 7 2 1 0 0 1 d0 ff
5 0 1 7 7 2 0 4 0 1 d0 ff
5 0 1 5 2 0 0 4 1 1 f0 ff
5 0 1 5 0 5 0 5 0 1 f0 ff
5 0 1 0 7 5 0 6 0 1 f0 ff
5 0 1 5 4 7 0 5 0 1 f0 ff
5 0 1 5 0 7 1 5 0 1 d0 ff
5 0 0 6 0 5 0 4 0 1 d0 ff
5 0 1 0 5 4 1 5 0 1 d0 ff
5 0 1 5 0 1 0 7 1 1 f0 ff
5 0 1 5 0 5 1 2 0 1 f0 ff
5 0 1 6 5 2 1 4 0 1 e0 ff
5 0 1 7 5 6 1 5 0 1 c0 ff
5 0 1 4 7 4 1 0 0 1 c0 ff
5 0 1 7 3 3 0 7 0 1 c0 ff
5 0 1 4 7 0 0 0 0 1 c0 ff
5 0 1 1 7 4 0 4 0 1 c0 ff
5 0 1 6 3 1 1 4 0 1 c0 ff
5 0 1 0 0 1 1 1 1 1 c0 ff
5 0 1 6 3 2 0 5 0 1 c0 ff
5 0 1 5 1 5 0 1 1 1 e0 ff
5 0 1 5 5 5 0 1 0 1 e0 ff
5 0 1 6 4 3 1 0 0 1 e0 ff
5 0 1 4 1 4 0 5 1 1 f0 ff
5 0 1 4 2 5 0 5 0 1 f0 ff
5 0 0 1 2 1 0 7 0 1 f0 ff
5 0 1 4 5 7 0 7 0 1 f0 ff
5 0 0 5 2 4 0 4 0 1 f0 ff
5 0 1 0 5 4 1 7 0 1 70 ff
5 0 1 7 0 6 1 5 0 1 50 ff
5 0 1 6 5 3 0 0 0 1 50 ff
5 0 0 0 7 0 0 3 0 1 50 ff
5 0 1 4 0 4 0 2 0 1 50 ff
5 0 1 7 6 0 0 4 0 1 50 ff
5 0 0 6 4 1 0 2 0 1 50 ff
5 0 1 3 1 0 0 2 1 1 58 ff
5 0 0 4 3 4 0 0 0 1 58 ff
5 0 0 5 7 6 0 4 0 1 58 ff
5 0 1 2 4 2 1 5 0 1 58 ff
5 0 0 7 1 2 0 7 0 1 58 ff
5 0 1 2 3 3 0 6 0 1 58 ff
5 0 1 6 1 1 0 5 0 1 58 ff
5 0 0 5 6 1 0 6 0 1 58 ff
5 0 1 5 3 4 0 2 0 1 58 ff
5 0 0 0 4 2 1 0 0 1 58 ff
5 0 1 5 7 3 0 1 0 1 58 ff
5 0 1 3 5 3 1 7 0 1 58 ff
5 0 1 0 1 4 1 5 0 1 58 ff
5 0 1 3 6 0 0 7 0 1 58 ff
5 0 0 1 3 7 0 2 0 1 58 ff
5 0 1 7 3 1 1 7 0 1 58 ff
5 0 1 2 3 0 0 2 0 1 58 ff
5 0 1 5 6 5 0 4 0 1 58 ff
5 0 0 3 1 3 1 5 0 1 58 ff
5 0 0 2 5 5 0 7 0 1 58 ff
5 0 0 5 1 7 0 2 0 1 58 ff
5 0 1 6 3 1 0 5 0 1 58 ff
5 0 1 4 3 1 0 2 0 1 58 ff
5 0 1 3 0 5 0 2 0 1 58 ff
5 0 1 2 7 1 1 3 1 1 54 ff
5 0 1 7 4 1 1 5 0 1 54 ff
5 0 1 0 7 7 0 6 1 1 54 ff
5 0 1 1 2 3 0 4 0 1 54 ff
5 0 0 4 6 4 0 7 0 1 54 ff
5 0 0 4 4 2 0 3 0 1 54 ff
5 0 0 3 6 5 1 0 0 1 54 ff
5 0 1 4 3 2 0 2 0 1 54 ff
5 0 0 5 7 6 0 4 0 1 54 ff
5 0 1 4 5 5 0 6 0 1 54 ff
5 0 1 5 4 0 0 0 0 1 54 ff
5 0 1 2 3 1 1 2 1 1 54 ff
5 0 1 5 2 5 0 5 0 1 54 ff
5 0 1 3 6 1 0 7 0 1 54 ff
5 0 1 5 7 4 0 5 0 1 54 ff
5 0 1 4 2 6 1 3 0 1 54 ff
5 0 0 2 5 4 1 7 0 1 54 ff
5 0 1 3 5 5 1 5 1 1 5c ff
5 0 1 1 2 6 0 2 0 1 5c ff
5 0 1 5 2 0 0 1 0 1 5c ff
5 0 1 5 3 3 0 4 0 1 5c ff
5 0 0 5 2 2 1 5 0 1 5c ff
5 0 0 1 0 6 0 4 0 1 5c ff
5 0 1 6 7 6 1 1 0 1 5c ff
5 0 0 5 6 3 0 1 0 1 5c ff
5 0 1 7 3 7 0 6 0 1 5c ff
5 0 1 7 1 4 0 3 0 1 5c ff
5 0 1 3 6 0 0 6 0 1 5c ff
5 0 1 7 4 5 1 4 1 1 cc ff
5 0 0 6 5 4 1 3 0 1 c4 ff
5 0 0 7 1 2 0 1 0 1 c4 ff
5 0 1 5 7 4 0 2 0 1 c4 ff
5 0 1 5 7 3 0 6 0 1 c4 ff
5 0 1 1 3 1 0 3 1 1 c6 ff
5 0 1 5 0 2 1 5 0 1 c6 ff
5 0 0 2 1 6 0 6 0 1 c6 ff
5 0 1 0 5 1 0 2 0 1 c6 ff
5 0 1 3 4 7 0 5 0 1 c6 ff
5 1 1 1 3 4 1 5 0 1 00 ff
5 0 1 3 1 1 1 1 1 1 08 ff
5 0 1 5 1 0 0 4 1 1 28 ff
5 0 1 6 6 4 0 7 1 1 68 ff
5 0 1 6 2 2 1 5 0 1 48 ff
5 0 1 2 4 1 0 5 1 1 4c ff
5 0 0 0 5 0 0 0 0 1 4c ff
5 0 1 4 0 3 1 0 0 1 4c ff
5 0 1 2 0 6 0 4 0 1 4c ff
5 0 1 7 0 1 0 1 1 1 cc ff
5 0 0 3 7 4 0 7 0 1 cc ff
5 0 1 1 7 2 0 1 0 1 cc ff
5 0 1 7 5 2 1 0 0 1 cc ff
5 0 1 0 5 3 0 0 0 1 cc ff
5 0 1 7 5 2 0 2 0 1 cc ff
5 0 0 1 6 6 1 1 0 1 cc ff
5 0 1 5 2 2 1 2 1 1 e8 ff
5 0 0 1 0 0 1 2 0 1 e8 ff
5 0 1 5 4 0 1 5 1 1 e8 ff
5 0 1 5 4 4 1 2 0 1 e8 ff
5 0 0 1 4 0 0 5 0 1 e8 ff
5 0 1 3 3 2 0 3 0 1 e8 ff
5 0 1 6 0 3 0 6 0 1 e8 ff
5 0 0 6 5 1 0 7 0 1 e8 ff
5 0 1 3 1 2 0 1 0 1 e8 ff
5 0 1 4 2 4 1 7 1 1 78 ff
5 0 1 7 5 7 1 0 0 1 78 ff
5 0 0 5 6 1 0 3 0 1 78 ff
5 0 0 3 5 2 0 2 0 1 78 ff
5 0 1 0 6 3 1 6 0 1 38 ff
5 0 1 0 0 4 0 0 0 1 38 ff
5 0 0 0 7 3 0 3 0 1 38 ff
5 0 1 2 1 2 0 6 1 1 3c ff
5 0 1 4 5 2 1 7 0 1 3c ff
5 0 1 1 5 4 0 0 0 1 3c ff
5 0 0 2 1 0 1 2 0 1 38 ff
5 0 1 2 0 7 1 7 1 1 3c ff
5 0 1 0 7 1 1 3 1 1 34 ff
5 0 1 0 5 0 0 7 0 1 34 ff
5 0 1 6 5 2 1 2 0 1 30 ff
5 0 0 6 2 3 1 0 0 1 30 ff
5 0 1 4 4 1 0 7 0 1 30 ff
5 0 0 7 5 7 1 5 0 1 10 ff
5 0 0 7 6 0 1 6 0 1 10 ff
5 0 1 1 7 6 1 1 1 1 12 ff
5 0 1 0 6 3 1 3 1 1 12 ff
5 0 1 6 2 4 1 6 0 1 12 ff
5 0 1 2 3 5 1 2 1 1 16 ff
5 0 1 7 3 1 1 1 1 1 94 ff
5 0 1 5 5 7 0 6 0 1 94 ff
5 0 0 4 5 5 0 2 0 1 94 ff
5 0 1 0 2 6 1 7 0 1 14 ff
5 0 0 0 1 0 0 7 0 1 14 ff
5 0 1 6 2 3 1 7 0 1 14 ff
5 0 0 1 6 0 1 7 0 1 14 ff
5 0 1 4 3 0 0 3 0 1 14 ff
5 0 0 1 5 7 1 3 0 1 14 ff
5 0 1 4 2 1 0 0 0 1 14 ff
5 0 1 4 6 2 1 6 0 1 14 ff
5 0 0 3 3 1 0 3 0 1 14 ff
5 0 1 1 2 2 1 6 0 1 14 ff
5 0 1 7 4 5 1 7 0 1 14 ff
5 0 1 0 7 2 1 4 0 1 04 ff
5 0 0 0 3 6 1 3 0 1 04 ff
5 0 1 3 6 3 1 5 1 1 0c ff
5 0 0 7 3 2 1 4 0 1 0c ff
5 0 0 5 5 6 1 4 0 1 0c ff
5 0 1 5 1 3 1 7 0 1 0c ff
5 0 0 5 7 0 0 7 0 1 0c ff
5 0 1 7 7 6 0 1 1 1 8c ff
5 0 1 0 2 6 1 6 0 1 8c ff
5 0 1 4 6 1 0 0 1 1 9c ff
5 0 1 1 4 6 0 0 0 1 9c ff
5 0 1 3 0 6 0 5 0 1 9c ff
5 0 1 1 6 3 1 3 1 1 96 ff
5 0 1 1 7 5 1 4 0 1 86 ff
5 0 1 5 0 6 1 3 1 1 a6 ff
5 0 1 6 0 1 0 6 0 1 a6 ff
5 0 1 0 0 5 1 1 0 1 a4 ff
5 0 1 5 6 2 0 0 0 1 a4 ff
5 0 1 3 5 2 0 0 0 1 a4 ff
5 0 0 4 1 5 0 3 0 1 a4 ff
5 0 1 6 2 2 0 0 0 1 a4 ff
5 0 1 4 6 5 1 5 1 1 94 ff
5 0 1 5 0 3 1 5 1 1 b4 ff
5 0 0 3 2 4 0 0 0 1 b4 ff
5 0 0 2 7 1 0 1 0 1 b4 ff
5 0 0 1 4 4 0 3 0 1 b4 ff
5 0 1 6 3 1 1 1 1 1 f4 ff
5 0 1 7 1 3 1 1 0 1 f4 ff
5 0 0 4 5 4 0 4 0 1 f4 ff
5 0 1 0 0 7 0 3 0 1 f4 ff
5 0 0 5 3 3 0 7 0 1 f4 ff
5 0 1 5 5 6 0 2 0 1 f4 ff
5 0 1 2 2 4 1 6 0 1 b4 ff
5 0 1 0 1 4 0 0 0 1 b4 ff
5 0 1 5 0 5 0 4 0 1 b4 ff
5 0 1 6 6 5 0 3 0 1 b4 ff
5 0 1 7 3 1 1 5 0 1 94 ff
5 0 1 0 2 3 1 2 1 1 90 ff
5 0 1 7 0 4 0 4 0 1 90 ff
5 0 1 3 0 4 1 5 0 1 90 ff
5 0 1 6 7 4 0 1 0 1 90 ff
5 0 1 0 0 1 0 6 1 1 90 ff
5 0 1 5 3 1 0 4 1 1 b0 ff
5 0 1 2 1 4 1 2 0 1 b0 ff
5 0 0 7 2 1 1 3 0 1 b0 ff
5 0 1 7 1 6 1 5 0 1 90 ff
5 0 1 1 6 3 0 2 1 1 92 ff
5 0 1 7 2 4 1 0 0 1 92 ff
5 0 1 1 4 5 0 2 0 1 92 ff
5 0 1 4 7 3 0 4 0 1 92 ff
5 0 1 5 5 7 0 7 0 1 92 ff
5 0 1 5 6 5 0 2 1 1 b2 ff
5 0 1 6 0 4 1 6 0 1 b2 ff
5 0 1 3 3 1 0 2 0 1 b2 ff
5 1 1 0 3 1 1 6 0 1 00 ff
5 0 1 6 7 3 0 5 1 1 40 ff
5 0 1 7 4 7 1 4 1 1 c0 ff
5 0 0 4 4 6 1 2 0 1 c0 ff
5 0 1 0 4 0 0 4 1 1 c0 ff
5 0 1 5 7 3 0 7 0 1 c0 ff
5 0 1 7 6 1 0 3 0 1 c0 ff
5 0 1 7 5 6 0 0 0 1 c0 ff
5 0 1 7 4 6 1 2 0 1 c0 ff
5 0 1 3 2 0 1 6 1 1 88 ff
5 0 0 4 2 7 1 5 0 1 88 ff
5 0 1 6 2 4 0 0 1 1 c8 ff
5 0 1 3 2 3 0 5 0 1 c8 ff
5 0 1 6 2 2 0 0 0 1 c8 ff
5 0 0 5 7 4 0 5 0 1 c8 ff
5 0 1 3 5 5 1 3 1 1 c8 ff
5 0 1 0 4 1 0 7 1 1 c8 ff
5 0 1 4 3 0 1 4 0 1 c8 ff
5 0 1 5 5 5 0 6 1 1 e8 ff
5 0 0 2 7 6 1 5 0 1 c8 ff
5 0 1 4 2 1 0 1 1 1 d8 ff
5 0 1 6 1 7 0 6 0 1 d8 ff
5 0 0 3 1 5 1 5 0 1 d8 ff
5 0 1 4 5 5 0 2 0 1 d8 ff
5 0 1 1 0 2 1 0 1 1 da ff
5 0 1 2 1 5 0 2 0 1 da ff
5 0 1 4 2 6 1 1 0 1 d8 ff
5 0 1 2 4 0 0 3 0 1 d8 ff
5 0 1 3 0 6 1 4 0 1 c8 ff
5 0 1 1 2 4 0 2 1 1 ca ff
5 0 1 1 2 0 0 1 0 1 ca ff
5 0 1 7 4 0 1 5 0 1 ca ff
5 0 0 0 5 1 0 2 0 1 ca ff
5 0 1 2 4 7 1 3 0 1 c2 ff
5 0 1 0 0 1 1 3 0 1 c2 ff
5 0 0 1 2 0 0 3 0 1 c2 ff
5 0 1 2 2 6 0 2 0 1 c2 ff
5 0 1 3 4 3 0 3 1 1 ca ff
5 0 1 5 4 2 0 7 1 1 ea ff
5 0 1 7 5 6 0 2 0 1 ea ff
5 0 0 2 7 6 1 3 0 1 e2 ff
5 0 1 7 5 0 0 7 0 1 e2 ff
5 0 1 5 3 1 1 6 0 1 a2 ff
5 0 0 7 4 5 0 5 0 1 a2 ff
5 0 1 4 6 7 1 5 0 1 82 ff
5 0 1 7 7 4 1 7 1 1 82 ff
5 0 0 0 1 7 1 3 0 1 82 ff
5 0 1 5 0 7 0 7 0 1 82 ff
5 0 1 4 2 5 0 7 1 1 92 ff
5 0 1 6 7 4 0 1 0 1 92 ff
5 0 1 0 2 1 1 6 0 1 92 ff
5 0 1 4 5 0 0 2 0 1 92 ff
5 0 1 7 2 1 0 6 0 1 92 ff
5 0 1 2 5 1 0 6 0 1 92 ff
5 0 1 7 6 3 0 7 0 1 92 ff
5 0 1 7 6 0 1 4 0 1 82 ff
5 0 1 3 6 7 0 4 0 1 82 ff
5 0 1 0 7 5 1 4 0 1 82 ff
5 0 1 2 0 7 0 6 0 1 82 ff
5 0 1 7 2 7 0 3 0 1 82 ff
5 0 1 3 7 7 1 0 0 1 82 ff
5 0 1 5 3 6 1 6 1 1 a2 ff
5 0 0 6 5 5 0 2 0 1 a2 ff
5 0 1 1 3 6 0 2 0 1 a2 ff
5 0 0 0 4 7 1 5 0 1 82 ff
5 0 1 4 4 2 0 0 1 1 92 ff
5 0 1 6 4 5 1 6 0 1 92 ff
5 0 0 7 4 0 0 2 0 1 92 ff
5 0 1 5 7 5 1 4 0 1 82 ff
5 0 1 2 1 3 0 4 0 1 82 ff
5 0 1 2 3 2 0 1 1 1 86 ff
5 0 1 3 4 7 0 0 0 1 86 ff
5 0 1 4 3 1 1 7 0 1 06 ff
5 0 1 5 7 1 0 6 0 1 06 ff
5 0 1 7 5 4 1 2 1 1 82 ff
5 0 0 3 3 2 1 5 0 1 82 ff
5 0 1 5 0 2 1 1 1 1 a0 ff
5 0 1 5 2 5 1 1 0 1 a0 ff
5 0 1 5 5 1 0 3 0 1 a0 ff
5 0 1 0 2 4 0 1 1 1 a0 ff
5 0 1 3 7 4 0 7 0 1 a0 ff
5 0 1 0 2 5 1 4 0 1 a0 ff
5 0 1 4 4 0 0 4 1 1 b0 ff
5 0 1 3 2 4 0 4 0 1 b0 ff
5 0 1 2 1 3 0 3 1 1 b4 ff
5 0 0 1 5 2 1 7 0 1 34 ff
5 0 1 6 7 2 0 5 0 1 34 ff
5 0 1 5 0 6 0 2 0 1 34 ff
5 0 1 4 1 1 0 4 0 1 34 ff
5 0 1 5 2 0 1 5 0 1 14 ff
5 0 1 7 7 2 1 6 0 1 14 ff
5 0 0 1 7 2 0 3 0 1 14 ff
5 0 1 7 4 3 1 3 0 1 14 ff
5 0 1 1 1 5 0 0 1 1 16 ff
5 0 1 3 1 0 1 3 0 1 16 ff
5 0 0 1 2 2 0 1 0 1 16 ff
5 0 1 5 5 7 0 6 1 1 36 ff
5 0 1 1 1 1 0 7 0 1 36 ff
5 0 1 2 2 0 0 5 0 1 36 ff
5 0 1 7 5 5 1 5 1 1 96 ff
5 0 1 2 4 3 0 5 0 1 96 ff
5 0 1 3 5 1 1 5 0 1 96 ff
5 0 1 5 0 2 0 2 0 1 96 ff
5 0 0 5 6 6 0 7 0 1 96 ff
5 0 0 0 5 7 0 0 0 1 96 ff
5 0 1 2 0 1 0 1 0 1 96 ff
5 0 1 7 2 0 0 1 0 1 96 ff
5 0 0 6 0 3 0 0 0 1 96 ff
5 0 1 7 4 1 0 6 0 1 96 ff
5 0 1 3 6 4 0 7 0 1 96 ff
5 0 1 0 0 6 0 7 1 1 96 ff
5 0 1 6 4 3 0 5 0 1 96 ff
5 0 1 2 3 3 0 4 0 1 96 ff
5 0 1 1 6 4 0 3 0 1 96 ff
5 0 1 2 7 2 0 0 0 1 96 ff
5 0 0 2 3 2 0 1 0 1 96 ff
5 0 0 3 2 0 0 4 0 1 96 ff
5 0 1 4 0 1 1 0 0 1 96 ff
5 0 1 0 0 5 1 2 1 1 92 ff
5 0 1 5 3 2 0 7 1 1 b2 ff
5 0 1 1 2 1 1 4 0 1 a2 ff
5 0 1 4 5 1 0 2 0 1 a2 ff
5 0 1 6 1 4 1 5 0 1 82 ff
5 0 1 0 3 1 0 7 0 1 82 ff
5 0 1 7 6 5 1 4 0 1 82 ff
5 0 0 2 3 0 1 7 0 1 02 ff
5 0 0 4 4 7 0 5 0 1 02 ff
5 0 1 1 0 5 0 1 0 1 02 ff
5 0 1 7 4 2 1 1 1 1 80 ff
5 0 1 4 2 7 0 2 0 1 80 ff
5 0 1 7 6 1 0 1 0 1 80 ff
5 0 0 4 0 1 0 5 0 1 80 ff
5 0 1 2 1 1 0 2 1 1 84 ff
5 0 1 3 6 5 0 3 1 1 8c ff
5 0 1 4 6 5 0 4 1 1 9c ff
5 0 1 3 1 6 0 3 0 1 9c ff
5 0 1 5 7 7 0 1 0 1 9c ff
5 0 1 6 3 0 1 4 0 1 8c ff
5 0 1 3 0 4 0 2 0 1 8c ff
5 0 1 0 7 7 1 3 0 1 84 ff
5 0 1 0 4 7 1 6 0 1 84 ff
5 0 1 4 0 6 0 5 1 1 94 ff
5 0 1 1 1 1 0 7 1 1 96 ff
5 0 1 0 3 1 0 3 0 1 96 ff
5 0 1 1 6 5 0 7 0 1 96 ff
5 0 1 7 5 0 1 3 0 1 96 ff
5 0 0 5 5 4 1 6 0 1 96 ff
5 0 1 2 2 7 1 0 0 1 96 ff
5 0 1 4 5 4 1 5 0 1 96 ff
5 0 1 2 4 1 1 2 0 1 92 ff
5 0 1 1 0 5 0 7 0 1 92 ff
5 0 0 4 6 2 1 5 0 1 92 ff
5 0 1 2 7 0 1 4 0 1 82 ff
5 0 0 1 7 0 0 0 0 1 82 ff
5 0 1 4 4 6 0 6 1 1 92 ff
5 0 1 7 7 4 0 3 0 1 92 ff
5 0 1 1 0 0 0 4 0 1 92 ff
5 0 1 5 6 3 1 0 1 1 b2 ff
5 0 1 7 1 5 0 6 0 1 b2 ff
5 0 1 2 1 6 1 2 0 1 b2 ff
5 0 1 4 6 6 1 1 0 1 b0 ff
5 0 1 6 2 2 1 7 1 1 70 ff
5 0 1 4 5 0 1 1 0 1 70 ff
5 0 1 7 7 7 1 4 1 1 e0 ff
5 0 1 0 3 3 1 7 1 1 60 ff
5 0 1 6 4 3 0 1 0 1 60 ff
5 0 1 7 5 2 0 7 0 1 60 ff
5 0 1 1 1 6 1 7 0 1 60 ff
5 0 0 5 3 6 1 1 0 1 60 ff
5 0 1 4 3 2 0 0 1 1 70 ff
5 0 1 2 7 0 1 3 1 1 74 ff
5 0 1 4 5 6 0 5 0 1 74 ff
5 0 0 5 4 1 1 0 0 1 74 ff
5 0 1 6 3 3 0 6 0 1 74 ff
5 0 1 4 7 0 0 0 0 1 74 ff
5 0 1 5 4 7 0 3 0 1 74 ff
5 0 1 6 4 0 0 3 0 1 74 ff
5 0 1 5 3 7 0 5 0 1 74 ff
5 0 1 1 1 4 0 7 0 1 74 ff
5 0 1 3 3 1 1 0 1 1 7c ff
5 0 1 7 3 6 1 2 0 1 78 ff
5 0 0 5 3 1 1 7 0 1 78 ff
5 0 0 7 3 5 0 6 0 1 78 ff
5 0 0 6 4 6 1 5 0 1 58 ff
5 0 0 2 4 2 1 0 0 1 58 ff
5 0 1 4 5 6 0 4 0 1 58 ff
5 0 1 0 6 2 1 7 0 1 58 ff
5 0 1 2 0 1 0 6 1 1 5c ff
5 0 0 2 7 7 1 4 0 1 4c ff
5 0 0 7 4 5 1 1 0 1 4c ff
5 0 1 1 5 5 1 0 1 1 4e ff
5 0 1 5 3 3 1 5 0 1 4e ff
5 0 1 2 0 2 1 3 0 1 46 ff
5 0 1 0 1 1 0 5 0 1 46 ff
5 0 1 5 3 0 1 6 1 1 26 ff
5 0 0 1 2 6 1 4 0 1 26 ff
5 0 0 7 5 0 0 3 0 1 26 ff
5 0 1 7 1 2 0 5 0 1 26 ff
5 0 1 4 4 3 0 2 1 1 36 ff
5 0 1 4 1 7 1 5 0 1 16 ff
5 0 1 7 0 4 1 6 0 1 16 ff
5 0 0 7 1 7 1 4 0 1 06 ff
5 0 1 0 0 7 1 6 1 1 06 ff
5 0 1 2 1 5 0 7 0 1 06 ff
5 0 1 4 1 1 1 0 0 1 06 ff
5 0 0 1 2 2 0 1 0 1 06 ff
5 0 0 6 2 3 0 2 0 1 06 ff
5 0 1 2 0 4 0 7 0 1 06 ff
5 0 1 3 1 3 0 0 0 1 06 ff
5 0 1 1 4 0 0 1 0 1 06 ff
5 0 1 4 5 3 0 4 1 1 16 ff
5 0 1 4 2 7 1 4 0 1 06 ff
5 0 1 1 4 2 1 0 0 1 06 ff
5 0 1 3 4 4 0 0 1 1 0e ff
5 0 1 4 5 1 0 5 0 1 0e ff
5 0 1 6 3 4 1 2 0 1 0a ff
5 0 1 7 0 5 1 7 1 1 8a ff
5 0 1 2 7 4 1 2 0 1 8a ff
5 0 1 6 4 4 0 5 1 1 ca ff
5 1 1 7 1 5 0 6 0 1 00 ff
5 0 1 6 1 1 0 4 1 1 40 ff
5 0 0 1 4 6 1 2 0 1 40 ff
5 0 0 7 7 7 0 5 0 1 40 ff
5 0 1 2 5 4 0 0 1 1 44 ff
5 0 1 5 1 7 0 5 1 1 64 ff
5 0 1 3 1 7 0 1 1 1 6c ff
5 0 1 7 7 5 1 0 0 1 6c ff
5 0 1 3 4 4 0 1 0 1 6c ff
5 0 0 1 2 5 0 3 0 1 6c ff
5 0 0 0 0 4 0 4 0 1 6c ff
5 0 1 5 6 0 0 4 0 1 6c ff
5 0 1 5 1 4 0 3 0 1 6c ff
5 0 0 2 6 4 0 1 0 1 6c ff
5 0 1 0 3 5 0 2 0 1 6c ff
5 0 1 4 3 6 1 0 0 1 6c ff
5 0 1 0 6 4 0 6 0 1 6c ff
5 0 1 0 4 1 1 7 1 1 6c ff
5 0 0 4 2 4 1 6 0 1 2c ff
5 0 1 3 3 4 0 2 0 1 2c ff
5 0 1 1 6 7 0 3 1 1 2e ff
5 0 1 4 3 2 0 0 0 1 2e ff
5 0 0 7 2 4 1 0 0 1 2e ff
5 0 0 4 7 0 0 3 0 1 2e ff
5 0 1 7 0 0 0 2 1 1 ae ff
5 0 0 3 4 0 0 2 0 1 ae ff
5 0 1 6 6 2 1 4 0 1 ae ff
5 0 0 7 7 5 0 2 0 1 ae ff
5 0 1 3 3 2 0 5 0 1 ae ff
5 0 1 1 5 0 1 6 0 1 ae ff
5 0 1 5 5 3 0 7 0 1 ae ff
5 0 1 6 4 1 0 7 0 1 ae ff
5 0 1 2 0 7 0 2 0 1 ae ff
5 0 1 4 3 6 1 4 0 1 ae ff
5 0 1 3 6 4 0 4 0 1 ae ff
5 0 1 1 4 3 1 0 0 1 ae ff
5 0 1 3 6 7 1 4 0 1 ae ff
5 0 0 1 7 6 0 0 0 1 ae ff
5 0 1 1 7 5 1 1 0 1 ac ff
5 0 1 2 0 0 1 5 0 1 8c ff
5 0 1 7 5 4 0 6 0 1 8c ff
5 0 0 3 3 4 0 2 0 1 8c ff
5 0 1 1 0 4 0 3 1 1 8e ff
5 0 1 1 1 3 1 5 0 1 8e ff
5 0 1 4 2 4 1 7 0 1 0e ff
5 0 0 4 2 4 0 0 0 1 0e ff
5 0 1 1 4 5 1 1 1 1 0e ff
5 0 1 7 5 5 1 5 1 1 8e ff
5 0 1 5 7 1 1 1 0 1 8c ff
5 0 1 5 6 3 1 0 0 1 8c ff
5 0 1 1 6 2 0 5 0 1 8c ff
5 0 1 3 3 1 1 2 0 1 88 ff
5 0 1 5 4 5 1 4 1 1 a8 ff
5 0 1 5 1 3 0 6 0 1 a8 ff
5 0 1 2 2 6 0 1 1 1 ac ff
5 0 1 5 6 7 0 2 0 1 ac ff
5 0 1 2 4 3 1 6 0 1 ac ff
5 0 1 5 0 4 0 1 0 1 ac ff
5 0 0 2 5 7 0 1 0 1 ac ff
5 0 1 1 1 4 0 0 1 1 ae ff
5 0 0 5 6 6 1 0 0 1 ae ff
5 0 1 4 2 3 1 7 0 1 2e ff
5 0 1 7 1 0 1 4 0 1 2e ff
5 0 1 0 7 0 1 3 1 1 26 ff
5 0 1 4 0 7 0 0 1 1 36 ff
5 0 1 2 3 1 0 7 0 1 36 ff
5 0 0 3 7 7 1 2 0 1 32 ff
5 0 1 4 5 2 0 2 0 1 32 ff
5 0 0 1 4 5 1 2 0 1 32 ff
5 0 1 6 6 7 0 5 1 1 72 ff
5 0 1 1 1 1 1 4 0 1 62 ff
5 0 1 0 7 0 1 4 1 1 62 ff
5 0 1 1 1 6 1 6 0 1 22 ff
5 0 1 4 5 1 0 2 0 1 22 ff
5 0 1 5 5 2 1 5 1 1 22 ff
5 0 1 2 0 4 1 7 1 1 26 ff
5 0 1 1 1 2 0 1 0 1 26 ff
5 0 1 5 5 5 1 6 0 1 26 ff
5 0 1 6 3 2 1 6 0 1 26 ff
5 0 1 3 1 5 0 4 0 1 26 ff
5 0 1 0 3 0 1 4 1 1 26 ff
5 0 1 6 2 5 0 3 0 1 26 ff
5 0 1 7 3 4 0 7 1 1 a6 ff
5 0 0 3 1 0 0 7 0 1 a6 ff
5 0 1 6 1 7 1 4 0 1 a6 ff
5 0 1 2 7 7 0 1 0 1 a6 ff
5 0 1 6 6 0 1 2 1 1 e2 ff
5 0 1 2 7 4 1 5 0 1 c2 ff
5 0 1 1 3 7 1 3 0 1 c2 ff
5 0 1 1 3 0 0 0 0 1 c2 ff
5 0 1 3 7 0 0 0 0 1 c2 ff
5 0 0 7 6 2 0 4 0 1 c2 ff
5 0 1 2 5 1 1 4 0 1 c2 ff
5 0 1 5 0 1 0 6 0 1 c2 ff
5 0 1 3 1 0 0 2 0 1 c2 ff
5 0 1 1 2 4 0 2 0 1 c2 ff
5 0 1 1 2 7 1 1 0 1 c0 ff
5 0 0 4 5 6 1 2 0 1 c0 ff
5 0 1 0 4 2 0 0 1 1 c0 ff
5 0 1 7 4 6 0 4 0 1 c0 ff
5 0 1 1 6 3 1 6 1 1 82 ff
5 0 1 5 0 4 1 3 1 1 a2 ff
5 0 0 2 4 5 0 1 0 1 a2 ff
5 0 0 5 1 7 0 0 0 1 a2 ff
5 0 1 2 4 3 1 2 1 1 a6 ff
5 0 1 3 5 4 0 3 0 1 a6 ff
5 0 1 6 2 3 0 7 0 1 a6 ff
5 0 1 1 2 2 1 4 0 1 a6 ff
5 0 0 5 4 4 1 7 0 1 26 ff
5 0 1 1 6 5 0 5 0 1 26 ff
5 0 1 2 3 7 0 7 0 1 26 ff
5 0 1 2 6 2 0 6 0 1 26 ff
5 0 1 4 6 4 1 4 1 1 36 ff
5 0 1 4 2 7 0 6 0 1 36 ff
5 0 1 7 1 4 0 0 0 1 36 ff
5 0 0 6 6 7 1 1 0 1 34 ff
5 0 1 0 1 2 0 2 0 1 34 ff
5 0 1 4 7 6 0 0 0 1 34 ff
5 0 1 6 4 7 0 6 0 1 34 ff
5 0 0 4 4 1 1 5 0 1 14 ff
5 0 1 1 4 2 1 3 0 1 14 ff
5 0 1 2 5 0 0 7 0 1 14 ff
5 0 1 4 4 4 0 7 0 1 14 ff
5 0 1 7 3 0 1 6 1 1 94 ff
5 0 0 5 5 7 0 3 0 1 94 ff
5 0 1 1 1 4 0 7 0 1 94 ff
5 0 1 1 7 2 0 1 0 1 94 ff
5 0 1 4 3 4 1 7 0 1 14 ff
5 0 0 3 1 3 0 2 0 1 14 ff
5 0 1 0 3 4 1 7 0 1 14 ff
5 0 1 7 4 4 1 3 0 1 14 ff
5 0 1 1 1 5 0 7 1 1 16 ff
5 0 1 7 6 2 0 1 0 1 16 ff
5 0 0 7 0 4 1 2 0 1 12 ff
5 0 1 0 2 0 0 4 1 1 12 ff
5 0 1 1 2 3 0 5 0 1 12 ff
5 0 1 3 7 3 0 0 1 1 1a ff
5 0 1 5 6 5 1 5 1 1 3a ff
5 0 0 3 1 0 0 3 0 1 3a ff
5 0 1 3 1 7 1 5 0 1 1a ff
5 0 1 0 5 7 1 4 1 1 0a ff
5 0 1 5 0 0 1 0 1 1 2a ff
5 0 0 6 3 1 1 2 0 1 2a ff
5 0 0 5 7 6 0 7 0 1 2a ff
5 0 0 1 3 0 0 0 0 1 2a ff
5 0 1 5 1 4 0 4 0 1 2a ff
5 0 1 4 2 7 0 2 1 1 3a ff
5 0 1 3 5 7 0 6 0 1 3a ff
5 0 1 2 3 1 1 6 0 1 3a ff
5 0 1 5 4 4 0 6 0 1 3a ff
5 0 1 6 1 1 0 3 0 1 3a ff
5 0 1 1 2 6 0 2 0 1 3a ff
5 0 1 1 7 2 0 2 0 1 3a ff
5 0 1 4 1 6 1 0 0 1 3a ff
5 0 1 3 2 2 0 5 0 1 3a ff
5 0 1 1 0 7 0 0 0 1 3a ff
5 0 1 1 6 5 1 1 0 1 38 ff
5 0 1 5 4 6 0 2 0 1 38 ff
5 0 1 2 0 4 1 2 0 1 38 ff
5 0 1 3 3 1 0 0 0 1 38 ff
5 0 1 5 2 0 1 5 1 1 38 ff
5 0 1 7 6 0 0 1 1 1 b8 ff
5 0 1 0 4 1 0 5 0 1 b8 ff
5 0 1 7 7 5 0 3 0 1 b8 ff
5 0 1 7 0 6 1 5 0 1 98 ff
5 0 1 5 7 6 1 3 0 1 90 ff
5 0 1 0 1 6 0 3 1 1 90 ff
5 0 1 6 2 3 1 7 1 1 50 ff
5 0 1 5 6 0 0 4 0 1 50 ff
5 0 1 7 2 5 0 5 1 1 d0 ff
5 0 1 6 2 7 0 6 0 1 d0 ff
5 0 0 6 3 4 0 6 0 1 d0 ff
5 0 1 6 1 4 0 7 0 1 d0 ff
5 0 0 6 1 2 1 5 0 1 d0 ff
5 0 1 1 7 0 0 2 0 1 d0 ff
5 0 0 1 1 6 1 6 0 1 90 ff
5 0 1 7 2 1 1 7 1 1 90 ff
5 0 1 4 5 3 0 0 0 1 90 ff
5 0 0 5 0 3 0 5 0 1 90 ff
5 0 1 2 0 3 1 2 1 1 94 ff
5 0 1 3 7 3 1 6 0 1 94 ff
5 0 1 3 7 0 0 7 0 1 94 ff
5 0 1 4 3 2 1 5 0 1 94 ff
5 0 0 5 3 1 1 1 0 1 94 ff
5 0 1 5 2 1 1 7 0 1 14 ff
5 0 1 3 5 2 1 2 1 1 18 ff
5 0 1 4 4 2 1 0 0 1 18 ff
5 0 0 7 1 1 0 1 0 1 18 ff
5 0 1 7 5 2 0 7 1 1 98 ff
5 0 1 1 5 4 0 6 0 1 98 ff
5 0 1 7 2 6 0 6 0 1 98 ff
5 0 1 4 0 2 1 6 0 1 98 ff
5 0 0 0 7 7 0 4 0 1 98 ff
5 0 1 2 6 1 1 6 1 1 9c ff
5 0 1 6 3 5 0 4 0 1 9c ff
5 0 1 5 3 7 0 0 0 1 9c ff
5 0 1 3 4 4 0 3 0 1 9c ff
5 0 1 7 4 0 0 6 0 1 9c ff
5 0 1 7 3 0 1 7 0 1 1c ff
5 0 1 1 0 5 1 4 1 1 0e ff
5 0 1 7 5 7 1 3 1 1 86 ff
5 0 1 6 2 2 0 7 0 1 86 ff
5 0 0 4 7 7 1 4 0 1 86 ff
5 0 0 7 3 3 0 5 0 1 86 ff
5 0 1 2 3 1 1 3 0 1 86 ff
5 0 1 7 3 2 0 0 0 1 86 ff
5 0 1 3 4 6 1 1 1 1 8c ff
5 0 0 6 4 5 0 7 0 1 8c ff
5 0 1 2 2 0 1 4 0 1 8c ff
5 0 1 4 7 1 0 2 0 1 8c ff
5 0 1 3 2 7 1 0 0 1 8c ff
5 0 1 2 6 4 0 7 0 1 8c ff
5 0 0 5 1 2 0 7 0 1 8c ff
5 0 1 1 6 2 0 7 0 1 8c ff
5 0 1 1 6 2 1 4 0 1 8c ff
5 0 1 4 2 2 0 7 0 1 8c ff
5 0 1 6 4 5 0 1 1 1 cc ff
5 0 1 6 4 5 1 3 0 1 c4 ff
5 0 1 4 1 7 1 3 0 1 c4 ff
5 0 1 0 6 7 1 2 0 1 c0 ff
5 0 1 5 1 2 1 2 1 1 e0 ff
5 0 0 7 3 6 1 6 0 1 a0 ff
5 0 1 1 3 2 0 0 1 1 a2 ff
5 0 1 1 3 0 1 0 0 1 a2 ff
5 0 1 3 6 2 0 3 1 1 aa ff
5 0 0 1 1 3 0 6 0 1 aa ff
5 0 1 4 0 0 0 0 1 1 ba ff
5 0 1 1 0 2 1 1 1 1 ba ff
5 0 1 7 3 7 0 6 0 1 ba ff
5 0 1 6 1 7 1 1 0 1 b8 ff
5 0 1 1 0 1 0 6 1 1 ba ff
5 0 1 1 1 3 0 4 0 1 ba ff
5 0 1 2 1 2 1 4 0 1 aa ff
5 0 0 7 6 5 1 0 0 1 aa ff
5 0 1 5 1 4 0 6 0 1 aa ff
5 0 1 0 1 0 1 5 0 1 8a ff
5 0 1 2 4 7 1 2 0 1 8a ff
5 0 0 4 7 2 1 5 0 1 8a ff
5 0 1 4 6 4 0 4 1 1 9a ff
5 0 0 2 1 4 0 5 0 1 9a ff
5 0 1 7 3 4 1 3 0 1 92 ff
5 0 0 6 2 7 0 1 0 1 92 ff
5 0 1 2 5 3 0 3 1 1 96 ff
5 0 1 1 2 4 0 5 0 1 96 ff
5 0 1 6 6 1 0 0 0 1 96 ff
5 0 1 7 7 5 0 4 0 1 96 ff
5 0 1 3 1 3 0 1 0 1 96 ff
5 0 1 6 1 5 1 1 1 1 d4 ff
5 0 1 1 1 5 0 0 1 1 d6 ff
5 0 1 3 0 5 0 7 1 1 de ff
5 0 1 1 3 5 0 2 0 1 de ff
5 0 1 5 3 4 0 0 0 1 de ff
5 0 1 3 4 4 0 7 0 1 de ff
5 0 1 4 6 5 0 3 0 1 de ff
5 0 1 0 6 3 0 6 0 1 de ff
5 0 1 2 1 2 0 1 0 1 de ff
5 0 1 3 1 1 1 6 0 1 9e ff
5 0 1 3 1 1 0 1 0 1 9e ff
5 0 1 0 1 4 0 5 0 1 9e ff
5 0 1 0 5 1 1 7 0 1 1e ff
5 0 1 3 0 1 0 6 0 1 1e ff
5 0 0 5 3 6 1 1 0 1 1c ff
5 0 1 1 0 0 1 5 1 1 1e ff
5 0 1 2 3 3 1 6 0 1 1e ff
5 0 1 3 6 7 0 5 0 1 1e ff
5 0 1 4 4 4 0 4 0 1 1e ff
5 0 1 7 2 1 0 0 0 1 1e ff
5 0 1 4 3 7 0 3 0 1 1e ff
5 0 1 1 3 7 0 0 0 1 1e ff
5 0 0 5 5 2 1 6 0 1 1e ff
5 0 1 2 4 5 0 3 0 1 1e ff
5 0 1 5 3 2 0 2 0 1 1e ff
5 0 0 3 6 6 0 1 0 1 1e ff
5 0 1 6 1 2 0 2 0 1 1e ff
5 0 1 3 6 0 1 7 0 1 1e ff
5 0 1 5 7 6 1 6 1 1 3e ff
5 0 1 5 7 5 1 7 0 1 3e ff
5 0 1 4 1 0 0 6 0 1 3e ff
5 0 1 1 6 2 1 4 0 1 2e ff
5 0 1 3 3 2 1 3 0 1 26 ff
5 0 0 3 4 1 1 1 0 1 24 ff
5 0 1 7 4 5 1 0 0 1 24 ff
5 0 1 5 6 7 0 7 0 1 24 ff
5 0 1 1 4 3 0 4 1 1 26 ff
5 0 1 1 6 1 1 3 0 1 26 ff
5 0 1 2 5 7 0 4 0 1 26 ff
5 0 1 6 2 2 0 0 0 1 26 ff
5 0 1 6 5 1 1 5 0 1 06 ff
5 0 1 0 1 0 0 7 0 1 06 ff
5 0 1 5 0 6 0 3 1 1 26 ff
5 0 1 6 1 7 0 7 0 1 26 ff
5 0 1 6 4 6 0 5 1 1 66 ff
5 0 1 4 3 5 0 4 0 1 66 ff
5 0 1 1 7 3 1 7 0 1 66 ff
5 0 1 0 4 3 1 6 1 1 26 ff
5 0 0 0 6 7 1 5 0 1 06 ff
5 0 1 7 7 4 0 2 1 1 86 ff
5 0 0 3 3 5 1 0 0 1 86 ff
5 0 0 1 5 1 1 4 0 1 86 ff
5 0 0 3 5 5 0 1 0 1 86 ff
5 0 1 5 3 6 1 0 1 1 a6 ff
5 0 1 7 3 3 0 1 0 1 a6 ff
5 0 1 5 5 6 0 1 0 1 a6 ff
5 0 1 4 3 4 0 2 1 1 b6 ff
5 0 1 6 6 6 0 6 1 1 f6 ff
5 0 1 6 7 4 1 0 0 1 f6 ff
5 0 1 5 4 4 0 5 0 1 f6 ff
5 0 1 3 7 1 1 6 0 1 b6 ff
5 0 1 1 3 2 0 5 0 1 b6 ff
5 0 1 5 4 5 1 6 0 1 b6 ff
5 0 1 3 0 7 0 7 0 1 b6 ff
5 0 0 6 0 5 1 3 0 1 b6 ff
5 0 1 7 0 6 1 6 0 1 b6 ff
5 0 1 4 0 0 0 4 0 1 b6 ff
5 0 0 5 0 1 0 0 0 1 b6 ff
5 0 1 4 6 1 0 0 0 1 b6 ff
5 0 1 1 5 7 0 6 0 1 b6 ff
5 0 1 6 6 4 1 5 0 1 96 ff
5 0 1 3 6 0 1 7 1 1 1e ff
5 0 1 0 1 1 1 0 0 1 1e ff
5 0 0 1 7 7 0 1 0 1 1e ff
5 0 1 4 3 0 0 6 0 1 1e ff
5 0 1 5 2 1 1 3 0 1 16 ff
5 0 1 7 3 3 0 1 1 1 96 ff
5 0 1 3 5 1 1 2 0 1 92 ff
5 0 0 3 6 2 1 0 0 1 92 ff
5 0 1 4 3 4 0 6 0 1 92 ff
5 0 1 4 7 3 0 0 0 1 92 ff
5 0 1 6 7 3 1 5 0 1 92 ff
5 0 1 2 2 5 0 2 1 1 96 ff
5 0 1 7 3 5 0 7 0 1 96 ff
5 0 1 4 5 4 0 6 0 1 96 ff
5 0 1 4 1 5 1 3 0 1 96 ff
5 0 1 1 3 4 0 3 0 1 96 ff
5 0 1 5 3 1 1 4 0 1 86 ff
5 0 0 2 6 3 0 1 0 1 86 ff
5 0 0 3 1 2 0 1 0 1 86 ff
5 0 1 3 5 6 1 4 1 1 8e ff
5 0 1 5 0 1 0 2 0 1 8e ff
5 0 1 4 0 2 1 7 0 1 0e ff
5 0 1 7 6 2 0 2 0 1 0e ff
5 0 1 2 0 3 0 7 0 1 0e ff
5 0 1 3 3 5 1 0 0 1 0e ff
5 0 1 4 0 1 0 0 0 1 0e ff
5 0 1 2 5 7 0 2 0 1 0e ff
5 0 1 3 1 6 1 6 0 1 0e ff
5 0 1 6 5 3 0 1 0 1 0e ff
5 0 1 6 3 5 0 6 0 1 0e ff
5 0 1 2 7 1 1 0 0 1 0e ff
5 0 1 3 1 7 1 4 0 1 0e ff
5 0 1 5 6 3 0 0 0 1 0e ff
5 0 1 3 2 3 0 0 0 1 0e ff
5 0 0 1 6 7 1 1 0 1 0c ff
5 0 1 1 1 2 0 0 0 1 0c ff
5 0 1 0 2 6 1 4 0 1 0c ff
5 0 1 1 6 2 1 2 1 1 0a ff
5 0 0 7 2 5 0 3 0 1 0a ff
5 0 0 3 2 1 0 2 0 1 0a ff
5 0 0 7 3 4 1 3 0 1 02 ff
5 0 1 4 1 5 1 3 0 1 02 ff
5 0 1 6 2 4 0 7 1 1 42 ff
5 0 1 1 3 0 0 1 0 1 42 ff
5 0 1 0 6 2 0 6 0 1 42 ff
5 0 1 5 5 1 0 4 0 1 42 ff
5 0 1 7 5 3 0 3 1 1 c2 ff
5 0 1 5 4 4 1 0 1 1 e2 ff
5 0 1 5 0 1 1 0 0 1 e2 ff
5 0 1 6 2 1 1 6 0 1 a2 ff
5 0 1 0 5 6 0 0 0 1 a2 ff
5 0 1 6 5 4 1 4 0 1 a2 ff
5 0 1 1 7 2 0 5 0 1 a2 ff
5 0 1 3 3 7 0 1 0 1 a2 ff
5 0 1 6 6 6 1 7 1 1 62 ff
5 0 1 2 1 4 0 5 0 1 62 ff
5 0 0 5 2 6 0 2 0 1 62 ff
5 0 1 2 6 7 0 7 0 1 62 ff
5 0 0 1 2 7 0 4 0 1 62 ff
5 0 1 2 3 4 1 5 1 1 46 ff
5 0 1 6 5 5 1 7 0 1 46 ff
5 0 1 2 7 1 0 6 0 1 46 ff
5 0 1 3 5 3 0 0 1 1 4e ff
5 0 1 5 2 1 0 3 0 1 4e ff
5 0 1 0 1 5 1 2 0 1 4a ff
5 0 1 0 7 0 0 3 1 1 4a ff
5 0 1 7 4 2 0 0 1 1 ca ff
5 0 0 5 3 0 0 5 0 1 ca ff
5 0 1 0 7 3 1 6 0 1 8a ff
5 0 1 4 5 4 1 2 1 1 9a ff
5 0 1 0 5 4 0 7 0 1 9a ff
5 0 1 4 2 4 1 6 0 1 9a ff
5 0 1 0 3 6 0 0 0 1 9a ff
5 0 1 5 1 3 1 7 0 1 1a ff
5 0 1 1 5 1 0 4 0 1 1a ff
5 0 1 2 7 2 1 0 1 1 1e ff
5 0 1 6 7 2 0 2 0 1 1e ff
5 0 1 1 3 0 1 6 0 1 1e ff
5 0 1 1 6 1 1 1 1 1 1e ff
5 0 1 5 0 3 0 1 0 1 1e ff
5 0 0 6 4 7 1 2 0 1 1a ff
5 0 1 7 0 2 0 6 1 1 9a ff
5 0 0 6 6 2 0 0 0 1 9a ff
5 0 1 2 5 2 1 0 1 1 9e ff
5 0 1 4 1 4 0 3 0 1 9e ff
5 0 1 2 4 4 0 6 0 1 9e ff
5 0 1 7 3 1 0 6 0 1 9e ff
5 0 1 3 4 6 0 1 0 1 9e ff
5 0 1 4 2 0 1 1 0 1 9c ff
5 0 1 6 1 0 0 5 1 1 dc ff
5 0 1 1 2 4 0 2 0 1 dc ff
5 0 1 4 4 0 0 7 0 1 dc ff
5 0 1 3 6 2 1 2 0 1 d8 ff
5 0 0 4 7 3 0 7 0 1 d8 ff
5 0 1 1 5 6 1 1 0 1 d8 ff
5 0 1 1 0 3 0 0 0 1 d8 ff
5 0 0 3 0 5 1 5 0 1 d8 ff
5 0 0 1 5 6 0 4 0 1 d8 ff
5 0 1 7 1 2 0 3 0 1 d8 ff
5 0 0 0 3 1 1 7 0 1 58 ff
5 0 1 2 5 3 0 4 0 1 58 ff
5 0 1 4 2 1 1 6 0 1 18 ff
5 0 1 2 3 5 0 4 0 1 18 ff
5 0 1 0 1 6 0 4 1 1 18 ff
5 0 1 4 0 2 1 7 0 1 18 ff
5 0 1 5 7 4 1 0 0 1 18 ff
5 0 1 2 5 4 1 1 0 1 18 ff
5 0 0 5 4 3 0 1 0 1 18 ff
5 0 1 0 4 2 0 0 0 1 18 ff
5 0 1 3 4 1 1 4 0 1 08 ff
5 0 0 5 3 2 1 0 0 1 08 ff
5 0 0 5 0 0 0 3 0 1 08 ff
5 0 1 7 3 1 1 0 0 1 08 ff
5 0 1 1 4 6 0 7 1 1 0a ff
5 0 1 2 5 3 0 3 0 1 0a ff
5 0 0 3 3 5 1 1 0 1 08 ff
5 0 1 3 3 0 1 1 0 1 08 ff
5 0 1 2 7 1 0 6 1 1 0c ff
5 0 0 0 4 4 0 5 0 1 0c ff
5 0 1 7 0 2 0 2 0 1 0c ff
5 0 1 3 5 4 0 7 0 1 0c ff
5 0 1 0 3 4 1 4 0 1 0c ff
5 0 1 2 0 2 0 6 0 1 0c ff
5 0 1 5 3 0 1 3 1 1 24 ff
5 0 1 2 6 0 0 3 0 1 24 ff
5 0 1 1 0 1 0 6 1 1 26 ff
5 0 1 7 5 2 1 5 0 1 06 ff
5 0 1 4 5 7 0 4 1 1 16 ff
5 0 1 5 2 5 1 3 0 1 16 ff
5 0 1 7 6 0 0 6 1 1 96 ff
5 0 1 6 2 7 1 6 0 1 96 ff
5 0 1 5 6 0 0 4 1 1 b6 ff
5 0 0 6 7 0 1 2 0 1 b2 ff
5 0 0 1 2 0 0 7 0 1 b2 ff
5 0 1 0 1 6 1 7 0 1 32 ff
5 0 1 6 4 0 0 3 0 1 32 ff
5 0 1 0 1 0 1 3 0 1 32 ff
5 0 1 5 6 0 0 7 0 1 32 ff
5 0 1 3 2 4 0 7 0 1 32 ff
5 0 1 5 5 3 0 7 0 1 32 ff
5 0 1 4 1 4 0 2 0 1 32 ff
5 0 0 2 6 4 0 6 0 1 32 ff
5 0 1 4 1 1 0 3 0 1 32 ff
5 0 1 1 5 3 0 3 0 1 32 ff
5 0 1 7 1 5 1 2 0 1 32 ff
5 0 0 3 3 6 0 0 0 1 32 ff
5 0 1 3 0 4 1 4 1 1 2a ff
5 0 1 2 2 4 0 4 1 1 2e ff
5 0 1 5 6 5 1 0 0 1 2e ff
5 0 0 1 4 4 0 7 0 1 2e ff
5 0 1 0 2 2 0 4 0 1 2e ff
5 0 1 4 4 5 1 1 0 1 2c ff
5 0 1 6 2 5 0 2 0 1 2c ff
5 0 1 6 5 7 0 3 0 1 2c ff
5 0 0 5 7 3 1 0 0 1 2c ff
5 0 1 3 0 7 1 5 0 1 0c ff
5 0 1 4 7 3 0 6 0 1 0c ff
5 0 0 1 3 5 0 6 0 1 0c ff
5 0 1 4 2 2 0 7 0 1 0c ff
5 0 1 1 3 6 1 1 0 1 0c ff
5 0 1 6 2 7 0 7 0 1 0c ff
5 0 0 6 1 7 1 7 0 1 0c ff
5 0 1 4 4 0 0 6 1 1 1c ff
5 0 0 0 7 5 0 1 0 1 1c ff
5 0 1 1 0 6 0 1 1 1 1e ff
5 0 1 6 3 1 0 5 0 1 1e ff
5 0 1 4 4 6 1 5 0 1 1e ff
5 0 0 5 6 0 0 4 0 1 1e ff
5 0 1 4 2 7 1 3 0 1 16 ff
5 0 1 6 0 4 0 6 0 1 16 ff
5 0 0 0 7 0 0 0 0 1 16 ff
5 0 0 7 4 1 0 4 0 1 16 ff
5 0 1 0 5 5 1 6 1 1 16 ff
5 0 0 5 2 1 0 1 0 1 16 ff
5 0 1 6 3 6 1 1 1 1 54 ff
5 0 1 4 6 6 1 1 0 1 54 ff
5 0 1 4 6 6 1 3 0 1 54 ff
5 0 1 6 3 6 0 2 0 1 54 ff
5 0 0 2 7 3 0 7 0 1 54 ff
5 0 1 3 4 4 0 2 0 1 54 ff
5 0 1 5 2 0 0 4 0 1 54 ff
5 0 1 0 2 5 1 1 0 1 54 ff
5 0 1 1 0 4 1 6 0 1 14 ff
5 0 1 1 7 6 0 3 1 1 16 ff
5 0 1 5 6 6 1 0 1 1 36 ff
5 0 1 2 1 3 0 6 0 1 36 ff
5 0 0 6 6 2 0 0 0 1 36 ff
5 0 1 0 7 0 0 1 1 1 36 ff
5 0 1 3 3 0 1 3 1 1 3e ff
5 0 1 1 1 1 1 4 0 1 2e ff
5 0 1 3 4 4 1 0 0 1 2e ff
5 0 1 4 2 0 1 7 0 1 2e ff
5 0 1 4 4 1 1 1 1 1 3c ff
5 0 0 4 0 3 1 1 0 1 3c ff
5 0 1 5 6 3 0 4 0 1 3c ff
5 0 1 4 7 2 0 4 0 1 3c ff
5 0 1 6 0 1 0 0 1 1 7c ff
5 0 0 3 2 7 0 3 0 1 7c ff
5 0 1 6 3 2 0 3 0 1 7c ff
5 0 1 6 6 0 0 7 0 1 7c ff
5 0 1 1 6 7 0 2 0 1 7c ff
5 0 1 5 6 6 0 3 0 1 7c ff
5 0 0 7 1 3 0 4 0 1 7c ff
5 0 1 0 3 4 1 6 0 1 3c ff
5 0 1 7 4 1 0 4 0 1 3c ff
5 0 1 7 3 4 1 6 0 1 3c ff
5 0 1 2 2 1 0 0 0 1 3c ff
5 0 1 1 0 3 0 7 0 1 3c ff
5 0 1 2 1 5 0 6 0 1 3c ff
5 0 1 1 5 7 0 5 0 1 3c ff
5 0 1 5 1 4 1 6 0 1 3c ff
5 0 1 1 0 6 0 1 1 1 3e ff
5 0 1 5 5 6 0 1 0 1 3e ff
5 0 1 2 2 5 0 1 0 1 3e ff
5 0 0 3 2 1 1 0 0 1 3e ff
5 0 1 1 7 5 0 4 0 1 3e ff
5 0 1 2 1 2 0 6 0 1 3e ff
5 0 1 5 4 7 1 6 0 1 3e ff
5 0 1 2 5 1 1 6 0 1 3e ff
5 0 1 0 3 7 1 3 1 1 36 ff
5 0 1 2 0 0 0 7 0 1 36 ff
5 0 1 0 0 0 0 3 1 1 36 ff
5 0 1 1 7 1 1 5 0 1 16 ff
5 0 1 3 4 4 0 4 0 1 16 ff
5 0 1 7 4 0 0 5 0 1 16 ff
5 0 1 3 1 4 0 3 0 1 16 ff
5 0 1 1 7 2 1 5 0 1 16 ff
5 0 0 1 6 5 0 2 0 1 16 ff
5 0 1 7 7 4 0 2 0 1 16 ff
5 0 1 1 2 6 0 2 0 1 16 ff
5 0 0 0 5 7 0 3 0 1 16 ff
5 0 1 0 6 7 0 4 1 1 16 ff
5 0 0 3 5 3 1 0 0 1 16 ff
5 0 1 5 7 6 1 0 1 1 36 ff
5 0 0 0 1 1 1 5 0 1 16 ff
5 0 0 0 1 7 0 5 0 1 16 ff
5 0 1 1 2 3 0 7 0 1 16 ff
5 0 1 3 2 2 0 7 0 1 16 ff
5 0 1 5 5 4 0 2 0 1 16 ff
5 0 1 6 4 5 1 0 0 1 16 ff
5 0 0 3 7 4 0 6 0 1 16 ff
5 0 0 4 4 1 1 4 0 1 06 ff
5 0 1 7 6 6 0 5 1 1 86 ff
5 0 1 3 4 4 1 7 1 1 0e ff
5 0 1 4 3 0 1 2 0 1 0a ff
5 0 1 0 3 3 0 1 0 1 0a ff
5 0 1 1 5 5 1 5 0 1 0a ff
5 0 1 0 3 0 0 7 0 1 0a ff
5 0 1 2 2 7 1 0 1 1 0e ff
5 0 1 2 3 6 0 4 0 1 0e ff
5 0 1 2 0 2 1 1 0 1 0c ff
5 0 1 6 3 6 0 6 0 1 0c ff
5 0 1 1 2 1 1 6 0 1 0c ff
5 0 0 4 4 4 0 1 0 1 0c ff
5 0 1 2 3 1 0 0 0 1 0c ff
5 0 1 7 5 3 0 4 0 1 0c ff
5 0 0 2 5 3 0 6 0 1 0c ff
5 0 0 7 3 5 1 5 0 1 0c ff
5 0 1 0 3 4 0 1 0 1 0c ff
5 0 1 3 3 7 1 6 0 1 0c ff
5 0 0 2 1 2 0 0 0 1 0c ff
5 0 1 0 5 4 0 5 1 1 0c ff
5 0 1 4 0 7 1 5 1 1 1c ff
5 0 1 6 4 4 1 7 0 1 1c ff
5 0 1 0 6 7 0 5 1 1 1c ff
5 0 1 7 7 0 1 1 1 1 9c ff
5 0 1 6 1 1 0 6 1 1 dc ff
5 0 0 0 5 7 0 7 0 1 dc ff
5 0 0 5 4 6 0 0 0 1 dc ff
5 0 1 6 2 1 0 3 0 1 dc ff
5 0 1 0 5 2 0 4 0 1 dc ff
5 0 1 2 5 4 0 3 0 1 dc ff
5 0 1 7 2 6 0 6 0 1 dc ff
5 0 1 4 3 0 1 2 0 1 d8 ff
5 0 1 7 0 7 1 2 0 1 d8 ff
5 0 0 3 5 5 1 5 0 1 d8 ff
5 0 0 3 1 5 0 3 0 1 d8 ff
5 0 1 6 4 0 0 5 0 1 d8 ff
5 0 0 2 0 3 1 5 0 1 d8 ff
5 0 0 0 0 2 1 0 0 1 d8 ff
5 0 0 0 3 3 1 3 0 1 d0 ff
5 0 1 3 5 4 0 7 0 1 d0 ff
5 0 1 4 2 0 1 4 1 1 d0 ff
5 0 1 3 1 4 1 1 0 1 d0 ff
5 0 1 3 4 1 0 1 0 1 d0 ff
5 0 1 5 7 0 1 0 0 1 d0 ff
5 0 1 0 0 4 1 0 0 1 d0 ff
5 0 0 4 2 4 1 1 0 1 d0 ff
5 0 1 2 5 1 0 1 1 1 d4 ff
5 0 1 5 5 3 0 2 1 1 f4 ff
5 1 0 6 6 7 1 7 0 1 00 ff
5 0 1 0 1 4 0 0 1 1 00 ff
5 0 1 3 6 4 0 0 1 1 08 ff
5 0 0 2 1 2 0 4 0 1 08 ff
5 0 1 7 1 3 1 1 0 1 08 ff
5 0 0 4 7 7 0 7 0 1 08 ff
5 0 1 1 4 2 1 6 1 1 0a ff
5 0 1 3 2 4 0 6 0 1 0a ff
5 0 1 3 1 6 0 6 0 1 0a ff
5 0 1 5 4 6 1 1 1 1 28 ff
5 0 1 5 1 7 0 3 0 1 28 ff
5 0 1 4 3 1 0 1 0 1 28 ff
5 0 1 2 7 6 1 7 1 1 2c ff
5 0 1 3 4 6 0 7 0 1 2c ff
5 0 0 0 6 5 0 6 0 1 2c ff
5 0 1 0 4 2 1 5 0 1 0c ff
5 0 0 2 3 1 1 7 0 1 0c ff
5 0 0 3 2 4 0 0 0 1 0c ff
5 0 1 0 2 5 1 3 0 1 04 ff
5 0 0 0 6 6 0 6 0 1 04 ff
5 0 1 2 6 3 0 5 0 1 04 ff
5 0 1 4 0 1 0 5 1 1 14 ff
5 0 1 7 7 7 1 5 1 1 94 ff
5 0 1 0 5 6 0 0 1 1 94 ff
5 0 0 5 1 3 0 1 0 1 94 ff
5 0 1 3 0 3 1 0 1 1 9c ff
5 0 1 2 5 4 1 6 0 1 9c ff
5 0 1 5 1 1 1 2 1 1 b8 ff
5 0 1 5 5 2 1 0 0 1 b8 ff
5 0 1 5 2 2 0 1 0 1 b8 ff
5 0 1 0 4 3 0 0 0 1 b8 ff
5 0 1 5 2 0 1 0 0 1 b8 ff
5 0 1 7 1 1 0 0 0 1 b8 ff
5 0 1 3 2 5 1 6 0 1 b8 ff
5 0 1 2 0 6 0 0 1 1 bc ff
5 0 1 4 4 2 1 3 0 1 b4 ff
5 0 1 6 7 3 0 2 0 1 b4 ff
5 0 1 4 1 2 1 7 0 1 34 ff
5 0 1 5 1 6 0 7 0 1 34 ff
5 0 1 2 6 3 1 4 0 1 24 ff
5 0 1 5 1 5 1 4 0 1 24 ff
5 0 1 5 3 0 1 4 0 1 24 ff
5 0 1 4 3 3 0 1 1 1 34 ff
5 0 1 1 3 0 0 2 1 1 36 ff
5 0 0 3 5 4 1 3 0 1 36 ff
5 0 1 0 3 7 0 7 1 1 36 ff
5 0 1 0 5 3 0 5 0 1 36 ff
5 0 1 4 6 3 0 6 0 1 36 ff
5 0 1 3 7 5 1 6 0 1 36 ff
5 0 1 3 1 7 1 4 0 1 26 ff
5 0 0 4 2 5 1 2 0 1 22 ff
5 0 1 1 0 4 0 2 0 1 22 ff
5 0 0 0 2 3 0 3 0 1 22 ff
5 0 1 3 7 1 0 7 0 1 22 ff
5 0 0 5 7 7 0 3 0 1 22 ff
5 0 0 1 2 7 0 3 0 1 22 ff
5 0 1 6 5 5 0 3 0 1 22 ff
5 0 1 4 2 1 0 2 0 1 22 ff
5 0 1 7 5 0 0 3 0 1 22 ff
5 0 0 6 6 1 0 4 0 1 22 ff
5 0 1 6 4 6 0 3 1 1 62 ff
5 0 0 5 5 6 0 0 0 1 62 ff
5 0 1 0 5 0 1 1 0 1 60 ff
5 0 1 1 4 4 0 3 1 1 62 ff
5 0 0 4 7 4 0 1 0 1 62 ff
5 0 1 4 0 7 1 6 1 1 32 ff
5 0 1 6 3 6 0 7 1 1 72 ff
5 0 1 4 5 2 0 7 0 1 72 ff
5 0 1 1 0 2 1 3 0 1 72 ff
5 0 1 1 6 4 0 6 0 1 72 ff
5 0 1 2 7 2 0 5 1 1 76 ff
5 0 1 1 1 0 0 7 0 1 76 ff
5 0 0 0 7 3 0 1 0 1 76 ff
5 0 1 1 7 7 0 2 0 1 76 ff
5 0 0 5 5 4 0 2 0 1 76 ff
5 0 0 5 6 0 1 4 0 1 66 ff
5 0 1 1 6 2 0 4 0 1 66 ff
5 0 1 6 4 6 1 4 0 1 66 ff
5 0 1 1 1 2 0 0 0 1 66 ff
5 0 1 1 1 6 1 5 0 1 46 ff
5 0 1 5 6 3 1 2 0 1 42 ff
5 0 0 6 7 0 0 1 0 1 42 ff
5 0 1 4 2 2 0 4 1 1 52 ff
5 0 0 5 0 1 0 6 0 1 52 ff
5 0 0 6 6 3 0 7 0 1 52 ff
5 0 1 6 4 3 1 6 0 1 12 ff
5 0 0 3 6 6 0 0 0 1 12 ff
5 0 0 1 7 4 1 7 0 1 12 ff
5 0 1 0 6 3 0 3 1 1 12 ff
5 0 1 5 6 6 1 4 1 1 22 ff
5 0 0 2 5 7 0 7 0 1 22 ff
5 0 1 2 7 5 0 1 0 1 22 ff
5 0 0 3 2 2 0 5 0 1 22 ff
5 0 1 6 1 3 0 7 0 1 22 ff
5 0 1 0 0 5 0 6 0 1 22 ff
5 0 1 1 3 6 0 4 0 1 22 ff
5 0 1 3 6 2 1 4 1 1 2a ff
5 0 1 6 4 4 0 0 1 1 6a ff
5 0 0 6 2 0 0 4 0 1 6a ff
5 0 1 0 4 1 0 5 0 1 6a ff
5 0 1 0 2 1 0 6 0 1 6a ff
5 0 0 6 2 0 0 2 0 1 6a ff
5 0 1 4 0 1 0 3 0 1 6a ff
5 0 1 7 2 6 0 0 0 1 6a ff
5 0 1 1 3 0 0 3 0 1 6a ff
5 0 1 7 7 6 0 6 0 1 6a ff
5 0 1 0 7 1 1 2 0 1 6a ff
5 0 0 1 6 6 0 3 0 1 6a ff
5 0 1 2 0 6 0 2 0 1 6a ff
5 0 1 2 6 5 1 4 0 1 6a ff
5 0 1 0 6 4 1 0 0 1 6a ff
5 0 1 7 7 7 1 6 1 1 aa ff
5 0 1 6 3 5 0 1 0 1 aa ff
5 0 1 5 3 2 0 2 0 1 aa ff
5 0 1 0 5 7 0 5 0 1 aa ff
5 0 1 3 4 0 0 6 0 1 aa ff
5 0 0 0 1 4 1 2 0 1 aa ff
5 0 1 0 3 6 0 3 0 1 aa ff
5 0 1 5 2 4 0 4 0 1 aa ff
5 0 0 1 7 0 0 3 0 1 aa ff
5 0 1 7 3 3 0 2 0 1 aa ff
5 0 0 3 0 3 0 0 0 1 aa ff
5 0 1 4 7 7 0 1 0 1 aa ff
5 0 1 4 1 6 1 2 0 1 aa ff
5 0 1 2 7 1 1 2 0 1 aa ff
5 0 1 5 7 2 0 5 0 1 aa ff
5 0 1 1 2 3 1 1 0 1 a8 ff
5 0 1 1 2 2 0 7 1 1 aa ff
5 0 1 4 7 7 0 1 0 1 aa ff
5 0 1 7 2 2 1 1 0 1 a8 ff
5 0 1 7 1 7 1 1 0 1 a8 ff
5 0 1 7 6 3 1 7 0 1 28 ff
5 0 1 4 0 5 1 6 0 1 28 ff
5 0 1 7 3 2 0 7 0 1 28 ff
5 0 1 2 2 1 1 3 1 1 24 ff
5 0 1 5 5 7 1 2 0 1 20 ff
5 0 1 0 7 0 0 0 1 1 20 ff
5 0 1 5 2 2 1 5 1 1 20 ff
5 0 1 6 1 2 0 5 1 1 60 ff
5 0 1 3 6 5 0 5 0 1 60 ff
5 0 1 6 0 4 1 2 0 1 60 ff
5 0 1 1 3 2 0 7 1 1 62 ff
5 0 1 3 7 5 0 3 0 1 62 ff
5 0 1 1 1 3 1 7 0 1 62 ff
5 0 1 5 3 4 0 0 0 1 62 ff
5 0 1 3 7 4 0 6 1 1 6a ff
5 0 1 3 1 0 0 6 0 1 6a ff
5 0 1 2 3 5 0 0 0 1 6a ff
5 0 1 6 4 0 1 5 0 1 4a ff
5 0 1 5 0 0 0 1 1 1 6a ff
5 0 1 6 2 4 1 5 0 1 4a ff
5 0 1 4 2 7 0 7 1 1 5a ff
5 0 1 7 3 2 0 5 0 1 5a ff
5 0 1 5 6 4 0 5 0 1 5a ff
5 0 1 3 7 0 1 5 0 1 5a ff
5 0 1 5 5 6 1 7 0 1 5a ff
5 0 0 3 6 0 0 7 0 1 5a ff
5 0 1 0 3 3 0 3 0 1 5a ff
5 0 1 3 3 2 0 4 0 1 5a ff
5 0 1 6 3 6 0 2 0 1 5a ff
5 0 1 0 5 4 1 3 0 1 52 ff
5 0 1 6 6 4 1 0 0 1 52 ff
5 0 1 3 5 3 0 3 1 1 5a ff
5 0 0 0 4 6 1 3 0 1 52 ff
5 0 1 1 6 0 0 4 0 1 52 ff
5 0 1 7 2 7 0 3 1 1 d2 ff
5 0 1 7 6 7 1 7 0 1 52 ff
5 0 1 5 1 5 1 4 0 1 42 ff
5 0 1 6 7 0 0 1 0 1 42 ff
5 0 1 0 4 7 1 3 1 1 42 ff
5 0 1 0 2 5 1 1 1 1 40 ff
5 0 1 4 3 7 0 1 1 1 50 ff
5 0 1 2 4 2 0 5 0 1 50 ff
5 0 1 2 5 2 1 1 1 1 54 ff
5 0 1 5 1 4 0 0 0 1 54 ff
5 0 1 2 1 2 0 7 0 1 54 ff
5 0 1 7 3 7 0 4 1 1 d4 ff
5 0 1 5 1 7 1 7 1 1 74 ff
5 0 1 3 4 6 1 3 0 1 74 ff
5 0 1 7 3 3 1 5 1 1 d4 ff
5 0 1 3 3 4 1 6 0 1 94 ff
5 0 1 7 4 2 0 6 0 1 94 ff
5 0 0 3 2 6 0 2 0 1 94 ff
5 0 1 5 7 0 0 6 0 1 94 ff
5 0 1 0 7 7 0 7 0 1 94 ff
5 0 1 3 4 0 0 6 0 1 94 ff
5 0 1 4 3 0 1 5 0 1 94 ff
5 0 1 4 2 3 0 1 0 1 94 ff
5 0 1 2 0 5 0 5 0 1 94 ff
5 0 1 1 0 1 0 4 1 1 96 ff
5 0 1 6 1 3 0 6 0 1 96 ff
5 0 0 7 1 6 1 3 0 1 96 ff
5 0 0 7 0 1 0 6 0 1 96 ff
5 0 0 4 2 7 1 7 0 1 16 ff
5 0 0 2 5 3 1 5 0 1 16 ff
5 0 1 4 7 0 1 7 0 1 16 ff
5 0 1 7 7 7 0 2 1 1 96 ff
5 0 1 1 2 2 1 4 0 1 86 ff
5 0 1 5 7 7 0 7 0 1 86 ff
5 0 0 1 7 6 0 1 0 1 86 ff
5 0 1 6 0 5 1 4 1 1 c6 ff
5 0 1 1 2 7 1 7 0 1 46 ff
5 0 0 6 6 2 0 4 0 1 46 ff
5 0 0 4 0 7 0 4 0 1 46 ff
5 0 0 3 0 0 0 2 0 1 46 ff
5 0 1 7 4 1 0 0 0 1 46 ff
5 0 1 6 2 3 1 3 0 1 46 ff
5 0 1 4 2 3 0 1 0 1 46 ff
5 0 1 0 7 6 0 1 0 1 46 ff
5 0 1 5 1 6 1 5 0 1 46 ff
5 0 0 6 5 1 0 6 0 1 46 ff
5 0 1 2 2 1 0 2 0 1 46 ff
5 0 1 2 3 1 1 1 0 1 44 ff
5 0 0 4 1 6 0 1 0 1 44 ff
5 0 1 4 1 1 1 2 1 1 50 ff
5 0 1 4 0 3 1 0 0 1 50 ff
5 0 0 5 3 1 0 5 0 1 50 ff
5 0 0 2 5 7 0 5 0 1 50 ff
5 0 1 6 4 5 1 0 0 1 50 ff
5 0 1 3 5 7 0 6 1 1 58 ff
5 0 1 3 1 2 0 1 0 1 58 ff
5 0 1 3 4 2 1 1 0 1 58 ff
5 0 0 2 2 1 0 1 0 1 58 ff
5 0 1 1 3 7 1 5 0 1 58 ff
5 0 1 7 3 7 0 2 0 1 58 ff
5 0 1 5 6 4 1 5 0 1 58 ff
5 0 1 7 2 2 0 4 1 1 d8 ff
5 0 1 4 5 6 0 5 0 1 d8 ff
5 0 1 7 4 1 1 4 0 1 c8 ff
5 0 1 2 6 4 0 7 0 1 c8 ff
5 0 0 3 1 4 0 3 0 1 c8 ff
5 0 1 5 5 1 0 3 1 1 e8 ff
5 0 1 0 7 5 0 7 0 1 e8 ff
5 0 1 3 6 5 1 4 0 1 e8 ff
5 0 1 0 4 2 0 0 1 1 e8 ff
5 0 0 1 6 4 0 1 0 1 e8 ff
5 0 1 1 0 4 0 3 1 1 ea ff
5 0 1 2 3 0 0 0 0 1 ea ff
5 0 1 4 2 1 0 0 0 1 ea ff
5 0 1 2 4 3 0 5 0 1 ea ff
5 0 1 1 0 3 1 0 0 1 ea ff
5 0 0 7 7 0 1 3 0 1 e2 ff
5 0 1 7 3 6 0 5 0 1 e2 ff
5 0 0 2 7 6 1 7 0 1 62 ff
5 0 0 1 2 6 1 2 0 1 62 ff
5 0 1 6 4 3 0 4 0 1 62 ff
5 0 1 0 2 7 0 7 1 1 62 ff
5 0 1 7 4 0 0 3 1 1 e2 ff
5 0 1 0 7 1 0 0 0 1 e2 ff
5 0 1 4 3 0 0 7 1 1 f2 ff
5 0 1 5 0 5 0 6 0 1 f2 ff
5 0 1 7 3 6 1 0 0 1 f2 ff
5 0 1 6 7 1 0 5 0 1 f2 ff
5 0 1 7 3 6 0 3 0 1 f2 ff
5 0 1 4 2 4 0 1 0 1 f2 ff
5 0 1 1 4 1 1 4 0 1 e2 ff
5 0 1 4 1 4 0 1 0 1 e2 ff
5 0 1 5 4 7 0 6 0 1 e2 ff
5 0 1 2 4 7 1 5 0 1 c2 ff
5 0 1 6 7 3 0 1 0 1 c2 ff
5 0 1 7 3 2 1 3 0 1 c2 ff
5 0 0 4 6 3 0 6 0 1 c2 ff
5 0 1 4 4 4 1 4 1 1 d2 ff
5 0 1 6 7 5 0 1 0 1 d2 ff
5 0 1 5 6 6 0 3 0 1 d2 ff
5 0 1 7 4 3 1 3 0 1 d2 ff
5 0 1 5 0 1 0 6 0 1 d2 ff
5 0 1 4 2 1 1 0 0 1 d2 ff
5 0 1 0 4 7 0 0 0 1 d2 ff
5 0 0 0 7 4 0 3 0 1 d2 ff
5 0 1 6 4 0 0 0 0 1 d2 ff
5 0 0 6 5 0 0 6 0 1 d2 ff
5 0 1 3 0 1 0 6 0 1 d2 ff
5 0 1 4 6 2 1 6 0 1 92 ff
5 0 1 7 2 5 1 3 0 1 92 ff
5 0 0 1 2 7 1 1 0 1 90 ff
5 0 1 2 6 2 0 4 1 1 94 ff
5 0 0 4 6 7 1 0 0 1 94 ff
5 0 1 5 0 3 0 2 1 1 b4 ff
5 0 1 2 0 4 1 5 0 1 94 ff
5 0 1 2 5 3 0 0 0 1 94 ff
5 0 1 2 0 5 1 2 1 1 94 ff
5 0 1 6 0 2 1 0 0 1 94 ff
5 0 1 6 5 1 0 7 1 1 d4 ff
5 0 1 5 2 3 1 5 0 1 d4 ff
5 0 1 3 7 5 0 1 0 1 d4 ff
5 0 1 1 2 0 1 0 0 1 d4 ff
5 0 0 2 2 3 1 1 0 1 d4 ff
5 0 1 3 1 7 0 6 0 1 d4 ff
5 0 1 4 6 3 1 1 0 1 d4 ff
5 0 1 5 0 3 1 5 1 1 f4 ff
5 0 0 4 5 0 0 2 0 1 f4 ff
5 0 1 0 1 5 0 7 0 1 f4 ff
5 0 1 3 0 3 0 0 1 1 fc ff
5 0 1 4 5 2 1 1 0 1 fc ff
5 0 1 2 6 7 1 1 0 1 fc ff
5 0 1 1 5 0 1 4 0 1 ec ff
5 0 0 4 0 5 1 3 0 1 e4 ff
5 0 0 5 5 5 0 1 0 1 e4 ff
5 0 1 5 0 4 0 5 0 1 e4 ff
5 0 0 7 1 3 0 2 0 1 e4 ff
5 0 1 5 3 6 0 3 0 1 e4 ff
5 0 1 4 1 6 1 3 0 1 e4 ff
5 0 0 7 7 3 0 3 0 1 e4 ff
5 0 1 2 5 2 1 1 0 1 e4 ff
5 0 0 2 4 1 0 7 0 1 e4 ff
5 0 1 2 6 5 1 2 0 1 e0 ff
5 0 1 6 3 6 0 6 0 1 e0 ff
5 0 1 1 5 0 0 7 0 1 e0 ff
5 0 0 1 1 5 1 6 0 1 a0 ff
5 0 0 7 3 3 1 6 0 1 a0 ff
5 0 1 6 1 6 0 2 1 1 e0 ff
5 0 1 6 7 0 0 4 0 1 e0 ff
5 0 1 4 1 4 0 3 1 1 f0 ff
5 0 0 4 5 6 0 3 0 1 f0 ff
5 0 1 2 3 4 0 0 0 1 f0 ff
5 0 1 6 4 7 1 4 0 1 e0 ff
5 0 1 5 2 3 0 5 0 1 e0 ff
5 0 1 3 4 6 0 5 0 1 e0 ff
5 0 1 0 3 5 0 0 0 1 e0 ff
5 0 0 1 5 0 1 1 0 1 e0 ff
5 0 1 2 2 2 0 7 1 1 e4 ff
5 0 1 0 0 5 1 0 0 1 e4 ff
5 0 1 0 5 0 1 1 0 1 e4 ff
5 0 1 3 6 2 1 2 0 1 e0 ff
5 0 1 7 2 1 1 2 0 1 e0 ff
5 0 1 3 2 1 1 3 1 1 e8 ff
5 0 1 4 2 0 1 0 1 1 f8 ff
5 0 1 3 1 3 0 5 0 1 f8 ff
5 0 1 7 1 2 0 0 0 1 f8 ff
5 0 1 0 3 4 0 0 0 1 f8 ff
5 0 1 4 5 0 0 0 0 1 f8 ff
5 0 1 5 6 1 0 2 0 1 f8 ff
5 0 1 2 7 0 1 6 0 1 b8 ff
5 0 1 5 1 1 0 7 0 1 b8 ff
5 0 0 4 4 4 0 6 0 1 b8 ff
5 0 1 7 4 7 0 6 0 1 b8 ff
5 0 1 0 7 4 0 1 0 1 b8 ff
5 0 1 2 3 4 0 2 0 1 b8 ff
5 0 1 3 7 7 0 5 0 1 b8 ff
5 0 1 7 6 4 1 3 0 1 b0 ff
5 0 1 7 4 6 0 7 0 1 b0 ff
5 0 0 7 7 3 1 6 0 1 b0 ff
5 0 1 1 5 1 0 3 0 1 b0 ff
5 0 1 7 3 4 0 4 0 1 b0 ff
5 0 1 5 1 7 1 1 0 1 b0 ff
5 0 1 6 0 4 1 4 1 1 e0 ff
5 0 1 7 6 6 0 1 0 1 e0 ff
5 0 1 4 5 5 0 2 0 1 e0 ff
5 0 1 6 3 3 1 2 0 1 e0 ff
5 0 0 6 2 3 0 3 0 1 e0 ff
5 0 1 7 7 1 0 6 0 1 e0 ff
5 0 1 6 2 7 1 4 0 1 e0 ff
5 0 1 0 4 2 1 2 1 1 e0 ff
5 0 0 0 3 5 0 5 0 1 e0 ff
5 0 1 1 4 0 0 0 1 1 e2 ff
5 0 1 5 1 4 0 6 0 1 e2 ff
5 0 1 0 4 2 0 4 1 1 e2 ff
5 0 1 2 7 0 1 3 0 1 e2 ff
5 0 1 3 3 0 0 0 1 1 ea ff
5 0 1 5 6 6 0 6 0 1 ea ff
5 0 1 4 3 7 0 7 0 1 ea ff
5 0 0 5 6 6 0 6 0 1 ea ff
5 0 1 1 0 7 1 2 0 1 ea ff
5 0 1 2 6 5 0 3 0 1 ea ff
5 0 0 6 2 6 0 1 0 1 ea ff
5 0 1 1 5 5 1 0 0 1 ea ff
5 0 1 6 0 3 1 0 0 1 ea ff
5 0 0 1 2 0 0 4 0 1 ea ff
5 0 0 4 5 7 0 3 0 1 ea ff
5 0 1 0 3 0 0 7 0 1 ea ff
5 0 1 0 0 6 1 2 0 1 ea ff
5 1 1 0 0 0 0 3 0 1 00 ff
5 0 1 2 5 3 0 4 1 1 04 ff
5 0 0 3 2 2 0 7 0 1 04 ff
5 0 1 0 7 3 1 3 1 1 04 ff
5 0 0 1 2 2 0 1 0 1 04 ff
5 0 1 0 3 5 0 4 1 1 04 ff
5 0 1 1 7 0 1 6 1 1 06 ff
5 0 1 2 2 2 1 0 0 1 06 ff
5 0 0 3 7 6 1 0 0 1 06 ff
5 0 1 7 6 7 1 2 1 1 82 ff
5 0 0 1 3 2 0 2 0 1 82 ff
5 0 1 3 2 4 1 7 1 1 0a ff
5 0 0 0 5 5 0 7 0 1 0a ff
5 0 1 1 7 1 1 7 0 1 0a ff
5 0 1 6 6 7 0 4 1 1 4a ff
5 0 1 7 0 1 0 1 0 1 4a ff
5 0 1 1 4 2 0 1 0 1 4a ff
5 0 0 7 4 1 0 4 0 1 4a ff
5 0 0 1 7 0 1 1 0 1 48 ff
5 0 0 7 1 7 0 2 0 1 48 ff
5 0 1 2 4 3 1 0 0 1 48 ff
5 0 1 7 0 5 1 2 1 1 c8 ff
5 0 1 1 2 5 0 7 1 1 ca ff
5 0 1 4 1 7 1 0 0 1 ca ff
5 0 1 5 3 5 0 0 0 1 ca ff
5 0 1 7 5 1 0 5 0 1 ca ff
5 0 1 1 0 4 0 3 0 1 ca ff
5 0 1 0 0 3 1 5 0 1 ca ff
5 0 1 7 5 4 0 6 0 1 ca ff
5 0 1 3 4 1 0 1 0 1 ca ff
5 0 1 6 5 0 0 2 0 1 ca ff
5 0 1 6 0 0 0 0 0 1 ca ff
5 0 1 7 3 4 0 7 0 1 ca ff
5 0 1 3 7 4 0 1 0 1 ca ff
5 0 1 6 0 7 0 5 0 1 ca ff
5 0 1 4 2 0 1 4 1 1 da ff
5 0 1 7 7 5 1 1 0 1 d8 ff
5 0 1 5 5 5 1 0 1 1 f8 ff
5 0 0 3 2 1 0 4 0 1 f8 ff
5 0 1 3 7 0 0 1 0 1 f8 ff
5 0 1 3 4 1 0 6 0 1 f8 ff
5 0 1 3 5 3 0 1 0 1 f8 ff
5 0 1 1 3 0 0 4 0 1 f8 ff
5 0 1 1 5 0 1 6 0 1 b8 ff
5 0 1 4 4 1 0 0 0 1 b8 ff
5 0 1 3 5 3 1 5 0 1 98 ff
5 0 1 3 2 4 1 1 0 1 98 ff
5 0 1 7 4 2 0 4 0 1 98 ff
5 0 1 2 6 7 0 2 0 1 98 ff
5 0 1 6 6 1 0 0 1 1 d8 ff
5 0 0 2 3 7 1 4 0 1 c8 ff
5 0 1 7 0 1 1 1 0 1 c8 ff
5 0 1 6 4 6 0 2 0 1 c8 ff
5 0 0 0 0 1 1 3 0 1 c0 ff
5 0 1 6 0 6 1 1 0 1 c0 ff
5 0 0 6 6 3 1 1 0 1 c0 ff
5 0 0 3 5 7 1 0 0 1 c0 ff
5 0 0 2 3 7 1 3 0 1 c0 ff
5 0 0 5 6 0 0 1 0 1 c0 ff
5 0 1 3 4 5 1 1 1 1 c8 ff
5 0 1 6 1 6 0 1 0 1 c8 ff
5 0 1 3 7 6 1 1 0 1 c8 ff
5 0 0 7 3 0 0 7 0 1 c8 ff
5 0 0 6 7 4 0 6 0 1 c8 ff
5 0 0 6 1 4 1 1 0 1 c8 ff
5 0 0 5 0 5 0 5 0 1 c8 ff
5 0 1 0 0 0 0 0 1 1 c8 ff
5 0 1 5 6 5 0 3 0 1 c8 ff
5 0 1 4 3 2 1 0 0 1 c8 ff
5 0 1 3 2 1 0 0 0 1 c8 ff
5 0 0 0 4 6 0 1 0 1 c8 ff
5 0 0 6 0 5 0 1 0 1 c8 ff
5 0 1 3 2 4 0 5 0 1 c8 ff
5 0 1 1 4 3 0 0 0 1 c8 ff
5 0 1 6 5 2 0 4 0 1 c8 ff
5 0 1 0 5 5 0 1 1 1 c8 ff
5 0 1 3 2 7 0 4 0 1 c8 ff
5 0 1 6 1 0 0 4 0 1 c8 ff
5 0 0 3 1 2 0 0 0 1 c8 ff
5 0 1 2 2 1 0 4 1 1 cc ff
5 0 1 5 2 0 0 4 0 1 cc ff
5 0 1 7 7 0 1 2 0 1 c8 ff
5 0 1 7 0 6 0 7 0 1 c8 ff
5 0 1 5 3 1 0 0 0 1 c8 ff
5 0 1 2 1 2 0 0 1 1 cc ff
5 0 1 7 4 3 1 4 0 1 cc ff
5 0 0 4 0 2 0 1 0 1 cc ff
5 0 1 1 0 7 0 4 0 1 cc ff
5 0 1 5 4 0 1 7 1 1 6c ff
5 0 1 6 5 6 1 2 0 1 68 ff
5 0 1 4 5 3 1 3 0 1 60 ff
5 0 0 2 5 5 1 1 0 1 60 ff
5 0 0 6 6 3 1 4 0 1 60 ff
5 0 1 4 2 1 1 3 1 1 70 ff
5 0 1 3 4 6 1 7 0 1 70 ff
5 0 1 4 1 4 0 7 0 1 70 ff
5 0 0 3 0 3 0 4 0 1 70 ff
5 0 1 6 0 1 0 1 0 1 70 ff
5 0 0 4 2 5 0 3 0 1 70 ff
5 0 0 5 6 5 0 2 0 1 70 ff
5 0 1 3 6 5 0 7 0 1 70 ff
5 0 1 3 3 5 1 4 0 1 60 ff
5 0 1 4 7 1 1 2 1 1 70 ff
5 0 1 6 0 6 0 4 0 1 70 ff
5 0 1 0 1 5 1 4 0 1 60 ff
5 0 1 6 1 7 1 7 0 1 60 ff
5 0 0 7 0 7 0 6 0 1 60 ff
5 0 1 6 4 3 0 6 0 1 60 ff
5 0 1 2 7 2 0 6 1 1 64 ff
5 0 1 5 4 5 0 4 0 1 64 ff
5 0 1 3 4 1 1 2 1 1 68 ff
5 0 1 3 0 5 1 1 0 1 68 ff
5 0 1 6 1 0 1 6 1 1 68 ff
5 0 1 5 2 3 0 5 0 1 68 ff
5 0 1 5 7 7 0 3 0 1 68 ff
5 0 1 3 6 7 0 1 0 1 68 ff
5 0 0 5 7 1 1 0 0 1 68 ff
5 0 1 4 5 7 1 7 0 1 68 ff
5 0 1 2 1 2 1 7 1 1 6c ff
5 0 1 0 7 2 0 7 0 1 6c ff
5 0 0 3 1 5 1 1 0 1 6c ff
5 0 1 2 5 3 1 4 0 1 6c ff
5 0 0 1 0 1 1 2 0 1 68 ff
5 0 1 1 2 6 1 5 0 1 48 ff
5 0 1 7 3 3 0 1 0 1 48 ff
5 0 1 5 6 5 0 1 0 1 48 ff
5 0 1 2 0 7 0 5 1 1 4c ff
5 0 0 2 7 3 0 7 0 1 4c ff
5 0 1 7 5 5 0 0 1 1 cc ff
5 0 1 2 1 5 0 6 0 1 cc ff
5 0 1 2 5 4 0 6 0 1 cc ff
5 0 1 3 4 3 0 7 0 1 cc ff
5 0 1 7 1 5 0 0 0 1 cc ff
5 0 1 7 7 3 1 6 0 1 8c ff
5 0 1 3 6 3 0 1 0 1 8c ff
5 0 1 3 5 1 0 6 0 1 8c ff
5 0 1 3 1 4 1 5 0 1 8c ff
5 0 1 5 6 6 0 6 1 1 ac ff
5 0 1 6 6 2 0 2 0 1 ac ff
5 0 1 7 5 4 1 2 0 1 a8 ff
5 0 0 7 4 5 0 4 0 1 a8 ff
5 0 1 2 4 6 1 3 1 1 a4 ff
5 0 1 2 7 3 0 0 0 1 a4 ff
5 0 1 2 1 4 0 6 0 1 a4 ff
5 0 1 3 5 2 1 2 0 1 a0 ff
5 0 1 7 6 6 1 7 1 1 a0 ff
5 0 1 3 1 7 0 1 0 1 a0 ff
5 0 1 6 2 1 1 0 1 1 e0 ff
5 0 1 2 7 3 1 7 1 1 64 ff
5 0 1 3 6 1 0 6 0 1 64 ff
5 0 1 3 5 7 1 5 1 1 4c ff
5 0 1 6 1 2 0 6 0 1 4c ff
5 0 1 4 6 2 0 2 0 1 4c ff
5 0 1 2 5 3 0 4 0 1 4c ff
5 0 0 3 3 1 1 5 0 1 4c ff
5 0 0 5 0 0 0 1 0 1 4c ff
5 0 1 4 3 1 0 2 0 1 4c ff
5 0 0 6 3 3 0 6 0 1 4c ff
5 0 1 4 1 5 1 0 1 1 5c ff
5 0 1 4 6 1 1 5 0 1 5c ff
5 0 1 6 7 2 1 1 0 1 5c ff
5 0 1 4 6 1 1 6 0 1 1c ff
5 0 0 0 7 4 0 1 0 1 1c ff
5 0 1 5 4 6 0 2 0 1 1c ff
5 0 1 2 0 1 1 5 0 1 1c ff
5 0 1 6 2 7 0 6 0 1 1c ff
5 0 1 3 7 5 1 2 0 1 18 ff
5 0 1 2 4 0 0 5 0 1 18 ff
5 0 0 6 1 2 0 2 0 1 18 ff
5 0 0 4 5 5 0 2 0 1 18 ff
5 0 1 7 7 7 0 4 1 1 98 ff
5 0 0 7 2 5 0 3 0 1 98 ff
5 0 1 3 0 4 0 4 0 1 98 ff
5 0 1 7 0 7 0 2 0 1 98 ff
5 0 0 1 7 0 0 7 0 1 98 ff
5 0 1 1 4 5 0 3 0 1 98 ff
5 0 1 7 2 5 0 5 0 1 98 ff
5 0 0 7 7 0 0 7 0 1 98 ff
5 0 1 4 0 4 0 0 0 1 98 ff
5 0 1 6 0 4 1 5 0 1 98 ff
5 0 1 2 6 1 0 4 1 1 9c ff
5 0 1 2 1 6 0 7 0 1 9c ff
5 0 1 4 6 0 1 4 1 1 9c ff
5 0 1 5 6 1 1 0 1 1 bc ff
5 0 1 6 6 1 0 2 1 1 fc ff
5 0 0 3 7 0 0 5 0 1 fc ff
5 0 1 2 5 6 0 4 0 1 fc ff
5 0 1 2 1 6 1 4 0 1 ec ff
5 0 1 0 2 1 0 0 0 1 ec ff
5 0 1 0 1 7 1 3 0 1 e4 ff
5 0 1 4 5 7 0 2 0 1 e4 ff
5 0 0 5 6 4 0 6 0 1 e4 ff
5 0 1 2 3 3 0 0 0 1 e4 ff
5 0 1 7 2 7 1 2 0 1 e0 ff
5 0 1 3 0 0 0 3 1 1 e8 ff
5 0 1 7 2 2 1 4 0 1 e8 ff
5 0 0 4 0 3 0 6 0 1 e8 ff
5 0 1 6 4 4 0 5 0 1 e8 ff
5 0 1 0 1 3 1 6 0 1 a8 ff
5 0 0 6 5 3 1 5 0 1 88 ff
5 0 1 0 1 0 0 1 1 1 88 ff
5 0 1 6 7 1 0 0 0 1 88 ff
5 0 1 1 0 6 1 4 1 1 8a ff
5 0 1 2 6 3 0 6 0 1 8a ff
5 0 1 6 7 4 0 5 0 1 8a ff
5 0 0 2 2 1 1 6 0 1 8a ff
5 0 1 7 1 3 1 3 0 1 82 ff
5 0 1 2 1 5 0 1 0 1 82 ff
5 0 0 7 3 3 0 6 0 1 82 ff
5 0 1 2 2 2 0 7 1 1 86 ff
5 0 1 7 4 6 1 6 0 1 86 ff
5 0 1 4 3 7 0 2 0 1 86 ff
5 0 1 6 0 7 1 5 0 1 86 ff
5 0 0 1 4 0 1 7 0 1 06 ff
5 0 1 4 6 7 0 7 1 1 16 ff
5 0 1 1 0 1 0 0 0 1 16 ff
5 0 1 0 1 4 0 6 0 1 16 ff
5 0 0 4 3 6 1 6 0 1 16 ff
5 0 1 5 6 2 1 4 0 1 06 ff
5 0 1 3 4 7 1 7 1 1 0e ff
5 0 1 7 7 0 0 1 1 1 8e ff
5 0 1 2 7 2 0 3 0 1 8e ff
5 0 1 6 1 2 0 4 0 1 8e ff
5 0 0 0 3 2 1 5 0 1 8e ff
5 0 1 5 4 6 0 0 1 1 ae ff
5 0 1 4 7 2 0 5 0 1 ae ff
5 0 1 0 7 2 0 5 0 1 ae ff
5 0 1 2 3 1 0 5 0 1 ae ff
5 0 1 1 1 0 1 3 0 1 a6 ff
5 0 1 3 3 0 1 5 1 1 8e ff
5 0 1 5 6 6 1 7 1 1 2e ff
5 0 1 0 0 6 0 0 1 1 2e ff
5 0 1 5 7 2 0 4 0 1 2e ff
5 0 1 1 7 6 1 2 0 1 2a ff
5 0 1 6 1 4 0 4 0 1 2a ff
5 0 1 4 2 3 0 0 0 1 2a ff
5 0 1 2 7 1 0 5 0 1 2a ff
5 0 1 6 6 1 1 4 0 1 2a ff
5 0 1 0 7 6 1 6 1 1 2a ff
5 0 0 3 1 6 1 7 0 1 2a ff
5 0 0 3 6 5 0 6 0 1 2a ff
5 0 1 2 6 5 0 3 0 1 2a ff
5 0 1 1 7 2 0 6 0 1 2a ff
5 0 1 0 0 0 0 6 1 1 2a ff
5 0 1 2 6 5 0 7 0 1 2a ff
5 0 1 7 0 7 0 7 1 1 aa ff
5 0 1 7 0 7 0 7 0 1 aa ff
5 0 1 2 7 6 0 3 0 1 aa ff
5 0 1 0 1 4 0 4 0 1 aa ff
5 0 1 1 3 4 0 1 0 1 aa ff
5 0 0 4 1 7 0 2 0 1 aa ff
5 0 1 2 1 7 0 2 0 1 aa ff
5 0 1 0 7 6 1 7 1 1 2a ff
5 0 1 4 2 4 0 0 1 1 3a ff
5 0 1 2 3 7 1 0 0 1 3a ff
5 0 1 6 2 5 1 5 1 1 5a ff
5 0 1 2 2 1 1 4 0 1 4a ff
5 0 0 4 1 1 1 1 0 1 48 ff
5 0 1 6 5 6 1 7 0 1 48 ff
5 0 0 1 6 6 1 4 0 1 48 ff
5 0 1 7 3 2 0 6 0 1 48 ff
5 0 1 7 0 6 0 4 0 1 48 ff
5 0 1 1 4 7 0 5 1 1 4a ff
5 0 0 1 6 2 1 1 0 1 48 ff
5 0 1 1 5 1 0 2 1 1 4a ff
5 0 1 3 6 5 1 0 0 1 4a ff
5 0 1 3 0 5 0 0 0 1 4a ff
5 0 1 3 4 0 0 4 0 1 4a ff
5 0 0 1 0 2 1 3 0 1 42 ff
5 0 0 5 0 4 1 1 0 1 40 ff
5 0 1 1 6 0 1 3 0 1 40 ff
5 0 0 4 3 3 0 3 0 1 40 ff
5 0 1 3 6 0 1 1 0 1 40 ff
5 0 1 0 0 1 0 6 1 1 40 ff
5 0 0 2 5 2 1 5 0 1 40 ff
5 0 0 5 0 6 1 7 0 1 40 ff
5 0 1 4 2 1 0 6 1 1 50 ff
5 0 1 5 2 4 1 0 0 1 50 ff
5 0 1 1 2 4 0 6 0 1 50 ff
5 0 0 7 6 0 0 6 0 1 50 ff
5 0 1 5 1 2 0 6 1 1 70 ff
5 0 1 0 2 0 0 5 1 1 70 ff
5 0 0 2 4 1 0 4 0 1 70 ff
5 0 1 4 0 4 1 4 1 1 70 ff
5 0 1 5 0 7 1 1 0 1 70 ff
5 0 1 2 2 1 0 5 1 1 74 ff
5 0 1 3 6 7 0 3 0 1 74 ff
5 0 1 1 6 2 0 2 0 1 74 ff
5 0 1 4 6 1 0 6 0 1 74 ff
5 0 1 5 6 5 0 2 0 1 74 ff
5 0 1 5 7 6 1 0 0 1 74 ff
5 0 0 3 5 7 1 7 0 1 74 ff
5 0 0 5 5 7 1 0 0 1 74 ff
5 0 1 5 0 0 1 1 0 1 74 ff
5 0 1 2 4 2 0 7 0 1 74 ff
5 0 0 2 1 0 1 7 0 1 74 ff
5 0 1 5 4 6 0 4 0 1 74 ff
5 0 0 4 0 7 0 2 0 1 74 ff
5 0 1 2 1 2 1 5 0 1 54 ff
5 0 1 5 5 4 1 4 1 1 64 ff
5 0 1 4 1 3 1 6 1 1 34 ff
5 0 0 2 1 1 0 7 0 1 34 ff
5 0 1 0 2 0 0 0 0 1 34 ff
5 0 1 3 7 6 1 7 1 1 3c ff
5 0 1 2 5 4 0 7 0 1 3c ff
5 0 1 7 1 0 0 5 1 1 bc ff
5 0 0 3 1 1 0 2 0 1 bc ff
5 0 1 3 3 5 1 7 0 1 3c ff
5 0 1 3 1 6 0 4 0 1 3c ff
5 0 1 7 0 2 0 1 0 1 3c ff
5 0 1 1 5 2 1 6 0 1 3c ff
5 0 1 4 4 2 0 5 0 1 3c ff
5 0 1 3 7 4 1 3 0 1 34 ff
5 0 0 6 0 2 1 7 0 1 34 ff
5 0 1 1 6 5 0 7 0 1 34 ff
5 0 1 0 7 2 0 4 0 1 34 ff
5 0 0 0 0 1 0 2 0 1 34 ff
5 0 1 5 0 1 1 7 0 1 34 ff
5 0 1 4 0 0 1 4 1 1 34 ff
5 0 1 4 2 3 0 7 0 1 34 ff
5 0 1 0 0 7 0 1 1 1 34 ff
5 0 1 2 3 4 1 4 0 1 24 ff
5 0 0 1 5 3 1 7 0 1 24 ff
5 0 1 6 7 0 1 3 1 1 64 ff
5 0 0 3 0 3 1 2 0 1 60 ff
5 0 1 4 2 4 0 4 1 1 70 ff
5 0 1 4 5 0 0 6 0 1 70 ff
5 0 1 7 5 6 0 1 0 1 70 ff
5 0 1 6 0 2 0 0 0 1 70 ff
5 0 1 1 6 5 0 4 0 1 70 ff
5 0 1 1 7 4 1 0 0 1 70 ff
5 0 1 7 3 2 0 3 1 1 f0 ff
5 0 1 3 0 1 1 1 1 1 f8 ff
5 0 1 7 4 0 0 5 0 1 f8 ff
5 0 1 7 5 1 1 1 0 1 f8 ff
5 0 1 7 0 7 1 6 0 1 b8 ff
5 0 1 0 3 0 1 0 0 1 b8 ff
5 0 1 4 2 6 1 5 0 1 98 ff
5 0 0 6 5 7 0 3 0 1 98 ff
5 0 1 1 5 2 0 7 1 1 9a ff
5 0 1 3 0 3 1 0 0 1 9a ff
5 0 1 4 4 5 0 5 0 1 9a ff
5 0 0 3 3 5 1 3 0 1 92 ff
5 0 1 3 5 0 0 0 1 1 9a ff
5 0 0 6 3 7 1 5 0 1 9a ff
5 0 1 0 5 7 0 1 0 1 9a ff
5 0 1 0 3 4 0 6 0 1 9a ff
5 0 1 3 7 6 1 0 0 1 9a ff
5 0 1 2 7 1 0 5 0 1 9a ff
5 0 1 6 5 0 0 0 1 1 da ff
5 0 1 5 0 3 1 2 0 1 da ff
5 0 1 2 3 3 0 0 0 1 da ff
5 0 1 1 5 1 0 0 0 1 da ff
5 0 1 3 1 3 1 1 0 1 d8 ff
5 0 1 0 0 7 0 7 0 1 d8 ff
5 0 1 2 2 1 1 6 1 1 9c ff
5 0 1 4 3 7 0 6 0 1 9c ff
5 0 0 7 1 7 0 2 0 1 9c ff
5 0 1 0 2 7 0 4 0 1 9c ff
5 0 1 1 4 0 0 1 0 1 9c ff
5 0 0 1 6 1 1 5 0 1 9c ff
5 0 0 6 1 2 0 2 0 1 9c ff
5 0 1 0 4 7 0 0 0 1 9c ff
5 0 1 6 4 4 0 1 0 1 9c ff
5 0 0 7 2 6 1 0 0 1 9c ff
5 0 0 0 6 4 0 0 0 1 9c ff
5 0 0 7 4 1 0 6 0 1 9c ff
5 0 1 0 6 7 1 4 0 1 8c ff
5 0 1 7 7 1 1 2 0 1 88 ff
5 0 1 2 4 5 1 3 1 1 84 ff
5 0 1 5 5 7 0 7 0 1 84 ff
5 0 1 1 0 1 1 1 1 1 86 ff
5 0 1 7 4 4 0 3 0 1 86 ff
5 0 1 2 1 4 1 2 0 1 82 ff
5 0 1 6 2 2 1 4 1 1 c2 ff
5 0 1 3 3 3 0 0 1 1 ca ff
5 0 1 4 3 4 0 7 0 1 ca ff
5 0 1 3 1 0 0 7 0 1 ca ff
5 0 1 2 5 5 0 0 1 1 ce ff
5 0 1 3 2 1 0 5 0 1 ce ff
5 0 0 3 1 0 0 1 0 1 ce ff
5 0 1 7 3 3 0 0 0 1 ce ff
5 0 1 1 1 7 1 5 0 1 ce ff
5 0 1 3 7 2 0 6 0 1 ce ff
5 0 0 7 2 5 0 1 0 1 ce ff
5 0 1 1 5 3 1 5 0 1 ce ff
5 0 1 2 1 1 1 6 0 1 8e ff
5 0 1 6 0 7 1 6 0 1 8e ff
5 0 1 5 0 6 0 5 1 1 ae ff
5 0 0 0 4 1 0 3 0 1 ae ff
5 0 1 1 5 0 0 4 0 1 ae ff
5 0 1 2 4 5 0 0 0 1 ae ff
5 0 1 6 4 6 0 3 1 1 ee ff
5 0 1 5 5 2 1 0 0 1 ee ff
5 0 1 2 3 5 0 5 0 1 ee ff
5 0 1 4 0 5 0 4 0 1 ee ff
5 0 1 1 2 3 1 3 0 1 e6 ff
5 0 1 3 6 6 1 7 0 1 66 ff
5 0 1 1 5 6 0 0 0 1 66 ff
5 0 1 3 4 6 0 2 0 1 66 ff
5 0 1 7 6 0 0 6 0 1 66 ff
5 0 1 7 6 6 0 1 0 1 66 ff
5 0 1 2 2 4 1 4 0 1 66 ff
5 0 1 3 3 2 1 4 0 1 66 ff
5 0 1 2 6 0 1 1 0 1 64 ff
5 0 1 3 3 0 0 4 1 1 6c ff
5 0 1 3 1 5 0 0 0 1 6c ff
5 0 0 0 2 7 1 0 0 1 6c ff
5 0 1 3 4 1 0 0 0 1 6c ff
5 0 0 4 7 4 0 1 0 1 6c ff
5 0 1 4 1 4 1 5 1 1 5c ff
5 0 1 4 1 5 1 0 0 1 5c ff
5 0 1 5 1 4 1 7 0 1 5c ff
5 0 1 7 1 0 0 4 1 1 dc ff
5 0 1 0 4 0 1 5 0 1 dc ff
5 0 1 4 2 3 0 5 0 1 dc ff
5 0 1 6 0 2 0 5 0 1 dc ff
5 0 1 1 7 7 0 4 0 1 dc ff
5 0 1 1 4 5 1 0 0 1 dc ff
5 0 1 2 0 1 1 2 1 1 dc ff
5 0 1 2 4 6 0 1 0 1 dc ff
5 0 1 5 4 6 1 6 0 1 9c ff
5 0 1 5 3 0 0 5 0 1 9c ff
5 0 0 6 1 6 1 1 0 1 9c ff
5 0 1 6 6 1 1 1 1 1 dc ff
5 0 0 3 4 4 0 4 0 1 dc ff
5 0 1 2 2 4 0 5 0 1 dc ff
5 0 1 5 4 7 1 4 0 1 cc ff
5 0 1 6 0 6 0 1 0 1 cc ff
5 0 1 7 0 0 1 1 0 1 cc ff
5 0 1 2 0 1 0 5 0 1 cc ff
5 0 1 6 6 3 0 1 0 1 cc ff
5 0 1 7 0 5 0 3 0 1 cc ff
5 0 1 2 6 4 0 3 0 1 cc ff
5 0 0 0 4 1 1 0 0 1 cc ff
5 0 0 5 1 6 0 3 0 1 cc ff
5 0 0 3 6 3 0 0 0 1 cc ff
5 0 1 6 4 5 0 4 0 1 cc ff
5 0 1 3 5 0 0 6 0 1 cc ff
5 0 0 2 7 5 0 7 0 1 cc ff
5 0 1 0 3 3 1 4 0 1 cc ff
5 0 1 4 6 3 1 6 0 1 8c ff
5 0 1 4 0 6 0 6 1 1 9c ff
5 0 1 3 5 4 0 6 0 1 9c ff
5 0 1 4 3 3 0 6 0 1 9c ff
5 0 1 6 7 4 1 5 0 1 9c ff
5 0 1 5 5 3 1 1 0 1 9c ff
5 0 0 3 6 6 0 4 0 1 9c ff
5 0 1 5 6 3 0 7 0 1 9c ff
5 0 1 7 6 5 1 7 1 1 9c ff
5 0 1 5 4 3 1 1 0 1 9c ff
5 0 1 3 5 3 0 3 0 1 9c ff
5 0 0 5 0 2 0 6 0 1 9c ff
5 0 1 6 0 5 1 5 1 1 dc ff
5 0 1 5 2 0 0 4 0 1 dc ff
5 0 0 1 2 5 0 1 0 1 dc ff
5 0 1 7 5 7 0 4 0 1 dc ff
5 0 1 7 3 1 0 0 0 1 dc ff
5 0 1 4 5 0 0 2 0 1 dc ff
5 0 1 5 0 7 0 6 0 1 dc ff
5 0 0 3 2 0 0 1 0 1 dc ff
5 0 1 3 6 6 1 3 0 1 d4 ff
5 0 0 7 3 0 1 6 0 1 94 ff
5 0 1 6 5 0 0 6 1 1 d4 ff
5 0 1 0 5 7 1 6 0 1 94 ff
5 0 1 5 2 3 1 5 0 1 94 ff
5 0 1 2 7 0 1 3 0 1 94 ff
5 0 1 4 6 0 0 3 0 1 94 ff
5 0 0 1 6 2 0 7 0 1 94 ff
5 0 1 2 3 6 0 1 0 1 94 ff
5 1 1 1 2 2 0 7 0 1 00 ff
5 0 1 6 6 3 1 2 1 1 40 ff
5 0 1 4 2 0 1 1 1 1 50 ff
5 0 1 5 7 4 0 4 0 1 50 ff
5 0 1 5 0 7 0 7 1 1 70 ff
5 0 0 0 2 1 0 4 0 1 70 ff
5 0 0 3 2 0 0 5 0 1 70 ff
5 0 0 1 4 7 0 0 0 1 70 ff
5 0 1 6 2 2 0 2 0 1 70 ff
5 0 1 5 7 7 1 1 0 1 70 ff
5 0 0 1 1 7 1 2 0 1 70 ff
5 0 0 0 3 4 0 1 0 1 70 ff
5 0 1 0 7 6 0 3 0 1 70 ff
5 0 1 7 4 4 0 4 0 1 70 ff
5 0 1 0 0 3 0 0 1 1 70 ff
5 0 1 0 6 7 1 5 0 1 50 ff
5 0 1 6 2 0 1 4 0 1 40 ff
5 0 1 1 1 0 0 2 1 1 42 ff
5 0 1 4 7 6 0 1 0 1 42 ff
5 0 1 4 2 2 0 6 1 1 52 ff
5 0 1 7 7 0 0 1 1 1 d2 ff
5 0 0 6 7 1 1 7 0 1 52 ff
5 0 0 7 0 4 1 0 0 1 52 ff
5 0 1 5 2 7 0 2 1 1 72 ff
5 0 1 4 3 2 0 7 0 1 72 ff
5 0 1 7 3 2 0 6 1 1 f2 ff
5 0 1 3 1 0 0 0 0 1 f2 ff
5 0 1 5 5 4 0 7 0 1 f2 ff
5 0 1 6 2 3 1 6 1 1 f2 ff
5 0 1 2 3 7 0 1 0 1 f2 ff
5 0 1 3 7 6 0 1 0 1 f2 ff
5 0 0 2 2 7 0 4 0 1 f2 ff
5 0 0 6 7 5 0 7 0 1 f2 ff
5 0 1 2 5 3 1 2 0 1 f2 ff
5 0 1 4 2 7 0 1 0 1 f2 ff
5 0 0 2 2 5 0 0 0 1 f2 ff
5 0 1 1 3 3 1 6 0 1 b2 ff
5 0 1 4 1 1 1 2 0 1 b2 ff
5 0 1 3 7 0 0 3 0 1 b2 ff
5 0 0 5 2 5 0 2 0 1 b2 ff
5 0 1 2 2 0 1 7 1 1 36 ff
5 0 1 4 5 0 1 3 0 1 36 ff
5 0 1 1 0 5 0 7 0 1 36 ff
5 0 1 4 1 6 1 6 0 1 36 ff
5 0 1 5 6 2 1 7 0 1 36 ff
5 0 0 2 7 0 0 5 0 1 36 ff
5 0 1 1 7 4 1 2 0 1 32 ff
5 0 1 0 0 5 0 6 0 1 32 ff
5 0 1 4 0 2 1 1 0 1 30 ff
5 0 1 3 7 3 1 6 1 1 38 ff
5 0 0 2 1 7 0 2 0 1 38 ff
5 0 0 0 4 0 0 3 0 1 38 ff
5 0 0 4 3 1 1 5 0 1 18 ff
5 0 0 5 3 7 1 7 0 1 18 ff
5 0 0 0 3 3 1 5 0 1 18 ff
5 0 1 7 7 1 0 5 1 1 98 ff
5 0 1 6 6 2 1 5 1 1 d8 ff
5 0 1 0 0 7 0 0 0 1 d8 ff
5 0 1 4 1 5 0 7 0 1 d8 ff
5 0 1 4 2 2 0 5 0 1 d8 ff
5 0 1 7 5 6 1 0 0 1 d8 ff
5 0 0 4 2 0 0 1 0 1 d8 ff
5 0 1 5 6 7 0 2 0 1 d8 ff
5 0 0 2 3 2 1 0 0 1 d8 ff
5 0 1 4 7 5 1 6 0 1 98 ff
5 0 1 0 7 2 1 7 1 1 18 ff
5 0 1 0 5 5 1 2 1 1 18 ff
5 0 1 6 5 5 0 0 1 1 58 ff
5 0 1 1 7 4 1 0 0 1 58 ff
5 0 1 3 0 6 0 7 0 1 58 ff
5 0 1 0 7 4 1 0 0 1 58 ff
5 0 1 5 0 4 1 1 0 1 58 ff
5 0 0 6 3 6 0 1 0 1 58 ff
5 0 1 3 1 0 0 7 0 1 58 ff
5 0 1 2 7 5 1 7 1 1 5c ff
5 0 1 6 2 5 0 0 0 1 5c ff
5 0 0 4 7 4 0 0 0 1 5c ff
5 0 1 7 4 3 0 7 0 1 5c ff
5 0 1 0 7 2 0 3 0 1 5c ff
5 0 1 1 0 0 0 3 1 1 5e ff
5 0 1 7 6 4 1 2 0 1 5a ff
5 0 0 4 7 4 0 5 0 1 5a ff
5 0 0 0 6 0 1 6 0 1 1a ff
5 0 1 0 5 3 0 6 0 1 1a ff
5 0 1 3 5 5 0 3 0 1 1a ff
5 0 1 4 7 0 0 6 0 1 1a ff
5 0 1 1 4 1 1 5 0 1 1a ff
5 0 1 7 3 1 0 7 0 1 1a ff
5 0 0 7 4 7 1 0 0 1 1a ff
5 0 0 0 2 2 0 3 0 1 1a ff
5 0 1 5 0 3 0 4 0 1 1a ff
5 0 1 5 4 3 0 0 0 1 1a ff
5 0 1 3 1 1 0 0 0 1 1a ff
5 0 0 3 2 2 1 3 0 1 12 ff
5 0 1 6 0 2 1 3 1 1 52 ff
5 0 1 3 6 7 1 4 0 1 42 ff
5 0 1 0 1 2 0 0 0 1 42 ff
5 0 1 6 4 1 0 7 0 1 42 ff
5 0 1 4 6 1 0 0 0 1 42 ff
5 0 1 2 5 7 0 3 1 1 46 ff
5 0 0 5 0 0 0 4 0 1 46 ff
5 0 1 4 5 6 0 3 0 1 46 ff
5 0 1 4 7 0 1 3 1 1 56 ff
5 0 1 3 6 6 1 6 1 1 1e ff
5 0 1 0 4 6 1 0 0 1 1e ff
5 0 0 5 4 6 0 2 0 1 1e ff
5 0 1 5 6 0 1 5 1 1 3e ff
5 0 0 5 3 4 0 0 0 1 3e ff
5 0 1 5 2 5 1 2 0 1 3a ff
5 0 1 6 1 4 0 7 0 1 3a ff
5 0 1 0 0 6 1 7 1 1 3a ff
5 0 1 1 5 5 0 0 0 1 3a ff
5 0 1 3 7 0 1 2 0 1 3a ff
5 0 0 3 1 6 0 5 0 1 3a ff
5 0 1 2 5 2 1 1 0 1 38 ff
5 0 0 1 1 2 1 5 0 1 18 ff
5 0 1 3 6 7 1 5 0 1 18 ff
5 0 0 2 2 4 1 2 0 1 18 ff
5 0 1 5 1 1 0 6 1 1 38 ff
5 0 0 3 2 3 0 2 0 1 38 ff
5 0 1 3 0 5 1 3 0 1 30 ff
5 0 0 3 0 5 0 0 0 1 30 ff
5 0 1 5 1 7 1 5 1 1 30 ff
5 0 1 3 7 2 0 4 1 1 38 ff
5 0 1 3 6 2 1 7 0 1 38 ff
5 0 1 3 5 7 1 1 0 1 38 ff
5 0 1 1 6 2 0 4 1 1 3a ff
5 0 1 1 5 2 0 5 0 1 3a ff
5 0 1 2 2 2 1 7 1 1 3e ff
5 0 1 4 2 4 1 0 0 1 3e ff
5 0 1 1 5 7 0 3 0 1 3e ff
5 0 0 0 6 5 0 2 0 1 3e ff
5 0 0 0 0 7 1 6 0 1 3e ff
5 0 1 5 6 0 0 5 0 1 3e ff
5 0 1 1 0 6 0 4 0 1 3e ff
5 0 0 0 0 0 0 0 0 1 3e ff
5 0 1 2 6 0 0 7 0 1 3e ff
5 0 1 2 4 0 1 5 0 1 1e ff
5 0 0 6 3 1 0 3 0 1 1e ff
5 0 1 4 2 4 0 7 0 1 1e ff
5 0 0 2 5 0 1 6 0 1 1e ff
5 0 0 3 3 2 1 6 0 1 1e ff
5 0 1 0 1 2 0 4 0 1 1e ff
5 0 1 4 5 6 1 0 0 1 1e ff
5 0 0 3 6 1 1 6 0 1 1e ff
5 0 1 2 0 0 0 7 0 1 1e ff
5 0 0 6 3 2 0 3 0 1 1e ff
5 0 1 0 2 7 1 6 0 1 1e ff
5 0 1 7 7 6 0 3 1 1 9e ff
5 0 0 2 7 4 0 4 0 1 9e ff
5 0 1 2 4 6 0 1 0 1 9e ff
5 0 0 6 1 5 1 2 0 1 9a ff
5 0 0 5 5 1 0 2 0 1 9a ff
5 0 0 4 3 4 0 1 0 1 9a ff
5 0 1 3 2 5 1 4 0 1 8a ff
5 0 1 2 2 4 0 4 1 1 8e ff
5 0 1 7 3 4 0 2 0 1 8e ff
5 0 1 3 1 7 0 5 0 1 8e ff
5 0 1 7 7 2 0 1 0 1 8e ff
5 0 0 3 4 2 1 7 0 1 0e ff
5 0 1 2 0 5 0 0 0 1 0e ff
5 0 1 1 4 4 1 7 0 1 0e ff
5 0 1 5 7 4 0 3 1 1 2e ff
5 0 1 3 5 7 1 7 0 1 2e ff
5 0 1 2 5 0 1 4 0 1 2e ff
5 0 1 5 0 5 0 5 0 1 2e ff
5 0 1 4 0 1 0 5 0 1 2e ff
5 0 1 3 1 4 0 4 0 1 2e ff
5 0 1 3 4 5 0 5 0 1 2e ff
5 0 1 5 6 0 0 3 0 1 2e ff
5 0 1 5 5 6 1 2 0 1 2a ff
5 0 0 5 4 4 0 7 0 1 2a ff
5 0 0 4 0 2 0 1 0 1 2a ff
5 0 1 1 2 3 1 0 0 1 2a ff
5 0 1 4 2 3 0 5 0 1 2a ff
5 0 1 5 4 1 1 7 0 1 2a ff
5 0 1 7 5 1 0 6 0 1 2a ff
5 0 1 1 5 0 0 7 0 1 2a ff
5 0 1 4 0 1 0 1 0 1 2a ff
5 0 1 6 1 4 0 5 0 1 2a ff
5 0 0 5 3 4 0 6 0 1 2a ff
5 0 1 1 1 1 0 1 0 1 2a ff
5 0 1 4 7 5 1 7 0 1 2a ff
5 0 1 2 3 3 0 4 0 1 2a ff
5 0 1 7 4 7 0 5 1 1 aa ff
5 0 1 7 5 4 1 0 0 1 aa ff
5 0 1 0 5 0 0 5 0 1 aa ff
5 0 1 1 2 4 1 5 0 1 8a ff
5 0 1 0 1 3 0 1 0 1 8a ff
5 0 1 7 7 3 0 3 0 1 8a ff
5 0 0 6 1 6 0 1 0 1 8a ff
5 0 1 4 3 2 1 0 0 1 8a ff
5 0 0 4 4 7 1 7 0 1 0a ff
5 0 1 7 3 1 0 6 0 1 0a ff
5 0 1 0 0 1 1 3 0 1 02 ff
5 0 1 3 5 3 1 0 1 1 0a ff
5 0 1 7 4 5 0 2 1 1 8a ff
5 0 0 3 2 3 0 1 0 1 8a ff
5 0 1 0 4 4 1 1 1 1 88 ff
5 0 1 5 6 5 0 7 1 1 a8 ff
5 0 1 4 2 5 0 7 0 1 a8 ff
5 0 0 3 5 6 0 2 0 1 a8 ff
5 0 1 5 3 5 0 3 0 1 a8 ff
5 0 0 5 3 2 1 7 0 1 28 ff
5 0 1 5 3 6 1 0 0 1 28 ff
5 0 0 2 6 6 0 5 0 1 28 ff
5 0 1 4 2 7 0 7 1 1 38 ff
5 0 1 0 3 4 0 1 0 1 38 ff
5 0 1 3 4 4 1 3 0 1 30 ff
5 0 1 7 2 2 0 1 1 1 b0 ff
5 0 1 5 7 4 0 3 0 1 b0 ff
5 0 1 0 3 7 1 6 0 1 b0 ff
5 0 1 6 3 4 0 1 0 1 b0 ff
5 0 1 7 3 1 0 4 0 1 b0 ff
5 0 1 5 1 0 1 1 0 1 b0 ff
5 0 1 6 2 4 0 7 0 1 b0 ff
5 0 1 3 4 5 1 2 0 1 b0 ff
5 0 1 2 0 4 1 2 0 1 b0 ff
5 0 1 3 4 3 1 2 0 1 b0 ff
5 0 1 1 1 1 1 1 1 1 b2 ff
5 0 1 4 4 0 0 6 0 1 b2 ff
5 0 1 6 0 6 0 1 1 1 f2 ff
5 0 1 0 3 7 0 1 0 1 f2 ff
5 0 1 2 1 1 0 2 0 1 f2 ff
5 0 0 7 5 4 0 0 0 1 f2 ff
5 0 1 7 2 0 0 5 0 1 f2 ff
5 0 1 0 1 2 1 4 0 1 e2 ff
5 0 0 2 7 0 0 7 0 1 e2 ff
5 0 1 4 1 1 0 2 0 1 e2 ff
5 0 1 3 0 4 1 6 1 1 aa ff
5 0 1 2 0 5 0 0 0 1 aa ff
5 0 1 1 2 6 0 2 0 1 aa ff
5 0 1 0 4 3 1 6 0 1 aa ff
5 0 1 7 7 1 0 2 0 1 aa ff
5 0 1 7 0 1 1 4 0 1 aa ff
5 0 1 3 2 7 1 3 0 1 a2 ff
5 0 1 2 3 6 1 6 1 1 a6 ff
5 0 1 1 6 4 0 1 0 1 a6 ff
5 0 0 1 0 5 1 1 0 1 a4 ff
5 0 1 5 7 1 0 2 0 1 a4 ff
5 0 1 2 3 6 0 4 0 1 a4 ff
5 0 1 2 1 2 1 3 0 1 a4 ff
5 0 1 5 6 5 0 1 0 1 a4 ff
5 0 1 4 4 2 0 5 0 1 a4 ff
5 0 1 2 6 7 0 3 0 1 a4 ff
5 0 0 5 0 6 1 2 0 1 a0 ff
5 0 1 6 3 0 0 5 1 1 e0 ff
5 0 1 5 7 2 1 4 0 1 e0 ff
5 0 0 0 6 6 0 4 0 1 e0 ff
5 0 1 1 2 5 0 7 0 1 e0 ff
5 0 1 5 2 1 0 4 0 1 e0 ff
5 0 1 7 5 3 1 4 0 1 e0 ff
5 0 0 1 1 7 0 2 0 1 e0 ff
5 0 1 6 0 0 1 0 0 1 e0 ff
5 0 1 7 3 0 1 1 0 1 e0 ff
5 0 1 3 4 0 1 4 1 1 e8 ff
5 0 1 0 2 5 1 0 0 1 e8 ff
5 0 1 2 0 4 0 3 1 1 ec ff
5 0 1 5 7 1 1 4 0 1 ec ff
5 0 1 6 2 7 0 4 0 1 ec ff
5 0 1 3 4 7 0 1 0 1 ec ff
5 0 1 4 7 7 0 4 0 1 ec ff
5 0 1 3 5 6 1 3 0 1 e4 ff
5 0 0 6 5 4 1 6 0 1 a4 ff
5 0 1 0 3 7 0 3 0 1 a4 ff
5 0 1 5 2 3 1 5 0 1 84 ff
5 0 1 1 3 0 1 7 1 1 06 ff
5 0 0 6 7 6 0 2 0 1 06 ff
5 0 0 4 7 3 0 0 0 1 06 ff
5 0 1 5 5 7 0 2 1 1 26 ff
5 0 1 3 3 0 1 3 1 1 2e ff
5 0 1 6 2 2 1 5 0 1 0e ff
5 0 1 2 0 3 0 0 0 1 0e ff
5 0 1 4 0 7 0 7 1 1 1e ff
5 0 1 2 7 6 0 7 0 1 1e ff
5 0 1 5 4 3 0 2 0 1 1e ff
5 0 1 0 7 5 1 1 1 1 1c ff
5 0 0 4 2 4 0 5 0 1 1c ff
5 0 0 3 2 7 1 2 0 1 18 ff
5 0 1 3 3 5 0 3 0 1 18 ff
5 0 1 7 4 4 0 5 0 1 18 ff
5 0 1 3 4 2 0 4 0 1 18 ff
5 0 0 6 2 4 0 2 0 1 18 ff
5 0 1 3 4 5 0 0 0 1 18 ff
5 0 1 5 5 7 1 4 1 1 28 ff
5 0 1 0 7 3 0 6 0 1 28 ff
5 0 1 0 5 0 1 1 0 1 28 ff
5 0 1 0 0 7 0 1 1 1 28 ff
5 0 1 4 0 5 0 5 0 1 28 ff
5 0 1 2 2 5 1 2 0 1 28 ff
5 0 1 0 0 5 0 7 0 1 28 ff
5 0 1 2 5 3 1 1 0 1 28 ff
5 0 1 6 1 3 1 3 1 1 60 ff
5 0 0 3 7 1 0 4 0 1 60 ff
5 0 1 6 2 0 0 5 0 1 60 ff
5 0 0 2 0 6 1 6 0 1 20 ff
5 0 1 7 4 2 1 6 1 1 a0 ff
5 0 1 3 0 0 0 6 1 1 a8 ff
5 0 1 2 2 0 0 1 1 1 ac ff
5 0 1 0 5 4 0 0 0 1 ac ff
5 0 1 2 1 0 0 4 0 1 ac ff
5 0 1 4 0 4 0 2 1 1 bc ff
5 0 0 6 3 0 0 5 0 1 bc ff
5 0 1 5 0 7 0 1 0 1 bc ff
5 0 1 3 2 3 0 2 0 1 bc ff
5 0 1 7 1 5 1 2 0 1 b8 ff
5 0 1 6 3 4 1 7 0 1 38 ff
5 0 1 0 2 6 0 1 1 1 38 ff
5 0 1 6 2 4 0 2 0 1 38 ff
5 0 1 1 4 2 1 1 0 1 38 ff
