0 1 0 00 0 0 0 1 00 00 0 1 0 1 0 1
0 0 1 00 0 f 1 1 55 ff 1 1 0 1 0 1
0 0 0 00 1 f 1 1 aa ff 1 1 0 1 0 1
0 0 0 00 2 f 1 1 55 ff 1 1 0 1 0 1
0 0 0 00 3 f 1 1 aa ff 1 1 0 1 0 1
0 0 0 00 4 f 1 1 aa ff 1 1 0 1 0 1
0 0 0 00 5 f 1 1 55 ff 1 1 0 1 0 1
0 0 0 00 6 f 1 1 aa ff 1 1 0 1 0 1
0 0 0 00 7 f 1 1 55 ff 1 1 0 1 0 1
0 0 0 00 8 f 1 1 55 ff 1 1 0 1 0 1
0 0 0 00 9 f 1 1 aa ff 1 1 0 1 0 1
0 0 0 00 a f 1 1 55 ff 1 1 0 1 0 1
0 0 0 00 b f 1 1 aa ff 1 1 0 1 0 1
0 0 0 00 c f 1 1 aa ff 1 1 0 1 0 1
0 0 0 00 d f 1 1 55 ff 1 1 0 1 0 1
0 0 0 00 e f 1 1 aa ff 1 1 0 1 0 1
0 0 0 00 f f 1 1 55 ff 1 1 0 1 0 1
0 0 0 00 0 f 0 1 00 00 1 1 0 1 0 1
0 0 0 55 1 f 0 1 00 00 1 1 0 1 0 1
0 0 0 aa 2 f 0 1 00 00 1 1 0 1 0 1
0 0 0 55 3 f 0 1 00 00 1 1 0 1 0 1
0 0 0 aa 4 f 0 1 00 00 1 1 0 1 0 1
0 0 0 aa 5 f 0 1 00 00 1 1 0 1 0 1
0 0 0 55 6 f 0 1 00 00 1 1 0 1 0 1
0 0 0 aa 7 f 0 1 00 00 1 1 0 1 0 1
0 0 0 55 8 f 0 1 00 00 1 1 0 1 0 1
0 0 0 55 9 f 0 1 00 00 1 1 0 1 0 1
0 0 0 aa a f 0 1 00 00 1 1 0 1 0 1
0 0 0 55 b f 0 1 00 00 1 1 0 1 0 1
0 0 0 aa c f 0 1 00 00 1 1 0 1 0 1
0 0 0 aa d f 0 1 00 00 1 1 0 1 0 1
0 0 0 55 e f 0 1 00 00 1 1 0 1 0 1
0 0 0 aa f f 0 1 00 00 1 1 0 1 0 1
0 0 0 55 0 f 1 1 aa ff 1 1 0 1 0 1
0 0 0 55 1 f 1 1 55 ff 1 1 0 1 0 1
0 0 0 aa 2 f 1 1 aa ff 1 1 0 1 0 1
0 0 0 55 3 f 1 1 55 ff 1 1 0 1 0 1
0 0 0 aa 4 f 1 1 55 ff 1 1 0 1 0 1
0 0 0 aa 5 f 1 1 aa ff 1 1 0 1 0 1
0 0 0 55 6 f 1 1 55 ff 1 1 0 1 0 1
0 0 0 aa 7 f 1 1 aa ff 1 1 0 1 0 1
0 0 0 55 8 f 1 1 aa ff 1 1 0 1 0 1
0 0 0 55 9 f 1 1 55 ff 1 1 0 1 0 1
0 0 0 aa a f 1 1 aa ff 1 1 0 1 0 1
0 0 0 55 b f 1 1 55 ff 1 1 0 1 0 1
0 0 0 aa c f 1 1 55 ff 1 1 0 1 0 1
0 0 0 aa d f 1 1 aa ff 1 1 0 1 0 1
0 0 0 55 e f 1 1 55 ff 1 1 0 1 0 1
0 0 0 aa f f 1 1 aa ff 1 1 0 1 0 1
0 0 0 55 0 f 0 1 00 00 1 1 0 1 0 1
0 0 0 aa 1 f 0 1 00 00 1 1 0 1 0 1
0 0 0 55 2 f 0 1 00 00 1 1 0 1 0 1
0 0 0 aa 3 f 0 1 00 00 1 1 0 1 0 1
0 0 0 55 4 f 0 1 00 00 1 1 0 1 0 1
0 0 0 55 5 f 0 1 00 00 1 1 0 1 0 1
0 0 0 aa 6 f 0 1 00 00 1 1 0 1 0 1
0 0 0 55 7 f 0 1 00 00 1 1 0 1 0 1
0 0 0 aa 8 f 0 1 00 00 1 1 0 1 0 1
0 0 0 aa 9 f 0 1 00 00 1 1 0 1 0 1
0 0 0 55 a f 0 1 00 00 1 1 0 1 0 1
0 0 0 aa b f 0 1 00 00 1 1 0 1 0 1
0 0 0 55 c f 0 1 00 00 1 1 0 1 0 1
0 0 0 55 d f 0 1 00 00 1 1 0 1 0 1
0 0 0 aa e f 0 1 00 00 1 1 0 1 0 1
0 0 0 55 f f 0 1 00 00 1 1 0 1 0 1
0 0 0 aa 0 0 0 1 00 00 0 1 1 1 0 1
0 0 0 00 0 0 0 1 00 00 0 1 0 1 0 1
0 0 0 00 0 0 0 1 00 00 0 1 0 1 0 1
1 0 1 00 0 f 1 1 55 ff 1 1 0 1 0 1
1 0 0 aa 1 f 1 1 aa ff 1 1 0 1 0 1
1 0 0 55 2 f 1 1 55 ff 1 1 0 1 0 1
1 0 0 aa 3 f 1 1 aa ff 1 1 0 1 0 1
1 0 0 55 4 f 1 1 aa ff 1 1 0 1 0 1
1 0 0 55 5 f 1 1 55 ff 1 1 0 1 0 1
1 0 0 ab 6 f 1 1 aa ff 1 1 0 1 0 1
1 0 0 55 7 f 1 1 55 ff 1 1 0 1 0 1
1 0 0 aa 8 f 1 1 55 ff 1 1 0 1 0 1
1 0 0 aa 9 f 1 1 aa ff 1 1 0 1 0 1
1 0 0 55 a f 1 1 55 ff 1 1 0 1 0 1
1 0 0 aa b f 1 1 aa ff 1 1 0 1 0 1
1 0 0 55 c f 1 1 aa ff 1 1 0 1 0 1
1 0 0 55 d f 1 1 55 ff 1 1 0 1 0 1
1 0 0 aa e f 1 1 aa ff 1 1 0 1 0 1
1 0 0 55 f f 1 1 55 ff 1 1 0 1 0 1
1 0 0 aa 0 f 0 1 00 00 1 1 0 1 0 1
1 0 0 55 1 f 0 1 00 00 1 1 0 1 0 1
1 0 0 aa 2 f 0 1 00 00 1 1 0 1 0 1
1 0 0 55 3 f 0 1 00 00 1 1 0 1 0 1
1 0 0 aa 4 f 0 1 00 00 1 1 0 1 0 1
1 0 0 aa 5 f 0 1 00 00 1 1 0 1 0 1
1 0 0 55 6 f 0 1 00 00 1 1 0 1 0 1
1 0 0 aa 7 f 0 1 00 00 1 1 0 1 0 1
1 0 0 55 8 f 0 1 00 00 1 1 0 1 0 1
1 0 0 55 9 f 0 1 00 00 1 1 0 1 0 1
1 0 0 aa a f 0 1 00 00 1 1 0 1 0 1
1 0 0 55 b f 0 1 00 00 1 1 0 1 0 1
1 0 0 aa c f 0 1 00 00 1 1 0 1 0 1
1 0 0 aa d f 0 1 00 00 1 1 0 1 0 1
1 0 0 55 e f 0 1 00 00 1 1 0 1 0 1
1 0 0 aa f f 0 1 00 00 1 1 0 1 0 1
1 0 0 55 0 f 1 1 aa ff 1 1 0 1 0 1
1 0 0 55 1 f 1 1 55 ff 1 1 0 1 0 1
1 0 0 aa 2 f 1 1 aa ff 1 1 0 1 0 1
1 0 0 55 3 f 1 1 55 ff 1 1 0 1 0 1
1 0 0 aa 4 f 1 1 55 ff 1 1 0 1 0 1
1 0 0 aa 5 f 1 1 aa ff 1 1 0 1 0 1
1 0 0 55 6 f 1 1 55 ff 1 1 0 1 0 1
1 0 0 aa 7 f 1 1 aa ff 1 1 0 1 0 1
1 0 0 55 8 f 1 1 aa ff 1 1 0 1 0 1
1 0 0 55 9 f 1 1 55 ff 1 1 0 1 0 1
1 0 0 aa a f 1 1 aa ff 1 1 0 1 0 1
1 0 0 55 b f 1 1 55 ff 1 1 0 1 0 1
1 0 0 aa c f 1 1 55 ff 1 1 0 1 0 1
1 0 0 aa d f 1 1 aa ff 1 1 0 1 0 1
1 0 0 55 e f 1 1 55 ff 1 1 0 1 0 1
1 0 0 aa f f 1 1 aa ff 1 1 0 1 0 1
1 0 0 55 0 f 0 1 00 00 1 1 0 1 0 1
1 0 0 aa 1 f 0 1 00 00 1 1 0 1 0 1
1 0 0 55 2 f 0 1 00 00 1 1 0 1 0 1
1 0 0 aa 3 f 0 1 00 00 1 1 0 1 0 1
1 0 0 55 4 f 0 1 00 00 1 1 0 1 0 1
1 0 0 55 5 f 0 1 00 00 1 1 0 1 0 1
1 0 0 ab 6 f 0 1 00 00 1 1 0 1 1 1
1 0 0 55 7 f 0 1 00 00 1 1 0 1 1 1
1 0 0 aa 8 f 0 1 00 00 1 1 0 1 1 1
1 0 0 aa 9 f 0 1 00 00 1 1 0 1 1 1
1 0 0 55 a f 0 1 00 00 1 1 0 1 1 1
1 0 0 aa b f 0 1 00 00 1 1 0 1 1 1
1 0 0 55 c f 0 1 00 00 1 1 0 1 1 1
1 0 0 55 d f 0 1 00 00 1 1 0 1 1 1
1 0 0 aa e f 0 1 00 00 1 1 0 1 1 1
1 0 0 55 f f 0 1 00 00 1 1 0 1 1 1
1 0 0 aa 0 0 0 1 00 00 0 1 1 1 1 1
1 0 0 00 0 0 0 1 00 00 0 1 0 1 1 1
1 0 0 00 0 0 0 1 00 00 0 1 0 1 1 1
2 0 0 00 0 0 0 1 00 00 0 1 0 1 1 1
2 0 0 00 0 0 0 1 00 00 0 1 0 1 1 1
2 0 0 00 0 0 0 1 00 00 0 1 0 1 1 1
2 0 0 00 0 0 0 1 00 00 0 1 0 1 1 1
2 0 0 00 0 0 0 1 00 00 0 1 0 1 1 1
2 0 0 00 0 0 0 1 00 00 0 1 0 1 1 1
2 0 0 00 0 0 0 1 00 00 0 1 0 1 1 1
2 0 0 00 0 0 0 1 00 00 0 1 0 1 1 1
2 0 0 00 0 0 0 1 00 00 0 1 0 1 1 1
2 0 0 00 0 0 0 1 00 00 0 1 0 1 1 1
2 0 0 00 0 0 0 1 00 00 0 1 0 1 1 1
2 0 0 00 0 0 0 1 00 00 0 1 0 1 1 1
2 0 0 00 0 0 0 1 00 00 0 1 0 1 1 1
2 0 1 00 0 f 1 1 55 ff 1 1 0 1 0 1
2 0 0 aa 1 f 1 1 aa ff 1 1 0 1 0 1
2 0 0 55 2 f 1 1 55 ff 1 1 0 1 0 1
2 0 0 aa 3 f 1 1 aa ff 1 1 0 1 0 1
2 0 0 55 4 f 1 1 aa ff 1 1 0 1 0 1
2 0 0 55 5 f 1 1 55 ff 1 1 0 1 0 1
2 0 0 aa 6 f 1 1 aa ff 1 1 0 1 0 1
2 0 0 55 7 f 1 1 55 ff 1 1 0 1 0 1
2 0 0 aa 8 f 1 1 55 ff 1 1 0 1 0 1
2 0 0 aa 9 f 1 1 aa ff 1 1 0 1 0 1
2 0 0 55 a f 1 1 55 ff 1 1 0 1 0 1
2 0 0 aa b f 1 1 aa ff 1 1 0 1 0 1
2 0 0 55 c f 1 1 aa ff 1 1 0 1 0 1
2 0 0 55 d f 1 1 55 ff 1 1 0 1 0 1
2 0 0 aa e f 1 1 aa ff 1 1 0 1 0 1
2 0 0 55 f f 1 1 55 ff 1 1 0 1 0 1
2 0 0 aa 0 f 0 1 00 00 1 1 0 1 0 1
2 0 0 55 1 f 0 1 00 00 1 1 0 1 0 1
2 0 0 aa 2 f 0 1 00 00 1 1 0 1 0 1
2 0 0 55 3 f 0 1 00 00 1 1 0 1 0 1
2 0 0 aa 4 f 0 1 00 00 1 1 0 1 0 1
2 0 0 aa 5 f 0 1 00 00 1 1 0 1 0 1
2 0 0 55 6 f 0 1 00 00 1 1 0 1 0 1
2 0 0 aa 7 f 0 1 00 00 1 1 0 1 0 1
2 0 0 55 8 f 0 1 00 00 1 1 0 1 0 1
2 0 0 55 9 f 0 1 00 00 1 1 0 1 0 1
2 0 0 aa a f 0 1 00 00 1 1 0 1 0 1
2 0 0 55 b f 0 1 00 00 1 1 0 1 0 1
2 0 0 aa c f 0 1 00 00 1 1 0 1 0 1
2 0 1 aa d f 0 1 00 00 1 1 0 1 0 1
2 0 0 55 e f 0 1 00 00 1 1 0 1 0 1
2 0 0 aa f f 0 1 00 00 1 1 0 1 0 1
2 0 0 55 0 f 1 1 aa ff 1 1 0 1 0 1
2 0 0 55 1 f 1 1 55 ff 1 1 0 1 0 1
2 0 0 aa 2 f 1 1 aa ff 1 1 0 1 0 1
2 0 0 55 3 f 1 1 55 ff 1 1 0 1 0 1
2 0 0 aa 4 f 1 1 55 ff 1 1 0 1 0 1
2 0 0 aa 5 f 1 1 aa ff 1 1 0 1 0 1
2 0 0 55 6 f 1 1 55 ff 1 1 0 1 0 1
2 0 0 aa 7 f 1 1 aa ff 1 1 0 1 0 1
2 0 0 55 8 f 1 1 aa ff 1 1 0 1 0 1
2 0 0 55 9 f 1 1 55 ff 1 1 0 1 0 1
2 0 0 aa a f 1 1 aa ff 1 1 0 1 0 1
2 0 0 55 b f 1 1 55 ff 1 1 0 1 0 1
2 0 0 aa c f 1 1 55 ff 1 1 0 1 0 1
2 0 0 aa d f 1 1 aa ff 1 1 0 1 0 1
2 0 0 55 e f 1 1 55 ff 1 1 0 1 0 1
2 0 0 aa f f 1 1 aa ff 1 1 0 1 0 1
2 0 0 55 0 f 0 1 00 00 1 1 0 1 0 1
2 0 0 aa 1 f 0 1 00 00 1 1 0 1 0 1
2 0 0 55 2 f 0 1 00 00 1 1 0 1 0 1
2 0 0 aa 3 f 0 1 00 00 1 1 0 1 0 1
2 0 0 55 4 f 0 1 00 00 1 1 0 1 0 1
2 0 0 55 5 f 0 1 00 00 1 1 0 1 0 1
2 0 0 aa 6 f 0 1 00 00 1 1 0 1 0 1
2 0 0 55 7 f 0 1 00 00 1 1 0 1 0 1
2 0 0 aa 8 f 0 1 00 00 1 1 0 1 0 1
2 0 0 aa 9 f 0 1 00 00 1 1 0 1 0 1
2 0 0 55 a f 0 1 00 00 1 1 0 1 0 1
2 0 0 aa b f 0 1 00 00 1 1 0 1 0 1
2 0 0 55 c f 0 1 00 00 1 1 0 1 0 1
2 0 0 55 d f 0 1 00 00 1 1 0 1 0 1
2 0 1 aa e f 0 1 00 00 1 1 0 1 0 1
2 0 1 55 f f 0 1 00 00 1 1 0 1 0 1
2 0 0 aa 0 0 0 1 00 00 0 1 1 1 0 1
2 0 0 00 0 0 0 1 00 00 0 1 0 1 0 1
2 0 0 00 0 0 0 1 00 00 0 1 0 1 0 1
2 0 0 00 0 0 0 1 00 00 0 1 0 1 0 1
2 0 0 00 0 0 0 1 00 00 0 1 0 1 0 1
2 0 0 00 0 0 0 1 00 00 0 1 0 1 0 1
2 0 0 00 0 0 0 1 00 00 0 1 0 1 0 1
2 0 0 00 0 0 0 1 00 00 0 1 0 1 0 1
2 0 0 00 0 0 0 1 00 00 0 1 0 1 0 1
2 0 0 00 0 0 0 1 00 00 0 1 0 1 0 1
2 0 0 00 0 0 0 1 00 00 0 1 0 1 0 1
2 0 0 00 0 0 0 1 00 00 0 1 0 1 0 1
2 0 0 00 0 0 0 1 00 00 0 1 0 1 0 1
2 0 0 00 0 0 0 1 00 00 0 1 0 1 0 1
2 0 0 00 0 0 0 1 00 00 0 1 0 1 0 1
2 0 0 00 0 0 0 1 00 00 0 1 0 1 0 1
2 0 0 00 0 0 0 1 00 00 0 1 0 1 0 1
2 0 1 00 0 f 1 1 55 ff 1 1 0 1 0 1
2 0 0 aa 1 f 1 1 aa ff 1 1 0 1 0 1
2 0 0 55 2 f 1 1 55 ff 1 1 0 1 0 1
2 0 0 aa 3 f 1 1 aa ff 1 1 0 1 0 1
2 0 0 55 4 f 1 1 aa ff 1 1 0 1 0 1
2 0 0 55 5 f 1 1 55 ff 1 1 0 1 0 1
2 0 0 aa 6 f 1 1 aa ff 1 1 0 1 0 1
2 0 0 55 7 f 1 1 55 ff 1 1 0 1 0 1
2 0 0 aa 8 f 1 1 55 ff 1 1 0 1 0 1
2 0 0 aa 9 f 1 1 aa ff 1 1 0 1 0 1
2 0 0 55 a f 1 1 55 ff 1 1 0 1 0 1
2 0 0 aa b f 1 1 aa ff 1 1 0 1 0 1
2 0 0 55 c f 1 1 aa ff 1 1 0 1 0 1
2 0 0 55 d f 1 1 55 ff 1 1 0 1 0 1
2 0 0 aa e f 1 1 aa ff 1 1 0 1 0 1
2 0 0 55 f f 1 1 55 ff 1 1 0 1 0 1
2 0 0 aa 0 f 0 1 00 00 1 1 0 1 0 1
2 0 0 55 1 f 0 1 00 00 1 1 0 1 0 1
2 0 0 aa 2 f 0 1 00 00 1 1 0 1 0 1
2 0 0 55 3 f 0 1 00 00 1 1 0 1 0 1
2 1 0 aa 0 0 0 1 00 00 0 1 0 1 0 1
2 0 0 00 0 0 0 1 00 00 0 1 0 1 0 1
2 0 0 00 0 0 0 1 00 00 0 1 0 1 0 1
2 0 0 00 0 0 0 1 00 00 0 1 0 1 0 1
2 0 0 00 0 0 0 1 00 00 0 1 0 1 0 1
2 0 0 00 0 0 0 1 00 00 0 1 0 1 0 1
2 0 0 00 0 0 0 1 00 00 0 1 0 1 0 1
2 0 0 00 0 0 0 1 00 00 0 1 0 1 0 1
2 0 0 00 0 0 0 1 00 00 0 1 0 1 0 1
2 0 0 00 0 0 0 1 00 00 0 1 0 1 0 1
2 0 0 00 0 0 0 1 00 00 0 1 0 1 0 1
2 0 0 00 0 0 0 1 00 00 0 1 0 1 0 1
2 0 0 00 0 0 0 1 00 00 0 1 0 1 0 1
2 0 1 00 0 f 1 1 55 ff 1 1 0 1 0 1
2 0 0 55 1 f 1 1 aa ff 1 1 0 1 0 1
2 0 1 aa 2 f 1 1 55 ff 1 1 0 1 0 1
2 0 0 55 3 f 1 1 aa ff 1 1 0 1 0 1
2 0 0 aa 4 f 1 1 aa ff 1 1 0 1 0 1
2 0 0 aa 5 f 1 1 55 ff 1 1 0 1 0 1
2 0 0 55 6 f 1 1 aa ff 1 1 0 1 0 1
2 0 0 aa 7 f 1 1 55 ff 1 1 0 1 0 1
2 0 0 55 8 f 1 1 55 ff 1 1 0 1 0 1
2 0 0 55 9 f 1 1 aa ff 1 1 0 1 0 1
2 0 0 aa a f 1 1 55 ff 1 1 0 1 0 1
2 0 0 55 b f 1 1 aa ff 1 1 0 1 0 1
2 0 0 aa c f 1 1 aa ff 1 1 0 1 0 1
2 0 0 aa d f 1 1 55 ff 1 1 0 1 0 1
2 0 0 55 e f 1 1 aa ff 1 1 0 1 0 1
2 0 0 aa f f 1 1 55 ff 1 1 0 1 0 1
2 0 0 55 0 f 0 1 00 00 1 1 0 1 0 1
2 0 0 55 1 f 0 1 00 00 1 1 0 1 0 1
2 0 0 aa 2 f 0 1 00 00 1 1 0 1 0 1
2 0 0 55 3 f 0 1 00 00 1 1 0 1 0 1
2 0 0 aa 4 f 0 1 00 00 1 1 0 1 0 1
2 0 0 aa 5 f 0 1 00 00 1 1 0 1 0 1
2 0 0 55 6 f 0 1 00 00 1 1 0 1 0 1
2 0 0 aa 7 f 0 1 00 00 1 1 0 1 0 1
2 0 0 55 8 f 0 1 00 00 1 1 0 1 0 1
2 0 0 55 9 f 0 1 00 00 1 1 0 1 0 1
2 0 0 aa a f 0 1 00 00 1 1 0 1 0 1
2 0 0 55 b f 0 1 00 00 1 1 0 1 0 1
2 0 0 aa c f 0 1 00 00 1 1 0 1 0 1
2 0 0 aa d f 0 1 00 00 1 1 0 1 0 1
2 0 0 55 e f 0 1 00 00 1 1 0 1 0 1
2 0 0 aa f f 0 1 00 00 1 1 0 1 0 1
2 0 0 55 0 f 1 1 aa ff 1 1 0 1 0 1
2 0 0 55 1 f 1 1 55 ff 1 1 0 1 0 1
2 0 0 aa 2 f 1 1 aa ff 1 1 0 1 0 1
2 0 0 55 3 f 1 1 55 ff 1 1 0 1 0 1
2 0 0 aa 4 f 1 1 55 ff 1 1 0 1 0 1
2 0 0 aa 5 f 1 1 aa ff 1 1 0 1 0 1
2 0 0 55 6 f 1 1 55 ff 1 1 0 1 0 1
2 0 0 aa 7 f 1 1 aa ff 1 1 0 1 0 1
2 0 0 55 8 f 1 1 aa ff 1 1 0 1 0 1
2 0 0 55 9 f 1 1 55 ff 1 1 0 1 0 1
2 0 0 aa a f 1 1 aa ff 1 1 0 1 0 1
2 0 0 55 b f 1 1 55 ff 1 1 0 1 0 1
2 0 0 aa c f 1 1 55 ff 1 1 0 1 0 1
2 0 0 aa d f 1 1 aa ff 1 1 0 1 0 1
2 0 0 55 e f 1 1 55 ff 1 1 0 1 0 1
2 0 0 aa f f 1 1 aa ff 1 1 0 1 0 1
2 0 0 55 0 f 0 1 00 00 1 1 0 1 0 1
2 0 0 aa 1 f 0 1 00 00 1 1 0 1 0 1
2 0 0 55 2 f 0 1 00 00 1 1 0 1 0 1
2 0 0 aa 3 f 0 1 00 00 1 1 0 1 0 1
2 0 0 55 4 f 0 1 00 00 1 1 0 1 0 1
2 0 0 55 5 f 0 1 00 00 1 1 0 1 0 1
2 0 0 aa 6 f 0 1 00 00 1 1 0 1 0 1
2 0 0 55 7 f 0 1 00 00 1 1 0 1 0 1
2 0 0 aa 8 f 0 1 00 00 1 1 0 1 0 1
2 0 0 aa 9 f 0 1 00 00 1 1 0 1 0 1
2 0 0 55 a f 0 1 00 00 1 1 0 1 0 1
2 0 0 aa b f 0 1 00 00 1 1 0 1 0 1
2 0 0 55 c f 0 1 00 00 1 1 0 1 0 1
2 0 0 55 d f 0 1 00 00 1 1 0 1 0 1
2 0 1 aa e f 0 1 00 00 1 1 0 1 0 1
2 0 0 55 f f 0 1 00 00 1 1 0 1 0 1
2 0 0 aa 0 0 0 1 00 00 0 1 1 1 0 1
2 0 0 00 0 0 0 1 00 00 0 1 0 1 0 1
2 0 0 00 0 0 0 1 00 00 0 1 0 1 0 1
2 0 0 00 0 0 0 1 00 00 0 1 0 1 0 1
2 0 0 00 0 0 0 1 00 00 0 1 0 1 0 1
2 0 0 00 0 0 0 1 00 00 0 1 0 1 0 1
2 0 0 00 0 0 0 1 00 00 0 1 0 1 0 1
2 0 0 00 0 0 0 1 00 00 0 1 0 1 0 1
2 0 0 00 0 0 0 1 00 00 0 1 0 1 0 1
2 0 0 00 0 0 0 1 00 00 0 1 0 1 0 1
2 0 0 00 0 0 0 1 00 00 0 1 0 1 0 1
2 0 0 00 0 0 0 1 00 00 0 1 0 1 0 1
2 0 0 00 0 0 0 1 00 00 0 1 0 1 0 1
2 0 0 00 0 0 0 1 00 00 0 1 0 1 0 1
2 0 0 00 0 0 0 1 00 00 0 1 0 1 0 1
2 0 0 00 0 0 0 1 00 00 0 1 0 1 0 1
2 0 0 00 0 0 0 1 00 00 0 1 0 1 0 1
2 0 0 00 0 0 0 1 00 00 0 1 0 1 0 1
2 0 0 00 0 0 0 1 00 00 0 1 0 1 0 1
2 0 1 00 0 f 1 1 55 ff 1 1 0 1 0 1
2 0 0 aa 1 f 1 1 aa ff 1 1 0 1 0 1
2 0 0 55 2 f 1 1 55 ff 1 1 0 1 0 1
2 0 0 aa 3 f 1 1 aa ff 1 1 0 1 0 1
2 0 1 55 4 f 1 1 aa ff 1 1 0 1 0 1
2 0 0 55 5 f 1 1 55 ff 1 1 0 1 0 1
2 0 0 aa 6 f 1 1 aa ff 1 1 0 1 0 1
2 0 0 55 7 f 1 1 55 ff 1 1 0 1 0 1
2 0 0 aa 8 f 1 1 55 ff 1 1 0 1 0 1
2 0 1 aa 9 f 1 1 aa ff 1 1 0 1 0 1
2 0 0 55 a f 1 1 55 ff 1 1 0 1 0 1
2 0 0 aa b f 1 1 aa ff 1 1 0 1 0 1
2 0 0 55 c f 1 1 aa ff 1 1 0 1 0 1
2 0 0 55 d f 1 1 55 ff 1 1 0 1 0 1
2 0 0 aa e f 1 1 aa ff 1 1 0 1 0 1
2 0 0 55 f f 1 1 55 ff 1 1 0 1 0 1
2 0 0 aa 0 f 0 1 00 00 1 1 0 1 0 1
2 0 0 55 1 f 0 1 00 00 1 1 0 1 0 1
2 0 0 aa 2 f 0 1 00 00 1 1 0 1 0 1
2 0 0 55 3 f 0 1 00 00 1 1 0 1 0 1
2 0 0 aa 4 f 0 1 00 00 1 1 0 1 0 1
2 0 0 aa 5 f 0 1 00 00 1 1 0 1 0 1
2 0 0 55 6 f 0 1 00 00 1 1 0 1 0 1
2 0 0 aa 7 f 0 1 00 00 1 1 0 1 0 1
2 0 0 55 8 f 0 1 00 00 1 1 0 1 0 1
2 0 0 55 9 f 0 1 00 00 1 1 0 1 0 1
2 0 0 aa a f 0 1 00 00 1 1 0 1 0 1
2 0 0 55 b f 0 1 00 00 1 1 0 1 0 1
2 0 0 aa c f 0 1 00 00 1 1 0 1 0 1
2 0 0 aa d f 0 1 00 00 1 1 0 1 0 1
2 0 0 55 e f 0 1 00 00 1 1 0 1 0 1
2 0 0 aa f f 0 1 00 00 1 1 0 1 0 1
2 0 0 55 0 f 1 1 aa ff 1 1 0 1 0 1
2 0 0 55 1 f 1 1 55 ff 1 1 0 1 0 1
2 0 0 aa 2 f 1 1 aa ff 1 1 0 1 0 1
2 0 0 55 3 f 1 1 55 ff 1 1 0 1 0 1
2 0 0 aa 4 f 1 1 55 ff 1 1 0 1 0 1
2 0 0 aa 5 f 1 1 aa ff 1 1 0 1 0 1
2 0 0 55 6 f 1 1 55 ff 1 1 0 1 0 1
2 0 0 aa 7 f 1 1 aa ff 1 1 0 1 0 1
2 0 0 55 8 f 1 1 aa ff 1 1 0 1 0 1
2 0 0 55 9 f 1 1 55 ff 1 1 0 1 0 1
2 0 0 aa a f 1 1 aa ff 1 1 0 1 0 1
2 0 0 55 b f 1 1 55 ff 1 1 0 1 0 1
2 0 0 aa c f 1 1 55 ff 1 1 0 1 0 1
2 0 0 aa d f 1 1 aa ff 1 1 0 1 0 1
2 0 0 55 e f 1 1 55 ff 1 1 0 1 0 1
2 0 0 aa f f 1 1 aa ff 1 1 0 1 0 1
2 0 0 55 0 f 0 1 00 00 1 1 0 1 0 1
2 0 0 aa 1 f 0 1 00 00 1 1 0 1 0 1
2 0 0 55 2 f 0 1 00 00 1 1 0 1 0 1
2 0 0 aa 3 f 0 1 00 00 1 1 0 1 0 1
2 0 1 55 4 f 0 1 00 00 1 1 0 1 0 1
2 0 0 55 5 f 0 1 00 00 1 1 0 1 0 1
2 0 0 aa 6 f 0 1 00 00 1 1 0 1 0 1
2 0 0 55 7 f 0 1 00 00 1 1 0 1 0 1
2 0 0 aa 8 f 0 1 00 00 1 1 0 1 0 1
2 0 0 aa 9 f 0 1 00 00 1 1 0 1 0 1
2 0 0 55 a f 0 1 00 00 1 1 0 1 0 1
2 0 0 aa b f 0 1 00 00 1 1 0 1 0 1
2 0 0 55 c f 0 1 00 00 1 1 0 1 0 1
2 0 0 55 d f 0 1 00 00 1 1 0 1 0 1
2 0 0 aa e f 0 1 00 00 1 1 0 1 0 1
2 0 0 55 f f 0 1 00 00 1 1 0 1 0 1
2 0 0 aa 0 0 0 1 00 00 0 1 1 1 0 1
2 0 0 00 0 0 0 1 00 00 0 1 0 1 0 1
2 0 0 00 0 0 0 1 00 00 0 1 0 1 0 1
2 0 0 00 0 0 0 1 00 00 0 1 0 1 0 1
2 0 0 00 0 0 0 1 00 00 0 1 0 1 0 1
2 0 0 00 0 0 0 1 00 00 0 1 0 1 0 1
2 0 0 00 0 0 0 1 00 00 0 1 0 1 0 1
2 0 0 00 0 0 0 1 00 00 0 1 0 1 0 1
2 0 0 00 0 0 0 1 00 00 0 1 0 1 0 1
2 0 0 00 0 0 0 1 00 00 0 1 0 1 0 1
2 0 0 00 0 0 0 1 00 00 0 1 0 1 0 1
2 0 0 00 0 0 0 1 00 00 0 1 0 1 0 1
2 0 0 00 0 0 0 1 00 00 0 1 0 1 0 1
2 0 0 00 0 0 0 1 00 00 0 1 0 1 0 1
2 0 0 00 0 0 0 1 00 00 0 1 0 1 0 1
2 0 0 00 0 0 0 1 00 00 0 1 0 1 0 1
2 0 0 00 0 0 0 1 00 00 0 1 0 1 0 1
2 0 0 00 0 0 0 1 00 00 0 1 0 1 0 1
2 0 0 00 0 0 0 1 00 00 0 1 0 1 0 1
2 0 1 00 0 f 1 1 55 ff 1 1 0 1 0 1
2 0 0 aa 1 f 1 1 aa ff 1 1 0 1 0 1
2 0 0 55 2 f 1 1 55 ff 1 1 0 1 0 1
2 0 0 aa 3 f 1 1 aa ff 1 1 0 1 0 1
2 0 0 55 4 f 1 1 aa ff 1 1 0 1 0 1
2 0 0 55 5 f 1 1 55 ff 1 1 0 1 0 1
2 0 0 aa 6 f 1 1 aa ff 1 1 0 1 0 1
2 0 0 55 7 f 1 1 55 ff 1 1 0 1 0 1
2 0 0 aa 8 f 1 1 55 ff 1 1 0 1 0 1
2 0 0 aa 9 f 1 1 aa ff 1 1 0 1 0 1
2 0 0 55 a f 1 1 55 ff 1 1 0 1 0 1
2 0 0 aa b f 1 1 aa ff 1 1 0 1 0 1
2 0 1 55 c f 1 1 aa ff 1 1 0 1 0 1
2 0 0 55 d f 1 1 55 ff 1 1 0 1 0 1
2 0 0 aa e f 1 1 aa ff 1 1 0 1 0 1
2 0 1 55 f f 1 1 55 ff 1 1 0 1 0 1
2 0 0 aa 0 f 0 1 00 00 1 1 0 1 0 1
2 0 0 55 1 f 0 1 00 00 1 1 0 1 0 1
2 0 0 aa 2 f 0 1 00 00 1 1 0 1 0 1
2 0 0 55 3 f 0 1 00 00 1 1 0 1 0 1
2 0 0 aa 4 f 0 1 00 00 1 1 0 1 0 1
2 0 0 aa 5 f 0 1 00 00 1 1 0 1 0 1
2 0 0 55 6 f 0 1 00 00 1 1 0 1 0 1
2 0 0 aa 7 f 0 1 00 00 1 1 0 1 0 1
2 1 0 55 0 0 0 1 00 00 0 1 0 1 0 1
2 0 0 00 0 0 0 1 00 00 0 1 0 1 0 1
2 0 0 00 0 0 0 1 00 00 0 1 0 1 0 1
2 0 0 00 0 0 0 1 00 00 0 1 0 1 0 1
2 0 0 00 0 0 0 1 00 00 0 1 0 1 0 1
2 0 0 00 0 0 0 1 00 00 0 1 0 1 0 1
2 0 0 00 0 0 0 1 00 00 0 1 0 1 0 1
2 0 0 00 0 0 0 1 00 00 0 1 0 1 0 1
2 0 0 00 0 0 0 1 00 00 0 1 0 1 0 1
2 0 0 00 0 0 0 1 00 00 0 1 0 1 0 1
2 0 0 00 0 0 0 1 00 00 0 1 0 1 0 1
2 0 0 00 0 0 0 1 00 00 0 1 0 1 0 1
2 0 0 00 0 0 0 1 00 00 0 1 0 1 0 1
2 0 0 00 0 0 0 1 00 00 0 1 0 1 0 1
2 0 0 00 0 0 0 1 00 00 0 1 0 1 0 1
2 0 0 00 0 0 0 1 00 00 0 1 0 1 0 1
2 0 0 00 0 0 0 1 00 00 0 1 0 1 0 1
2 0 0 00 0 0 0 1 00 00 0 1 0 1 0 1
2 0 0 00 0 0 0 1 00 00 0 1 0 1 0 1
2 0 0 00 0 0 0 1 00 00 0 1 0 1 0 1
2 0 0 00 0 0 0 1 00 00 0 1 0 1 0 1
2 0 0 00 0 0 0 1 00 00 0 1 0 1 0 1
2 0 0 00 0 0 0 1 00 00 0 1 0 1 0 1
2 0 0 00 0 0 0 1 00 00 0 1 0 1 0 1
2 0 0 00 0 0 0 1 00 00 0 1 0 1 0 1
2 0 0 00 0 0 0 1 00 00 0 1 0 1 0 1
2 0 0 00 0 0 0 1 00 00 0 1 0 1 0 1
2 0 0 00 0 0 0 1 00 00 0 1 0 1 0 1
2 0 0 00 0 0 0 1 00 00 0 1 0 1 0 1
2 0 0 00 0 0 0 1 00 00 0 1 0 1 0 1
2 0 0 00 0 0 0 1 00 00 0 1 0 1 0 1
2 0 0 00 0 0 0 1 00 00 0 1 0 1 0 1
2 0 0 00 0 0 0 1 00 00 0 1 0 1 0 1
2 0 0 00 0 0 0 1 00 00 0 1 0 1 0 1
2 0 0 00 0 0 0 1 00 00 0 1 0 1 0 1
2 0 0 00 0 0 0 1 00 00 0 1 0 1 0 1
2 0 1 00 0 f 1 1 55 ff 1 1 0 1 0 1
2 0 0 55 1 f 1 1 aa ff 1 1 0 1 0 1
2 0 1 aa 2 f 1 1 55 ff 1 1 0 1 0 1
2 0 0 55 3 f 1 1 aa ff 1 1 0 1 0 1
2 0 0 aa 4 f 1 1 aa ff 1 1 0 1 0 1
2 0 0 aa 5 f 1 1 55 ff 1 1 0 1 0 1
2 0 0 55 6 f 1 1 aa ff 1 1 0 1 0 1
2 0 0 aa 7 f 1 1 55 ff 1 1 0 1 0 1
2 0 0 55 8 f 1 1 55 ff 1 1 0 1 0 1
2 0 0 55 9 f 1 1 aa ff 1 1 0 1 0 1
2 0 0 aa a f 1 1 55 ff 1 1 0 1 0 1
2 0 0 55 b f 1 1 aa ff 1 1 0 1 0 1
2 0 0 aa c f 1 1 aa ff 1 1 0 1 0 1
2 0 0 aa d f 1 1 55 ff 1 1 0 1 0 1
2 0 0 55 e f 1 1 aa ff 1 1 0 1 0 1
2 0 0 aa f f 1 1 55 ff 1 1 0 1 0 1
2 0 0 55 0 f 0 1 00 00 1 1 0 1 0 1
2 0 0 55 1 f 0 1 00 00 1 1 0 1 0 1
2 0 0 aa 2 f 0 1 00 00 1 1 0 1 0 1
2 0 0 55 3 f 0 1 00 00 1 1 0 1 0 1
2 0 0 aa 4 f 0 1 00 00 1 1 0 1 0 1
2 0 0 aa 5 f 0 1 00 00 1 1 0 1 0 1
2 0 0 55 6 f 0 1 00 00 1 1 0 1 0 1
2 0 0 aa 7 f 0 1 00 00 1 1 0 1 0 1
2 0 0 55 8 f 0 1 00 00 1 1 0 1 0 1
2 0 0 55 9 f 0 1 00 00 1 1 0 1 0 1
2 0 0 aa a f 0 1 00 00 1 1 0 1 0 1
2 0 0 55 b f 0 1 00 00 1 1 0 1 0 1
2 0 0 aa c f 0 1 00 00 1 1 0 1 0 1
2 0 0 aa d f 0 1 00 00 1 1 0 1 0 1
2 0 0 55 e f 0 1 00 00 1 1 0 1 0 1
2 0 0 aa f f 0 1 00 00 1 1 0 1 0 1
2 0 1 55 0 f 1 1 aa ff 1 1 0 1 0 1
2 0 0 55 1 f 1 1 55 ff 1 1 0 1 0 1
2 0 0 aa 2 f 1 1 aa ff 1 1 0 1 0 1
2 0 0 55 3 f 1 1 55 ff 1 1 0 1 0 1
2 0 0 aa 4 f 1 1 55 ff 1 1 0 1 0 1
2 0 0 aa 5 f 1 1 aa ff 1 1 0 1 0 1
2 0 0 55 6 f 1 1 55 ff 1 1 0 1 0 1
2 0 0 aa 7 f 1 1 aa ff 1 1 0 1 0 1
2 0 0 55 8 f 1 1 aa ff 1 1 0 1 0 1
2 0 0 55 9 f 1 1 55 ff 1 1 0 1 0 1
2 0 0 aa a f 1 1 aa ff 1 1 0 1 0 1
2 0 0 55 b f 1 1 55 ff 1 1 0 1 0 1
2 0 0 aa c f 1 1 55 ff 1 1 0 1 0 1
2 0 0 aa d f 1 1 aa ff 1 1 0 1 0 1
2 0 0 55 e f 1 1 55 ff 1 1 0 1 0 1
