0 0 a5 1 0 a5 ff 1 1 0 1
0 0 00 0 1 00 ff 0 1 1 1
0 0 ff 1 1 ff ff 1 1 1 1
0 0 3c 0 0 3c ff 0 1 0 1
1 1 a5 1 0 00 ff 0 1 1 1
1 1 00 0 1 00 ff 0 1 1 1
1 1 ff 1 1 00 ff 0 1 1 1
1 1 3c 0 0 00 ff 0 1 1 1
2 0 a9 0 1 a9 ff 0 1 1 1
2 1 c5 0 1 00 ff 0 1 1 1
2 0 79 1 0 79 ff 1 1 0 1
2 1 01 0 1 00 ff 0 1 1 1
2 0 8e 0 0 8e ff 0 1 0 1
2 0 0a 0 0 0a ff 0 1 0 1
2 0 ad 0 0 ad ff 0 1 0 1
2 1 d7 1 0 00 ff 0 1 1 1
2 1 f9 0 1 00 ff 0 1 1 1
2 0 4a 1 0 4a ff 1 1 0 1
2 1 1c 1 0 00 ff 0 1 1 1
2 1 b4 1 0 00 ff 0 1 1 1
2 0 99 0 1 99 ff 0 1 1 1
2 1 a1 1 0 00 ff 0 1 1 1
2 1 8c 1 0 00 ff 0 1 1 1
2 1 0f 1 0 00 ff 0 1 1 1
2 0 26 1 1 26 ff 1 1 1 1
2 0 4a 1 0 4a ff 1 1 0 1
2 1 64 1 1 00 ff 0 1 1 1
2 1 84 0 1 00 ff 0 1 1 1
2 1 3e 0 1 00 ff 0 1 1 1
2 1 d3 1 0 00 ff 0 1 1 1
2 1 56 1 1 00 ff 0 1 1 1
2 1 dd 1 0 00 ff 0 1 1 1
2 0 60 0 0 60 ff 0 1 0 1
2 1 9e 0 0 00 ff 0 1 1 1
2 0 e8 0 0 e8 ff 0 1 0 1
2 0 45 0 1 45 ff 0 1 1 1
2 0 cd 0 1 cd ff 0 1 1 1
2 1 ce 0 1 00 ff 0 1 1 1
2 1 cf 1 0 00 ff 0 1 1 1
2 0 f3 0 0 f3 ff 0 1 0 1
2 0 53 0 0 53 ff 0 1 0 1
2 1 ae 1 0 00 ff 0 1 1 1
2 0 4a 1 0 4a ff 1 1 0 1
2 0 1b 1 0 1b ff 1 1 0 1
2 1 8f 1 0 00 ff 0 1 1 1
2 0 ef 0 1 ef ff 0 1 1 1
2 1 25 0 1 00 ff 0 1 1 1
2 0 58 0 1 58 ff 0 1 1 1
2 1 0d 1 1 00 ff 0 1 1 1
2 0 0e 1 1 0e ff 1 1 1 1
2 1 89 0 1 00 ff 0 1 1 1
2 1 82 1 0 00 ff 0 1 1 1
2 0 9b 1 0 9b ff 1 1 0 1
2 0 0a 0 1 0a ff 0 1 1 1
2 1 7a 0 1 00 ff 0 1 1 1
2 1 64 0 1 00 ff 0 1 1 1
2 0 0f 0 1 0f ff 0 1 1 1
2 1 a5 1 1 00 ff 0 1 1 1
2 0 cc 0 1 cc ff 0 1 1 1
2 0 b2 1 0 b2 ff 1 1 0 1
2 1 c4 1 1 00 ff 0 1 1 1
2 1 3e 0 0 00 ff 0 1 1 1
2 1 50 1 1 00 ff 0 1 1 1
2 1 f5 1 0 00 ff 0 1 1 1
2 0 7f 0 1 7f ff 0 1 1 1
2 1 03 1 1 00 ff 0 1 1 1
2 1 e4 1 0 00 ff 0 1 1 1
2 1 64 0 1 00 ff 0 1 1 1
2 1 fe 0 0 00 ff 0 1 1 1
2 1 07 0 1 00 ff 0 1 1 1
2 0 e9 0 1 e9 ff 0 1 1 1
2 1 6a 0 0 00 ff 0 1 1 1
2 0 84 1 0 84 ff 1 1 0 1
2 1 c3 1 1 00 ff 0 1 1 1
2 0 c3 1 1 c3 ff 1 1 1 1
2 1 68 1 1 00 ff 0 1 1 1
2 0 a6 0 1 a6 ff 0 1 1 1
2 1 9c 1 1 00 ff 0 1 1 1
2 1 1e 1 1 00 ff 0 1 1 1
2 1 19 1 1 00 ff 0 1 1 1
2 0 b6 0 1 b6 ff 0 1 1 1
2 1 f0 1 0 00 ff 0 1 1 1
2 0 45 0 0 45 ff 0 1 0 1
2 1 5c 1 1 00 ff 0 1 1 1
2 0 17 1 1 17 ff 1 1 1 1
2 1 0a 0 0 00 ff 0 1 1 1
2 1 d8 1 1 00 ff 0 1 1 1
2 0 17 0 0 17 ff 0 1 0 1
2 1 42 1 1 00 ff 0 1 1 1
2 1 2b 0 0 00 ff 0 1 1 1
2 1 47 1 0 00 ff 0 1 1 1
2 1 17 0 0 00 ff 0 1 1 1
2 1 f1 1 0 00 ff 0 1 1 1
2 0 f3 1 0 f3 ff 1 1 0 1
2 0 93 0 1 93 ff 0 1 1 1
2 0 bf 0 0 bf ff 0 1 0 1
2 1 eb 0 1 00 ff 0 1 1 1
2 0 17 1 1 17 ff 1 1 1 1
2 0 91 1 0 91 ff 1 1 0 1
2 1 e8 0 1 00 ff 0 1 1 1
2 0 aa 1 0 aa ff 1 1 0 1
2 0 28 0 1 28 ff 0 1 1 1
2 1 25 0 1 00 ff 0 1 1 1
2 0 a3 0 0 a3 ff 0 1 0 1
2 0 46 1 0 46 ff 1 1 0 1
2 0 b1 0 1 b1 ff 0 1 1 1
2 0 f6 1 0 f6 ff 1 1 0 1
2 0 20 1 0 20 ff 1 1 0 1
2 1 c8 1 0 00 ff 0 1 1 1
2 1 fc 1 0 00 ff 0 1 1 1
2 0 87 1 1 87 ff 1 1 1 1
2 1 03 1 0 00 ff 0 1 1 1
2 0 4e 1 1 4e ff 1 1 1 1
2 1 81 0 0 00 ff 0 1 1 1
2 0 e8 0 0 e8 ff 0 1 0 1
2 1 5d 0 0 00 ff 0 1 1 1
2 0 84 0 0 84 ff 0 1 0 1
2 1 5d 1 1 00 ff 0 1 1 1
2 0 4e 0 0 4e ff 0 1 0 1
2 0 d9 0 1 d9 ff 0 1 1 1
2 1 ec 1 1 00 ff 0 1 1 1
2 1 c0 0 1 00 ff 0 1 1 1
2 1 43 1 0 00 ff 0 1 1 1
2 1 da 0 1 00 ff 0 1 1 1
2 0 a2 1 0 a2 ff 1 1 0 1
2 0 1d 0 0 1d ff 0 1 0 1
2 0 72 1 1 72 ff 1 1 1 1
2 0 db 1 0 db ff 1 1 0 1
2 1 83 1 0 00 ff 0 1 1 1
2 1 d4 1 1 00 ff 0 1 1 1
2 0 db 0 0 db ff 0 1 0 1
2 0 bd 0 0 bd ff 0 1 0 1
2 1 ad 1 1 00 ff 0 1 1 1
2 1 9e 0 0 00 ff 0 1 1 1
2 0 7f 1 0 7f ff 1 1 0 1
2 0 08 0 1 08 ff 0 1 1 1
2 0 42 0 0 42 ff 0 1 0 1
2 0 9e 0 1 9e ff 0 1 1 1
2 1 cc 0 0 00 ff 0 1 1 1
2 1 14 1 0 00 ff 0 1 1 1
2 1 b7 0 0 00 ff 0 1 1 1
2 1 28 1 0 00 ff 0 1 1 1
2 0 8c 1 1 8c ff 1 1 1 1
2 1 cf 0 1 00 ff 0 1 1 1
2 0 54 1 1 54 ff 1 1 1 1
2 1 1a 0 1 00 ff 0 1 1 1
2 1 f9 0 0 00 ff 0 1 1 1
2 0 5d 1 1 5d ff 1 1 1 1
2 1 85 1 0 00 ff 0 1 1 1
2 1 67 0 1 00 ff 0 1 1 1
2 1 c3 0 0 00 ff 0 1 1 1
2 1 82 0 1 00 ff 0 1 1 1
2 1 10 0 0 00 ff 0 1 1 1
2 0 64 0 1 64 ff 0 1 1 1
2 0 c9 0 0 c9 ff 0 1 0 1
2 1 f4 1 1 00 ff 0 1 1 1
2 1 0a 1 1 00 ff 0 1 1 1
2 0 7b 1 1 7b ff 1 1 1 1
2 1 c7 0 1 00 ff 0 1 1 1
2 0 10 0 0 10 ff 0 1 0 1
2 0 4c 0 1 4c ff 0 1 1 1
2 0 47 0 0 47 ff 0 1 0 1
2 0 b8 1 0 b8 ff 1 1 0 1
2 1 bc 1 1 00 ff 0 1 1 1
2 1 8f 1 0 00 ff 0 1 1 1
2 0 8f 1 0 8f ff 1 1 0 1
2 0 3d 0 1 3d ff 0 1 1 1
2 1 7a 0 0 00 ff 0 1 1 1
2 1 77 1 1 00 ff 0 1 1 1
2 0 9c 0 0 9c ff 0 1 0 1
2 0 3a 1 0 3a ff 1 1 0 1
2 0 46 1 1 46 ff 1 1 1 1
2 0 66 0 1 66 ff 0 1 1 1
2 1 34 0 0 00 ff 0 1 1 1
2 0 70 1 0 70 ff 1 1 0 1
2 0 5e 1 0 5e ff 1 1 0 1
2 0 23 0 0 23 ff 0 1 0 1
2 1 14 1 1 00 ff 0 1 1 1
2 1 8c 0 0 00 ff 0 1 1 1
2 1 e7 0 1 00 ff 0 1 1 1
2 0 74 0 1 74 ff 0 1 1 1
2 0 03 1 1 03 ff 1 1 1 1
2 1 cd 1 0 00 ff 0 1 1 1
2 1 98 1 0 00 ff 0 1 1 1
2 0 6a 0 0 6a ff 0 1 0 1
2 0 ca 0 0 ca ff 0 1 0 1
2 0 9e 0 0 9e ff 0 1 0 1
2 1 15 0 0 00 ff 0 1 1 1
2 1 78 1 1 00 ff 0 1 1 1
2 1 6d 0 1 00 ff 0 1 1 1
2 1 d3 0 0 00 ff 0 1 1 1
2 1 5f 1 0 00 ff 0 1 1 1
2 1 8f 1 1 00 ff 0 1 1 1
2 1 61 1 1 00 ff 0 1 1 1
2 1 e5 1 0 00 ff 0 1 1 1
2 1 3c 1 0 00 ff 0 1 1 1
2 1 85 1 0 00 ff 0 1 1 1
2 1 2c 1 1 00 ff 0 1 1 1
2 1 b6 0 0 00 ff 0 1 1 1
2 1 f2 1 1 00 ff 0 1 1 1
2 0 bc 1 1 bc ff 1 1 1 1
2 0 a5 1 1 a5 ff 1 1 1 1
2 1 a4 1 0 00 ff 0 1 1 1
2 0 87 1 1 87 ff 1 1 1 1
2 0 c5 1 0 c5 ff 1 1 0 1
2 1 1f 0 0 00 ff 0 1 1 1
2 0 3d 1 1 3d ff 1 1 1 1
2 1 f2 0 0 00 ff 0 1 1 1
2 0 48 1 0 48 ff 1 1 0 1
2 0 47 1 0 47 ff 1 1 0 1
2 1 ac 1 1 00 ff 0 1 1 1
2 1 ff 1 0 00 ff 0 1 1 1
2 1 b3 1 0 00 ff 0 1 1 1
2 0 a7 0 1 a7 ff 0 1 1 1
2 0 3a 0 0 3a ff 0 1 0 1
2 1 90 0 0 00 ff 0 1 1 1
2 1 80 1 0 00 ff 0 1 1 1
2 1 b7 1 0 00 ff 0 1 1 1
2 1 03 1 0 00 ff 0 1 1 1
2 1 33 0 1 00 ff 0 1 1 1
2 1 62 1 1 00 ff 0 1 1 1
2 1 88 1 1 00 ff 0 1 1 1
2 0 a7 0 0 a7 ff 0 1 0 1
2 1 37 1 1 00 ff 0 1 1 1
2 0 71 0 0 71 ff 0 1 0 1
2 1 92 1 1 00 ff 0 1 1 1
2 1 ca 1 0 00 ff 0 1 1 1
2 1 73 0 0 00 ff 0 1 1 1
2 0 89 1 0 89 ff 1 1 0 1
2 0 ec 0 1 ec ff 0 1 1 1
2 0 cc 0 1 cc ff 0 1 1 1
2 1 43 0 0 00 ff 0 1 1 1
2 0 4c 1 1 4c ff 1 1 1 1
2 1 c5 1 1 00 ff 0 1 1 1
2 0 b3 1 0 b3 ff 1 1 0 1
2 1 ac 1 1 00 ff 0 1 1 1
2 0 22 1 0 22 ff 1 1 0 1
2 1 78 1 1 00 ff 0 1 1 1
2 0 46 0 1 46 ff 0 1 1 1
2 0 75 1 1 75 ff 1 1 1 1
2 0 f7 0 1 f7 ff 0 1 1 1
2 1 cd 1 0 00 ff 0 1 1 1
2 1 ef 0 1 00 ff 0 1 1 1
2 1 df 0 1 00 ff 0 1 1 1
2 0 13 1 1 13 ff 1 1 1 1
2 1 37 1 1 00 ff 0 1 1 1
2 0 46 0 0 46 ff 0 1 0 1
2 0 22 0 0 22 ff 0 1 0 1
2 1 30 1 0 00 ff 0 1 1 1
2 1 97 0 1 00 ff 0 1 1 1
2 1 6b 1 1 00 ff 0 1 1 1
2 1 ba 0 1 00 ff 0 1 1 1
2 0 30 0 1 30 ff 0 1 1 1
2 0 01 1 1 01 ff 1 1 1 1
2 0 16 0 1 16 ff 0 1 1 1
2 1 e6 0 1 00 ff 0 1 1 1
2 1 76 1 0 00 ff 0 1 1 1
2 1 77 0 0 00 ff 0 1 1 1
2 1 01 0 0 00 ff 0 1 1 1
2 0 a9 1 0 a9 ff 1 1 0 1
2 0 cc 0 0 cc ff 0 1 0 1
2 1 d6 0 1 00 ff 0 1 1 1
2 0 6e 1 0 6e ff 1 1 0 1
2 0 c5 1 1 c5 ff 1 1 1 1
2 1 48 1 1 00 ff 0 1 1 1
2 1 7c 0 0 00 ff 0 1 1 1
2 0 6a 1 1 6a ff 1 1 1 1
2 1 04 0 0 00 ff 0 1 1 1
2 1 d0 0 0 00 ff 0 1 1 1
2 1 08 1 0 00 ff 0 1 1 1
2 1 b3 1 0 00 ff 0 1 1 1
2 0 cb 1 1 cb ff 1 1 1 1
2 1 82 0 1 00 ff 0 1 1 1
2 0 d7 0 1 d7 ff 0 1 1 1
2 0 6f 1 0 6f ff 1 1 0 1
2 1 af 0 1 00 ff 0 1 1 1
2 0 e1 1 0 e1 ff 1 1 0 1
2 1 60 1 0 00 ff 0 1 1 1
2 1 3a 0 0 00 ff 0 1 1 1
2 0 9e 0 1 9e ff 0 1 1 1
2 1 5f 1 1 00 ff 0 1 1 1
2 0 45 0 0 45 ff 0 1 0 1
2 0 f5 1 1 f5 ff 1 1 1 1
2 0 c3 1 1 c3 ff 1 1 1 1
2 0 ab 0 1 ab ff 0 1 1 1
2 0 60 0 1 60 ff 0 1 1 1
2 0 ba 0 1 ba ff 0 1 1 1
2 0 6d 0 1 6d ff 0 1 1 1
2 1 f1 1 0 00 ff 0 1 1 1
2 0 0b 0 0 0b ff 0 1 0 1
2 0 d7 1 0 d7 ff 1 1 0 1
2 0 8d 0 1 8d ff 0 1 1 1
2 1 ef 0 0 00 ff 0 1 1 1
2 0 18 0 0 18 ff 0 1 0 1
2 0 83 1 1 83 ff 1 1 1 1
2 1 49 1 1 00 ff 0 1 1 1
2 0 f6 0 1 f6 ff 0 1 1 1
2 0 6f 0 0 6f ff 0 1 0 1
2 0 0c 1 1 0c ff 1 1 1 1
2 0 d1 1 0 d1 ff 1 1 0 1
2 1 76 1 0 00 ff 0 1 1 1
2 1 02 0 1 00 ff 0 1 1 1
2 1 17 0 1 00 ff 0 1 1 1
2 1 38 1 1 00 ff 0 1 1 1
2 0 db 0 0 db ff 0 1 0 1
2 0 b4 1 1 b4 ff 1 1 1 1
2 0 15 1 0 15 ff 1 1 0 1
2 1 f7 0 1 00 ff 0 1 1 1
2 0 cd 1 1 cd ff 1 1 1 1
2 0 58 0 1 58 ff 0 1 1 1
2 0 99 0 1 99 ff 0 1 1 1
2 1 3a 1 0 00 ff 0 1 1 1
2 1 16 1 1 00 ff 0 1 1 1
2 0 ff 1 1 ff ff 1 1 1 1
2 0 41 1 0 41 ff 1 1 0 1
2 1 2a 1 1 00 ff 0 1 1 1
2 1 e3 0 0 00 ff 0 1 1 1
2 1 4d 0 0 00 ff 0 1 1 1
2 0 c7 1 0 c7 ff 1 1 0 1
2 1 3b 0 1 00 ff 0 1 1 1
2 1 d3 1 0 00 ff 0 1 1 1
2 0 c4 1 0 c4 ff 1 1 0 1
2 1 20 1 0 00 ff 0 1 1 1
2 1 cc 1 0 00 ff 0 1 1 1
2 0 b6 0 0 b6 ff 0 1 0 1
2 0 b6 0 0 b6 ff 0 1 0 1
2 0 77 1 0 77 ff 1 1 0 1
2 0 52 0 0 52 ff 0 1 0 1
2 0 5c 1 0 5c ff 1 1 0 1
2 0 ba 1 0 ba ff 1 1 0 1
2 1 c3 1 0 00 ff 0 1 1 1
2 0 9b 1 0 9b ff 1 1 0 1
2 1 56 1 1 00 ff 0 1 1 1
2 1 4f 1 1 00 ff 0 1 1 1
2 0 08 1 0 08 ff 1 1 0 1
2 0 7a 1 1 7a ff 1 1 1 1
2 0 63 0 1 63 ff 0 1 1 1
2 1 1d 1 1 00 ff 0 1 1 1
2 1 51 0 0 00 ff 0 1 1 1
2 1 5a 1 0 00 ff 0 1 1 1
2 1 a2 0 0 00 ff 0 1 1 1
2 1 5c 1 0 00 ff 0 1 1 1
2 1 1e 1 0 00 ff 0 1 1 1
2 1 da 0 1 00 ff 0 1 1 1
2 0 f4 0 1 f4 ff 0 1 1 1
2 0 20 0 0 20 ff 0 1 0 1
2 0 69 0 0 69 ff 0 1 0 1
2 1 57 0 0 00 ff 0 1 1 1
2 1 f1 0 1 00 ff 0 1 1 1
2 1 d7 0 0 00 ff 0 1 1 1
2 0 6e 1 0 6e ff 1 1 0 1
2 1 eb 1 1 00 ff 0 1 1 1
2 1 f3 0 1 00 ff 0 1 1 1
2 0 33 0 0 33 ff 0 1 0 1
2 0 42 0 0 42 ff 0 1 0 1
2 1 3b 1 0 00 ff 0 1 1 1
2 0 e3 1 0 e3 ff 1 1 0 1
2 1 45 0 0 00 ff 0 1 1 1
2 1 29 1 1 00 ff 0 1 1 1
2 0 a7 0 1 a7 ff 0 1 1 1
2 0 c6 1 0 c6 ff 1 1 0 1
2 0 28 0 0 28 ff 0 1 0 1
2 0 fd 1 0 fd ff 1 1 0 1
2 1 c7 1 1 00 ff 0 1 1 1
2 1 a4 1 1 00 ff 0 1 1 1
2 0 f8 1 0 f8 ff 1 1 0 1
2 0 29 1 0 29 ff 1 1 0 1
2 1 da 1 0 00 ff 0 1 1 1
2 1 bd 1 1 00 ff 0 1 1 1
2 0 3b 0 0 3b ff 0 1 0 1
2 1 74 0 0 00 ff 0 1 1 1
2 1 92 0 0 00 ff 0 1 1 1
2 1 bb 0 1 00 ff 0 1 1 1
2 1 b7 0 0 00 ff 0 1 1 1
2 1 1e 1 0 00 ff 0 1 1 1
2 1 55 1 1 00 ff 0 1 1 1
2 0 99 1 1 99 ff 1 1 1 1
2 1 f4 0 0 00 ff 0 1 1 1
2 1 76 1 1 00 ff 0 1 1 1
2 0 f8 1 0 f8 ff 1 1 0 1
2 1 a0 1 0 00 ff 0 1 1 1
2 1 72 0 1 00 ff 0 1 1 1
2 0 ef 1 0 ef ff 1 1 0 1
2 1 71 1 1 00 ff 0 1 1 1
2 1 25 1 0 00 ff 0 1 1 1
2 0 02 0 1 02 ff 0 1 1 1
2 1 04 1 1 00 ff 0 1 1 1
2 1 fc 1 1 00 ff 0 1 1 1
2 0 d1 1 0 d1 ff 1 1 0 1
2 0 8f 1 1 8f ff 1 1 1 1
2 1 fb 1 0 00 ff 0 1 1 1
2 1 fa 0 1 00 ff 0 1 1 1
2 1 92 0 1 00 ff 0 1 1 1
2 1 ff 0 0 00 ff 0 1 1 1
2 0 eb 0 1 eb ff 0 1 1 1
2 0 67 0 0 67 ff 0 1 0 1
2 1 dc 0 1 00 ff 0 1 1 1
2 1 11 1 1 00 ff 0 1 1 1
2 1 c7 1 1 00 ff 0 1 1 1
2 0 10 0 0 10 ff 0 1 0 1
2 1 a4 1 0 00 ff 0 1 1 1
2 1 38 1 1 00 ff 0 1 1 1
2 1 5f 0 1 00 ff 0 1 1 1
2 1 a0 1 1 00 ff 0 1 1 1
2 0 a7 0 0 a7 ff 0 1 0 1
2 1 59 1 1 00 ff 0 1 1 1
2 1 0a 0 1 00 ff 0 1 1 1
2 1 20 0 1 00 ff 0 1 1 1
2 0 80 0 0 80 ff 0 1 0 1
2 1 06 0 1 00 ff 0 1 1 1
2 0 97 1 0 97 ff 1 1 0 1
2 0 58 1 0 58 ff 1 1 0 1
2 1 bc 1 1 00 ff 0 1 1 1
2 1 88 0 0 00 ff 0 1 1 1
2 1 ba 1 0 00 ff 0 1 1 1
2 1 be 0 1 00 ff 0 1 1 1
2 0 6d 1 1 6d ff 1 1 1 1
2 0 da 1 1 da ff 1 1 1 1
2 1 aa 0 1 00 ff 0 1 1 1
2 1 a0 1 1 00 ff 0 1 1 1
2 0 c7 0 1 c7 ff 0 1 1 1
2 0 fb 1 0 fb ff 1 1 0 1
2 0 a9 0 1 a9 ff 0 1 1 1
2 1 ff 0 1 00 ff 0 1 1 1
2 0 cd 1 1 cd ff 1 1 1 1
2 0 e0 0 1 e0 ff 0 1 1 1
2 1 c7 1 0 00 ff 0 1 1 1
2 1 28 1 1 00 ff 0 1 1 1
2 1 18 1 1 00 ff 0 1 1 1
2 0 17 0 1 17 ff 0 1 1 1
2 1 9f 0 1 00 ff 0 1 1 1
2 0 3d 1 0 3d ff 1 1 0 1
2 0 93 1 0 93 ff 1 1 0 1
2 1 7f 0 0 00 ff 0 1 1 1
2 0 a4 0 0 a4 ff 0 1 0 1
2 0 46 0 0 46 ff 0 1 0 1
2 0 5d 1 1 5d ff 1 1 1 1
2 1 90 1 0 00 ff 0 1 1 1
2 0 d8 1 1 d8 ff 1 1 1 1
2 1 06 0 0 00 ff 0 1 1 1
2 1 a4 0 1 00 ff 0 1 1 1
2 0 bb 1 0 bb ff 1 1 0 1
2 1 5d 0 1 00 ff 0 1 1 1
2 0 9d 1 0 9d ff 1 1 0 1
2 0 37 1 1 37 ff 1 1 1 1
2 1 28 1 0 00 ff 0 1 1 1
2 0 32 1 0 32 ff 1 1 0 1
2 1 50 0 0 00 ff 0 1 1 1
2 1 f7 1 0 00 ff 0 1 1 1
2 0 ee 1 0 ee ff 1 1 0 1
2 0 f7 0 0 f7 ff 0 1 0 1
2 0 0a 0 0 0a ff 0 1 0 1
2 0 27 0 0 27 ff 0 1 0 1
2 0 11 0 0 11 ff 0 1 0 1
2 0 ee 1 1 ee ff 1 1 1 1
2 1 f5 0 0 00 ff 0 1 1 1
2 0 8d 0 1 8d ff 0 1 1 1
2 1 f1 0 0 00 ff 0 1 1 1
2 0 6e 0 1 6e ff 0 1 1 1
2 1 c7 0 0 00 ff 0 1 1 1
2 1 c9 0 1 00 ff 0 1 1 1
2 1 4f 1 1 00 ff 0 1 1 1
2 1 2c 1 1 00 ff 0 1 1 1
2 0 05 1 1 05 ff 1 1 1 1
2 0 51 1 1 51 ff 1 1 1 1
2 0 71 0 1 71 ff 0 1 1 1
2 0 39 1 0 39 ff 1 1 0 1
2 1 4f 1 0 00 ff 0 1 1 1
2 1 e6 0 1 00 ff 0 1 1 1
2 0 c7 0 1 c7 ff 0 1 1 1
2 0 4a 0 1 4a ff 0 1 1 1
2 1 b9 0 0 00 ff 0 1 1 1
2 0 68 0 0 68 ff 0 1 0 1
2 0 bf 1 0 bf ff 1 1 0 1
2 1 4d 1 0 00 ff 0 1 1 1
2 1 a8 1 0 00 ff 0 1 1 1
2 1 b8 0 0 00 ff 0 1 1 1
2 0 60 1 1 60 ff 1 1 1 1
2 0 36 0 1 36 ff 0 1 1 1
2 0 13 1 0 13 ff 1 1 0 1
2 0 e3 0 0 e3 ff 0 1 0 1
2 0 23 1 1 23 ff 1 1 1 1
2 0 77 1 0 77 ff 1 1 0 1
2 1 2d 1 0 00 ff 0 1 1 1
2 1 cf 1 1 00 ff 0 1 1 1
2 0 46 1 1 46 ff 1 1 1 1
2 1 59 0 1 00 ff 0 1 1 1
2 0 2e 1 0 2e ff 1 1 0 1
2 0 f8 0 0 f8 ff 0 1 0 1
2 0 52 0 0 52 ff 0 1 0 1
2 0 78 1 0 78 ff 1 1 0 1
2 1 79 0 0 00 ff 0 1 1 1
2 1 f9 0 1 00 ff 0 1 1 1
2 1 a9 0 1 00 ff 0 1 1 1
2 1 6d 0 0 00 ff 0 1 1 1
2 1 ee 0 1 00 ff 0 1 1 1
2 0 72 1 0 72 ff 1 1 0 1
2 1 c0 0 0 00 ff 0 1 1 1
2 0 1f 0 1 1f ff 0 1 1 1
2 0 04 1 0 04 ff 1 1 0 1
2 0 df 0 1 df ff 0 1 1 1
2 1 e8 0 0 00 ff 0 1 1 1
2 0 b4 0 1 b4 ff 0 1 1 1
2 1 14 1 0 00 ff 0 1 1 1
2 1 ae 1 1 00 ff 0 1 1 1
2 0 95 1 1 95 ff 1 1 1 1
2 0 a3 1 1 a3 ff 1 1 1 1
2 1 d8 0 1 00 ff 0 1 1 1
