0 0001 1 1
0 0004 1 1
0 0010 1 1
0 0040 1 1
0 0100 1 1
0 0400 1 1
0 1000 1 1
0 4000 1 1
1 0002 0 1
1 0008 0 1
1 0020 0 1
1 0080 0 1
1 0200 0 1
1 0800 0 1
1 2000 0 1
1 8000 0 1
2 0000 0 1
2 0005 0 1
2 0014 0 1
2 5555 0 1
2 ffff 0 1
2 0003 0 1
3 f239 0 1
3 c065 0 1
3 c9df 0 1
3 c927 0 1
3 ae1a 0 1
3 68ad 0 1
3 6244 0 1
3 cb40 0 1
3 942d 0 1
3 7770 0 1
3 10c2 0 1
3 5a8e 0 1
3 19da 0 1
3 fccc 0 1
3 bace 0 1
3 276c 0 1
3 d4a4 0 1
3 542b 0 1
3 4653 0 1
3 e0c2 0 1
3 d117 0 1
3 4698 0 1
3 9dc0 0 1
3 c124 0 1
3 21d8 0 1
3 364f 0 1
3 3ad2 0 1
3 f7c2 0 1
3 6df1 0 1
3 3a07 0 1
3 1dca 0 1
3 5921 0 1
3 0291 0 1
3 65e0 0 1
3 5abb 0 1
3 7da4 0 1
3 e933 0 1
3 1899 0 1
3 360a 0 1
3 1d8b 0 1
3 75cf 0 1
3 250d 0 1
3 d30b 0 1
3 13b6 0 1
3 64a1 0 1
3 a334 0 1
3 f213 0 1
3 8f4f 0 1
3 a928 0 1
3 9eee 0 1
3 81e6 0 1
3 f067 0 1
3 0060 0 1
3 3f0b 0 1
3 811d 0 1
3 a1b0 0 1
3 dd7f 0 1
3 56eb 0 1
3 3ec3 0 1
3 1c86 0 1
3 7438 0 1
3 fb84 0 1
3 ecdd 0 1
3 3533 0 1
3 d468 0 1
3 97bc 0 1
3 25df 0 1
3 9ed5 0 1
3 aec2 0 1
3 b93f 0 1
3 c3cc 0 1
3 d146 0 1
3 54c8 0 1
3 cb41 0 1
3 e254 0 1
3 c78d 0 1
3 e588 0 1
3 9a1b 0 1
3 6135 0 1
3 039e 0 1
3 46ac 0 1
3 f7ad 0 1
3 089b 0 1
3 ae97 0 1
3 2e5e 0 1
3 fb8e 0 1
3 44d0 0 1
3 8b68 0 1
3 42ad 0 1
3 359b 0 1
3 121b 0 1
3 8f7b 0 1
3 1700 0 1
3 08af 0 1
3 2fe7 0 1
3 4669 0 1
3 defa 0 1
3 8562 0 1
3 1620 0 1
3 0c59 0 1
3 701e 0 1
3 4210 0 1
3 8401 0 1
3 9d1d 0 1
3 6efe 0 1
3 659e 0 1
3 8a2c 0 1
3 f404 0 1
3 bf32 0 1
3 e078 0 1
3 0afb 0 1
3 ab44 0 1
3 035e 0 1
3 9fd5 0 1
3 77c6 0 1
3 4a8d 0 1
3 9246 0 1
3 cf1b 0 1
3 9402 0 1
3 3793 0 1
3 ade8 0 1
3 f52e 0 1
3 3478 0 1
3 3149 0 1
3 595e 0 1
3 4b45 0 1
3 d6d2 0 1
3 b689 0 1
3 4a73 0 1
3 c4d3 0 1
3 6117 0 1
3 cdee 0 1
3 f5b4 0 1
3 c3fe 0 1
3 5fad 0 1
3 132c 0 1
3 59e7 0 1
3 f1c6 0 1
3 09ea 0 1
3 8a8d 0 1
3 ac1e 0 1
3 5173 0 1
3 780b 0 1
3 7f5c 0 1
3 6dbc 0 1
3 a092 0 1
3 ea08 0 1
3 c879 0 1
3 0871 0 1
3 fd34 0 1
3 71fe 0 1
3 5582 0 1
3 1ee6 0 1
3 a70a 0 1
3 e3a2 0 1
3 2c2a 0 1
3 4493 0 1
3 2f9b 0 1
3 98cb 0 1
3 6ab4 0 1
3 104a 0 1
3 9328 0 1
3 ea5d 0 1
3 dc81 0 1
3 7d87 0 1
3 9c9c 0 1
3 0d97 0 1
3 18cb 0 1
3 8e8a 0 1
3 8983 0 1
3 3b73 0 1
3 5b9e 0 1
3 02a5 0 1
3 04f2 0 1
3 41d6 0 1
3 38bd 0 1
3 3483 0 1
3 4bd6 0 1
3 f94b 0 1
3 ca66 0 1
3 e5e8 0 1
3 8182 0 1
3 8ea3 0 1
3 9b87 0 1
3 f572 0 1
3 010f 0 1
3 8dff 0 1
3 f642 0 1
3 95c8 0 1
3 ace9 0 1
3 f293 0 1
3 fc61 0 1
3 f98b 0 1
3 338d 0 1
3 7dab 0 1
3 8317 0 1
3 30f8 0 1
3 e4eb 0 1
3 23c4 0 1
3 75aa 0 1
3 5863 0 1
3 06f2 0 1
3 9aca 0 1
3 5e1f 0 1
3 6403 0 1
3 d4a3 0 1
3 e1e2 0 1
3 29a0 0 1
3 bbc4 0 1
3 bfc3 0 1
3 cc3f 0 1
3 66df 0 1
3 007b 0 1
3 fc3f 0 1
3 27cf 0 1
3 870b 0 1
3 3b4e 0 1
3 2b25 0 1
3 7584 0 1
3 ab90 0 1
3 74e9 0 1
3 6529 0 1
3 c71f 0 1
3 4220 0 1
3 4bc1 0 1
3 dbd0 0 1
3 85b1 0 1
3 40a8 0 1
3 6454 0 1
3 88d1 0 1
3 a77e 0 1
3 29d0 0 1
3 a882 0 1
3 997c 0 1
3 03e8 0 1
3 ed12 0 1
3 9a23 0 1
3 8c2d 0 1
3 fcd2 0 1
3 5bb1 0 1
3 06de 0 1
3 d693 0 1
3 66a2 0 1
3 e9e0 0 1
3 c8a8 0 1
3 0489 0 1
3 3c62 0 1
3 1e88 0 1
3 1d57 0 1
3 0b54 0 1
3 2d63 0 1
3 907d 0 1
3 b360 0 1
3 fc25 0 1
3 cac4 0 1
3 b079 0 1
3 bd73 0 1
3 fb6c 0 1
3 936b 0 1
3 3065 0 1
3 6145 0 1
3 3fb3 0 1
3 c680 0 1
3 6ed4 0 1
3 8289 0 1
3 1556 0 1
3 99eb 0 1
3 f62b 0 1
3 bcce 0 1
3 f324 0 1
3 2f1a 0 1
3 3c94 0 1
3 3e69 0 1
3 bfbf 0 1
3 ee58 0 1
3 21f5 0 1
3 c2c0 0 1
3 e2bc 0 1
3 6ca1 0 1
3 7c51 0 1
3 b868 0 1
3 491a 0 1
3 5fb2 0 1
3 5b1e 0 1
3 7f18 0 1
3 edd4 0 1
3 91b4 0 1
3 6370 0 1
3 8237 0 1
3 1190 0 1
3 41f3 0 1
3 a5a0 0 1
3 8041 0 1
3 3229 0 1
3 1aa3 0 1
3 5457 0 1
3 20ab 0 1
3 cdd3 0 1
3 847a 0 1
3 b58b 0 1
3 6a6a 0 1
3 4bac 0 1
3 2e5e 0 1
3 61d1 0 1
3 bac4 0 1
3 580f 0 1
3 793c 0 1
3 4736 0 1
3 47e7 0 1
3 c309 0 1
3 1fae 0 1
3 91a8 0 1
3 43a3 0 1
3 602d 0 1
3 76ad 0 1
3 6bf5 0 1
3 c66a 0 1
3 0b59 0 1
3 f45c 0 1
3 a4a9 0 1
3 ca9d 0 1
3 1752 0 1
3 1b88 0 1
3 2ca0 0 1
3 a240 0 1
3 0b8d 0 1
3 6786 0 1
3 b3c8 0 1
3 0d69 0 1
3 8b9b 0 1
3 eae5 0 1
3 2be1 0 1
3 278d 0 1
3 6670 0 1
3 c3bd 0 1
3 865e 0 1
3 2bf1 0 1
3 6c62 0 1
3 2ca6 0 1
3 4dd6 0 1
3 e486 0 1
3 f1dc 0 1
3 c459 0 1
3 ffb2 0 1
3 6ce2 0 1
3 8944 0 1
3 23b0 0 1
3 5842 0 1
3 f9dc 0 1
3 61a9 0 1
3 57e5 0 1
3 874a 0 1
3 4bd4 0 1
3 b3c5 0 1
3 732b 0 1
3 b55a 0 1
3 11d2 0 1
3 8588 0 1
3 f1c2 0 1
3 0fa8 0 1
3 f325 0 1
3 21a1 0 1
3 279e 0 1
3 019e 0 1
3 c915 0 1
3 f351 0 1
3 455d 0 1
3 2ee7 0 1
3 aecd 0 1
3 6f65 0 1
3 e4d5 0 1
3 7e9d 0 1
3 b3f7 0 1
3 86d5 0 1
3 12eb 0 1
3 8c9b 0 1
3 c862 0 1
3 c934 0 1
3 a0e2 0 1
3 2442 0 1
3 4a1d 0 1
3 180a 0 1
3 27f6 0 1
3 ce25 0 1
3 c012 0 1
3 c9c2 0 1
3 aa05 0 1
3 49a7 0 1
3 14e5 0 1
3 9793 0 1
3 176f 0 1
3 645a 0 1
3 1498 0 1
3 9c2f 0 1
3 ee49 0 1
3 8db1 0 1
3 ad17 0 1
3 9213 0 1
3 511c 0 1
3 ca17 0 1
3 41f2 0 1
3 853b 0 1
3 21ba 0 1
3 d75c 0 1
3 57cc 0 1
3 c49d 0 1
3 ce8e 0 1
3 40ec 0 1
3 9ee7 0 1
3 1919 0 1
3 fb45 0 1
3 0393 0 1
3 1137 0 1
3 6b71 0 1
3 9a76 0 1
3 d1f1 0 1
3 1743 0 1
3 c8d2 0 1
3 087e 0 1
3 f32e 0 1
3 ae98 0 1
3 5841 0 1
3 5fa9 0 1
3 2c6a 0 1
3 a3a1 0 1
3 d092 0 1
3 84ee 0 1
3 8dfb 0 1
3 7b29 0 1
3 8b4c 0 1
3 e8e8 0 1
3 8c84 0 1
3 13f4 0 1
3 a623 0 1
3 16bf 0 1
3 f7ad 0 1
3 77f7 0 1
3 2a6e 0 1
3 bb8c 0 1
3 5986 0 1
3 e2d9 0 1
3 787b 0 1
3 c8ec 0 1
3 3a0e 0 1
3 d159 0 1
3 406c 0 1
3 4af7 0 1
3 a5bb 0 1
3 f2e8 0 1
3 7a40 0 1
3 f208 0 1
3 a11e 0 1
3 de0e 0 1
3 6ff1 0 1
3 451b 0 1
3 b3b0 0 1
3 ca6c 0 1
3 8abc 0 1
3 d0de 0 1
3 9286 0 1
3 8cef 0 1
3 ffdb 0 1
3 515d 0 1
3 02e6 0 1
3 b792 0 1
3 8ae5 0 1
3 158a 0 1
3 69d4 0 1
3 5c5d 0 1
3 53e7 0 1
3 8f30 0 1
3 48e7 0 1
3 d1be 0 1
3 a185 0 1
3 bd67 0 1
3 c875 0 1
3 57cc 0 1
3 acf5 0 1
3 4aa8 0 1
3 8f30 0 1
3 213b 0 1
3 f77c 0 1
3 91db 0 1
3 f02a 0 1
3 53e3 0 1
3 40ce 0 1
3 c569 0 1
3 3a1e 0 1
3 7661 0 1
3 d9d6 0 1
3 219f 0 1
3 6e2a 0 1
3 58f1 0 1
3 8d8c 0 1
3 26bc 0 1
3 af2e 0 1
3 a38a 0 1
3 f43a 0 1
3 7b7f 0 1
3 839e 0 1
3 d130 0 1
3 2c06 0 1
3 abde 0 1
3 3a2a 0 1
3 82d6 0 1
3 6b11 0 1
3 a35f 0 1
3 792a 0 1
3 bd06 0 1
3 ab67 0 1
3 766f 0 1
3 7c1b 0 1
3 75e8 0 1
3 226b 0 1
3 e0c1 0 1
3 bc16 0 1
3 6b12 0 1
3 fcc9 0 1
3 e0d4 0 1
3 ec7b 0 1
3 0cad 0 1
3 1bde 0 1
3 e395 0 1
3 d0bb 0 1
3 7797 0 1
3 7d79 0 1
3 c18e 0 1
3 19e9 0 1
3 ca1b 0 1
3 2372 0 1
3 4d5d 0 1
3 cb15 0 1
3 77e4 0 1
3 ef6e 0 1
3 6166 0 1
3 cf0f 0 1
3 a2c6 0 1
3 6415 0 1
3 8dec 0 1
3 ca4d 0 1
3 7e92 0 1
3 968b 0 1
3 f309 0 1
3 4563 0 1
3 bd46 0 1
3 8bea 0 1
3 7b06 0 1
3 13ec 0 1
3 9a7d 0 1
3 4f32 0 1
3 3325 0 1
3 d232 0 1
3 3ab1 0 1
3 a09a 0 1
3 69e3 0 1
3 036c 0 1
3 7a58 0 1
3 3e44 0 1
3 e710 0 1
3 08f6 0 1
3 6e61 0 1
3 62bb 0 1
3 aafe 0 1
3 487b 0 1
3 a17f 0 1
3 7f40 0 1
3 c2bc 0 1
3 01b5 0 1
3 4dcc 0 1
3 d0d9 0 1
3 f0bd 0 1
3 d3f9 0 1
3 6433 0 1
3 689f 0 1
3 1cd0 0 1
3 4cf2 0 1
3 8e6c 0 1
3 0dea 0 1
3 77ff 0 1
3 351a 0 1
3 c16d 0 1
3 9417 0 1
3 4ce8 0 1
3 2e0a 0 1
3 c5a4 0 1
3 26bc 0 1
3 b61f 0 1
3 c538 0 1
3 92be 0 1
3 cf60 0 1
3 5ec7 0 1
3 195c 0 1
3 90de 0 1
3 abc7 0 1
3 5588 0 1
3 9a4c 0 1
3 322b 0 1
3 cf41 0 1
3 b20c 0 1
3 ceac 0 1
3 8560 0 1
3 4c73 0 1
3 2f68 0 1
3 aff4 0 1
3 563a 0 1
3 48ab 0 1
3 171b 0 1
3 7599 0 1
3 ff82 0 1
3 bcd3 0 1
3 ffc8 0 1
3 8827 0 1
3 4010 0 1
3 a7a6 0 1
3 deba 0 1
3 fe72 0 1
3 7563 0 1
3 0944 0 1
3 565a 0 1
3 ef30 0 1
3 ddef 0 1
3 8f82 0 1
3 9ea7 0 1
3 b973 0 1
3 fd3b 0 1
3 0964 0 1
3 22c6 0 1
3 f1e4 0 1
3 ebe5 0 1
3 1bed 0 1
3 8d0f 0 1
3 32a6 0 1
3 2e65 0 1
3 3e62 0 1
3 ac45 0 1
3 a1f5 0 1
3 1e60 0 1
3 ca0c 0 1
3 2e21 0 1
3 9a5c 0 1
3 9522 0 1
3 13f5 0 1
3 5822 0 1
3 e096 0 1
3 7bee 0 1
3 dab3 0 1
3 6f11 0 1
3 86bc 0 1
3 e7a9 0 1
3 e9e6 0 1
3 88f1 0 1
3 5dee 0 1
3 52d8 0 1
3 4660 0 1
3 f9d6 0 1
3 490c 0 1
3 81ae 0 1
3 3c72 0 1
3 a9c9 0 1
3 f2d3 0 1
3 35b0 0 1
3 0da6 0 1
3 7c5e 0 1
3 490b 0 1
3 8324 0 1
3 c6e3 0 1
3 e6b8 0 1
3 6027 0 1
3 88c6 0 1
3 93ea 0 1
3 080d 0 1
3 31ef 0 1
3 46b2 0 1
3 7bc0 0 1
3 5d66 0 1
3 e866 0 1
3 acbe 0 1
3 61ed 0 1
3 f25d 0 1
3 9188 0 1
3 32be 0 1
3 f555 0 1
3 b200 0 1
3 fd71 0 1
3 3583 0 1
3 2254 0 1
3 f949 0 1
3 3be2 0 1
3 374a 0 1
3 30d9 0 1
3 4726 0 1
3 d327 0 1
3 1965 0 1
3 bf8f 0 1
3 bb97 0 1
3 760e 0 1
3 5ca8 0 1
3 3ae1 0 1
3 b5fe 0 1
3 5565 0 1
3 a4c4 0 1
3 f7ee 0 1
3 940c 0 1
3 d476 0 1
3 4b8e 0 1
3 0e1e 0 1
3 9edc 0 1
3 8f71 0 1
3 3ef8 0 1
3 f89d 0 1
3 e643 0 1
3 6185 0 1
3 067e 0 1
3 22f1 0 1
3 679d 0 1
3 5975 0 1
3 cd3f 0 1
3 eea6 0 1
3 65b8 0 1
3 6d1e 0 1
3 6d8c 0 1
3 8341 0 1
3 cc8f 0 1
3 1504 0 1
3 76fc 0 1
3 ccd8 0 1
3 e254 0 1
3 8973 0 1
3 4bef 0 1
3 6952 0 1
3 7df8 0 1
3 0127 0 1
3 01f7 0 1
3 ebce 0 1
3 760a 0 1
3 983c 0 1
3 1cc2 0 1
3 a781 0 1
3 63bd 0 1
3 b52d 0 1
3 4920 0 1
3 c2d9 0 1
3 afe7 0 1
3 f123 0 1
3 a1f3 0 1
3 6d77 0 1
3 d9a8 0 1
3 b1c1 0 1
3 6b31 0 1
3 46b3 0 1
3 c1bb 0 1
3 6af1 0 1
3 84cb 0 1
3 cf11 0 1
3 4ded 0 1
3 8a02 0 1
3 caa1 0 1
3 46a3 0 1
3 fc7f 0 1
3 0c7b 0 1
3 8fc9 0 1
3 e98a 0 1
3 113c 0 1
3 baea 0 1
3 f46d 0 1
3 b28b 0 1
3 240c 0 1
3 2e15 0 1
3 9efc 0 1
3 f80d 0 1
3 ac7c 0 1
3 267f 0 1
3 677a 0 1
3 b21b 0 1
3 40b9 0 1
3 9320 0 1
3 3a45 0 1
3 158b 0 1
3 bf70 0 1
3 2560 0 1
3 5687 0 1
3 11ee 0 1
3 346b 0 1
3 9ce2 0 1
3 7faa 0 1
3 3e0b 0 1
3 37c2 0 1
3 e2ab 0 1
3 0413 0 1
3 27df 0 1
3 eae1 0 1
3 bc37 0 1
3 cd34 0 1
3 feaf 0 1
3 1e41 0 1
3 9f82 0 1
3 3845 0 1
3 f829 0 1
3 51a3 0 1
3 f67a 0 1
3 f446 0 1
3 f4a5 0 1
3 79d6 0 1
3 0158 0 1
3 73a7 0 1
3 9214 0 1
3 36c4 0 1
3 43d9 0 1
3 d2c6 0 1
3 c1d7 0 1
3 79d5 0 1
3 1f9d 0 1
3 ad7c 0 1
3 ddcb 0 1
3 558f 0 1
3 384b 0 1
3 a4af 0 1
3 93a4 0 1
3 2fae 0 1
3 a2a7 0 1
3 3972 0 1
3 4ab6 0 1
3 8164 0 1
3 2309 0 1
3 89aa 0 1
3 5a65 0 1
3 dcd1 0 1
3 a638 0 1
3 f521 0 1
3 c285 0 1
3 7c46 0 1
3 a7e1 0 1
3 da50 0 1
3 200d 0 1
3 78e3 0 1
3 0262 0 1
3 ecee 0 1
3 c2b9 0 1
3 1cf7 0 1
3 e38a 0 1
3 1c2e 0 1
3 13f6 0 1
3 a060 0 1
3 2f53 0 1
3 a85b 0 1
3 bb12 0 1
3 4ba1 0 1
3 7fc9 0 1
3 3878 0 1
3 7695 0 1
3 55c2 0 1
3 37c9 0 1
3 ebda 0 1
3 f609 0 1
3 d9f9 0 1
3 e513 0 1
3 61f5 0 1
3 0f56 0 1
3 217f 0 1
3 ccc2 0 1
3 fb43 0 1
3 228e 0 1
3 8b27 0 1
3 6a43 0 1
3 5426 0 1
3 9577 0 1
3 768f 0 1
3 23df 0 1
3 396f 0 1
3 adb5 0 1
3 cf47 0 1
3 46f1 0 1
3 4e94 0 1
3 96f8 0 1
3 ce14 0 1
3 6fd0 0 1
3 433f 0 1
3 0cad 0 1
3 686d 0 1
3 ded2 0 1
3 d7f1 0 1
3 ec24 0 1
3 5c5c 0 1
3 bc39 0 1
3 f6c3 0 1
3 62b6 0 1
3 86d2 0 1
3 831b 0 1
3 826e 0 1
3 1c06 0 1
3 9109 0 1
3 2aa4 0 1
3 237f 0 1
3 bec4 0 1
3 f908 0 1
3 68b6 0 1
3 02ea 0 1
3 3152 0 1
3 6fd8 0 1
3 be6b 0 1
3 e017 0 1
3 9eb8 0 1
3 9470 0 1
3 fb69 0 1
3 6d7a 0 1
3 c8ad 0 1
3 2713 0 1
3 e429 0 1
3 459a 0 1
3 7433 0 1
3 6fac 0 1
3 4911 0 1
3 16d1 0 1
3 d73d 0 1
3 5ea9 0 1
3 ab4a 0 1
3 53b9 0 1
3 be16 0 1
3 4bd4 0 1
3 f961 0 1
3 d274 0 1
3 1404 0 1
3 e1d9 0 1
3 713e 0 1
3 ddf6 0 1
3 67bb 0 1
3 4192 0 1
3 b8bb 0 1
3 e528 0 1
3 adf1 0 1
3 429e 0 1
3 5416 0 1
3 e909 0 1
3 cc8f 0 1
3 144a 0 1
3 f8c8 0 1
3 c781 0 1
3 79f8 0 1
3 cd04 0 1
3 9c78 0 1
3 9036 0 1
3 3c10 0 1
3 a8de 0 1
3 9627 0 1
3 2490 0 1
3 d28e 0 1
3 56f8 0 1
3 0e68 0 1
3 7036 0 1
3 7602 0 1
3 7c0e 0 1
3 cd6d 0 1
3 221e 0 1
3 8570 0 1
3 d6de 0 1
3 731f 0 1
3 7c4c 0 1
3 bbad 0 1
3 ee29 0 1
3 54a9 0 1
3 0fdd 0 1
3 5b9e 0 1
3 bdbb 0 1
3 9bdb 0 1
3 bdd8 0 1
3 7024 0 1
3 c9bc 0 1
3 e3ec 0 1
3 0660 0 1
3 b65b 0 1
3 4840 0 1
3 b5e4 0 1
3 383c 0 1
3 b6f8 0 1
3 298c 0 1
3 9cd2 0 1
3 4e6d 0 1
3 fb55 0 1
3 fedd 0 1
3 196e 0 1
3 6f4e 0 1
3 e3f5 0 1
3 035b 0 1
3 d7d7 0 1
3 dc28 0 1
3 9eb9 0 1
3 42c3 0 1
3 652d 0 1
3 11fb 0 1
3 5a27 0 1
3 a896 0 1
3 3af5 0 1
3 d7ac 0 1
3 23f8 0 1
3 986b 0 1
3 23f6 0 1
3 4843 0 1
3 5d67 0 1
3 cd98 0 1
3 0cee 0 1
3 8466 0 1
3 a681 0 1
3 79a1 0 1
3 ef8d 0 1
3 6355 0 1
3 2139 0 1
3 b5aa 0 1
3 293c 0 1
3 55b1 0 1
3 2b53 0 1
3 9bc4 0 1
3 c67c 0 1
3 5d35 0 1
3 de3a 0 1
3 5c7d 0 1
3 ed43 0 1
3 035f 0 1
3 b4a1 0 1
3 8e37 0 1
3 554c 0 1
3 21dd 0 1
3 376b 0 1
3 f57b 0 1
3 315e 0 1
3 876c 0 1
3 6ddc 0 1
3 a506 0 1
3 a09d 0 1
3 040b 0 1
3 d6d8 0 1
3 30de 0 1
3 c5fe 0 1
3 f0e6 0 1
3 39b2 0 1
3 379d 0 1
3 08c2 0 1
3 0010 1 1
3 277f 0 1
3 563e 0 1
3 4a27 0 1
3 cef1 0 1
3 d0c8 0 1
3 0184 0 1
3 c4b5 0 1
3 7486 0 1
3 7da7 0 1
3 0dbd 0 1
3 b3d3 0 1
3 f4b3 0 1
3 d15d 0 1
3 b4bd 0 1
3 766e 0 1
3 b10c 0 1
3 b7ba 0 1
3 bbdf 0 1
3 f81b 0 1
3 f382 0 1
3 0818 0 1
3 7d6f 0 1
3 90e5 0 1
3 26d7 0 1
3 9dc8 0 1
3 3ac4 0 1
3 d872 0 1
3 20f7 0 1
3 1230 0 1
3 dec5 0 1
3 a05f 0 1
3 a377 0 1
3 42c8 0 1
3 d9f7 0 1
3 aba2 0 1
3 60e6 0 1
3 a125 0 1
3 bc12 0 1
3 6aad 0 1
3 2759 0 1
3 c1b8 0 1
3 b8a6 0 1
3 d1d5 0 1
3 43df 0 1
3 a612 0 1
3 94a2 0 1
3 7dc4 0 1
3 de3c 0 1
3 c8c0 0 1
3 01b5 0 1
3 43ff 0 1
3 df0a 0 1
3 dbf4 0 1
3 2191 0 1
3 77da 0 1
3 7085 0 1
3 c8f7 0 1
3 a156 0 1
3 fd9d 0 1
3 6c21 0 1
3 426b 0 1
3 2ef4 0 1
3 ab19 0 1
3 3e58 0 1
3 b48e 0 1
3 849c 0 1
3 f543 0 1
3 d9fe 0 1
3 cfc8 0 1
3 9092 0 1
3 06ed 0 1
3 6546 0 1
3 9586 0 1
3 12f7 0 1
3 0029 0 1
3 6cf3 0 1
3 d54f 0 1
3 18a3 0 1
3 a81b 0 1
3 c32b 0 1
3 24b2 0 1
3 e0b2 0 1
3 dc84 0 1
3 cfe2 0 1
3 2534 0 1
3 cf27 0 1
3 6e43 0 1
3 d9db 0 1
3 8baf 0 1
3 df53 0 1
3 a974 0 1
3 57ba 0 1
3 cd87 0 1
3 a94c 0 1
3 409d 0 1
3 f436 0 1
3 4270 0 1
3 67b4 0 1
3 2db5 0 1
3 ce2d 0 1
3 56ad 0 1
3 74d2 0 1
3 352f 0 1
3 2c9c 0 1
3 54b1 0 1
3 3fca 0 1
3 ae56 0 1
3 a93e 0 1
3 cae2 0 1
3 ef80 0 1
3 933f 0 1
3 4408 0 1
3 a1ec 0 1
3 3f05 0 1
3 a343 0 1
3 d2dd 0 1
3 5fc4 0 1
3 5413 0 1
3 f3aa 0 1
3 95aa 0 1
3 fda9 0 1
3 63e7 0 1
3 b785 0 1
3 8319 0 1
3 8d6c 0 1
3 2af4 0 1
3 849c 0 1
3 c0f0 0 1
3 c769 0 1
3 a21b 0 1
3 e68a 0 1
3 99ab 0 1
3 d6c3 0 1
3 e8d7 0 1
3 2f24 0 1
3 5abe 0 1
3 d2c5 0 1
3 dd62 0 1
3 06d8 0 1
3 a7c6 0 1
3 334b 0 1
3 9285 0 1
3 fb6b 0 1
3 756c 0 1
3 a45c 0 1
3 0fd3 0 1
3 31dc 0 1
3 53b2 0 1
3 4018 0 1
3 97e0 0 1
3 99b9 0 1
3 67d4 0 1
3 b3ca 0 1
3 2298 0 1
3 23f4 0 1
3 59c1 0 1
3 0cb1 0 1
3 9c55 0 1
3 f8b8 0 1
3 c8ab 0 1
3 6b73 0 1
3 5ac7 0 1
3 6835 0 1
3 1629 0 1
3 99c3 0 1
3 bff9 0 1
3 06c6 0 1
3 d853 0 1
3 6187 0 1
3 c0c3 0 1
3 c717 0 1
3 d64f 0 1
3 5317 0 1
3 9951 0 1
3 cd15 0 1
3 d36d 0 1
3 ff13 0 1
3 af47 0 1
3 17ab 0 1
3 d454 0 1
3 a41f 0 1
3 6bb1 0 1
3 b3ac 0 1
3 a0e1 0 1
3 abea 0 1
3 8540 0 1
3 5916 0 1
3 4bce 0 1
3 2dbb 0 1
3 9d59 0 1
3 7e3b 0 1
3 c0e0 0 1
3 b739 0 1
3 49c4 0 1
3 4b41 0 1
3 35b4 0 1
3 bf63 0 1
3 5951 0 1
3 5c65 0 1
3 5272 0 1
3 07a1 0 1
3 dcee 0 1
3 b0ac 0 1
3 8c9d 0 1
3 849d 0 1
3 6db0 0 1
3 4ff8 0 1
3 d312 0 1
3 cfbd 0 1
3 f1b2 0 1
3 bc83 0 1
3 1b25 0 1
3 9b2c 0 1
3 8f78 0 1
3 e029 0 1
3 32ff 0 1
3 da4f 0 1
3 52c6 0 1
3 257f 0 1
3 3645 0 1
3 ce29 0 1
3 72e4 0 1
3 dcd5 0 1
3 4905 0 1
3 afbf 0 1
3 8f9f 0 1
3 dba9 0 1
3 fe9b 0 1
3 63d8 0 1
3 0c5d 0 1
3 d0f4 0 1
3 07af 0 1
3 e5f6 0 1
3 cee2 0 1
3 7f2c 0 1
3 526c 0 1
3 619e 0 1
3 b9e7 0 1
3 2c08 0 1
3 1c1a 0 1
3 6abf 0 1
3 d842 0 1
3 73ad 0 1
3 b3ef 0 1
3 9e11 0 1
3 ba83 0 1
3 4144 0 1
3 7c9b 0 1
3 4b7e 0 1
3 8f0d 0 1
3 aec0 0 1
3 dccb 0 1
3 f3af 0 1
3 aad4 0 1
3 558c 0 1
3 6177 0 1
3 ab90 0 1
3 b2c6 0 1
3 184b 0 1
3 d169 0 1
3 523b 0 1
3 3dd0 0 1
3 74fa 0 1
3 0399 0 1
3 95e3 0 1
3 4d3c 0 1
3 f7f6 0 1
3 ab6c 0 1
3 aaf1 0 1
3 6e80 0 1
3 a53a 0 1
3 bd64 0 1
3 2d90 0 1
3 96b7 0 1
3 3bfa 0 1
3 d81e 0 1
3 294d 0 1
3 278b 0 1
3 c1f7 0 1
3 1f09 0 1
3 107a 0 1
3 7641 0 1
3 6670 0 1
3 3ac1 0 1
3 f1d3 0 1
3 c762 0 1
3 82c7 0 1
3 dd55 0 1
3 6357 0 1
3 a40a 0 1
3 587e 0 1
3 f40f 0 1
3 81d5 0 1
3 cf9b 0 1
3 c260 0 1
3 54d1 0 1
3 01c8 0 1
3 7de5 0 1
3 d261 0 1
3 13c2 0 1
3 3681 0 1
3 8e3a 0 1
3 8371 0 1
3 d14e 0 1
3 ed81 0 1
3 c99b 0 1
3 2d6c 0 1
3 41e6 0 1
3 78ef 0 1
3 fdf1 0 1
3 9576 0 1
3 cd40 0 1
3 c66a 0 1
3 90b7 0 1
3 c169 0 1
3 9dde 0 1
3 e347 0 1
3 8f15 0 1
3 1aa8 0 1
3 9921 0 1
3 332d 0 1
3 7081 0 1
3 2419 0 1
3 a740 0 1
3 f085 0 1
3 e0d7 0 1
3 4690 0 1
3 2c0e 0 1
3 141f 0 1
3 10e0 0 1
3 ab5e 0 1
3 6a74 0 1
3 2e53 0 1
3 4f6c 0 1
3 fdb3 0 1
3 49f7 0 1
3 db78 0 1
3 09ee 0 1
3 b998 0 1
3 60cd 0 1
3 5cef 0 1
3 12fd 0 1
3 161d 0 1
3 5865 0 1
3 7743 0 1
3 562a 0 1
3 decf 0 1
3 34ff 0 1
3 294e 0 1
3 781e 0 1
3 bacf 0 1
3 0cab 0 1
3 1647 0 1
3 1880 0 1
3 1a09 0 1
3 c52d 0 1
3 3682 0 1
3 3e4a 0 1
3 5bcd 0 1
3 ee43 0 1
3 bc31 0 1
3 b8e8 0 1
3 7fa0 0 1
3 4702 0 1
3 22cd 0 1
3 67df 0 1
3 0333 0 1
3 0a6f 0 1
3 f81b 0 1
3 9bac 0 1
3 3138 0 1
3 e50d 0 1
3 1f0d 0 1
3 9128 0 1
3 9927 0 1
3 0925 0 1
3 ef1b 0 1
3 916e 0 1
3 2cf0 0 1
3 1ba5 0 1
3 b708 0 1
3 b6cc 0 1
3 34ad 0 1
3 d6e9 0 1
3 867a 0 1
3 35b2 0 1
3 9657 0 1
3 5e78 0 1
3 58fe 0 1
3 65fc 0 1
3 abe6 0 1
3 0075 0 1
3 7d16 0 1
3 2008 0 1
3 6e7e 0 1
3 43ca 0 1
3 138d 0 1
3 277f 0 1
3 ebf2 0 1
3 b246 0 1
3 478b 0 1
3 88b4 0 1
3 2a87 0 1
3 6a6f 0 1
3 ad78 0 1
3 c83e 0 1
3 8b5f 0 1
3 b1f5 0 1
3 10b7 0 1
3 2b37 0 1
3 469a 0 1
3 c33f 0 1
3 643d 0 1
3 df7c 0 1
3 0c61 0 1
3 d828 0 1
3 040e 0 1
3 ea62 0 1
3 bb82 0 1
3 de02 0 1
3 f725 0 1
3 3cc4 0 1
3 0af1 0 1
3 6b87 0 1
3 3d5a 0 1
3 02ce 0 1
3 7595 0 1
3 3302 0 1
3 f005 0 1
3 f392 0 1
3 b310 0 1
3 1683 0 1
3 090f 0 1
3 6495 0 1
3 c0cb 0 1
3 35cc 0 1
3 d02d 0 1
3 d664 0 1
3 1047 0 1
3 906e 0 1
3 b047 0 1
3 ae41 0 1
3 d4a7 0 1
3 1c34 0 1
3 a125 0 1
3 f95b 0 1
3 daa4 0 1
3 510e 0 1
3 5925 0 1
3 9624 0 1
3 308d 0 1
3 d3a8 0 1
3 60e5 0 1
3 24f8 0 1
3 2d45 0 1
3 12ca 0 1
3 04f2 0 1
3 3879 0 1
3 4bdb 0 1
3 6495 0 1
3 bf84 0 1
3 2215 0 1
3 ac55 0 1
3 1837 0 1
3 9a18 0 1
3 c7c6 0 1
3 6066 0 1
3 5357 0 1
3 c05c 0 1
3 36be 0 1
3 f6a2 0 1
3 e504 0 1
3 6feb 0 1
3 b260 0 1
3 0147 0 1
3 a61b 0 1
3 286f 0 1
3 d04c 0 1
3 7a97 0 1
3 6104 0 1
3 9411 0 1
3 f46b 0 1
3 f06d 0 1
3 e504 0 1
3 e3c0 0 1
3 d19c 0 1
3 e88f 0 1
3 4940 0 1
3 ef18 0 1
3 443b 0 1
3 3188 0 1
3 1ff5 0 1
3 15b0 0 1
3 aef4 0 1
3 ef9d 0 1
3 949a 0 1
3 66e2 0 1
3 33d5 0 1
3 7902 0 1
3 416f 0 1
3 e249 0 1
3 9e14 0 1
3 1fd9 0 1
3 c19b 0 1
3 92b2 0 1
3 e727 0 1
3 c2ea 0 1
3 cd63 0 1
3 9ada 0 1
3 6802 0 1
3 3ad8 0 1
3 3c1a 0 1
3 14b2 0 1
3 23c0 0 1
3 d8f9 0 1
3 7e69 0 1
3 1461 0 1
3 bd3e 0 1
3 b0a5 0 1
3 f0be 0 1
3 7efa 0 1
3 b99d 0 1
3 6f77 0 1
3 126c 0 1
3 2eec 0 1
3 f4ea 0 1
3 191d 0 1
3 c913 0 1
3 8c4f 0 1
3 a54d 0 1
3 2109 0 1
3 d863 0 1
3 3c88 0 1
3 9a80 0 1
3 8299 0 1
3 3a19 0 1
3 434e 0 1
3 87f0 0 1
3 adc6 0 1
3 30a5 0 1
3 25c9 0 1
3 bb2b 0 1
3 5b16 0 1
3 256d 0 1
3 524d 0 1
3 1eff 0 1
3 84c7 0 1
3 9d5c 0 1
3 0cab 0 1
3 9b7d 0 1
3 0bf8 0 1
3 37fb 0 1
3 6e04 0 1
3 9819 0 1
3 bcbd 0 1
3 05ad 0 1
3 a5e8 0 1
3 2011 0 1
3 fd95 0 1
3 9498 0 1
3 d5ca 0 1
3 5d1c 0 1
3 ef33 0 1
3 89fd 0 1
3 d461 0 1
3 e93f 0 1
3 1463 0 1
3 11ec 0 1
3 61e8 0 1
3 c10f 0 1
3 bdd1 0 1
3 ad50 0 1
3 da52 0 1
3 9647 0 1
3 d91a 0 1
3 0f7c 0 1
3 e985 0 1
3 e911 0 1
3 0f5f 0 1
3 8acf 0 1
3 c501 0 1
3 100f 0 1
3 e5ce 0 1
3 11f1 0 1
3 b564 0 1
3 1234 0 1
3 dd5b 0 1
3 04d4 0 1
3 6cdb 0 1
3 4b3f 0 1
3 987f 0 1
3 e0cc 0 1
3 6bc5 0 1
3 c70a 0 1
3 a248 0 1
3 52b4 0 1
3 ba83 0 1
3 6142 0 1
3 7234 0 1
3 c58b 0 1
3 7644 0 1
3 b7b6 0 1
3 7216 0 1
3 25f1 0 1
3 d643 0 1
3 9abe 0 1
3 a9f9 0 1
3 75d4 0 1
3 a79f 0 1
3 f55b 0 1
3 85ab 0 1
3 a05a 0 1
3 25ca 0 1
3 1aa7 0 1
3 50e0 0 1
3 7779 0 1
3 7e92 0 1
3 9959 0 1
3 829a 0 1
3 a8ae 0 1
3 a32c 0 1
3 4329 0 1
3 d618 0 1
3 16cf 0 1
3 63b9 0 1
3 bb5b 0 1
3 c311 0 1
3 2915 0 1
3 f904 0 1
3 03f2 0 1
3 a3a3 0 1
3 b3fc 0 1
3 9b0c 0 1
3 26c0 0 1
3 cb68 0 1
3 9d55 0 1
3 3cff 0 1
3 bc84 0 1
3 a6de 0 1
3 be23 0 1
3 cdf7 0 1
3 05bf 0 1
3 fb6f 0 1
3 52eb 0 1
3 1fca 0 1
3 a6d8 0 1
3 5cbe 0 1
3 4046 0 1
3 4a2b 0 1
3 112b 0 1
3 2953 0 1
3 ff96 0 1
3 a89f 0 1
3 07d8 0 1
3 26e0 0 1
3 ea6e 0 1
3 07d5 0 1
3 6bcd 0 1
3 cf36 0 1
3 1dae 0 1
3 d4f6 0 1
3 92fc 0 1
3 5353 0 1
3 05f7 0 1
3 a12f 0 1
3 15f2 0 1
3 49a6 0 1
3 1c13 0 1
3 f66a 0 1
3 8637 0 1
3 4cb2 0 1
3 4a74 0 1
3 e802 0 1
3 ba88 0 1
3 9d88 0 1
3 4e5f 0 1
3 6619 0 1
3 e0b5 0 1
3 0979 0 1
3 c2ef 0 1
3 d5df 0 1
3 4d52 0 1
3 7c92 0 1
3 92b6 0 1
3 671b 0 1
3 c209 0 1
3 48dd 0 1
3 63d3 0 1
3 f94a 0 1
3 b82a 0 1
3 5d32 0 1
3 79ca 0 1
3 8bbc 0 1
3 edfa 0 1
3 67af 0 1
3 e692 0 1
3 731e 0 1
3 e8c0 0 1
3 0f1f 0 1
3 5405 0 1
3 e177 0 1
3 ef56 0 1
3 464d 0 1
3 014a 0 1
3 0386 0 1
3 cf5b 0 1
3 aca9 0 1
3 d695 0 1
3 a20f 0 1
3 7b67 0 1
3 54f2 0 1
3 8cc4 0 1
3 4561 0 1
3 0187 0 1
3 54e5 0 1
3 17fd 0 1
3 085b 0 1
3 41ab 0 1
3 fde0 0 1
3 ed4f 0 1
3 fa3b 0 1
3 42c7 0 1
3 98e0 0 1
3 fe5d 0 1
3 a6ca 0 1
3 c2a4 0 1
3 bb4c 0 1
3 ccbd 0 1
3 b7f0 0 1
3 3b70 0 1
3 0e24 0 1
3 9cea 0 1
3 1c02 0 1
3 82ac 0 1
3 d3a2 0 1
3 d249 0 1
3 4f68 0 1
3 3aaa 0 1
3 1838 0 1
3 9420 0 1
3 deba 0 1
3 1e0f 0 1
3 05cc 0 1
3 7515 0 1
3 6858 0 1
3 ad24 0 1
3 1fd5 0 1
3 24ed 0 1
3 cefc 0 1
3 3814 0 1
3 cd73 0 1
3 4dfb 0 1
3 0d56 0 1
3 95b7 0 1
3 eb17 0 1
3 9135 0 1
3 74bd 0 1
3 f1e5 0 1
3 3ce6 0 1
3 de20 0 1
3 435b 0 1
3 0844 0 1
3 8642 0 1
3 1a4e 0 1
3 20bc 0 1
3 6b33 0 1
3 bace 0 1
3 1766 0 1
3 1ef2 0 1
3 8651 0 1
3 2310 0 1
3 9e43 0 1
3 51f9 0 1
3 05c0 0 1
3 3ceb 0 1
3 b541 0 1
3 f631 0 1
3 e81d 0 1
3 4e59 0 1
3 c226 0 1
3 ef8d 0 1
3 69b1 0 1
3 a91d 0 1
3 2722 0 1
3 7226 0 1
3 36a0 0 1
3 1adf 0 1
3 1e78 0 1
3 4d01 0 1
3 62ec 0 1
3 597c 0 1
3 67ff 0 1
3 c65a 0 1
3 adf6 0 1
3 92e8 0 1
3 af50 0 1
3 55f9 0 1
3 701b 0 1
3 a9b1 0 1
3 d5ac 0 1
3 c71c 0 1
3 ebc4 0 1
3 3bd1 0 1
3 ac18 0 1
3 045b 0 1
3 fb30 0 1
3 5f59 0 1
3 a97f 0 1
3 833a 0 1
3 2f3c 0 1
3 4145 0 1
3 c4e0 0 1
3 cbfb 0 1
3 b51f 0 1
3 8366 0 1
3 5690 0 1
3 a32a 0 1
3 0969 0 1
3 c29f 0 1
3 99da 0 1
3 b2f9 0 1
3 bf44 0 1
3 4599 0 1
3 6ee6 0 1
3 260e 0 1
3 d234 0 1
3 2883 0 1
3 7998 0 1
3 1e1b 0 1
3 a419 0 1
3 3681 0 1
3 20eb 0 1
3 d3ba 0 1
3 6af2 0 1
3 ca72 0 1
3 3712 0 1
3 7d4e 0 1
3 b7f9 0 1
3 77fe 0 1
3 073f 0 1
3 340e 0 1
3 08ee 0 1
3 dc02 0 1
3 c5aa 0 1
3 ed90 0 1
3 0396 0 1
3 5545 0 1
3 a53c 0 1
3 ec3f 0 1
3 3a52 0 1
3 744d 0 1
3 9866 0 1
3 8fe2 0 1
3 eac6 0 1
3 8ef4 0 1
3 cd4e 0 1
3 3d62 0 1
3 0084 0 1
3 ef46 0 1
3 9e59 0 1
3 8c13 0 1
3 bca6 0 1
3 0cc1 0 1
3 8be5 0 1
3 4ccd 0 1
3 ac8b 0 1
3 26ed 0 1
3 5792 0 1
3 0a56 0 1
3 8c77 0 1
3 7385 0 1
3 7a3b 0 1
3 bacb 0 1
3 3511 0 1
3 6a52 0 1
3 d001 0 1
3 3b4b 0 1
3 91d3 0 1
3 395c 0 1
3 b688 0 1
3 660d 0 1
3 9720 0 1
3 669f 0 1
3 07f9 0 1
3 9b30 0 1
3 c3b0 0 1
3 4d5d 0 1
3 e1e7 0 1
3 7d50 0 1
3 19a2 0 1
3 4a4d 0 1
3 4530 0 1
3 e4ff 0 1
3 5ac4 0 1
3 15da 0 1
3 0d35 0 1
3 0c22 0 1
3 8947 0 1
3 57b8 0 1
3 940d 0 1
3 07d5 0 1
3 44a7 0 1
3 e0a4 0 1
3 be09 0 1
3 b8e7 0 1
3 c666 0 1
3 c5d5 0 1
3 f3c3 0 1
3 2de5 0 1
3 c4dc 0 1
3 f1a2 0 1
3 86a8 0 1
3 ba3c 0 1
3 327e 0 1
3 9940 0 1
3 72f7 0 1
3 bd1c 0 1
3 eb8d 0 1
3 87f7 0 1
3 9846 0 1
3 7e2b 0 1
3 f826 0 1
3 d9d8 0 1
3 67eb 0 1
3 7e31 0 1
3 1d70 0 1
3 5cb9 0 1
3 a695 0 1
3 371a 0 1
3 25a2 0 1
3 3735 0 1
3 6f37 0 1
3 ee3d 0 1
3 8a04 0 1
3 3fac 0 1
3 5d0c 0 1
3 e126 0 1
3 4c73 0 1
3 a179 0 1
3 f0e3 0 1
3 361a 0 1
3 c71d 0 1
3 69c8 0 1
3 c853 0 1
3 c1a8 0 1
3 5106 0 1
3 7c5f 0 1
3 2943 0 1
3 83fb 0 1
3 03be 0 1
3 e7a3 0 1
3 adf7 0 1
3 cc36 0 1
3 ab2d 0 1
3 727c 0 1
3 4b16 0 1
3 cd2a 0 1
3 f48e 0 1
3 f45f 0 1
3 e6e5 0 1
3 2c0f 0 1
3 b5d8 0 1
3 fb5d 0 1
