0 1 0 0 1 0 0
1 0 f 1 1 0 3
1 0 f 1 1 1 3
1 0 f 1 1 2 3
1 0 f 1 1 3 3
1 0 f 1 1 0 3
1 0 f 1 1 1 3
1 0 f 1 1 2 3
1 0 f 1 1 3 3
1 0 f 1 1 0 3
2 0 4 1 1 2 3
2 0 4 0 1 0 0
2 0 4 0 1 0 0
2 0 4 1 1 2 3
2 0 4 0 1 0 0
2 0 4 0 1 0 0
2 0 4 1 1 2 3
2 0 4 0 1 0 0
2 0 4 0 1 0 0
3 0 0 0 1 0 0
3 0 0 0 1 0 0
3 0 0 0 1 0 0
3 0 0 0 1 0 0
4 0 3 1 1 0 3
4 0 3 1 1 1 3
4 0 3 0 1 0 0
4 0 3 1 1 0 3
4 0 3 1 1 1 3
4 0 3 0 1 0 0
5 0 b 1 1 3 3
5 0 b 1 1 0 3
5 0 e 1 1 1 3
5 0 9 1 1 3 3
5 0 6 1 1 2 3
5 0 b 1 1 0 3
5 0 5 0 1 0 0
5 0 8 1 1 3 3
5 0 8 0 1 0 0
5 0 c 1 1 2 3
5 0 0 0 1 0 0
5 0 7 1 1 0 3
5 0 5 1 1 2 3
5 0 c 1 1 3 3
5 0 3 1 1 0 3
5 0 0 0 1 0 0
5 0 6 1 1 1 3
5 0 6 1 1 2 3
5 0 b 1 1 3 3
5 0 8 0 1 0 0
5 0 9 1 1 0 3
5 0 2 1 1 1 3
5 0 5 1 1 2 3
5 0 d 1 1 3 3
5 0 f 1 1 0 3
5 0 6 1 1 1 3
5 0 b 1 1 3 3
5 0 3 1 1 0 3
5 0 6 1 1 1 3
5 0 e 1 1 2 3
5 0 6 0 1 0 0
5 0 c 1 1 3 3
5 0 f 1 1 0 3
5 0 6 1 1 1 3
5 0 c 1 1 2 3
5 0 d 1 1 3 3
5 0 b 1 1 0 3
5 0 f 1 1 1 3
5 0 4 1 1 2 3
5 0 d 1 1 3 3
5 0 3 1 1 0 3
5 0 7 1 1 1 3
5 0 8 1 1 3 3
5 0 7 1 1 0 3
5 0 a 1 1 1 3
5 0 0 0 1 0 0
5 0 8 1 1 3 3
5 0 7 1 1 0 3
5 0 9 0 1 0 0
5 0 9 1 1 3 3
5 0 3 1 1 0 3
5 0 7 1 1 1 3
5 0 a 1 1 3 3
5 0 1 1 1 0 3
5 0 4 1 1 2 3
5 0 2 1 1 1 3
5 0 5 1 1 0 3
5 0 2 0 1 0 0
5 0 6 1 1 1 3
5 0 e 1 1 2 3
5 0 d 1 1 3 3
5 0 b 1 1 0 3
5 0 6 1 1 1 3
5 0 f 1 1 2 3
5 0 3 1 1 0 3
5 0 6 1 1 1 3
5 0 a 1 1 3 3
5 0 d 1 1 0 3
5 0 7 1 1 1 3
5 0 9 1 1 3 3
5 0 5 1 1 0 3
5 0 1 0 1 0 0
5 0 4 1 1 2 3
5 0 7 1 1 0 3
5 0 3 1 1 1 3
5 0 9 1 1 3 3
5 0 f 1 1 0 3
5 0 3 1 1 1 3
5 0 a 1 1 3 3
5 0 c 1 1 2 3
5 0 8 0 1 0 0
5 0 e 1 1 3 3
5 0 e 1 1 1 3
5 0 b 1 1 0 3
5 0 c 1 1 2 3
5 0 1 0 1 0 0
5 0 9 1 1 3 3
5 0 1 1 1 0 3
5 0 5 1 1 2 3
5 0 1 0 1 0 0
5 0 9 1 1 3 3
5 0 4 1 1 2 3
5 0 6 1 1 1 3
5 0 5 1 1 0 3
5 0 5 1 1 2 3
5 0 5 0 1 0 0
5 0 2 1 1 1 3
5 0 9 1 1 3 3
5 0 b 1 1 0 3
5 0 e 1 1 1 3
5 0 5 1 1 2 3
5 0 6 0 1 0 0
5 0 e 1 1 3 3
5 0 1 1 1 0 3
5 0 f 1 1 1 3
5 0 2 0 1 0 0
5 0 8 1 1 3 3
5 0 4 1 1 2 3
5 0 8 0 1 0 0
5 0 9 1 1 3 3
5 0 d 1 1 0 3
5 0 c 1 1 2 3
5 0 2 1 1 1 3
5 0 3 1 1 0 3
5 0 0 0 1 0 0
5 0 4 1 1 2 3
5 0 b 1 1 3 3
5 0 d 1 1 0 3
5 0 8 0 1 0 0
5 0 8 1 1 3 3
5 0 7 1 1 0 3
5 0 0 0 1 0 0
5 0 9 1 1 3 3
5 0 b 1 1 0 3
5 0 5 1 1 2 3
5 0 1 0 1 0 0
5 0 5 1 1 0 3
5 0 d 1 1 2 3
5 0 5 0 1 0 0
5 0 2 1 1 1 3
5 0 6 1 1 2 3
5 0 c 1 1 3 3
5 0 0 0 1 0 0
5 0 c 1 1 2 3
5 0 e 1 1 3 3
5 0 b 1 1 0 3
5 0 c 1 1 2 3
5 0 e 1 1 3 3
5 0 3 1 1 0 3
5 0 a 1 1 1 3
5 0 8 1 1 3 3
5 0 8 0 1 0 0
5 0 7 1 1 0 3
5 0 6 1 1 1 3
5 0 0 0 1 0 0
5 0 e 1 1 2 3
5 0 1 1 1 0 3
5 0 0 0 1 0 0
5 0 e 1 1 1 3
5 0 7 1 1 2 3
5 0 c 1 1 3 3
5 0 3 1 1 0 3
5 0 9 0 1 0 0
5 0 2 1 1 1 3
5 0 c 1 1 2 3
5 0 c 1 1 3 3
5 0 1 1 1 0 3
5 0 5 1 1 2 3
5 0 f 1 1 3 3
5 0 4 0 1 0 0
5 0 7 1 1 0 3
5 0 7 1 1 1 3
5 0 f 1 1 2 3
5 0 b 1 1 3 3
5 0 0 0 1 0 0
5 0 1 1 1 0 3
5 0 a 1 1 1 3
5 0 a 1 1 3 3
5 0 2 0 1 0 0
5 0 e 1 1 1 3
5 0 2 0 1 0 0
5 0 b 1 1 3 3
5 0 3 1 1 0 3
5 0 e 1 1 1 3
5 0 d 1 1 2 3
5 0 e 1 1 3 3
5 0 0 0 1 0 0
5 0 8 0 1 0 0
5 0 7 1 1 0 3
5 0 f 1 1 1 3
5 0 1 0 1 0 0
5 0 2 0 1 0 0
5 0 9 1 1 3 3
5 0 2 1 1 1 3
5 0 5 1 1 2 3
5 0 e 1 1 3 3
5 0 8 0 1 0 0
5 0 c 1 1 2 3
5 0 3 1 1 0 3
5 0 0 0 1 0 0
5 0 0 0 1 0 0
5 0 2 1 1 1 3
5 0 0 0 1 0 0
5 0 d 1 1 2 3
5 0 5 1 1 0 3
5 0 5 0 1 0 0
5 0 f 1 1 1 3
5 0 c 1 1 2 3
5 0 5 1 1 0 3
5 0 e 1 1 1 3
5 0 7 1 1 2 3
5 0 8 1 1 3 3
5 0 3 1 1 0 3
5 0 6 1 1 1 3
5 0 d 1 1 2 3
5 0 7 1 1 0 3
5 0 e 1 1 1 3
5 0 f 1 1 2 3
5 0 8 1 1 3 3
5 0 9 1 1 0 3
5 0 e 1 1 1 3
5 0 6 1 1 2 3
5 0 3 1 1 0 3
5 0 0 0 1 0 0
5 0 b 1 1 1 3
5 0 d 1 1 2 3
5 0 6 0 1 0 0
5 0 9 1 1 3 3
5 0 4 1 1 2 3
5 0 4 0 1 0 0
5 0 f 1 1 3 3
5 0 2 1 1 1 3
5 0 8 0 1 0 0
5 0 d 1 1 2 3
5 0 0 0 1 0 0
5 0 3 1 1 0 3
5 0 4 1 1 2 3
5 0 4 0 1 0 0
5 0 b 1 1 3 3
5 0 7 1 1 0 3
5 0 7 1 1 1 3
5 0 0 0 1 0 0
5 0 f 1 1 2 3
5 0 2 1 1 1 3
5 0 6 0 1 0 0
5 0 5 1 1 2 3
5 0 7 1 1 0 3
5 0 1 0 1 0 0
5 0 9 1 1 3 3
5 0 4 1 1 2 3
5 0 a 1 1 1 3
5 0 e 1 1 3 3
5 0 7 1 1 0 3
5 0 1 0 1 0 0
5 0 2 1 1 1 3
5 0 e 1 1 2 3
5 0 f 1 1 3 3
5 0 f 1 1 0 3
5 0 d 1 1 2 3
5 0 c 1 1 3 3
5 0 0 0 1 0 0
5 0 5 1 1 0 3
5 0 0 0 1 0 0
5 0 8 1 1 3 3
5 0 c 1 1 2 3
5 0 1 1 1 0 3
5 0 4 0 1 0 0
5 0 a 1 1 1 3
5 0 a 1 1 3 3
5 0 d 1 1 0 3
5 0 a 1 1 1 3
5 0 d 1 1 2 3
5 0 2 0 1 0 0
5 0 2 1 1 1 3
5 0 2 0 1 0 0
5 0 a 1 1 3 3
5 0 b 1 1 0 3
5 0 2 1 1 1 3
5 0 3 0 1 0 0
5 0 4 1 1 2 3
5 0 f 1 1 3 3
5 0 f 1 1 0 3
5 0 a 1 1 1 3
5 0 1 0 1 0 0
5 0 1 1 1 0 3
5 0 9 1 1 3 3
5 0 9 0 1 0 0
5 0 6 1 1 1 3
5 0 2 0 1 0 0
5 0 0 0 1 0 0
5 0 f 1 1 2 3
5 0 1 1 1 0 3
5 0 9 1 1 3 3
5 0 4 1 1 2 3
5 0 6 1 1 1 3
5 0 a 1 1 3 3
5 0 4 1 1 2 3
5 0 2 1 1 1 3
5 0 e 1 1 3 3
5 0 8 0 1 0 0
5 0 7 1 1 0 3
5 0 b 1 1 1 3
5 0 d 1 1 2 3
5 0 4 0 1 0 0
5 0 3 1 1 0 3
5 0 6 1 1 1 3
5 0 f 1 1 2 3
5 0 4 0 1 0 0
5 0 7 1 1 0 3
5 0 7 1 1 1 3
5 0 0 0 1 0 0
5 0 0 0 1 0 0
5 0 a 1 1 3 3
5 0 3 1 1 0 3
5 0 f 1 1 1 3
5 0 9 1 1 3 3
5 0 e 1 1 2 3
5 0 0 0 1 0 0
5 0 e 1 1 3 3
5 0 c 1 1 2 3
5 0 c 0 1 0 0
5 0 9 1 1 3 3
5 0 7 1 1 0 3
5 0 8 0 1 0 0
5 0 9 1 1 3 3
5 0 5 1 1 0 3
5 0 5 1 1 2 3
5 0 6 1 1 1 3
5 0 6 0 1 0 0
5 0 a 1 1 3 3
5 0 6 1 1 1 3
5 0 a 0 1 0 0
5 0 6 1 1 2 3
5 0 9 1 1 3 3
5 0 3 1 1 0 3
5 0 3 1 1 1 3
5 0 7 1 1 2 3
5 0 d 1 1 3 3
5 0 2 1 1 1 3
5 0 5 1 1 2 3
5 0 f 1 1 3 3
5 0 b 1 1 0 3
5 0 f 1 1 1 3
5 0 2 0 1 0 0
5 0 f 1 1 2 3
5 0 9 1 1 3 3
5 0 3 1 1 0 3
5 0 e 1 1 1 3
5 0 2 0 1 0 0
5 0 8 1 1 3 3
5 0 3 1 1 0 3
5 0 0 0 1 0 0
5 0 5 1 1 2 3
5 0 5 1 1 0 3
5 0 3 1 1 1 3
5 0 1 0 1 0 0
5 0 7 1 1 2 3
5 0 2 1 1 1 3
5 0 a 1 1 3 3
5 0 b 1 1 0 3
5 0 1 0 1 0 0
5 0 5 1 1 2 3
5 0 d 1 1 3 3
5 0 0 0 1 0 0
5 0 8 0 1 0 0
5 0 e 1 1 1 3
5 0 5 1 1 2 3
5 0 2 0 1 0 0
5 0 e 1 1 3 3
5 0 e 1 1 1 3
5 0 9 1 1 0 3
5 0 c 1 1 2 3
5 0 9 1 1 3 3
5 0 7 1 1 0 3
5 0 b 1 1 1 3
5 0 6 1 1 2 3
5 0 5 1 1 0 3
5 0 3 1 1 1 3
5 0 b 1 1 3 3
5 0 f 1 1 0 3
5 0 1 0 1 0 0
5 0 1 0 1 0 0
5 0 b 1 1 1 3
5 0 1 1 1 0 3
5 0 d 1 1 2 3
5 0 0 0 1 0 0
5 0 d 1 1 3 3
5 0 9 1 1 0 3
5 0 9 0 1 0 0
5 0 e 1 1 1 3
5 0 6 1 1 2 3
5 0 2 0 1 0 0
5 0 c 1 1 3 3
5 0 6 1 1 1 3
5 0 9 1 1 0 3
5 0 b 1 1 3 3
5 0 8 0 1 0 0
5 0 7 1 1 0 3
5 0 8 1 1 3 3
5 0 a 1 1 1 3
5 0 5 1 1 2 3
5 0 9 1 1 3 3
5 0 7 1 1 0 3
5 0 f 1 1 1 3
5 0 6 1 1 2 3
5 0 1 1 1 0 3
5 0 0 0 1 0 0
5 0 9 1 1 3 3
5 0 9 1 1 0 3
5 0 a 1 1 1 3
5 0 4 1 1 2 3
5 0 3 1 1 0 3
5 0 8 1 1 3 3
5 0 7 1 1 1 3
5 0 d 1 1 2 3
5 0 b 1 1 3 3
5 0 a 1 1 1 3
5 0 1 1 1 0 3
5 0 a 1 1 3 3
5 0 7 1 1 1 3
5 0 4 1 1 2 3
5 0 1 1 1 0 3
5 0 c 1 1 3 3
5 0 7 1 1 1 3
5 0 1 1 1 0 3
5 0 d 1 1 2 3
5 0 4 0 1 0 0
5 0 a 1 1 3 3
5 0 a 1 1 1 3
5 0 1 1 1 0 3
5 0 0 0 1 0 0
5 0 5 1 1 2 3
5 0 b 1 1 3 3
5 0 4 0 1 0 0
5 0 0 0 1 0 0
5 0 5 1 1 0 3
5 0 2 1 1 1 3
5 0 0 0 1 0 0
5 0 0 0 1 0 0
5 0 9 1 1 3 3
5 0 1 1 1 0 3
5 0 3 1 1 1 3
5 0 c 1 1 2 3
5 0 d 1 1 3 3
5 0 0 0 1 0 0
5 0 d 1 1 0 3
5 0 c 1 1 2 3
5 0 6 1 1 1 3
5 0 b 1 1 3 3
5 0 1 1 1 0 3
5 0 c 1 1 2 3
5 0 7 1 1 1 3
5 0 9 1 1 3 3
5 0 7 1 1 0 3
5 0 8 0 1 0 0
5 0 9 1 1 3 3
5 0 6 1 1 1 3
5 0 a 0 1 0 0
5 0 2 0 1 0 0
5 0 0 0 1 0 0
5 0 1 1 1 0 3
5 0 2 1 1 1 3
5 0 8 1 1 3 3
5 0 a 0 1 0 0
5 0 f 1 1 0 3
5 0 2 1 1 1 3
5 0 2 0 1 0 0
5 0 5 1 1 2 3
5 0 f 1 1 3 3
5 0 e 1 1 1 3
5 0 f 1 1 2 3
5 0 5 1 1 0 3
5 0 2 1 1 1 3
5 0 7 1 1 2 3
5 0 e 1 1 3 3
5 0 5 1 1 0 3
5 0 0 0 1 0 0
5 0 f 1 1 1 3
5 0 e 1 1 2 3
5 0 b 1 1 3 3
5 0 b 1 1 0 3
5 0 e 1 1 1 3
5 0 d 1 1 2 3
5 0 4 0 1 0 0
5 0 f 1 1 3 3
5 0 2 1 1 1 3
5 0 4 1 1 2 3
5 0 e 1 1 3 3
5 0 8 0 1 0 0
5 1 1 0 1 0 0
5 0 d 1 1 0 3
5 0 e 1 1 1 3
5 0 5 1 1 2 3
5 0 0 0 1 0 0
5 0 9 1 1 3 3
5 0 a 1 1 1 3
5 0 6 1 1 2 3
5 0 b 1 1 3 3
5 0 e 1 1 1 3
5 0 f 1 1 2 3
5 0 0 0 1 0 0
5 0 0 0 1 0 0
5 0 c 1 1 3 3
5 0 6 1 1 1 3
5 0 8 0 1 0 0
5 0 9 1 1 3 3
5 0 9 1 1 0 3
5 0 1 0 1 0 0
5 0 3 1 1 1 3
5 0 c 1 1 2 3
5 0 1 1 1 0 3
5 0 2 1 1 1 3
5 0 c 1 1 2 3
5 0 6 0 1 0 0
5 0 9 1 1 3 3
5 0 a 1 1 1 3
5 0 3 1 1 0 3
5 0 d 1 1 2 3
5 0 8 1 1 3 3
5 0 5 1 1 0 3
5 0 4 1 1 2 3
5 0 4 0 1 0 0
5 0 f 1 1 3 3
5 0 8 0 1 0 0
5 0 2 1 1 1 3
5 0 e 1 1 2 3
5 0 e 1 1 3 3
5 0 b 1 1 0 3
5 0 c 1 1 2 3
5 0 f 1 1 3 3
5 0 d 1 1 0 3
5 0 3 1 1 1 3
5 0 d 1 1 2 3
5 0 5 1 1 0 3
5 0 e 1 1 1 3
5 0 d 1 1 2 3
5 0 d 1 1 3 3
5 0 d 1 1 0 3
5 0 8 0 1 0 0
5 0 e 1 1 1 3
5 0 2 0 1 0 0
5 0 4 1 1 2 3
5 0 a 1 1 3 3
5 0 1 1 1 0 3
5 0 a 1 1 1 3
5 0 f 1 1 2 3
5 0 9 1 1 3 3
5 0 1 1 1 0 3
5 0 1 0 1 0 0
5 0 3 1 1 1 3
5 0 3 1 1 0 3
5 0 8 1 1 3 3
5 0 d 1 1 2 3
5 0 0 0 1 0 0
5 0 8 1 1 3 3
5 0 b 1 1 0 3
5 0 8 0 1 0 0
5 0 4 1 1 2 3
5 0 2 1 1 1 3
5 0 4 0 1 0 0
5 0 9 1 1 3 3
5 0 4 1 1 2 3
5 0 f 1 1 0 3
5 0 3 1 1 1 3
5 0 8 1 1 3 3
5 0 b 1 1 0 3
5 0 e 1 1 1 3
5 0 5 1 1 2 3
5 0 b 1 1 3 3
5 0 7 1 1 0 3
5 0 6 1 1 1 3
5 0 6 1 1 2 3
5 0 3 1 1 0 3
5 0 a 1 1 1 3
5 0 7 1 1 2 3
5 0 1 1 1 0 3
5 0 d 1 1 3 3
5 0 8 0 1 0 0
5 0 2 1 1 1 3
5 0 e 1 1 2 3
5 0 0 0 1 0 0
5 0 0 0 1 0 0
5 0 2 1 1 1 3
5 0 e 1 1 2 3
5 0 1 1 1 0 3
5 1 a 0 1 0 0
5 0 3 1 1 0 3
5 0 7 1 1 1 3
5 0 6 1 1 2 3
5 0 4 0 1 0 0
5 0 9 1 1 3 3
5 0 d 1 1 0 3
5 0 8 0 1 0 0
5 0 9 1 1 3 3
5 0 d 1 1 0 3
5 0 9 0 1 0 0
5 0 b 1 1 1 3
5 0 8 1 1 3 3
5 0 5 1 1 0 3
5 0 3 1 1 1 3
5 0 6 1 1 2 3
5 0 2 0 1 0 0
5 0 3 1 1 0 3
5 0 7 1 1 1 3
5 0 f 1 1 2 3
5 0 8 1 1 3 3
5 0 f 1 1 0 3
5 0 2 1 1 1 3
5 0 7 1 1 2 3
5 0 d 1 1 3 3
5 0 e 1 1 1 3
5 0 7 1 1 2 3
5 0 d 1 1 3 3
5 0 e 1 1 1 3
5 0 c 1 1 2 3
5 0 b 1 1 3 3
5 0 8 0 1 0 0
5 0 7 1 1 0 3
5 0 1 0 1 0 0
5 0 7 1 1 1 3
5 0 2 0 1 0 0
5 0 a 1 1 3 3
5 0 3 1 1 0 3
5 0 5 1 1 2 3
5 0 e 1 1 3 3
5 0 9 1 1 0 3
5 0 a 1 1 1 3
5 0 6 1 1 2 3
5 0 1 1 1 0 3
5 0 a 1 1 1 3
5 0 c 1 1 2 3
5 0 3 1 1 0 3
5 0 6 1 1 1 3
5 0 0 0 1 0 0
5 0 3 1 1 0 3
5 0 a 1 1 1 3
5 0 2 0 1 0 0
5 0 8 1 1 3 3
5 0 b 1 1 0 3
5 0 5 1 1 2 3
5 0 7 1 1 1 3
5 0 3 1 1 0 3
5 0 3 0 1 0 0
5 0 9 1 1 3 3
5 0 2 1 1 1 3
5 0 b 1 1 0 3
5 0 1 0 1 0 0
5 0 8 1 1 3 3
5 0 d 1 1 0 3
5 0 a 1 1 1 3
5 0 9 1 1 3 3
5 0 2 0 1 0 0
5 0 0 0 1 0 0
5 0 1 1 1 0 3
5 0 a 1 1 1 3
5 0 1 0 1 0 0
5 0 4 1 1 2 3
5 0 f 1 1 3 3
5 0 b 1 1 0 3
5 0 0 0 1 0 0
5 0 a 1 1 1 3
5 0 c 1 1 2 3
5 0 1 1 1 0 3
5 0 2 1 1 1 3
5 0 c 1 1 2 3
5 0 6 0 1 0 0
5 0 1 1 1 0 3
5 0 9 1 1 3 3
5 0 d 1 1 2 3
5 0 6 1 1 1 3
5 0 8 1 1 3 3
5 0 c 1 1 2 3
5 0 6 1 1 1 3
5 0 e 1 1 3 3
5 0 4 1 1 2 3
5 0 e 1 1 1 3
5 0 0 0 1 0 0
5 0 e 1 1 2 3
5 0 7 1 1 0 3
5 0 a 1 1 1 3
5 0 5 1 1 2 3
5 0 2 0 1 0 0
5 0 3 1 1 0 3
5 0 f 1 1 1 3
5 0 e 1 1 2 3
5 0 6 0 1 0 0
5 0 2 1 1 1 3
5 0 1 1 1 0 3
5 0 3 0 1 0 0
5 0 6 1 1 1 3
5 0 b 1 1 3 3
5 0 9 1 1 0 3
5 0 0 0 1 0 0
5 0 8 1 1 3 3
5 0 a 1 1 1 3
5 0 b 1 1 0 3
5 0 a 1 1 3 3
5 0 2 1 1 1 3
5 0 a 0 1 0 0
5 0 e 1 1 2 3
5 0 3 1 1 0 3
5 0 9 1 1 3 3
5 0 a 1 1 1 3
5 0 7 1 1 2 3
5 0 b 1 1 3 3
5 0 f 1 1 0 3
5 0 0 0 1 0 0
5 0 0 0 1 0 0
5 0 e 1 1 1 3
5 0 1 1 1 0 3
5 0 6 1 1 2 3
5 0 2 1 1 1 3
5 0 b 1 1 3 3
5 0 2 0 1 0 0
5 0 6 1 1 1 3
5 0 7 1 1 2 3
5 0 e 1 1 3 3
5 0 e 1 1 1 3
5 0 f 1 1 2 3
5 0 5 1 1 0 3
5 0 3 1 1 1 3
5 0 c 1 1 2 3
5 0 d 1 1 3 3
5 0 d 1 1 0 3
5 0 3 1 1 1 3
5 0 3 0 1 0 0
5 0 8 1 1 3 3
5 0 5 1 1 0 3
5 0 1 0 1 0 0
5 0 c 1 1 2 3
5 0 a 1 1 3 3
5 0 3 1 1 0 3
5 0 d 1 1 2 3
5 0 5 0 1 0 0
5 0 1 1 1 0 3
5 0 4 1 1 2 3
5 0 6 1 1 1 3
5 0 9 1 1 3 3
5 0 1 1 1 0 3
5 0 d 1 1 2 3
5 0 9 1 1 3 3
5 0 4 0 1 0 0
5 0 3 1 1 0 3
5 0 9 1 1 3 3
5 0 a 1 1 1 3
5 0 7 1 1 2 3
5 0 a 1 1 3 3
5 0 f 1 1 0 3
5 0 1 0 1 0 0
5 0 4 1 1 2 3
5 0 0 0 1 0 0
5 0 e 1 1 3 3
5 0 1 1 1 0 3
5 0 e 1 1 1 3
5 0 b 1 1 3 3
5 0 0 0 1 0 0
5 0 9 1 1 0 3
5 0 8 1 1 3 3
5 0 b 1 1 1 3
5 0 9 1 1 0 3
5 0 3 0 1 0 0
5 0 e 1 1 1 3
5 0 6 1 1 2 3
5 0 2 0 1 0 0
5 0 6 1 1 1 3
5 0 d 1 1 2 3
5 0 3 1 1 0 3
5 1 8 0 1 0 0
5 0 0 0 1 0 0
5 0 1 1 1 0 3
5 0 b 1 1 1 3
5 0 4 1 1 2 3
5 0 2 0 1 0 0
5 0 f 1 1 3 3
5 0 1 1 1 0 3
5 0 5 1 1 2 3
5 0 2 1 1 1 3
5 0 c 1 1 3 3
5 0 3 1 1 0 3
5 0 1 0 1 0 0
5 0 1 0 1 0 0
5 0 1 1 1 0 3
5 0 1 0 1 0 0
5 0 0 0 1 0 0
5 0 f 1 1 1 3
5 0 3 1 1 0 3
5 0 6 1 1 2 3
5 0 8 1 1 3 3
5 0 d 1 1 0 3
5 0 9 0 1 0 0
5 0 4 1 1 2 3
5 0 2 1 1 1 3
5 0 8 1 1 3 3
5 0 9 1 1 0 3
5 0 c 1 1 2 3
5 0 9 1 1 3 3
5 0 d 1 1 0 3
5 0 4 1 1 2 3
5 0 8 1 1 3 3
5 0 8 0 1 0 0
5 0 b 1 1 0 3
5 0 f 1 1 1 3
5 0 2 0 1 0 0
5 0 7 1 1 2 3
5 0 1 1 1 0 3
5 0 d 1 1 3 3
5 0 f 1 1 1 3
5 0 d 1 1 2 3
5 0 2 0 1 0 0
5 0 b 1 1 3 3
5 0 a 1 1 1 3
5 0 a 0 1 0 0
5 0 8 1 1 3 3
5 0 1 1 1 0 3
5 0 7 1 1 1 3
5 0 3 0 1 0 0
5 0 0 0 1 0 0
5 0 8 1 1 3 3
5 0 7 1 1 0 3
5 0 c 1 1 2 3
5 0 1 0 1 0 0
5 0 5 1 1 0 3
5 0 1 0 1 0 0
5 0 7 1 1 1 3
5 0 d 1 1 2 3
5 0 0 0 1 0 0
5 0 2 1 1 1 3
5 0 8 1 1 3 3
5 0 1 1 1 0 3
5 0 a 1 1 1 3
5 0 5 1 1 2 3
5 0 7 1 1 0 3
5 0 3 1 1 1 3
5 0 6 1 1 2 3
5 0 6 0 1 0 0
5 0 1 1 1 0 3
5 0 d 1 1 2 3
5 0 c 1 1 3 3
5 0 a 1 1 1 3
5 0 0 0 1 0 0
5 0 d 1 1 2 3
5 0 6 1 1 1 3
5 0 f 1 1 3 3
5 0 f 1 1 0 3
5 0 b 1 1 1 3
5 0 d 1 1 2 3
5 0 4 0 1 0 0
5 0 9 1 1 3 3
5 0 9 1 1 0 3
5 0 e 1 1 1 3
5 0 a 1 1 3 3
5 1 a 0 1 0 0
5 0 f 1 1 0 3
5 0 e 1 1 1 3
5 0 9 1 1 3 3
5 0 0 0 1 0 0
5 0 4 1 1 2 3
5 0 2 1 1 1 3
5 0 4 0 1 0 0
5 0 e 1 1 2 3
5 0 9 1 1 3 3
5 0 b 1 1 0 3
5 0 f 1 1 1 3
5 0 6 1 1 2 3
5 0 a 1 1 3 3
5 0 2 1 1 1 3
5 0 9 1 1 0 3
5 0 3 0 1 0 0
5 0 b 1 1 1 3
5 0 f 1 1 2 3
5 0 e 1 1 3 3
5 0 f 1 1 0 3
5 0 f 1 1 1 3
5 0 9 1 1 3 3
5 0 8 0 1 0 0
5 0 e 1 1 1 3
5 0 0 0 1 0 0
5 0 3 1 1 0 3
5 0 2 1 1 1 3
5 0 6 1 1 2 3
5 0 5 1 1 0 3
5 0 0 0 1 0 0
5 0 2 1 1 1 3
5 0 8 1 1 3 3
5 0 7 1 1 0 3
5 0 c 1 1 2 3
5 0 8 1 1 3 3
5 0 f 1 1 0 3
5 0 7 1 1 1 3
5 0 6 1 1 2 3
5 0 2 0 1 0 0
5 0 9 1 1 3 3
5 0 1 1 1 0 3
5 0 1 0 1 0 0
5 0 6 1 1 1 3
5 0 5 1 1 2 3
5 0 f 1 1 3 3
5 0 5 1 1 0 3
5 0 5 1 1 2 3
5 0 4 0 1 0 0
5 0 6 1 1 1 3
5 0 6 1 1 2 3
5 0 4 0 1 0 0
5 0 b 1 1 3 3
5 0 c 1 1 2 3
5 0 0 0 1 0 0
5 0 a 1 1 3 3
5 0 a 1 1 1 3
5 0 7 1 1 2 3
5 0 e 1 1 3 3
5 0 6 1 1 1 3
5 0 5 1 1 2 3
5 0 e 1 1 3 3
5 0 a 1 1 1 3
5 0 b 1 1 0 3
5 0 0 0 1 0 0
5 0 4 1 1 2 3
5 0 a 1 1 3 3
5 0 a 1 1 1 3
5 0 b 1 1 0 3
5 0 6 1 1 2 3
5 0 d 1 1 3 3
5 0 8 0 1 0 0
5 0 2 1 1 1 3
5 0 1 1 1 0 3
5 0 2 0 1 0 0
5 0 1 0 1 0 0
5 0 0 0 1 0 0
5 0 a 1 1 1 3
5 0 d 1 1 2 3
5 0 1 1 1 0 3
5 0 b 1 1 1 3
5 0 c 1 1 2 3
5 0 7 1 1 0 3
5 0 a 1 1 1 3
5 0 c 1 1 2 3
5 0 d 1 1 3 3
5 0 a 1 1 1 3
5 0 e 1 1 2 3
5 0 c 1 1 3 3
5 0 d 1 1 0 3
5 0 a 1 1 1 3
5 0 b 1 1 3 3
5 0 9 1 1 0 3
5 0 0 0 1 0 0
5 0 9 1 1 3 3
5 0 9 1 1 0 3
5 0 1 0 1 0 0
5 0 8 1 1 3 3
5 0 e 1 1 1 3
5 0 c 1 1 2 3
5 0 f 1 1 3 3
5 0 d 1 1 0 3
5 0 7 1 1 1 3
5 0 4 1 1 2 3
5 0 f 1 1 3 3
5 0 5 1 1 0 3
5 0 c 1 1 2 3
5 0 0 0 1 0 0
5 0 9 1 1 3 3
5 0 0 0 1 0 0
5 0 1 1 1 0 3
5 0 0 0 1 0 0
5 0 6 1 1 1 3
5 0 0 0 1 0 0
5 0 4 1 1 2 3
5 0 3 1 1 0 3
5 0 2 1 1 1 3
5 0 9 1 1 3 3
5 0 8 0 1 0 0
5 0 a 1 1 1 3
5 0 f 1 1 2 3
5 0 a 1 1 3 3
5 0 b 1 1 0 3
5 0 2 1 1 1 3
5 0 c 1 1 2 3
5 0 0 0 1 0 0
5 0 4 0 1 0 0
5 0 1 1 1 0 3
5 0 5 1 1 2 3
5 0 3 1 1 1 3
5 0 8 1 1 3 3
5 0 9 1 1 0 3
5 0 0 0 1 0 0
5 0 9 1 1 3 3
5 0 a 1 1 1 3
5 0 3 1 1 0 3
5 0 2 0 1 0 0
5 0 b 1 1 1 3
5 0 6 1 1 2 3
5 0 8 1 1 3 3
5 0 1 1 1 0 3
5 0 d 1 1 2 3
5 0 0 0 1 0 0
5 0 5 1 1 0 3
5 0 c 1 1 2 3
5 0 4 0 1 0 0
5 0 5 1 1 0 3
5 0 8 1 1 3 3
5 0 5 1 1 2 3
5 0 7 1 1 0 3
5 0 b 1 1 1 3
5 0 0 0 1 0 0
5 0 9 1 1 3 3
5 0 0 0 1 0 0
5 0 d 1 1 0 3
5 0 2 1 1 1 3
5 0 b 1 1 3 3
5 0 8 0 1 0 0
5 0 6 1 1 1 3
5 0 c 1 1 2 3
5 0 f 1 1 3 3
5 0 7 1 1 0 3
5 0 b 1 1 1 3
5 0 4 1 1 2 3
5 0 e 1 1 3 3
5 0 d 1 1 0 3
5 0 5 1 1 2 3
5 0 0 0 1 0 0
5 0 6 1 1 1 3
5 0 2 0 1 0 0
5 0 0 0 1 0 0
5 0 b 1 1 3 3
5 0 c 1 1 2 3
5 0 7 1 1 0 3
5 0 0 0 1 0 0
5 0 1 0 1 0 0
5 0 1 1 1 0 3
5 0 b 1 1 1 3
5 0 f 1 1 2 3
5 0 6 0 1 0 0
5 0 8 1 1 3 3
5 0 6 1 1 1 3
5 0 e 1 1 2 3
5 0 4 0 1 0 0
5 0 4 0 1 0 0
5 0 f 1 1 3 3
5 0 1 1 1 0 3
5 0 6 1 1 1 3
5 0 0 0 1 0 0
5 0 f 1 1 2 3
5 0 a 1 1 3 3
5 0 3 1 1 0 3
5 0 3 1 1 1 3
5 0 2 0 1 0 0
5 0 2 0 1 0 0
5 0 8 1 1 3 3
5 0 6 1 1 1 3
5 0 1 1 1 0 3
5 0 a 1 1 3 3
5 0 a 1 1 1 3
5 0 e 1 1 2 3
5 0 6 0 1 0 0
5 0 c 1 1 3 3
5 0 b 1 1 0 3
5 0 5 1 1 2 3
5 0 0 0 1 0 0
5 0 3 1 1 0 3
5 0 1 0 1 0 0
5 0 1 0 1 0 0
5 0 e 1 1 1 3
5 0 4 1 1 2 3
5 0 9 1 1 3 3
5 0 9 1 1 0 3
5 0 c 1 1 2 3
5 0 9 1 1 3 3
5 0 8 0 1 0 0
5 0 0 0 1 0 0
5 0 1 1 1 0 3
5 0 1 0 1 0 0
5 0 3 1 1 1 3
5 0 1 1 1 0 3
5 0 3 0 1 0 0
5 0 c 1 1 2 3
5 0 9 1 1 3 3
5 0 a 1 1 1 3
5 0 4 1 1 2 3
5 0 1 1 1 0 3
5 0 0 0 1 0 0
5 0 6 1 1 1 3
5 0 b 1 1 3 3
5 0 c 1 1 2 3
5 0 0 0 1 0 0
5 0 2 1 1 1 3
5 0 c 1 1 2 3
5 0 c 1 1 3 3
5 0 f 1 1 0 3
5 0 d 1 1 2 3
5 0 e 1 1 3 3
5 0 0 0 1 0 0
5 0 7 1 1 0 3
5 0 e 1 1 1 3
5 0 6 1 1 2 3
5 0 1 1 1 0 3
5 0 1 0 1 0 0
5 0 3 1 1 1 3
5 0 6 1 1 2 3
5 0 3 1 1 0 3
5 0 c 1 1 3 3
5 0 7 1 1 1 3
5 0 d 1 1 2 3
5 0 e 1 1 3 3
5 0 3 1 1 0 3
5 0 3 1 1 1 3
5 0 d 1 1 2 3
5 0 1 1 1 0 3
5 0 2 1 1 1 3
5 0 c 1 1 2 3
5 0 e 1 1 3 3
5 0 4 0 1 0 0
5 0 b 1 1 0 3
5 0 b 1 1 1 3
5 0 8 1 1 3 3
5 0 f 1 1 0 3
5 0 8 0 1 0 0
5 0 4 1 1 2 3
5 0 1 1 1 0 3
5 0 6 1 1 1 3
5 0 4 1 1 2 3
5 0 0 0 1 0 0
5 0 e 1 1 3 3
5 0 c 1 1 2 3
5 0 6 1 1 1 3
5 0 5 1 1 0 3
5 0 b 1 1 3 3
5 0 f 1 1 1 3
5 0 6 1 1 2 3
5 0 f 1 1 3 3
5 0 7 1 1 0 3
5 0 1 0 1 0 0
5 0 f 1 1 1 3
5 0 c 1 1 2 3
5 0 3 1 1 0 3
5 0 5 0 1 0 0
5 0 a 1 1 1 3
5 0 e 1 1 2 3
5 0 6 0 1 0 0
5 0 1 1 1 0 3
5 0 b 1 1 1 3
5 0 5 1 1 2 3
5 0 8 1 1 3 3
5 0 f 1 1 0 3
5 0 c 1 1 2 3
5 0 9 1 1 3 3
5 0 a 1 1 1 3
5 0 c 1 1 2 3
5 0 6 0 1 0 0
5 0 5 1 1 0 3
5 0 9 1 1 3 3
5 0 5 1 1 2 3
5 0 4 0 1 0 0
5 0 d 1 1 3 3
5 0 8 0 1 0 0
5 0 c 1 1 2 3
5 0 9 1 1 3 3
5 0 f 1 1 0 3
5 0 e 1 1 1 3
5 0 1 0 1 0 0
5 0 f 1 1 2 3
5 0 9 1 1 3 3
5 0 d 1 1 0 3
5 0 3 1 1 1 3
5 0 0 0 1 0 0
5 0 2 0 1 0 0
5 0 e 1 1 2 3
5 0 0 0 1 0 0
5 0 6 1 1 1 3
5 0 5 1 1 2 3
5 0 a 1 1 3 3
5 0 9 1 1 0 3
5 0 2 1 1 1 3
5 0 0 0 1 0 0
5 0 8 1 1 3 3
5 0 1 1 1 0 3
5 0 d 1 1 2 3
5 0 c 1 1 3 3
5 0 e 1 1 1 3
5 0 f 1 1 2 3
5 0 b 1 1 3 3
5 0 7 1 1 0 3
5 0 8 0 1 0 0
5 0 3 1 1 1 3
5 0 3 1 1 0 3
5 0 3 0 1 0 0
5 0 b 1 1 1 3
5 0 8 1 1 3 3
5 0 0 0 1 0 0
5 0 1 1 1 0 3
5 0 a 1 1 1 3
5 0 d 1 1 2 3
5 0 b 1 1 3 3
5 0 e 1 1 1 3
5 0 a 0 1 0 0
5 0 7 1 1 2 3
5 0 f 1 1 3 3
5 0 b 1 1 0 3
5 0 0 0 1 0 0
5 0 8 1 1 3 3
5 0 1 1 1 0 3
5 0 b 1 1 1 3
5 0 8 1 1 3 3
5 0 6 1 1 2 3
5 0 0 0 1 0 0
5 0 d 1 1 3 3
5 0 7 1 1 0 3
5 0 d 1 1 2 3
5 0 8 1 1 3 3
5 0 0 0 1 0 0
5 0 b 1 1 0 3
5 0 e 1 1 1 3
5 0 e 1 1 2 3
5 0 6 0 1 0 0
5 0 a 1 1 3 3
5 1 0 0 1 0 0
5 0 b 1 1 0 3
5 0 7 1 1 1 3
5 0 7 1 1 2 3
5 0 e 1 1 3 3
5 0 8 0 1 0 0
5 0 b 1 1 0 3
5 0 0 0 1 0 0
5 0 9 1 1 3 3
5 0 6 1 1 1 3
5 0 c 1 1 2 3
5 0 7 1 1 0 3
5 0 2 1 1 1 3
5 0 d 1 1 2 3
5 0 5 1 1 0 3
5 0 1 0 1 0 0
5 0 2 1 1 1 3
5 0 9 1 1 3 3
5 0 6 1 1 2 3
5 0 6 1 1 1 3
5 0 0 0 1 0 0
5 0 1 1 1 0 3
5 0 9 1 1 3 3
5 0 3 1 1 1 3
5 0 9 1 1 0 3
5 0 5 1 1 2 3
5 0 9 1 1 3 3
5 0 3 1 1 0 3
5 0 c 1 1 2 3
5 0 c 1 1 3 3
5 0 8 0 1 0 0
5 0 d 1 1 0 3
5 0 6 1 1 1 3
5 0 5 1 1 2 3
5 0 1 1 1 0 3
5 0 5 0 1 0 0
5 0 1 0 1 0 0
5 0 e 1 1 1 3
5 0 f 1 1 2 3
5 0 b 1 1 3 3
5 0 f 1 1 0 3
5 0 4 1 1 2 3
5 0 c 1 1 3 3
5 0 6 1 1 1 3
5 0 e 1 1 2 3
5 0 3 1 1 0 3
5 0 f 1 1 1 3
5 0 3 0 1 0 0
5 0 a 1 1 3 3
5 0 8 0 1 0 0
5 0 e 1 1 1 3
5 0 7 1 1 2 3
5 0 8 1 1 3 3
5 0 4 0 1 0 0
5 0 7 1 1 0 3
5 0 1 0 1 0 0
5 0 6 1 1 1 3
5 0 2 0 1 0 0
5 0 5 1 1 2 3
5 0 8 1 1 3 3
5 0 4 0 1 0 0
5 0 2 1 1 1 3
5 0 a 1 1 3 3
5 0 4 1 1 2 3
5 0 d 1 1 0 3
5 0 1 0 1 0 0
5 0 1 0 1 0 0
5 0 e 1 1 1 3
5 0 4 1 1 2 3
5 0 a 1 1 3 3
5 0 4 0 1 0 0
5 0 b 1 1 0 3
5 0 f 1 1 1 3
5 0 7 1 1 2 3
5 0 e 1 1 3 3
5 0 0 0 1 0 0
5 0 4 1 1 2 3
5 0 d 1 1 3 3
5 0 0 0 1 0 0
5 0 6 1 1 1 3
5 0 a 1 1 3 3
5 0 1 1 1 0 3
5 0 a 1 1 1 3
5 0 c 1 1 2 3
5 0 3 1 1 0 3
5 0 6 1 1 1 3
5 0 b 1 1 3 3
5 0 f 1 1 0 3
5 0 d 1 1 2 3
5 0 1 0 1 0 0
5 0 4 0 1 0 0
5 0 5 1 1 0 3
5 0 5 1 1 2 3
5 0 8 1 1 3 3
5 0 f 1 1 0 3
5 0 9 0 1 0 0
5 0 e 1 1 1 3
5 0 0 0 1 0 0
5 0 3 1 1 0 3
5 0 9 1 1 3 3
5 0 2 1 1 1 3
5 0 c 1 1 2 3
5 0 4 0 1 0 0
5 0 3 1 1 0 3
5 0 0 0 1 0 0
5 0 2 1 1 1 3
5 0 5 1 1 2 3
5 0 f 1 1 3 3
5 0 8 0 1 0 0
5 0 4 1 1 2 3
5 0 b 1 1 3 3
5 0 d 1 1 0 3
5 0 4 1 1 2 3
5 0 b 1 1 3 3
5 0 a 1 1 1 3
5 0 1 1 1 0 3
5 0 7 1 1 2 3
5 0 2 1 1 1 3
5 0 f 1 1 3 3
5 0 3 1 1 0 3
5 0 9 0 1 0 0
5 0 6 1 1 1 3
5 0 6 1 1 2 3
5 0 3 1 1 0 3
5 0 7 1 1 1 3
5 0 a 1 1 3 3
5 0 1 1 1 0 3
5 0 4 1 1 2 3
5 0 d 1 1 3 3
5 0 9 1 1 0 3
5 0 6 1 1 1 3
5 0 4 1 1 2 3
5 0 1 1 1 0 3
5 0 7 1 1 1 3
5 0 6 1 1 2 3
5 0 6 0 1 0 0
5 0 2 1 1 1 3
5 0 6 1 1 2 3
5 0 0 0 1 0 0
5 0 f 1 1 3 3
5 0 0 0 1 0 0
5 0 5 1 1 0 3
5 0 e 1 1 1 3
5 0 b 1 1 3 3
5 0 1 1 1 0 3
5 0 a 1 1 1 3
5 0 9 1 1 3 3
5 0 e 1 1 2 3
5 0 d 1 1 0 3
5 0 e 1 1 1 3
5 0 9 1 1 3 3
5 0 6 1 1 2 3
5 0 b 1 1 0 3
5 0 b 1 1 1 3
5 1 2 0 1 0 0
5 0 4 1 1 2 3
5 0 c 1 1 3 3
5 0 4 0 1 0 0
5 0 4 1 1 2 3
5 0 8 1 1 3 3
5 0 4 0 1 0 0
5 0 c 1 1 2 3
5 0 b 1 1 3 3
5 0 0 0 1 0 0
5 0 1 1 1 0 3
5 0 a 1 1 1 3
5 0 4 1 1 2 3
5 0 f 1 1 3 3
5 0 9 1 1 0 3
5 0 b 1 1 1 3
5 0 d 1 1 2 3
5 0 9 1 1 3 3
5 0 1 1 1 0 3
5 0 c 1 1 2 3
5 0 b 1 1 3 3
5 0 1 1 1 0 3
5 0 e 1 1 1 3
5 0 c 1 1 2 3
5 0 d 1 1 3 3
5 0 9 1 1 0 3
5 0 d 1 1 2 3
5 0 6 1 1 1 3
5 0 1 1 1 0 3
5 0 d 1 1 2 3
5 0 c 1 1 3 3
5 0 7 1 1 0 3
5 0 d 1 1 2 3
5 0 3 1 1 1 3
5 0 3 1 1 0 3
5 0 2 0 1 0 0
5 0 a 1 1 1 3
5 0 4 1 1 2 3
5 0 c 1 1 3 3
5 0 9 1 1 0 3
5 0 e 1 1 1 3
5 0 0 0 1 0 0
5 0 1 1 1 0 3
5 0 7 1 1 1 3
5 0 7 1 1 2 3
5 0 5 1 1 0 3
5 0 0 0 1 0 0
5 0 3 1 1 1 3
5 0 4 1 1 2 3
5 0 8 1 1 3 3
5 0 2 1 1 1 3
5 0 f 1 1 2 3
5 0 e 1 1 3 3
5 0 d 1 1 0 3
5 0 7 1 1 1 3
5 0 4 1 1 2 3
5 0 c 1 1 3 3
5 0 d 1 1 0 3
5 0 b 1 1 1 3
5 0 6 1 1 2 3
5 0 6 0 1 0 0
5 0 5 1 1 0 3
5 0 b 1 1 1 3
5 0 5 1 1 2 3
5 0 a 1 1 3 3
5 0 4 0 1 0 0
5 0 8 0 1 0 0
5 0 3 1 1 0 3
5 0 3 1 1 1 3
5 0 a 1 1 3 3
5 0 7 1 1 0 3
5 0 0 0 1 0 0
5 0 b 1 1 1 3
5 0 d 1 1 2 3
5 0 7 1 1 0 3
5 0 9 1 1 3 3
5 0 7 1 1 1 3
5 0 b 1 1 0 3
5 0 1 0 1 0 0
5 0 2 1 1 1 3
5 0 1 1 1 0 3
5 0 f 1 1 2 3
5 0 0 0 1 0 0
5 0 a 1 1 3 3
5 0 d 1 1 0 3
5 0 f 1 1 1 3
5 0 7 1 1 2 3
5 0 5 1 1 0 3
5 0 f 1 1 1 3
5 0 3 0 1 0 0
5 0 4 1 1 2 3
5 0 6 1 1 1 3
5 0 7 1 1 0 3
5 0 1 0 1 0 0
5 0 8 1 1 3 3
5 0 0 0 1 0 0
5 0 0 0 1 0 0
5 0 e 1 1 1 3
5 0 1 1 1 0 3
5 0 5 1 1 2 3
5 0 c 1 1 3 3
5 0 5 1 1 0 3
5 0 9 0 1 0 0
5 0 c 1 1 2 3
5 0 9 1 1 3 3
5 0 8 0 1 0 0
5 0 1 1 1 0 3
5 0 7 1 1 1 3
5 0 4 1 1 2 3
5 0 a 1 1 3 3
5 0 7 1 1 0 3
5 0 9 0 1 0 0
5 0 1 0 1 0 0
5 0 a 1 1 1 3
5 0 8 1 1 3 3
5 0 9 1 1 0 3
5 0 d 1 1 2 3
5 0 f 1 1 3 3
5 0 4 0 1 0 0
5 0 c 1 1 2 3
5 0 6 1 1 1 3
5 0 7 1 1 0 3
5 0 6 1 1 2 3
5 0 7 1 1 1 3
5 0 0 0 1 0 0
5 0 1 1 1 0 3
5 0 1 0 1 0 0
5 0 8 1 1 3 3
5 0 b 1 1 0 3
5 0 f 1 1 1 3
5 0 4 1 1 2 3
5 0 6 0 1 0 0
5 0 1 1 1 0 3
5 0 0 0 1 0 0
5 0 6 1 1 1 3
5 0 4 1 1 2 3
5 0 8 1 1 3 3
5 0 2 1 1 1 3
5 0 5 1 1 2 3
5 0 9 1 1 3 3
5 0 6 1 1 1 3
5 0 1 1 1 0 3
5 0 b 1 1 3 3
5 0 9 0 1 0 0
5 0 7 1 1 0 3
5 0 b 1 1 1 3
5 0 2 0 1 0 0
5 0 8 1 1 3 3
5 0 c 1 1 2 3
5 0 4 0 1 0 0
5 0 3 1 1 0 3
5 0 b 1 1 1 3
5 0 7 1 1 2 3
5 0 c 1 1 3 3
5 0 9 1 1 0 3
5 0 b 1 1 1 3
5 0 1 0 1 0 0
5 0 5 1 1 2 3
5 0 e 1 1 3 3
5 1 7 0 1 0 0
5 0 5 1 1 0 3
5 0 6 1 1 1 3
5 0 a 1 1 3 3
5 0 0 0 1 0 0
5 0 a 1 1 1 3
5 0 0 0 1 0 0
5 0 4 1 1 2 3
5 0 5 1 1 0 3
5 0 f 1 1 1 3
5 0 a 1 1 3 3
5 0 6 1 1 2 3
5 0 0 0 1 0 0
5 0 b 1 1 3 3
5 0 0 0 1 0 0
5 0 b 1 1 0 3
5 0 c 1 1 2 3
5 0 3 1 1 1 3
5 0 b 1 1 3 3
5 0 f 1 1 0 3
5 0 3 1 1 1 3
5 0 e 1 1 2 3
5 0 5 1 1 0 3
5 0 0 0 1 0 0
5 0 9 1 1 3 3
5 0 f 1 1 0 3
5 0 a 1 1 1 3
5 0 5 1 1 2 3
5 0 2 0 1 0 0
5 0 1 1 1 0 3
5 0 d 1 1 2 3
5 0 2 1 1 1 3
5 0 a 1 1 3 3
5 0 6 1 1 2 3
5 0 e 1 1 1 3
5 0 c 1 1 3 3
5 0 e 1 1 2 3
5 0 b 1 1 0 3
5 0 1 0 1 0 0
5 0 0 0 1 0 0
5 0 d 1 1 2 3
5 0 2 1 1 1 3
5 0 e 1 1 3 3
5 0 5 1 1 0 3
5 0 7 1 1 1 3
5 0 3 0 1 0 0
5 0 9 1 1 3 3
5 0 0 0 1 0 0
5 0 0 0 1 0 0
5 0 9 1 1 0 3
5 0 3 1 1 1 3
5 0 0 0 1 0 0
5 0 a 1 1 3 3
5 0 d 1 1 0 3
5 0 d 1 1 2 3
5 0 9 1 1 3 3
5 0 e 1 1 1 3
5 0 0 0 1 0 0
5 0 6 1 1 2 3
5 0 4 0 1 0 0
5 0 4 0 1 0 0
5 0 7 1 1 0 3
5 0 d 1 1 2 3
5 0 f 1 1 3 3
5 0 7 1 1 0 3
5 0 8 0 1 0 0
5 0 3 1 1 1 3
5 0 2 0 1 0 0
5 0 b 1 1 3 3
5 0 0 0 1 0 0
5 0 1 1 1 0 3
5 0 f 1 1 1 3
5 0 7 1 1 2 3
5 0 e 1 1 3 3
5 0 1 1 1 0 3
5 0 6 1 1 1 3
5 0 7 1 1 2 3
5 0 0 0 1 0 0
5 0 6 1 1 1 3
5 0 4 1 1 2 3
5 0 d 1 1 3 3
5 0 9 1 1 0 3
5 0 9 0 1 0 0
5 0 f 1 1 1 3
5 0 0 0 1 0 0
5 0 4 1 1 2 3
5 0 f 1 1 3 3
5 0 0 0 1 0 0
5 0 1 1 1 0 3
5 0 b 1 1 1 3
5 0 e 1 1 2 3
5 0 f 1 1 3 3
5 0 f 1 1 0 3
5 0 6 1 1 1 3
5 0 9 1 1 3 3
5 0 b 1 1 0 3
5 0 8 0 1 0 0
5 0 7 1 1 1 3
5 0 a 1 1 3 3
5 0 f 1 1 0 3
5 0 c 1 1 2 3
5 0 5 0 1 0 0
5 1 4 0 1 0 0
5 0 1 1 1 0 3
5 0 0 0 1 0 0
5 0 c 1 1 2 3
5 0 b 1 1 3 3
5 0 8 0 1 0 0
5 0 f 1 1 0 3
5 0 1 0 1 0 0
5 0 4 1 1 2 3
5 0 a 1 1 3 3
5 0 4 0 1 0 0
5 0 4 1 1 2 3
5 0 a 1 1 3 3
5 0 c 0 1 0 0
5 0 7 1 1 0 3
5 0 2 1 1 1 3
5 0 7 1 1 2 3
5 0 6 0 1 0 0
5 0 3 1 1 0 3
5 0 8 1 1 3 3
5 0 9 0 1 0 0
5 0 6 1 1 1 3
5 0 d 1 1 2 3
5 0 c 1 1 3 3
5 0 d 1 1 0 3
5 0 8 0 1 0 0
5 0 5 1 1 2 3
5 0 5 1 1 0 3
5 0 1 0 1 0 0
5 0 c 1 1 2 3
5 0 a 1 1 3 3
5 0 4 0 1 0 0
5 0 3 1 1 0 3
5 0 8 1 1 3 3
5 0 6 1 1 1 3
5 0 9 1 1 0 3
5 0 3 0 1 0 0
5 0 d 1 1 2 3
5 0 a 1 1 3 3
5 0 6 1 1 1 3
5 0 9 1 1 0 3
5 0 7 1 1 2 3
5 0 7 1 1 1 3
5 0 2 0 1 0 0
5 0 8 1 1 3 3
5 0 7 1 1 0 3
5 0 b 1 1 1 3
5 0 7 1 1 2 3
5 0 1 1 1 0 3
5 0 2 1 1 1 3
5 0 b 1 1 3 3
5 0 c 1 1 2 3
5 0 e 1 1 1 3
5 0 a 1 1 3 3
5 0 a 0 1 0 0
5 0 3 1 1 0 3
5 0 2 1 1 1 3
5 0 c 1 1 2 3
5 0 b 1 1 3 3
5 0 c 0 1 0 0
5 0 c 1 1 2 3
5 0 7 1 1 0 3
5 0 7 1 1 1 3
5 0 e 1 1 2 3
5 0 c 1 1 3 3
5 0 1 1 1 0 3
5 0 b 1 1 1 3
5 0 b 1 1 3 3
5 0 e 1 1 2 3
5 0 f 1 1 0 3
5 0 2 1 1 1 3
5 0 e 1 1 2 3
5 0 7 1 1 0 3
5 0 d 1 1 3 3
5 0 4 1 1 2 3
5 0 5 1 1 0 3
5 0 b 1 1 1 3
5 0 d 1 1 2 3
5 0 c 1 1 3 3
5 0 4 0 1 0 0
5 0 9 1 1 0 3
5 0 8 1 1 3 3
5 0 d 1 1 2 3
5 0 1 1 1 0 3
5 0 5 0 1 0 0
5 0 9 1 1 3 3
5 0 2 1 1 1 3
5 0 a 0 1 0 0
5 0 0 0 1 0 0
5 0 d 1 1 2 3
5 0 8 1 1 3 3
5 0 9 1 1 0 3
5 0 7 1 1 1 3
5 0 f 1 1 2 3
5 0 3 1 1 0 3
5 0 9 1 1 3 3
5 0 9 0 1 0 0
5 0 6 1 1 1 3
5 0 c 1 1 2 3
5 0 7 1 1 0 3
5 0 e 1 1 1 3
5 0 e 1 1 2 3
5 0 6 0 1 0 0
5 0 7 1 1 0 3
5 0 9 1 1 3 3
5 0 8 0 1 0 0
5 0 e 1 1 1 3
5 0 2 0 1 0 0
5 0 2 0 1 0 0
5 0 1 1 1 0 3
5 0 d 1 1 2 3
5 0 4 0 1 0 0
5 0 f 1 1 3 3
5 0 9 1 1 0 3
5 0 e 1 1 1 3
5 0 0 0 1 0 0
5 0 a 1 1 3 3
5 0 1 1 1 0 3
5 0 a 1 1 1 3
5 0 9 1 1 3 3
5 0 d 1 1 0 3
5 0 3 1 1 1 3
5 0 a 1 1 3 3
5 0 e 1 1 2 3
5 0 3 1 1 0 3
5 0 c 1 1 3 3
5 0 7 1 1 1 3
5 0 3 1 1 0 3
5 0 d 1 1 2 3
5 0 1 0 1 0 0
5 0 b 1 1 3 3
5 0 5 1 1 0 3
5 0 e 1 1 1 3
5 0 d 1 1 2 3
5 0 1 1 1 0 3
5 0 d 1 1 3 3
5 0 d 1 1 2 3
5 0 c 0 1 0 0
5 0 8 1 1 3 3
5 0 a 1 1 1 3
5 0 7 1 1 2 3
5 0 2 0 1 0 0
5 0 f 1 1 3 3
5 0 2 1 1 1 3
5 0 e 1 1 2 3
5 0 4 0 1 0 0
5 0 9 1 1 3 3
5 0 c 1 1 2 3
5 0 0 0 1 0 0
5 0 f 1 1 3 3
5 0 d 1 1 0 3
5 0 c 1 1 2 3
5 0 f 1 1 3 3
5 0 a 1 1 1 3
5 0 5 1 1 2 3
5 0 6 0 1 0 0
5 0 d 1 1 3 3
5 0 c 1 1 2 3
5 0 d 1 1 0 3
5 0 e 1 1 1 3
5 0 a 1 1 3 3
5 0 7 1 1 0 3
5 0 2 1 1 1 3
5 0 f 1 1 2 3
5 0 4 0 1 0 0
5 0 5 1 1 0 3
5 0 1 0 1 0 0
5 0 4 1 1 2 3
5 0 a 1 1 3 3
5 0 4 0 1 0 0
5 0 4 1 1 2 3
5 0 8 1 1 3 3
5 0 e 1 1 1 3
5 0 e 1 1 2 3
5 0 a 1 1 3 3
5 0 7 1 1 0 3
5 0 9 0 1 0 0
5 0 8 1 1 3 3
5 0 8 0 1 0 0
5 0 e 1 1 1 3
5 0 5 1 1 2 3
5 0 6 0 1 0 0
5 0 e 1 1 3 3
5 0 e 1 1 1 3
5 0 7 1 1 2 3
5 0 d 1 1 3 3
5 0 e 1 1 1 3
5 0 4 1 1 2 3
5 0 9 1 1 3 3
5 0 f 1 1 0 3
5 0 3 1 1 1 3
5 0 b 1 1 3 3
5 0 c 1 1 2 3
5 0 c 0 1 0 0
5 0 c 1 1 3 3
5 0 b 1 1 0 3
5 0 c 1 1 2 3
5 0 3 1 1 1 3
5 0 6 0 1 0 0
5 0 8 1 1 3 3
5 0 c 1 1 2 3
5 0 a 1 1 1 3
5 0 c 1 1 3 3
5 0 7 1 1 0 3
5 0 a 1 1 1 3
5 0 6 1 1 2 3
5 0 2 0 1 0 0
5 0 d 1 1 3 3
5 0 c 1 1 2 3
5 0 6 1 1 1 3
5 0 b 1 1 3 3
5 0 7 1 1 0 3
5 0 6 1 1 1 3
5 0 b 1 1 3 3
5 0 6 1 1 2 3
5 0 6 1 1 1 3
5 0 7 1 1 0 3
5 0 e 1 1 2 3
5 0 f 1 1 3 3
5 0 0 0 1 0 0
5 0 a 1 1 1 3
5 0 e 1 1 2 3
5 0 2 0 1 0 0
5 0 8 1 1 3 3
5 0 c 1 1 2 3
5 0 e 1 1 1 3
5 0 3 1 1 0 3
5 0 1 0 1 0 0
5 0 5 1 1 2 3
5 0 3 1 1 0 3
5 0 b 1 1 1 3
5 0 e 1 1 2 3
5 0 8 1 1 3 3
5 0 c 0 1 0 0
5 0 d 1 1 0 3
5 0 1 0 1 0 0
5 0 2 1 1 1 3
5 0 3 1 1 0 3
5 0 0 0 1 0 0
5 0 8 1 1 3 3
5 0 9 1 1 0 3
5 0 9 0 1 0 0
5 0 a 1 1 1 3
5 0 8 1 1 3 3
5 0 0 0 1 0 0
5 0 0 0 1 0 0
5 0 8 1 1 3 3
5 0 e 1 1 1 3
5 0 5 1 1 2 3
5 0 5 1 1 0 3
5 0 7 1 1 1 3
5 0 6 1 1 2 3
5 0 e 1 1 3 3
5 0 3 1 1 0 3
5 0 9 0 1 0 0
5 0 8 1 1 3 3
5 0 a 1 1 1 3
5 0 1 1 1 0 3
5 0 2 0 1 0 0
5 0 c 1 1 2 3
5 0 e 1 1 3 3
5 0 8 0 1 0 0
5 0 f 1 1 0 3
5 0 4 1 1 2 3
5 0 f 1 1 3 3
5 0 1 1 1 0 3
5 0 b 1 1 1 3
5 0 8 1 1 3 3
5 0 f 1 1 0 3
5 0 5 1 1 2 3
5 0 6 1 1 1 3
5 0 d 1 1 3 3
5 0 8 0 1 0 0
5 0 d 1 1 0 3
5 0 a 1 1 1 3
5 0 2 0 1 0 0
5 0 2 0 1 0 0
5 0 4 1 1 2 3
5 0 a 1 1 3 3
5 0 7 1 1 0 3
5 0 d 1 1 2 3
5 0 2 1 1 1 3
5 0 1 1 1 0 3
5 0 4 1 1 2 3
5 0 f 1 1 3 3
5 0 f 1 1 0 3
5 0 c 1 1 2 3
5 0 c 1 1 3 3
5 0 c 0 1 0 0
5 0 2 1 1 1 3
5 0 5 1 1 2 3
5 0 3 1 1 0 3
5 0 6 1 1 1 3
5 0 c 1 1 2 3
5 0 9 1 1 3 3
5 0 f 1 1 0 3
5 0 d 1 1 2 3
5 0 f 1 1 3 3
5 0 8 0 1 0 0
5 0 5 1 1 0 3
5 0 6 1 1 1 3
5 0 e 1 1 2 3
5 0 f 1 1 3 3
5 0 b 1 1 0 3
5 0 8 0 1 0 0
5 0 2 1 1 1 3
5 0 d 1 1 2 3
5 0 6 0 1 0 0
5 0 6 1 1 1 3
5 0 d 1 1 2 3
5 0 a 1 1 3 3
5 0 5 1 1 0 3
5 0 2 1 1 1 3
5 0 6 1 1 2 3
5 0 a 1 1 3 3
5 0 2 1 1 1 3
5 0 e 1 1 2 3
5 0 5 1 1 0 3
5 0 1 0 1 0 0
5 0 a 1 1 1 3
5 0 c 1 1 2 3
5 0 a 1 1 3 3
5 0 8 0 1 0 0
5 0 d 1 1 0 3
5 0 4 1 1 2 3
5 0 5 0 1 0 0
5 0 f 1 1 3 3
5 0 9 1 1 0 3
5 0 4 1 1 2 3
5 0 b 1 1 3 3
5 0 b 1 1 0 3
5 0 5 1 1 2 3
5 0 9 1 1 3 3
5 0 7 1 1 0 3
5 0 8 0 1 0 0
5 0 4 1 1 2 3
5 0 0 0 1 0 0
5 0 6 1 1 1 3
5 0 4 1 1 2 3
5 0 7 1 1 0 3
5 0 6 1 1 1 3
5 0 4 1 1 2 3
5 0 8 1 1 3 3
5 0 3 1 1 0 3
5 0 b 1 1 1 3
5 0 8 1 1 3 3
5 0 6 1 1 2 3
5 0 4 0 1 0 0
5 0 b 1 1 3 3
5 0 a 1 1 1 3
5 0 7 1 1 2 3
5 0 5 1 1 0 3
5 0 5 0 1 0 0
5 0 b 1 1 1 3
5 0 3 1 1 0 3
5 0 d 1 1 2 3
5 0 b 1 1 3 3
5 0 8 0 1 0 0
5 0 9 1 1 0 3
5 0 d 1 1 2 3
5 0 b 1 1 3 3
5 0 e 1 1 1 3
5 0 0 0 1 0 0
5 0 7 1 1 2 3
5 0 1 1 1 0 3
5 0 3 1 1 1 3
5 0 5 1 1 2 3
5 0 1 1 1 0 3
5 0 8 1 1 3 3
5 0 1 0 1 0 0
5 0 9 1 1 0 3
5 0 0 0 1 0 0
5 0 e 1 1 1 3
5 0 1 1 1 0 3
5 0 b 1 1 3 3
5 0 b 1 1 1 3
5 0 5 1 1 2 3
5 0 5 1 1 0 3
5 0 6 1 1 1 3
5 0 e 1 1 2 3
5 0 b 1 1 3 3
5 0 8 0 1 0 0
5 0 f 1 1 0 3
5 0 1 0 1 0 0
5 0 5 1 1 2 3
5 0 5 1 1 0 3
5 0 5 0 1 0 0
5 0 7 1 1 1 3
5 0 9 1 1 3 3
5 0 5 1 1 0 3
5 0 1 0 1 0 0
5 0 e 1 1 1 3
5 0 8 1 1 3 3
5 0 3 1 1 0 3
5 0 3 1 1 1 3
5 0 3 0 1 0 0
5 0 1 1 1 0 3
5 0 1 0 1 0 0
5 0 0 0 1 0 0
5 0 1 1 1 0 3
5 0 f 1 1 1 3
5 0 5 1 1 2 3
5 0 a 1 1 3 3
5 0 6 1 1 1 3
5 0 e 1 1 2 3
5 0 e 1 1 3 3
5 0 7 1 1 0 3
5 0 6 1 1 1 3
5 0 f 1 1 2 3
5 0 7 1 1 0 3
5 0 2 1 1 1 3
5 0 b 1 1 3 3
5 0 f 1 1 0 3
5 0 6 1 1 1 3
5 0 a 1 1 3 3
5 0 b 1 1 0 3
5 0 1 0 1 0 0
5 0 e 1 1 1 3
5 0 f 1 1 2 3
5 0 0 0 1 0 0
5 0 9 1 1 3 3
5 0 0 0 1 0 0
5 0 1 1 1 0 3
5 0 2 1 1 1 3
5 0 0 0 1 0 0
5 0 0 0 1 0 0
5 0 5 1 1 2 3
5 0 0 0 1 0 0
5 0 8 1 1 3 3
5 0 2 1 1 1 3
5 0 7 1 1 2 3
5 0 6 0 1 0 0
5 0 2 1 1 1 3
5 0 b 1 1 3 3
5 0 7 1 1 0 3
5 0 e 1 1 1 3
5 0 3 0 1 0 0
5 0 8 1 1 3 3
5 0 2 1 1 1 3
5 0 f 1 1 2 3
5 0 9 1 1 3 3
5 0 a 1 1 1 3
5 0 e 1 1 2 3
5 0 b 1 1 3 3
5 0 0 0 1 0 0
5 0 0 0 1 0 0
5 0 3 1 1 0 3
5 0 9 1 1 3 3
5 0 4 1 1 2 3
5 0 4 0 1 0 0
5 0 a 1 1 3 3
5 0 c 1 1 2 3
5 0 3 1 1 0 3
5 0 0 0 1 0 0
5 0 5 1 1 2 3
5 0 7 1 1 0 3
5 0 6 1 1 1 3
5 0 9 1 1 3 3
5 0 5 1 1 0 3
5 0 d 1 1 2 3
5 0 f 1 1 3 3
5 0 6 1 1 1 3
5 0 3 1 1 0 3
5 0 5 1 1 2 3
5 0 0 0 1 0 0
5 0 4 0 1 0 0
5 0 8 1 1 3 3
5 0 e 1 1 1 3
5 0 b 1 1 0 3
5 0 3 0 1 0 0
5 0 5 1 1 2 3
5 0 6 1 1 1 3
5 0 7 1 1 0 3
5 0 5 1 1 2 3
5 0 a 1 1 3 3
5 0 a 1 1 1 3
5 0 5 1 1 2 3
5 0 1 1 1 0 3
5 0 9 1 1 3 3
5 0 6 1 1 1 3
5 0 6 1 1 2 3
5 0 6 0 1 0 0
5 0 c 1 1 3 3
5 0 f 1 1 0 3
5 0 0 0 1 0 0
5 0 a 1 1 1 3
5 0 5 1 1 2 3
5 0 5 1 1 0 3
5 0 d 1 1 3 3
5 0 1 0 1 0 0
5 0 7 1 1 0 3
5 0 3 1 1 1 3
5 0 1 0 1 0 0
5 0 b 1 1 3 3
5 0 c 1 1 2 3
5 0 3 1 1 0 3
5 0 0 0 1 0 0
5 0 2 1 1 1 3
5 0 a 1 1 3 3
5 0 3 1 1 0 3
5 0 5 1 1 2 3
5 0 c 1 1 3 3
5 0 0 0 1 0 0
5 0 1 1 1 0 3
5 0 3 1 1 1 3
5 0 d 1 1 2 3
5 0 0 0 1 0 0
5 0 5 1 1 0 3
5 0 0 0 1 0 0
5 0 d 1 1 2 3
5 0 1 1 1 0 3
5 0 4 0 1 0 0
5 0 5 1 1 2 3
5 0 c 1 1 3 3
5 0 7 1 1 0 3
5 0 8 0 1 0 0
5 0 3 1 1 1 3
5 0 6 1 1 2 3
5 0 b 1 1 3 3
5 0 3 1 1 0 3
5 0 8 0 1 0 0
5 0 9 1 1 3 3
5 0 1 1 1 0 3
5 0 3 1 1 1 3
5 0 8 1 1 3 3
5 0 9 1 1 0 3
5 0 4 1 1 2 3
5 0 3 1 1 1 3
5 0 5 1 1 0 3
5 0 4 1 1 2 3
5 0 d 1 1 3 3
5 0 8 0 1 0 0
5 0 c 1 1 2 3
5 0 8 1 1 3 3
5 0 7 1 1 0 3
5 0 2 1 1 1 3
5 0 1 0 1 0 0
5 0 9 1 1 3 3
5 0 b 1 1 0 3
5 0 a 1 1 1 3
5 0 4 1 1 2 3
5 0 1 1 1 0 3
5 0 0 0 1 0 0
5 0 7 1 1 1 3
5 0 a 1 1 3 3
5 0 6 1 1 2 3
5 0 b 1 1 0 3
5 0 6 1 1 1 3
5 0 6 1 1 2 3
5 0 b 1 1 3 3
5 0 1 1 1 0 3
5 0 b 1 1 1 3
5 0 a 1 1 3 3
5 0 0 0 1 0 0
5 0 0 0 1 0 0
5 0 c 1 1 2 3
5 0 3 1 1 0 3
5 0 2 1 1 1 3
5 0 8 1 1 3 3
5 0 9 1 1 0 3
5 0 d 1 1 2 3
5 0 3 1 1 1 3
5 0 4 0 1 0 0
5 0 2 0 1 0 0
5 0 0 0 1 0 0
5 0 e 1 1 2 3
5 0 e 1 1 3 3
5 0 4 0 1 0 0
5 0 b 1 1 0 3
5 0 a 1 1 1 3
5 0 b 1 1 3 3
5 0 8 0 1 0 0
5 0 1 1 1 0 3
5 0 2 1 1 1 3
5 0 4 1 1 2 3
5 0 3 1 1 0 3
5 0 7 1 1 1 3
5 0 7 1 1 2 3
5 0 b 1 1 3 3
5 0 7 1 1 0 3
5 0 8 0 1 0 0
5 0 a 1 1 1 3
5 0 b 1 1 3 3
5 0 f 1 1 0 3
5 0 2 1 1 1 3
5 0 3 0 1 0 0
5 0 e 1 1 2 3
5 0 0 0 1 0 0
5 0 3 1 1 0 3
5 0 4 1 1 2 3
5 0 6 1 1 1 3
5 0 f 1 1 3 3
5 0 e 1 1 2 3
5 0 7 1 1 0 3
5 0 4 0 1 0 0
5 0 c 1 1 2 3
5 0 7 1 1 0 3
5 0 6 1 1 1 3
5 0 e 1 1 2 3
5 0 8 1 1 3 3
5 0 9 1 1 0 3
5 0 a 1 1 1 3
5 0 b 1 1 3 3
5 0 0 0 1 0 0
5 0 9 1 1 0 3
5 0 e 1 1 1 3
5 0 b 1 1 3 3
5 0 a 0 1 0 0
5 0 9 1 1 0 3
5 0 9 1 1 3 3
5 0 d 1 1 2 3
5 0 1 1 1 0 3
5 0 b 1 1 1 3
5 0 d 1 1 2 3
5 0 f 1 1 3 3
5 0 4 0 1 0 0
5 0 1 1 1 0 3
5 0 e 1 1 1 3
5 0 5 1 1 2 3
5 0 a 1 1 3 3
5 0 0 0 1 0 0
5 0 f 1 1 0 3
5 0 f 1 1 1 3
5 0 5 1 1 2 3
5 0 a 1 1 3 3
5 0 8 0 1 0 0
5 0 2 1 1 1 3
5 0 6 1 1 2 3
5 0 1 1 1 0 3
5 0 0 0 1 0 0
5 0 8 1 1 3 3
5 0 e 1 1 1 3
5 0 d 1 1 2 3
5 0 7 1 1 0 3
5 0 4 0 1 0 0
5 0 8 1 1 3 3
5 0 b 1 1 0 3
5 0 0 0 1 0 0
5 0 2 1 1 1 3
5 0 e 1 1 2 3
5 0 9 1 1 3 3
5 0 a 1 1 1 3
5 0 e 1 1 2 3
5 0 9 1 1 3 3
5 0 a 1 1 1 3
5 0 1 1 1 0 3
5 0 f 1 1 2 3
5 0 6 1 1 1 3
5 0 5 1 1 0 3
5 0 2 0 1 0 0
5 0 b 1 1 1 3
5 0 4 1 1 2 3
5 0 8 1 1 3 3
5 0 f 1 1 0 3
5 0 9 0 1 0 0
5 0 f 1 1 1 3
5 0 d 1 1 2 3
5 0 6 0 1 0 0
5 0 2 1 1 1 3
5 0 9 1 1 3 3
5 0 5 1 1 0 3
5 0 c 1 1 2 3
5 0 d 1 1 3 3
5 0 c 0 1 0 0
5 0 b 1 1 0 3
5 0 4 1 1 2 3
5 0 d 1 1 3 3
5 0 6 1 1 1 3
5 0 6 1 1 2 3
5 0 8 1 1 3 3
5 0 7 1 1 0 3
5 0 c 1 1 2 3
5 0 3 1 1 1 3
5 0 2 0 1 0 0
5 0 5 1 1 2 3
5 0 2 1 1 1 3
5 0 8 1 1 3 3
5 0 9 1 1 0 3
5 0 2 1 1 1 3
5 0 2 0 1 0 0
5 0 a 1 1 3 3
5 0 5 1 1 0 3
5 0 a 1 1 1 3
5 0 5 1 1 2 3
5 0 f 1 1 3 3
5 0 0 0 1 0 0
5 0 f 1 1 0 3
5 0 d 1 1 2 3
5 0 3 1 1 1 3
5 0 d 1 1 3 3
5 0 1 1 1 0 3
5 0 5 1 1 2 3
5 0 d 1 1 3 3
5 0 8 0 1 0 0
5 0 e 1 1 1 3
5 0 0 0 1 0 0
5 0 0 0 1 0 0
5 0 6 1 1 2 3
5 0 1 1 1 0 3
5 0 8 1 1 3 3
5 0 b 1 1 1 3
5 0 d 1 1 2 3
5 0 c 1 1 3 3
5 0 f 1 1 0 3
5 0 7 1 1 1 3
5 0 4 1 1 2 3
5 0 4 0 1 0 0
5 0 0 0 1 0 0
5 0 7 1 1 0 3
5 0 3 1 1 1 3
5 0 6 1 1 2 3
5 0 6 0 1 0 0
5 0 0 0 1 0 0
5 0 6 1 1 1 3
5 0 e 1 1 2 3
5 0 7 1 1 0 3
5 0 6 1 1 1 3
5 0 1 0 1 0 0
5 0 d 1 1 2 3
5 0 3 1 1 0 3
5 0 c 1 1 3 3
5 0 c 1 1 2 3
5 0 5 1 1 0 3
5 0 b 1 1 1 3
5 0 e 1 1 2 3
5 0 d 1 1 3 3
5 0 1 1 1 0 3
5 0 0 0 1 0 0
5 0 a 1 1 1 3
5 0 2 0 1 0 0
5 0 6 1 1 2 3
5 0 9 1 1 3 3
5 0 d 1 1 0 3
5 0 c 1 1 2 3
5 0 d 1 1 3 3
5 0 7 1 1 0 3
5 0 c 1 1 2 3
5 0 e 1 1 3 3
5 0 2 1 1 1 3
5 0 0 0 1 0 0
5 0 1 1 1 0 3
5 0 4 1 1 2 3
5 0 b 1 1 3 3
5 0 e 1 1 1 3
5 0 7 1 1 2 3
5 0 a 1 1 3 3
5 0 2 1 1 1 3
5 0 e 1 1 2 3
5 0 5 1 1 0 3
5 0 3 1 1 1 3
5 0 1 0 1 0 0
5 0 e 1 1 2 3
5 0 1 1 1 0 3
5 0 c 1 1 3 3
5 0 d 1 1 2 3
5 0 5 1 1 0 3
5 0 8 1 1 3 3
5 0 3 1 1 1 3
5 0 d 1 1 2 3
5 0 8 1 1 3 3
5 0 5 1 1 0 3
5 0 7 1 1 1 3
5 0 d 1 1 2 3
5 0 4 0 1 0 0
5 0 d 1 1 3 3
5 0 2 1 1 1 3
5 0 b 1 1 0 3
5 0 8 1 1 3 3
5 0 b 1 1 1 3
5 0 5 1 1 2 3
5 0 3 1 1 0 3
5 0 f 1 1 1 3
5 0 a 1 1 3 3
5 0 d 1 1 0 3
5 0 d 1 1 2 3
5 0 2 1 1 1 3
5 0 8 1 1 3 3
5 0 4 1 1 2 3
5 0 3 1 1 0 3
5 0 9 1 1 3 3
5 0 2 1 1 1 3
5 0 f 1 1 2 3
5 0 1 1 1 0 3
5 0 f 1 1 1 3
5 0 f 1 1 2 3
5 0 d 1 1 3 3
5 0 b 1 1 0 3
5 0 e 1 1 1 3
5 0 c 1 1 2 3
5 0 d 1 1 3 3
5 0 7 1 1 0 3
5 0 f 1 1 1 3
5 0 6 1 1 2 3
5 0 e 1 1 3 3
5 0 e 1 1 1 3
5 0 5 1 1 2 3
5 0 0 0 1 0 0
5 0 9 1 1 3 3
5 0 6 1 1 1 3
5 0 4 1 1 2 3
5 0 d 1 1 3 3
5 0 d 1 1 0 3
5 0 c 1 1 2 3
5 0 e 1 1 3 3
5 0 b 1 1 0 3
5 0 b 1 1 1 3
5 0 e 1 1 2 3
5 0 3 1 1 0 3
5 0 8 1 1 3 3
5 0 1 0 1 0 0
5 0 f 1 1 0 3
5 0 d 1 1 2 3
5 0 e 1 1 3 3
5 0 8 0 1 0 0
5 0 0 0 1 0 0
5 0 d 1 1 0 3
5 0 5 1 1 2 3
5 0 c 1 1 3 3
5 0 e 1 1 1 3
5 0 7 1 1 2 3
5 0 a 1 1 3 3
5 0 5 1 1 0 3
5 0 e 1 1 1 3
5 0 3 0 1 0 0
5 0 7 1 1 2 3
5 0 6 1 1 1 3
5 0 b 1 1 3 3
5 0 3 1 1 0 3
5 0 2 1 1 1 3
5 0 8 1 1 3 3
5 0 1 1 1 0 3
5 0 2 1 1 1 3
5 0 e 1 1 2 3
5 0 4 0 1 0 0
5 0 0 0 1 0 0
5 0 d 1 1 3 3
5 0 8 0 1 0 0
5 0 b 1 1 0 3
5 0 0 0 1 0 0
5 0 0 0 1 0 0
5 1 0 0 1 0 0
5 0 0 0 1 0 0
5 0 9 1 1 0 3
5 0 2 1 1 1 3
5 0 7 1 1 2 3
5 0 e 1 1 3 3
5 0 f 1 1 0 3
5 0 a 1 1 1 3
5 0 b 1 1 3 3
5 0 7 1 1 0 3
5 0 b 1 1 1 3
5 0 c 1 1 2 3
5 0 4 0 1 0 0
5 0 8 1 1 3 3
5 0 7 1 1 0 3
5 0 b 1 1 1 3
5 0 5 1 1 2 3
5 0 c 1 1 3 3
5 0 8 0 1 0 0
5 0 3 1 1 0 3
5 0 2 1 1 1 3
5 0 f 1 1 2 3
5 0 4 0 1 0 0
5 0 7 1 1 0 3
5 0 3 1 1 1 3
5 0 f 1 1 2 3
5 0 a 1 1 3 3
5 0 b 1 1 0 3
5 0 6 1 1 1 3
5 0 4 1 1 2 3
5 0 7 1 1 0 3
5 0 0 0 1 0 0
5 0 4 1 1 2 3
5 0 1 1 1 0 3
5 0 6 1 1 1 3
5 0 5 1 1 2 3
5 0 7 1 1 0 3
5 0 1 0 1 0 0
5 0 8 1 1 3 3
5 0 2 1 1 1 3
5 0 e 1 1 2 3
5 0 2 0 1 0 0
