0 1 0 0 7 0 1
0 0 1 1 7 0 1
0 0 1 3 7 0 1
0 0 1 7 7 0 1
0 0 1 6 7 0 1
0 0 1 4 7 1 1
0 0 1 0 7 0 1
0 0 1 1 7 0 1
1 0 0 1 7 0 1
1 0 0 1 7 0 1
1 0 1 3 7 0 1
1 0 0 3 7 0 1
2 0 1 7 7 0 1
2 0 1 6 7 0 1
2 0 1 4 7 1 1
2 0 0 4 7 1 1
2 0 0 4 7 1 1
2 0 1 0 7 0 1
2 0 1 1 7 0 1
2 0 0 1 7 0 1
2 0 1 3 7 0 1
2 0 1 7 7 0 1
2 0 1 6 7 0 1
2 0 1 4 7 1 1
2 0 1 0 7 0 1
2 0 1 1 7 0 1
2 0 0 1 7 0 1
2 0 1 3 7 0 1
2 0 1 7 7 0 1
2 0 1 6 7 0 1
2 0 0 6 7 0 1
2 0 1 4 7 1 1
2 0 1 0 7 0 1
2 0 1 1 7 0 1
2 0 0 1 7 0 1
2 0 1 3 7 0 1
2 0 1 7 7 0 1
2 0 1 6 7 0 1
2 0 0 6 7 0 1
2 0 1 4 7 1 1
2 0 1 0 7 0 1
2 0 0 0 7 0 1
2 0 1 1 7 0 1
2 0 1 3 7 0 1
2 0 0 3 7 0 1
2 0 1 7 7 0 1
2 0 0 7 7 0 1
2 0 1 6 7 0 1
2 0 1 4 7 1 1
2 0 1 0 7 0 1
2 0 1 1 7 0 1
2 0 1 3 7 0 1
2 0 1 7 7 0 1
2 0 1 6 7 0 1
2 0 1 4 7 1 1
2 0 1 0 7 0 1
2 0 1 1 7 0 1
2 0 1 3 7 0 1
2 0 1 7 7 0 1
2 0 1 6 7 0 1
2 0 1 4 7 1 1
2 0 1 0 7 0 1
2 0 1 1 7 0 1
2 0 1 3 7 0 1
2 0 1 7 7 0 1
2 0 1 6 7 0 1
2 0 1 4 7 1 1
2 1 1 0 7 0 1
2 0 1 1 7 0 1
2 0 0 1 7 0 1
2 0 0 1 7 0 1
2 0 0 1 7 0 1
2 0 1 3 7 0 1
2 0 1 7 7 0 1
2 0 0 7 7 0 1
2 0 0 7 7 0 1
2 0 1 6 7 0 1
2 0 1 4 7 1 1
2 0 0 4 7 1 1
2 0 0 4 7 1 1
2 0 1 0 7 0 1
2 0 1 1 7 0 1
2 0 0 1 7 0 1
2 0 1 3 7 0 1
2 0 1 7 7 0 1
2 0 0 7 7 0 1
2 0 1 6 7 0 1
2 0 0 6 7 0 1
2 0 1 4 7 1 1
2 0 0 4 7 1 1
2 0 1 0 7 0 1
2 0 1 1 7 0 1
2 0 0 1 7 0 1
2 0 0 1 7 0 1
2 0 0 1 7 0 1
2 0 1 3 7 0 1
2 0 1 7 7 0 1
2 0 0 7 7 0 1
2 0 0 7 7 0 1
2 0 1 6 7 0 1
2 0 1 4 7 1 1
2 0 0 4 7 1 1
2 0 1 0 7 0 1
2 0 1 1 7 0 1
2 0 0 1 7 0 1
2 0 1 3 7 0 1
2 0 1 7 7 0 1
2 0 1 6 7 0 1
2 0 1 4 7 1 1
2 0 1 0 7 0 1
2 0 1 1 7 0 1
2 0 1 3 7 0 1
2 0 1 7 7 0 1
2 0 1 6 7 0 1
2 0 0 6 7 0 1
2 0 0 6 7 0 1
2 0 1 4 7 1 1
2 0 1 0 7 0 1
2 0 1 1 7 0 1
2 0 0 1 7 0 1
2 0 1 3 7 0 1
2 0 1 7 7 0 1
2 0 1 6 7 0 1
2 0 1 4 7 1 1
2 0 1 0 7 0 1
2 0 0 0 7 0 1
2 0 1 1 7 0 1
2 0 0 1 7 0 1
2 0 1 3 7 0 1
2 0 0 3 7 0 1
2 0 1 7 7 0 1
2 0 0 7 7 0 1
2 0 1 6 7 0 1
2 0 1 4 7 1 1
2 0 1 0 7 0 1
2 0 1 1 7 0 1
2 0 1 3 7 0 1
2 0 1 7 7 0 1
2 0 1 6 7 0 1
2 0 1 4 7 1 1
2 0 1 0 7 0 1
2 0 1 1 7 0 1
2 0 0 1 7 0 1
2 0 1 3 7 0 1
2 0 0 3 7 0 1
2 0 0 3 7 0 1
2 0 1 7 7 0 1
2 0 1 6 7 0 1
2 0 1 4 7 1 1
2 0 0 4 7 1 1
2 0 0 4 7 1 1
2 0 1 0 7 0 1
2 0 1 1 7 0 1
2 0 0 1 7 0 1
2 0 0 1 7 0 1
2 0 0 1 7 0 1
2 0 0 1 7 0 1
2 0 1 3 7 0 1
2 0 1 7 7 0 1
2 0 1 6 7 0 1
2 0 1 4 7 1 1
2 0 1 0 7 0 1
2 0 1 1 7 0 1
2 0 1 3 7 0 1
2 0 1 7 7 0 1
2 0 1 6 7 0 1
2 0 0 6 7 0 1
2 0 1 4 7 1 1
2 0 1 0 7 0 1
2 0 0 0 7 0 1
2 0 0 0 7 0 1
2 0 1 1 7 0 1
2 0 1 3 7 0 1
2 0 1 7 7 0 1
2 0 0 7 7 0 1
2 0 1 6 7 0 1
2 0 1 4 7 1 1
2 0 1 0 7 0 1
2 0 1 1 7 0 1
2 0 1 3 7 0 1
2 0 1 7 7 0 1
2 0 1 6 7 0 1
2 0 1 4 7 1 1
2 0 0 4 7 1 1
2 0 1 0 7 0 1
2 0 1 1 7 0 1
2 0 1 3 7 0 1
2 0 0 3 7 0 1
2 0 0 3 7 0 1
2 0 0 3 7 0 1
2 0 1 7 7 0 1
2 0 1 6 7 0 1
2 0 1 4 7 1 1
2 0 1 0 7 0 1
2 0 1 1 7 0 1
2 0 0 1 7 0 1
2 0 1 3 7 0 1
2 0 1 7 7 0 1
2 0 1 6 7 0 1
2 0 0 6 7 0 1
2 0 0 6 7 0 1
2 0 1 4 7 1 1
2 0 1 0 7 0 1
2 0 1 1 7 0 1
2 0 1 3 7 0 1
2 0 1 7 7 0 1
2 0 1 6 7 0 1
2 0 1 4 7 1 1
2 0 1 0 7 0 1
2 0 0 0 7 0 1
2 0 1 1 7 0 1
2 0 0 1 7 0 1
2 0 1 3 7 0 1
2 0 0 3 7 0 1
2 0 1 7 7 0 1
2 0 0 7 7 0 1
2 0 0 7 7 0 1
2 0 1 6 7 0 1
2 0 1 4 7 1 1
2 0 0 4 7 1 1
2 0 1 0 7 0 1
2 0 1 1 7 0 1
2 0 0 1 7 0 1
2 0 0 1 7 0 1
2 0 1 3 7 0 1
2 0 1 7 7 0 1
2 0 1 6 7 0 1
2 0 1 4 7 1 1
2 0 0 4 7 1 1
2 0 1 0 7 0 1
2 0 0 0 7 0 1
2 0 1 1 7 0 1
2 0 1 3 7 0 1
2 0 1 7 7 0 1
2 0 1 6 7 0 1
2 0 1 4 7 1 1
2 0 0 4 7 1 1
2 0 1 0 7 0 1
2 0 1 1 7 0 1
2 0 1 3 7 0 1
2 0 0 3 7 0 1
2 0 1 7 7 0 1
2 0 1 6 7 0 1
2 0 0 6 7 0 1
2 0 1 4 7 1 1
2 0 1 0 7 0 1
2 0 0 0 7 0 1
2 0 1 1 7 0 1
2 0 1 3 7 0 1
2 0 0 3 7 0 1
2 0 1 7 7 0 1
2 0 1 6 7 0 1
2 0 0 6 7 0 1
2 0 1 4 7 1 1
2 0 1 0 7 0 1
2 0 0 0 7 0 1
2 0 1 1 7 0 1
2 0 0 1 7 0 1
2 0 0 1 7 0 1
2 0 1 3 7 0 1
2 0 0 3 7 0 1
2 0 0 3 7 0 1
2 0 1 7 7 0 1
2 0 1 6 7 0 1
2 0 1 4 7 1 1
2 0 1 0 7 0 1
2 0 1 1 7 0 1
2 0 1 3 7 0 1
2 0 1 7 7 0 1
2 0 1 6 7 0 1
2 0 1 4 7 1 1
2 0 1 0 7 0 1
2 0 1 1 7 0 1
2 0 0 1 7 0 1
2 0 1 3 7 0 1
2 0 1 7 7 0 1
2 0 1 6 7 0 1
2 0 0 6 7 0 1
2 0 1 4 7 1 1
2 0 1 0 7 0 1
2 0 0 0 7 0 1
2 0 1 1 7 0 1
2 0 1 3 7 0 1
2 0 1 7 7 0 1
2 0 1 6 7 0 1
2 0 1 4 7 1 1
2 0 1 0 7 0 1
2 0 1 1 7 0 1
2 0 1 3 7 0 1
2 0 1 7 7 0 1
2 0 0 7 7 0 1
2 0 1 6 7 0 1
2 0 0 6 7 0 1
2 0 1 4 7 1 1
2 0 1 0 7 0 1
2 0 1 1 7 0 1
2 0 1 3 7 0 1
2 0 0 3 7 0 1
2 0 0 3 7 0 1
2 0 0 3 7 0 1
2 0 1 7 7 0 1
2 0 0 7 7 0 1
2 0 0 7 7 0 1
2 0 1 6 7 0 1
2 0 1 4 7 1 1
2 0 1 0 7 0 1
2 0 1 1 7 0 1
2 0 1 3 7 0 1
2 0 1 7 7 0 1
2 0 1 6 7 0 1
2 0 0 6 7 0 1
2 0 0 6 7 0 1
2 0 1 4 7 1 1
2 0 0 4 7 1 1
2 0 1 0 7 0 1
2 0 1 1 7 0 1
2 0 0 1 7 0 1
2 0 1 3 7 0 1
2 0 0 3 7 0 1
2 0 1 7 7 0 1
2 0 1 6 7 0 1
2 0 1 4 7 1 1
2 0 1 0 7 0 1
2 0 1 1 7 0 1
2 0 1 3 7 0 1
2 0 1 7 7 0 1
2 0 1 6 7 0 1
2 0 0 6 7 0 1
2 0 1 4 7 1 1
2 0 1 0 7 0 1
2 0 1 1 7 0 1
2 0 1 3 7 0 1
2 0 0 3 7 0 1
2 0 0 3 7 0 1
2 0 1 7 7 0 1
2 0 1 6 7 0 1
2 0 1 4 7 1 1
2 0 0 4 7 1 1
2 0 0 4 7 1 1
2 0 1 0 7 0 1
2 0 0 0 7 0 1
2 0 0 0 7 0 1
2 0 1 1 7 0 1
2 0 1 3 7 0 1
2 0 1 7 7 0 1
2 0 0 7 7 0 1
2 0 0 7 7 0 1
2 0 1 6 7 0 1
2 0 1 4 7 1 1
2 0 0 4 7 1 1
2 0 0 4 7 1 1
2 0 1 0 7 0 1
2 0 1 1 7 0 1
2 0 1 3 7 0 1
2 0 1 7 7 0 1
2 0 0 7 7 0 1
2 0 1 6 7 0 1
2 0 0 6 7 0 1
2 0 1 4 7 1 1
2 0 1 0 7 0 1
2 0 1 1 7 0 1
2 0 1 3 7 0 1
2 0 1 7 7 0 1
2 0 1 6 7 0 1
2 0 1 4 7 1 1
2 0 0 4 7 1 1
2 0 1 0 7 0 1
2 0 1 1 7 0 1
2 0 1 3 7 0 1
2 0 1 7 7 0 1
2 0 0 7 7 0 1
2 0 1 6 7 0 1
2 0 1 4 7 1 1
2 0 1 0 7 0 1
2 0 1 1 7 0 1
2 0 0 1 7 0 1
2 0 1 3 7 0 1
2 0 1 7 7 0 1
2 0 1 6 7 0 1
2 0 1 4 7 1 1
2 0 0 4 7 1 1
2 0 0 4 7 1 1
2 0 1 0 7 0 1
2 0 1 1 7 0 1
2 0 0 1 7 0 1
2 0 1 3 7 0 1
2 0 0 3 7 0 1
2 0 1 7 7 0 1
2 0 1 6 7 0 1
2 0 1 4 7 1 1
2 0 1 0 7 0 1
2 0 1 1 7 0 1
2 0 1 3 7 0 1
2 0 0 3 7 0 1
2 0 1 7 7 0 1
2 0 0 7 7 0 1
2 0 1 6 7 0 1
2 0 1 4 7 1 1
2 0 1 0 7 0 1
2 0 1 1 7 0 1
2 0 1 3 7 0 1
2 0 1 7 7 0 1
2 0 1 6 7 0 1
2 0 1 4 7 1 1
2 0 0 4 7 1 1
2 0 1 0 7 0 1
2 0 1 1 7 0 1
2 0 1 3 7 0 1
2 0 1 7 7 0 1
2 0 1 6 7 0 1
2 0 0 6 7 0 1
2 0 1 4 7 1 1
2 0 0 4 7 1 1
2 0 1 0 7 0 1
2 0 1 1 7 0 1
2 0 1 3 7 0 1
2 0 1 7 7 0 1
2 0 1 6 7 0 1
2 0 1 4 7 1 1
2 0 1 0 7 0 1
2 0 0 0 7 0 1
2 0 0 0 7 0 1
2 0 1 1 7 0 1
2 0 1 3 7 0 1
2 0 1 7 7 0 1
2 0 1 6 7 0 1
2 0 0 6 7 0 1
2 0 1 4 7 1 1
2 0 0 4 7 1 1
2 0 1 0 7 0 1
2 0 0 0 7 0 1
2 0 0 0 7 0 1
2 0 1 1 7 0 1
2 0 0 1 7 0 1
2 0 1 3 7 0 1
2 0 0 3 7 0 1
2 0 1 7 7 0 1
2 0 1 6 7 0 1
2 0 1 4 7 1 1
2 0 1 0 7 0 1
2 0 1 1 7 0 1
2 0 1 3 7 0 1
2 0 1 7 7 0 1
2 0 0 7 7 0 1
2 0 1 6 7 0 1
2 0 0 6 7 0 1
2 0 1 4 7 1 1
2 0 1 0 7 0 1
2 0 1 1 7 0 1
2 0 0 1 7 0 1
2 0 1 3 7 0 1
2 1 1 0 7 0 1
2 0 1 1 7 0 1
2 0 1 3 7 0 1
2 0 0 3 7 0 1
2 0 0 3 7 0 1
2 0 0 3 7 0 1
2 0 0 3 7 0 1
2 0 1 7 7 0 1
2 0 0 7 7 0 1
2 0 1 6 7 0 1
2 0 1 4 7 1 1
2 0 1 0 7 0 1
2 0 0 0 7 0 1
2 0 0 0 7 0 1
2 0 1 1 7 0 1
2 0 0 1 7 0 1
2 0 1 3 7 0 1
2 0 1 7 7 0 1
2 0 1 6 7 0 1
2 0 1 4 7 1 1
2 0 1 0 7 0 1
2 0 0 0 7 0 1
2 0 1 1 7 0 1
2 0 1 3 7 0 1
2 0 1 7 7 0 1
2 0 1 6 7 0 1
2 0 0 6 7 0 1
2 0 1 4 7 1 1
2 0 1 0 7 0 1
2 0 0 0 7 0 1
2 1 0 0 7 0 1
2 0 1 1 7 0 1
2 0 0 1 7 0 1
2 0 1 3 7 0 1
2 0 1 7 7 0 1
2 0 1 6 7 0 1
2 0 1 4 7 1 1
2 0 1 0 7 0 1
2 0 1 1 7 0 1
2 0 0 1 7 0 1
2 0 1 3 7 0 1
2 0 1 7 7 0 1
2 0 0 7 7 0 1
2 0 1 6 7 0 1
2 0 0 6 7 0 1
2 0 1 4 7 1 1
2 0 1 0 7 0 1
2 0 0 0 7 0 1
2 0 0 0 7 0 1
2 0 1 1 7 0 1
2 0 0 1 7 0 1
2 0 0 1 7 0 1
2 0 0 1 7 0 1
2 0 1 3 7 0 1
2 0 1 7 7 0 1
2 0 1 6 7 0 1
2 0 1 4 7 1 1
2 0 1 0 7 0 1
2 0 0 0 7 0 1
2 0 0 0 7 0 1
2 0 0 0 7 0 1
2 0 0 0 7 0 1
2 0 1 1 7 0 1
2 0 1 3 7 0 1
2 0 0 3 7 0 1
2 0 1 7 7 0 1
2 0 1 6 7 0 1
2 0 0 6 7 0 1
2 0 0 6 7 0 1
2 0 1 4 7 1 1
2 0 0 4 7 1 1
2 0 0 4 7 1 1
2 0 1 0 7 0 1
2 0 1 1 7 0 1
2 0 1 3 7 0 1
2 0 0 3 7 0 1
2 0 1 7 7 0 1
2 0 1 6 7 0 1
2 0 1 4 7 1 1
2 0 1 0 7 0 1
2 0 0 0 7 0 1
2 0 1 1 7 0 1
2 0 1 3 7 0 1
2 0 1 7 7 0 1
2 0 1 6 7 0 1
2 0 1 4 7 1 1
2 0 1 0 7 0 1
2 0 1 1 7 0 1
2 0 1 3 7 0 1
2 1 0 0 7 0 1
2 0 0 0 7 0 1
2 0 1 1 7 0 1
2 0 0 1 7 0 1
2 0 1 3 7 0 1
2 0 1 7 7 0 1
2 0 0 7 7 0 1
2 0 1 6 7 0 1
2 0 1 4 7 1 1
2 0 1 0 7 0 1
2 0 0 0 7 0 1
2 0 0 0 7 0 1
2 0 1 1 7 0 1
2 0 1 3 7 0 1
2 0 1 7 7 0 1
2 0 0 7 7 0 1
2 0 1 6 7 0 1
2 0 1 4 7 1 1
2 0 1 0 7 0 1
2 0 0 0 7 0 1
2 0 1 1 7 0 1
2 0 1 3 7 0 1
2 0 1 7 7 0 1
2 0 1 6 7 0 1
2 0 1 4 7 1 1
2 0 1 0 7 0 1
2 0 1 1 7 0 1
2 0 1 3 7 0 1
2 0 1 7 7 0 1
2 0 0 7 7 0 1
2 0 1 6 7 0 1
2 0 1 4 7 1 1
2 0 1 0 7 0 1
2 0 1 1 7 0 1
2 0 0 1 7 0 1
2 0 0 1 7 0 1
2 0 0 1 7 0 1
2 0 1 3 7 0 1
2 0 0 3 7 0 1
2 0 0 3 7 0 1
2 0 1 7 7 0 1
2 0 0 7 7 0 1
2 0 1 6 7 0 1
2 0 0 6 7 0 1
2 0 0 6 7 0 1
2 0 1 4 7 1 1
2 0 1 0 7 0 1
2 0 1 1 7 0 1
2 0 0 1 7 0 1
2 0 1 3 7 0 1
2 0 1 7 7 0 1
2 0 1 6 7 0 1
2 0 1 4 7 1 1
2 0 1 0 7 0 1
2 0 1 1 7 0 1
2 0 1 3 7 0 1
2 0 1 7 7 0 1
2 0 1 6 7 0 1
2 0 1 4 7 1 1
2 0 0 4 7 1 1
2 0 0 4 7 1 1
2 1 0 0 7 0 1
2 0 1 1 7 0 1
2 0 1 3 7 0 1
2 0 1 7 7 0 1
2 0 0 7 7 0 1
2 0 1 6 7 0 1
2 0 1 4 7 1 1
2 0 1 0 7 0 1
2 0 1 1 7 0 1
2 0 0 1 7 0 1
2 0 1 3 7 0 1
2 0 1 7 7 0 1
2 0 0 7 7 0 1
2 0 1 6 7 0 1
2 0 1 4 7 1 1
2 0 0 4 7 1 1
2 0 0 4 7 1 1
2 0 1 0 7 0 1
2 0 0 0 7 0 1
2 0 1 1 7 0 1
2 0 1 3 7 0 1
2 0 0 3 7 0 1
2 0 1 7 7 0 1
2 0 0 7 7 0 1
2 0 1 6 7 0 1
2 0 0 6 7 0 1
2 0 0 6 7 0 1
2 0 0 6 7 0 1
2 0 0 6 7 0 1
2 0 1 4 7 1 1
2 0 1 0 7 0 1
2 0 1 1 7 0 1
2 0 0 1 7 0 1
2 0 1 3 7 0 1
2 0 1 7 7 0 1
2 0 0 7 7 0 1
2 0 1 6 7 0 1
2 0 1 4 7 1 1
2 0 0 4 7 1 1
2 0 0 4 7 1 1
2 0 1 0 7 0 1
2 0 1 1 7 0 1
2 0 0 1 7 0 1
2 0 1 3 7 0 1
2 0 1 7 7 0 1
2 0 1 6 7 0 1
2 0 0 6 7 0 1
2 0 0 6 7 0 1
2 0 1 4 7 1 1
2 0 0 4 7 1 1
2 0 1 0 7 0 1
2 0 0 0 7 0 1
2 0 1 1 7 0 1
2 0 1 3 7 0 1
2 0 1 7 7 0 1
2 0 0 7 7 0 1
2 0 0 7 7 0 1
2 0 1 6 7 0 1
2 0 0 6 7 0 1
2 0 1 4 7 1 1
2 0 1 0 7 0 1
2 0 0 0 7 0 1
2 0 1 1 7 0 1
2 0 0 1 7 0 1
2 0 1 3 7 0 1
2 0 1 7 7 0 1
2 0 0 7 7 0 1
2 0 0 7 7 0 1
2 0 1 6 7 0 1
2 0 1 4 7 1 1
2 0 1 0 7 0 1
2 0 1 1 7 0 1
2 0 0 1 7 0 1
2 0 0 1 7 0 1
2 0 0 1 7 0 1
2 0 1 3 7 0 1
2 0 1 7 7 0 1
2 0 0 7 7 0 1
2 0 0 7 7 0 1
2 0 1 6 7 0 1
2 0 1 4 7 1 1
2 0 1 0 7 0 1
2 0 0 0 7 0 1
2 0 1 1 7 0 1
2 0 1 3 7 0 1
2 0 0 3 7 0 1
2 0 0 3 7 0 1
2 0 0 3 7 0 1
2 0 1 7 7 0 1
2 0 0 7 7 0 1
2 0 1 6 7 0 1
2 0 1 4 7 1 1
2 0 1 0 7 0 1
2 0 1 1 7 0 1
2 0 1 3 7 0 1
2 0 1 7 7 0 1
2 0 1 6 7 0 1
2 0 1 4 7 1 1
2 0 0 4 7 1 1
2 0 1 0 7 0 1
2 0 1 1 7 0 1
2 0 0 1 7 0 1
2 0 1 3 7 0 1
2 0 1 7 7 0 1
2 0 1 6 7 0 1
2 0 0 6 7 0 1
2 0 1 4 7 1 1
2 0 1 0 7 0 1
2 0 1 1 7 0 1
2 0 0 1 7 0 1
2 0 1 3 7 0 1
2 0 1 7 7 0 1
2 0 0 7 7 0 1
2 0 1 6 7 0 1
2 0 1 4 7 1 1
2 0 1 0 7 0 1
2 0 0 0 7 0 1
2 0 1 1 7 0 1
2 0 0 1 7 0 1
2 0 1 3 7 0 1
2 0 0 3 7 0 1
2 0 1 7 7 0 1
2 0 0 7 7 0 1
2 0 1 6 7 0 1
2 0 1 4 7 1 1
2 0 1 0 7 0 1
2 0 1 1 7 0 1
2 0 1 3 7 0 1
2 0 1 7 7 0 1
2 0 0 7 7 0 1
2 0 1 6 7 0 1
2 0 1 4 7 1 1
2 0 0 4 7 1 1
2 0 0 4 7 1 1
2 0 1 0 7 0 1
2 0 1 1 7 0 1
2 0 1 3 7 0 1
2 0 1 7 7 0 1
2 0 0 7 7 0 1
2 0 1 6 7 0 1
2 0 0 6 7 0 1
2 0 1 4 7 1 1
2 0 1 0 7 0 1
2 0 1 1 7 0 1
2 0 0 1 7 0 1
2 0 0 1 7 0 1
2 0 0 1 7 0 1
2 0 0 1 7 0 1
2 0 1 3 7 0 1
2 0 1 7 7 0 1
2 0 0 7 7 0 1
2 0 1 6 7 0 1
2 0 1 4 7 1 1
2 0 1 0 7 0 1
2 0 1 1 7 0 1
2 0 0 1 7 0 1
2 0 1 3 7 0 1
2 0 1 7 7 0 1
2 0 1 6 7 0 1
2 0 1 4 7 1 1
2 0 1 0 7 0 1
2 0 0 0 7 0 1
2 0 1 1 7 0 1
2 0 0 1 7 0 1
2 0 1 3 7 0 1
2 0 1 7 7 0 1
2 0 1 6 7 0 1
2 0 1 4 7 1 1
2 0 0 4 7 1 1
2 0 0 4 7 1 1
2 0 1 0 7 0 1
2 0 1 1 7 0 1
2 0 1 3 7 0 1
2 0 0 3 7 0 1
2 0 1 7 7 0 1
2 0 1 6 7 0 1
2 0 1 4 7 1 1
2 0 1 0 7 0 1
2 0 1 1 7 0 1
2 0 1 3 7 0 1
2 0 0 3 7 0 1
2 0 1 7 7 0 1
2 0 0 7 7 0 1
2 0 1 6 7 0 1
2 0 1 4 7 1 1
2 0 1 0 7 0 1
2 0 0 0 7 0 1
2 0 0 0 7 0 1
2 0 1 1 7 0 1
2 0 1 3 7 0 1
2 0 1 7 7 0 1
2 0 0 7 7 0 1
2 0 0 7 7 0 1
2 0 1 6 7 0 1
2 0 1 4 7 1 1
2 0 1 0 7 0 1
2 0 1 1 7 0 1
2 0 1 3 7 0 1
2 0 1 7 7 0 1
2 0 1 6 7 0 1
2 0 0 6 7 0 1
2 0 0 6 7 0 1
2 0 1 4 7 1 1
2 0 0 4 7 1 1
2 0 0 4 7 1 1
2 0 0 4 7 1 1
2 0 1 0 7 0 1
2 0 0 0 7 0 1
2 0 0 0 7 0 1
2 0 1 1 7 0 1
2 0 1 3 7 0 1
2 0 1 7 7 0 1
2 0 1 6 7 0 1
2 0 1 4 7 1 1
2 0 0 4 7 1 1
2 0 0 4 7 1 1
2 0 1 0 7 0 1
2 0 1 1 7 0 1
2 0 0 1 7 0 1
2 0 1 3 7 0 1
2 0 1 7 7 0 1
2 0 0 7 7 0 1
2 0 0 7 7 0 1
2 0 1 6 7 0 1
2 0 1 4 7 1 1
2 0 1 0 7 0 1
2 0 1 1 7 0 1
2 0 1 3 7 0 1
2 0 1 7 7 0 1
2 0 1 6 7 0 1
2 0 0 6 7 0 1
2 0 1 4 7 1 1
2 0 1 0 7 0 1
2 0 1 1 7 0 1
2 0 1 3 7 0 1
2 0 1 7 7 0 1
2 0 1 6 7 0 1
2 0 0 6 7 0 1
2 0 1 4 7 1 1
2 0 0 4 7 1 1
2 0 1 0 7 0 1
2 0 1 1 7 0 1
2 0 1 3 7 0 1
2 0 1 7 7 0 1
2 1 1 0 7 0 1
2 0 1 1 7 0 1
2 0 1 3 7 0 1
2 0 1 7 7 0 1
2 0 1 6 7 0 1
2 0 1 4 7 1 1
2 0 0 4 7 1 1
2 0 1 0 7 0 1
2 0 0 0 7 0 1
2 0 1 1 7 0 1
2 0 0 1 7 0 1
2 0 1 3 7 0 1
2 0 0 3 7 0 1
2 0 0 3 7 0 1
2 0 1 7 7 0 1
2 0 0 7 7 0 1
2 0 1 6 7 0 1
2 0 1 4 7 1 1
2 0 1 0 7 0 1
2 0 1 1 7 0 1
2 0 1 3 7 0 1
2 0 1 7 7 0 1
2 0 0 7 7 0 1
2 0 0 7 7 0 1
2 0 0 7 7 0 1
2 0 1 6 7 0 1
2 0 1 4 7 1 1
2 0 1 0 7 0 1
2 0 1 1 7 0 1
2 0 1 3 7 0 1
2 0 1 7 7 0 1
2 0 0 7 7 0 1
2 0 1 6 7 0 1
2 0 0 6 7 0 1
2 0 0 6 7 0 1
2 0 1 4 7 1 1
2 0 1 0 7 0 1
2 0 0 0 7 0 1
2 0 1 1 7 0 1
2 0 0 1 7 0 1
2 0 1 3 7 0 1
2 0 1 7 7 0 1
2 0 0 7 7 0 1
2 0 1 6 7 0 1
2 0 1 4 7 1 1
2 0 1 0 7 0 1
2 0 0 0 7 0 1
2 0 1 1 7 0 1
2 0 1 3 7 0 1
2 0 1 7 7 0 1
2 0 0 7 7 0 1
2 0 1 6 7 0 1
2 0 1 4 7 1 1
2 0 1 0 7 0 1
2 0 0 0 7 0 1
2 0 1 1 7 0 1
2 0 1 3 7 0 1
2 0 1 7 7 0 1
2 0 1 6 7 0 1
2 0 1 4 7 1 1
2 0 1 0 7 0 1
2 0 1 1 7 0 1
2 0 1 3 7 0 1
2 0 1 7 7 0 1
2 0 1 6 7 0 1
2 0 1 4 7 1 1
2 0 1 0 7 0 1
2 0 0 0 7 0 1
2 0 1 1 7 0 1
2 0 0 1 7 0 1
2 0 1 3 7 0 1
2 0 1 7 7 0 1
2 0 0 7 7 0 1
2 0 1 6 7 0 1
2 0 1 4 7 1 1
2 0 1 0 7 0 1
2 0 1 1 7 0 1
2 0 0 1 7 0 1
2 0 1 3 7 0 1
2 0 0 3 7 0 1
2 0 1 7 7 0 1
2 0 1 6 7 0 1
2 0 1 4 7 1 1
2 0 0 4 7 1 1
2 0 0 4 7 1 1
2 0 1 0 7 0 1
2 0 0 0 7 0 1
2 0 0 0 7 0 1
2 0 1 1 7 0 1
2 0 0 1 7 0 1
2 0 1 3 7 0 1
2 0 1 7 7 0 1
2 0 1 6 7 0 1
2 0 1 4 7 1 1
2 0 1 0 7 0 1
2 0 0 0 7 0 1
2 0 1 1 7 0 1
2 1 0 0 7 0 1
2 1 0 0 7 0 1
2 0 1 1 7 0 1
2 0 1 3 7 0 1
2 0 1 7 7 0 1
2 0 1 6 7 0 1
2 0 1 4 7 1 1
2 0 1 0 7 0 1
2 0 1 1 7 0 1
2 0 1 3 7 0 1
2 1 0 0 7 0 1
2 0 1 1 7 0 1
2 0 1 3 7 0 1
2 0 1 7 7 0 1
2 0 0 7 7 0 1
2 0 1 6 7 0 1
2 0 1 4 7 1 1
2 0 1 0 7 0 1
2 0 1 1 7 0 1
2 0 1 3 7 0 1
2 0 1 7 7 0 1
2 0 1 6 7 0 1
2 0 1 4 7 1 1
2 0 1 0 7 0 1
2 0 1 1 7 0 1
2 0 0 1 7 0 1
2 0 1 3 7 0 1
2 0 1 7 7 0 1
2 1 1 0 7 0 1
2 0 0 0 7 0 1
2 0 1 1 7 0 1
2 0 0 1 7 0 1
2 0 1 3 7 0 1
2 0 1 7 7 0 1
2 0 1 6 7 0 1
2 0 1 4 7 1 1
2 0 1 0 7 0 1
2 0 1 1 7 0 1
2 0 1 3 7 0 1
2 0 0 3 7 0 1
2 0 0 3 7 0 1
2 0 0 3 7 0 1
2 0 0 3 7 0 1
2 0 0 3 7 0 1
2 0 1 7 7 0 1
2 0 1 6 7 0 1
2 0 1 4 7 1 1
2 0 0 4 7 1 1
2 0 1 0 7 0 1
2 0 1 1 7 0 1
2 0 1 3 7 0 1
2 0 1 7 7 0 1
2 0 1 6 7 0 1
2 0 1 4 7 1 1
2 0 0 4 7 1 1
2 0 1 0 7 0 1
2 0 1 1 7 0 1
2 0 1 3 7 0 1
2 0 1 7 7 0 1
2 0 0 7 7 0 1
2 0 1 6 7 0 1
2 0 1 4 7 1 1
2 0 0 4 7 1 1
2 0 1 0 7 0 1
2 0 0 0 7 0 1
2 0 0 0 7 0 1
2 0 1 1 7 0 1
2 0 0 1 7 0 1
2 0 0 1 7 0 1
2 0 1 3 7 0 1
