0 1.00000000000000000e+00 2.00000000000000011e-01 1
0 1.00000000000000000e+00 4.00000000000000022e-01 1
0 1.00000000000000000e+00 6.00000000000000089e-01 1
0 1.00000000000000000e+00 8.00000000000000044e-01 1
0 1.00000000000000000e+00 1.00000000000000000e+00 1
0 1.00000000000000000e+00 1.00000000000000000e+00 1
0 1.00000000000000000e+00 1.00000000000000000e+00 1
1 1.05000000000000004e+00 1.05000000000000004e+00 1
1 1.10000000000000009e+00 1.10000000000000009e+00 1
1 9.49999999999999956e-01 9.49999999999999956e-01 1
1 1.00000000000000000e+00 1.00000000000000000e+00 1
2 -5.00000000000000000e-01 8.00000000000000044e-01 1
2 -5.00000000000000000e-01 6.00000000000000089e-01 1
2 -5.00000000000000000e-01 4.00000000000000078e-01 1
2 -5.00000000000000000e-01 2.00000000000000067e-01 1
2 -5.00000000000000000e-01 5.55111512312578270e-17 1
2 -5.00000000000000000e-01 -1.99999999999999956e-01 1
2 -5.00000000000000000e-01 -3.99999999999999967e-01 1
2 -5.00000000000000000e-01 -5.00000000000000000e-01 1
2 -5.00000000000000000e-01 -5.00000000000000000e-01 1
2 -5.00000000000000000e-01 -5.00000000000000000e-01 1
3 0.00000000000000000e+00 -2.99999999999999989e-01 1
3 1.49997500012499958e-02 -9.99999999999999778e-02 1
3 2.99980000399996186e-02 2.99980000399996116e-02 1
3 4.49932503037434872e-02 4.49932503037434872e-02 1
3 5.99840012799512379e-02 5.99840012799512379e-02 1
3 7.49687539060174962e-02 7.49687539060174962e-02 1
3 8.99460097191668861e-02 8.99460097191668861e-02 1
3 1.04914271006299159e-01 1.04914271006299159e-01 1
3 1.19872040953759043e-01 1.19872040953759043e-01 1
3 1.34817823797016567e-01 1.34817823797016567e-01 1
3 1.49750124970242232e-01 1.49750124970242232e-01 1
3 1.64667451255762209e-01 1.64667451255762209e-01 1
3 1.79568310933379049e-01 1.79568310933379049e-01 1
3 1.94451213929542288e-01 1.94451213929542288e-01 1
3 2.09314671966354726e-01 2.09314671966354726e-01 1
3 2.24157198710398825e-01 2.24157198710398825e-01 1
3 2.38977309921368952e-01 2.38977309921368952e-01 1
3 2.53773523600494044e-01 2.53773523600494044e-01 1
3 2.68544360138736282e-01 2.68544360138736282e-01 1
3 2.83288342464750875e-01 2.83288342464750875e-01 1
3 2.98003996192591825e-01 2.98003996192591825e-01 1
3 3.12689849769149320e-01 3.12689849769149320e-01 1
3 3.27344434621303970e-01 3.27344434621303970e-01 1
3 3.41966285302782613e-01 3.41966285302782613e-01 1
3 3.56553939640701867e-01 3.56553939640701867e-01 1
3 3.71105938881784392e-01 3.71105938881784392e-01 1
3 3.85620827838232705e-01 3.85620827838232705e-01 1
3 4.00097155033246721e-01 4.00097155033246721e-01 1
3 4.14533472846170647e-01 4.14533472846170647e-01 1
3 4.28928337657253300e-01 4.28928337657253300e-01 1
3 4.43280309992009292e-01 4.43280309992009292e-01 1
3 4.57587954665165220e-01 4.57587954665165220e-01 1
3 4.71849840924176644e-01 4.71849840924176644e-01 1
3 4.86064542592302584e-01 4.86064542592302584e-01 1
3 5.00230638211221601e-01 5.00230638211221601e-01 1
3 5.14346711183177097e-01 5.14346711183177097e-01 1
3 5.28411349912634942e-01 5.28411349912634942e-01 1
3 5.42423147947442952e-01 5.42423147947442952e-01 1
3 5.56380704119474045e-01 5.56380704119474045e-01 1
3 5.70282622684742169e-01 5.70282622684742169e-01 1
3 5.84127513462975756e-01 5.84127513462975756e-01 1
3 5.97913991976634418e-01 5.97913991976634418e-01 1
3 6.11640679589355196e-01 6.11640679589355196e-01 1
3 6.25306203643816172e-01 6.25306203643816172e-01 1
3 6.38909197598999445e-01 6.38909197598999445e-01 1
3 6.52448301166845379e-01 6.52448301166845379e-01 1
3 6.65922160448279676e-01 6.65922160448279676e-01 1
3 6.79329428068602525e-01 6.79329428068602525e-01 1
3 6.92668763312224378e-01 6.92668763312224378e-01 1
3 7.05938832256737037e-01 7.05938832256737037e-01 1
3 7.19138307906304508e-01 7.19138307906304508e-01 1
3 7.32265870324361190e-01 7.32265870324361190e-01 1
3 7.45320206765605064e-01 7.45320206765605064e-01 1
3 7.58300011807270469e-01 7.58300011807270469e-01 1
3 7.71203987479669784e-01 7.71203987479669784e-01 1
3 7.84030843395988830e-01 7.84030843395988830e-01 1
3 7.96779296881325094e-01 7.96779296881325094e-01 1
3 8.09448073100953902e-01 8.09448073100953902e-01 1
3 8.22035905187810334e-01 8.22035905187810334e-01 1
3 8.34541534369175664e-01 8.34541534369175664e-01 1
3 8.46963710092553113e-01 8.46963710092553113e-01 1
3 8.59301190150721927e-01 8.59301190150721927e-01 1
3 8.71552740805957571e-01 8.71552740805957571e-01 1
3 8.83717136913404255e-01 8.83717136913404255e-01 1
3 8.95793162043588165e-01 8.95793162043588165e-01 1
3 9.07779608604059263e-01 9.07779608604059263e-01 1
3 9.19675277960150694e-01 9.19675277960150694e-01 1
3 9.31478980554839575e-01 9.31478980554839575e-01 1
3 9.43189536027702946e-01 9.43189536027702946e-01 1
3 9.54805773332952024e-01 9.54805773332952024e-01 1
3 9.66326530856536747e-01 9.66326530856536747e-01 1
3 9.77750656532304863e-01 9.77750656532304863e-01 1
3 9.89077007957209653e-01 9.89077007957209653e-01 1
3 1.00030445250554689e+00 1.00030445250554689e+00 1
3 1.01143186744221758e+00 1.01143186744221758e+00 1
3 1.02245814003500124e+00 1.02245814003500124e+00 1
3 1.03338216766582702e+00 1.03338216766582702e+00 1
3 1.04420285794103496e+00 1.04420285794103496e+00 1
3 1.05491912880061522e+00 1.05491912880061522e+00 1
3 1.06552990862641161e+00 1.06552990862641161e+00 1
3 1.07603413634928424e+00 1.07603413634928424e+00 1
3 1.08643076155521379e+00 1.08643076155521379e+00 1
3 1.09671874459034391e+00 1.09671874459034391e+00 1
3 1.10689705666494409e+00 1.10689705666494409e+00 1
3 1.11696467995628890e+00 1.11696467995628890e+00 1
3 1.12692060771043900e+00 1.12692060771043900e+00 1
3 1.13676384434291533e+00 1.13676384434291533e+00 1
3 1.14649340553825763e+00 1.14649340553825763e+00 1
3 1.15610831834845396e+00 1.15610831834845396e+00 1
3 1.16560762129023576e+00 1.16560762129023576e+00 1
3 1.17499036444122518e+00 1.17499036444122518e+00 1
3 1.18425560953492570e+00 1.18425560953492570e+00 1
3 1.19340243005454916e+00 1.19340243005454916e+00 1
3 1.20242991132566579e+00 1.20242991132566579e+00 1
3 1.21133715060767155e+00 1.21133715060767155e+00 1
3 1.22012325718406056e+00 1.22012325718406056e+00 1
3 1.22878735245149739e+00 1.22878735245149739e+00 1
3 1.23732857000767504e+00 1.23732857000767504e+00 1
3 1.24574605573795560e+00 1.24574605573795560e+00 1
3 1.25403896790078084e+00 1.25403896790078084e+00 1
3 1.26220647721184465e+00 1.26220647721184465e+00 1
3 1.27024776692702268e+00 1.27024776692702268e+00 1
3 1.27816203292404440e+00 1.27816203292404440e+00 1
3 1.28594848378290516e+00 1.28594848378290516e+00 1
3 1.29360634086500759e+00 1.29360634086500759e+00 1
3 1.30113483839102551e+00 1.30113483839102551e+00 1
3 1.30853322351747936e+00 1.30853322351747936e+00 1
3 1.31580075641202243e+00 1.31580075641202243e+00 1
3 1.32293671032742122e+00 1.32293671032742122e+00 1
3 1.32994037167423085e+00 1.32994037167423085e+00 1
3 1.33681104009215312e+00 1.33681104009215312e+00 1
3 1.34354802852007138e+00 1.34354802852007138e+00 1
3 1.35015066326475752e+00 1.35015066326475752e+00 1
3 1.35661828406823881e+00 1.35661828406823881e+00 1
3 1.36295024417382482e+00 1.36295024417382482e+00 1
3 1.36914591039078171e+00 1.36914591039078171e+00 1
3 1.37520466315765022e+00 1.37520466315765022e+00 1
3 1.38112589660420348e+00 1.38112589660420348e+00 1
3 1.38690901861203053e+00 1.38690901861203053e+00 1
3 1.39255345087374982e+00 1.39255345087374982e+00 1
3 1.39805862895083943e+00 1.39805862895083943e+00 1
3 1.40342400233007880e+00 1.40342400233007880e+00 1
3 1.40864903447860135e+00 1.40864903447860135e+00 1
3 1.41373320289754623e+00 1.41373320289754623e+00 1
3 1.41867599917430853e+00 1.41867599917430853e+00 1
3 1.42347692903337930e+00 1.42347692903337930e+00 1
3 1.42813551238577352e+00 1.42813551238577352e+00 1
3 1.43265128337703840e+00 1.43265128337703840e+00 1
3 1.43702379043383743e+00 1.43702379043383743e+00 1
3 1.44125259630910896e+00 1.44125259630910896e+00 1
3 1.44533727812578938e+00 1.44533727812578938e+00 1
3 1.44927742741910093e+00 1.44927742741910093e+00 1
3 1.45307265017739784e+00 1.45307265017739784e+00 1
3 1.45672256688156687e+00 1.45672256688156687e+00 1
3 1.46022681254297915e+00 1.46022681254297915e+00 1
3 1.46358503673998852e+00 1.46358503673998852e+00 1
3 1.46679690365297444e+00 1.46679690365297444e+00 1
3 1.46986209209792129e+00 1.46986209209792129e+00 1
3 1.47278029555853962e+00 1.47278029555853962e+00 1
3 1.47555122221691493e+00 1.47555122221691493e+00 1
3 1.47817459498269033e+00 1.47817459498269033e+00 1
3 1.48065015152077550e+00 1.48065015152077550e+00 1
3 1.48297764427757972e+00 1.48297764427757972e+00 1
3 1.48515684050576668e+00 1.48515684050576668e+00 1
3 1.48718752228752971e+00 1.48718752228752971e+00 1
3 1.48906948655638272e+00 1.48906948655638272e+00 1
3 1.49080254511746735e+00 1.49080254511746735e+00 1
3 1.49238652466637145e+00 1.49238652466637145e+00 1
3 1.49382126680646010e+00 1.49382126680646010e+00 1
3 1.49510662806471517e+00 1.49510662806471517e+00 1
3 1.49624247990608161e+00 1.49624247990608161e+00 1
3 1.49722870874632230e+00 1.49722870874632230e+00 1
3 1.49806521596337450e+00 1.49806521596337450e+00 1
3 1.49875191790721396e+00 1.49875191790721396e+00 1
3 1.49928874590821870e+00 1.49928874590821870e+00 1
3 1.49967564628403549e+00 1.49967564628403549e+00 1
3 1.49991258034494956e+00 1.49991258034494956e+00 1
3 1.49999952439775197e+00 1.49999952439775197e+00 1
3 1.49993646974811012e+00 1.49993646974811012e+00 1
3 1.49972342270143622e+00 1.49972342270143622e+00 1
3 1.49936040456225772e+00 1.49936040456225772e+00 1
3 1.49884745163208577e+00 1.49884745163208577e+00 1
3 1.49818461520578605e+00 1.49818461520578605e+00 1
3 1.49737196156644869e+00 1.49737196156644869e+00 1
3 1.49640957197876046e+00 1.49640957197876046e+00 1
3 1.49529754268087833e+00 1.49529754268087833e+00 1
3 1.49403598487480505e+00 1.49403598487480505e+00 1
3 1.49262502471527037e+00 1.49262502471527037e+00 1
3 1.49106480329711388e+00 1.49106480329711388e+00 1
3 1.48935547664117784e+00 1.48935547664117784e+00 1
3 1.48749721567870274e+00 1.48749721567870274e+00 1
3 1.48549020623423700e+00 1.48549020623423700e+00 1
3 1.48333464900705225e+00 1.48333464900705225e+00 1
3 1.48103075955107455e+00 1.48103075955107455e+00 1
3 1.47857876825333023e+00 1.47857876825333023e+00 1
3 1.47597892031090527e+00 1.47597892031090527e+00 1
3 1.47323147570642776e+00 1.47323147570642776e+00 1
3 1.47033670918206827e+00 1.47033670918206827e+00 1
3 1.46729491021206693e+00 1.46729491021206693e+00 1
3 1.46410638297378637e+00 1.46410638297378637e+00 1
3 1.46077144631729272e+00 1.46077144631729272e+00 1
3 1.45729043373347289e+00 1.45729043373347289e+00 1
3 1.45366369332068457e+00 1.45366369332068457e+00 1
3 1.44989158774994631e+00 1.44989158774994631e+00 1
3 1.44597449422867208e+00 1.44597449422867208e+00 1
3 1.44191280446294989e+00 1.44191280446294989e+00 1
3 1.43770692461837113e+00 1.43770692461837113e+00 1
3 1.43335727527941592e+00 1.43335727527941592e+00 1
3 1.42886429140739302e+00 1.42886429140739302e+00 1
3 1.42422842229694568e+00 1.42422842229694568e+00 1
3 1.41945013153112165e+00 1.41945013153112165e+00 1
3 1.41452989693501574e+00 1.41452989693501574e+00 1
3 1.40946821052798743e+00 1.40946821052798743e+00 1
3 1.40426557847445910e+00 1.40426557847445910e+00 1
3 1.39892252103330073e+00 1.39892252103330073e+00 1
3 1.39343957250580397e+00 1.39343957250580397e+00 1
3 1.38781728118225245e+00 1.38781728118225245e+00 1
3 1.38205620928709316e+00 1.38205620928709316e+00 1
3 1.37615693292271479e+00 1.37615693292271479e+00 1
3 1.37012004201183779e+00 1.37012004201183779e+00 1
3 1.36394614023852245e+00 1.36394614023852245e+00 1
3 1.35763584498780121e+00 1.35763584498780121e+00 1
3 1.35118978728394090e+00 1.35118978728394090e+00 1
3 1.34460861172733970e+00 1.34460861172733970e+00 1
3 1.33789297643006933e+00 1.33789297643006933e+00 1
3 1.33104355295006327e+00 1.33104355295006327e+00 1
3 1.32406102622396116e+00 1.32406102622396116e+00 1
3 1.31694609449861710e+00 1.31694609449861710e+00 1
3 1.30969946926127467e+00 1.30969946926127467e+00 1
3 1.30232187516841891e+00 1.30232187516841891e+00 1
3 1.29481404997331051e+00 1.29481404997331051e+00 1
3 1.28717674445221331e+00 1.28717674445221331e+00 1
3 1.27941072232931430e+00 1.27941072232931430e+00 1
3 1.27151676020035476e+00 1.27151676020035476e+00 1
3 1.26349564745496856e+00 1.26349564745496856e+00 1
3 1.25534818619774668e+00 1.25534818619774668e+00 1
3 1.24707519116802468e+00 1.24707519116802468e+00 1
3 1.23867748965841207e+00 1.23867748965841207e+00 1
3 1.23015592143206121e+00 1.23015592143206121e+00 1
3 1.22151133863869399e+00 1.22151133863869399e+00 1
3 1.21274460572938514e+00 1.21274460572938514e+00 1
3 1.20385659937012091e+00 1.20385659937012091e+00 1
3 1.19484820835412986e+00 1.19484820835412986e+00 1
3 1.18572033351300710e+00 1.18572033351300710e+00 1
3 1.17647388762662963e+00 1.17647388762662963e+00 1
3 1.16710979533188186e+00 1.16710979533188186e+00 1
3 1.15762899303018862e+00 1.15762899303018862e+00 1
3 1.14803242879388034e+00 1.14803242879388034e+00 1
3 1.13832106227138263e+00 1.13832106227138263e+00 1
3 1.12849586459125595e+00 1.12849586459125595e+00 1
3 1.11855781826508016e+00 1.11855781826508016e+00 1
3 1.10850791708920626e+00 1.10850791708920626e+00 1
3 1.09834716604537719e+00 1.09834716604537719e+00 1
3 1.08807658120022932e+00 1.08807658120022932e+00 1
3 1.07769718960368932e+00 1.07769718960368932e+00 1
3 1.06721002918626651e+00 1.06721002918626651e+00 1
3 1.05661614865526432e+00 1.05661614865526432e+00 1
3 1.04591660738990666e+00 1.04591660738990666e+00 1
3 1.03511247533540462e+00 1.03511247533540462e+00 1
3 1.02420483289595943e+00 1.02420483289595943e+00 1
3 1.01319477082672638e+00 1.01319477082672638e+00 1
3 1.00208339012473657e+00 1.00208339012473657e+00 1
3 9.90871801918801087e-01 9.90871801918801087e-01 1
3 9.79561127358397288e-01 9.79561127358397288e-01 1
3 9.68152497501556075e-01 9.68152497501556075e-01 1
3 9.56647053201755471e-01 9.56647053201755471e-01 1
3 9.45045944993838316e-01 9.45045944993838316e-01 1
3 9.33350332978956976e-01 9.33350332978956976e-01 1
3 9.21561386708567687e-01 9.21561386708567687e-01 1
3 9.09680285067472116e-01 9.09680285067472116e-01 1
3 8.97708216155934879e-01 8.97708216155934879e-01 1
3 8.85646377170869026e-01 8.85646377170869026e-01 1
3 8.73495974286122800e-01 8.73495974286122800e-01 1
3 8.61258222531858464e-01 8.61258222531858464e-01 1
3 8.48934345673054258e-01 8.48934345673054258e-01 1
3 8.36525576087124967e-01 8.36525576087124967e-01 1
3 8.24033154640689824e-01 8.24033154640689824e-01 1
3 8.11458330565482777e-01 8.11458330565482777e-01 1
3 7.98802361333431743e-01 7.98802361333431743e-01 1
3 7.86066512530914085e-01 7.86066512530914085e-01 1
3 7.73252057732196185e-01 7.73252057732196185e-01 1
3 7.60360278372080201e-01 7.60360278372080201e-01 1
3 7.47392463617757796e-01 7.47392463617757796e-01 1
3 7.34349910239899262e-01 7.34349910239899262e-01 1
3 7.21233922482972356e-01 7.21233922482972356e-01 1
3 7.08045811934823965e-01 7.08045811934823965e-01 1
3 6.94786897395517800e-01 6.94786897395517800e-01 1
3 6.81458504745459659e-01 6.81458504745459659e-01 1
3 6.68061966812806718e-01 6.68061966812806718e-01 1
3 6.54598623240189470e-01 6.54598623240189470e-01 1
3 6.41069820350744668e-01 6.41069820350744668e-01 1
3 6.27476911013488459e-01 6.27476911013488459e-01 1
3 6.13821254508025937e-01 6.13821254508025937e-01 1
3 6.00104216388629208e-01 6.00104216388629208e-01 1
3 5.86327168347678285e-01 5.86327168347678285e-01 1
3 5.72491488078497479e-01 5.72491488078497479e-01 1
3 5.58598559137582940e-01 5.58598559137582940e-01 1
3 5.44649770806252542e-01 5.44649770806252542e-01 1
3 5.30646517951714025e-01 5.30646517951714025e-01 1
3 5.16590200887585005e-01 5.16590200887585005e-01 1
3 5.02482225233856994e-01 5.02482225233856994e-01 1
3 4.88324001776340055e-01 4.88324001776340055e-01 1
3 4.74116946325580713e-01 4.74116946325580713e-01 1
3 4.59862479575284366e-01 4.59862479575284366e-01 1
3 4.45562026960248603e-01 4.45562026960248603e-01 1
3 4.31217018513816552e-01 4.31217018513816552e-01 1
3 4.16828888724880164e-01 4.16828888724880164e-01 1
3 4.02399076394426847e-01 4.02399076394426847e-01 1
3 3.87929024491666219e-01 3.87929024491666219e-01 1
3 3.73420180009728875e-01 3.73420180009728875e-01 1
3 3.58873993820973625e-01 3.58873993820973625e-01 1
3 3.44291920531896278e-01 3.44291920531896278e-01 1
3 3.29675418337675441e-01 3.29675418337675441e-01 1
3 3.15025948876348716e-01 3.15025948876348716e-01 1
3 3.00344977082655784e-01 3.00344977082655784e-01 1
3 2.85633971041540535e-01 2.85633971041540535e-01 1
3 2.70894401841349386e-01 2.70894401841349386e-01 1
3 2.56127743426717958e-01 2.56127743426717958e-01 1
3 2.41335472451183641e-01 2.41335472451183641e-01 1
3 2.26519068129515777e-01 2.26519068129515777e-01 1
3 2.11680012089800806e-01 2.11680012089800806e-01 1
3 1.96819788225275683e-01 1.96819788225275683e-01 1
3 1.81939882545944620e-01 1.81939882545944620e-01 1
3 1.67041783029974383e-01 1.67041783029974383e-01 1
3 1.52126979474902779e-01 1.52126979474902779e-01 1
3 1.37196963348655110e-01 1.37196963348655110e-01 1
3 1.22253227640403681e-01 1.22253227640403681e-01 1
3 1.07297266711264883e-01 1.07297266711264883e-01 1
3 9.23305761448697249e-02 9.23305761448697249e-02 1
3 7.73546525978019567e-02 7.73546525978019567e-02 1
3 6.23709936499357367e-02 6.23709936499357367e-02 1
3 4.73810976546808482e-02 4.73810976546808482e-02 1
3 3.23864635891439392e-02 3.23864635891439392e-02 1
3 1.73885909042374130e-02 1.73885909042374130e-02 1
3 2.38897937473024234e-03 2.38897937473024277e-03 1
3 -1.26108710507229285e-02 -1.26108710507229285e-02 1
3 -2.76094603995807111e-02 -2.76094603995807111e-02 1
3 -4.26052888254056863e-02 -4.26052888254056863e-02 1
3 -5.75968567578530669e-02 -5.75968567578530669e-02 1
3 -7.25826650526212314e-02 -7.25826650526212314e-02 1
3 -8.75612151413701356e-02 -8.75612151413701356e-02 1
3 -1.02531009181571667e-01 -1.02531009181571667e-01 1
3 -1.17490550206297950e-01 -1.17490550206297950e-01 1
3 -1.32438342273911380e-01 -1.32438342273911380e-01 1
3 -1.47372890617663010e-01 -1.47372890617663010e-01 1
3 -1.62292701795162558e-01 -1.62292701795162558e-01 1
3 -1.77196283837726704e-01 -1.77196283837726704e-01 1
3 -1.92082146399569526e-01 -1.92082146399569526e-01 1
3 -2.06948800906840924e-01 -2.06948800906840924e-01 1
3 -2.21794760706477773e-01 -2.21794760706477773e-01 1
3 -2.36618541214872968e-01 -2.36618541214872968e-01 1
3 -2.51418660066327515e-01 -2.51418660066327515e-01 1
3 -2.66193637261290861e-01 -2.66193637261290861e-01 1
3 -2.80941995314354764e-01 -2.80941995314354764e-01 1
3 -2.95662259402004746e-01 -2.95662259402004746e-01 1
3 -3.10352957510099670e-01 -3.10352957510099670e-01 1
3 -3.25012620581069445e-01 -3.25012620581069445e-01 1
3 -3.39639782660824729e-01 -3.39639782660824729e-01 1
3 -3.54232981045345507e-01 -3.54232981045345507e-01 1
3 -3.68790756426955524e-01 -3.68790756426955524e-01 1
3 -3.83311653040246836e-01 -3.83311653040246836e-01 1
3 -3.97794218807660083e-01 -3.97794218807660083e-01 1
3 -4.12237005484686003e-01 -4.12237005484686003e-01 1
3 -4.26638568804693807e-01 -4.26638568804693807e-01 1
3 -4.40997468623351430e-01 -4.40997468623351430e-01 1
3 -4.55312269062643993e-01 -4.55312269062643993e-01 1
3 -4.69581538654455288e-01 -4.69581538654455288e-01 1
3 -4.83803850483718434e-01 -4.83803850483718434e-01 1
3 -4.97977782331101126e-01 -4.97977782331101126e-01 1
3 -5.12101916815231428e-01 -5.12101916815231428e-01 1
3 -5.26174841534429727e-01 -5.26174841534429727e-01 1
3 -5.40195149207952863e-01 -5.40195149207952863e-01 1
3 -5.54161437816715674e-01 -5.54161437816715674e-01 1
3 -5.68072310743497066e-01 -5.68072310743497066e-01 1
3 -5.81926376912595522e-01 -5.81926376912595522e-01 1
3 -5.95722250928940267e-01 -5.95722250928940267e-01 1
3 -6.09458553216625232e-01 -6.09458553216625232e-01 1
3 -6.23133910156869364e-01 -6.23133910156869364e-01 1
3 -6.36746954225373862e-01 -6.36746954225373862e-01 1
3 -6.50296324129076564e-01 -6.50296324129076564e-01 1
3 -6.63780664942278720e-01 -6.63780664942278720e-01 1
3 -6.77198628242134726e-01 -6.77198628242134726e-01 1
3 -6.90548872243497480e-01 -6.90548872243497480e-01 1
3 -7.03830061933090723e-01 -7.03830061933090723e-01 1
3 -7.17040869203014353e-01 -7.17040869203014353e-01 1
3 -7.30179972983549086e-01 -7.30179972983549086e-01 1
3 -7.43246059375267443e-01 -7.43246059375267443e-01 1
3 -7.56237821780417208e-01 -7.56237821780417208e-01 1
3 -7.69153961033585687e-01 -7.69153961033585687e-01 1
3 -7.81993185531609791e-01 -7.81993185531609791e-01 1
3 -7.94754211362740159e-01 -7.94754211362740159e-01 1
3 -8.07435762435026572e-01 -8.07435762435026572e-01 1
3 -8.20036570603930759e-01 -8.20036570603930759e-01 1
3 -8.32555375799135744e-01 -8.32555375799135744e-01 1
3 -8.44990926150555044e-01 -8.44990926150555044e-01 1
3 -8.57341978113515646e-01 -8.57341978113515646e-01 1
3 -8.69607296593114754e-01 -8.69607296593114754e-01 1
3 -8.81785655067724106e-01 -8.81785655067724106e-01 1
3 -8.93875835711646305e-01 -8.93875835711646305e-01 1
3 -9.05876629516890963e-01 -9.05876629516890963e-01 1
3 -9.17786836414078877e-01 -9.17786836414078877e-01 1
3 -9.29605265392444924e-01 -9.29605265392444924e-01 1
3 -9.41330734618940457e-01 -9.41330734618940457e-01 1
3 -9.52962071556413437e-01 -9.52962071556413437e-01 1
3 -9.64498113080863195e-01 -9.64498113080863195e-01 1
3 -9.75937705597750949e-01 -9.75937705597750949e-01 1
3 -9.87279705157357412e-01 -9.87279705157357412e-01 1
3 -9.98522977569178849e-01 -9.98522977569178849e-01 1
3 -1.00966639851534246e+00 -1.00966639851534246e+00 1
3 -1.02070885366304109e+00 -1.02070885366304109e+00 1
3 -1.03164923877596060e+00 -1.03164923877596060e+00 1
3 -1.04248645982470789e+00 -1.04248645982470789e+00 1
3 -1.05321943309620814e+00 -1.05321943309620814e+00 1
3 -1.06384708530207917e+00 -1.06384708530207917e+00 1
3 -1.07436835368595585e+00 -1.07436835368595585e+00 1
3 -1.08478218612976818e+00 -1.08478218612976818e+00 1
3 -1.09508754125894936e+00 -1.09508754125894936e+00 1
3 -1.10528338854657493e+00 -1.10528338854657493e+00 1
3 -1.11536870841641189e+00 -1.11536870841641189e+00 1
3 -1.12534249234487849e+00 -1.12534249234487849e+00 1
3 -1.13520374296189219e+00 -1.13520374296189219e+00 1
3 -1.14495147415061016e+00 -1.14495147415061016e+00 1
3 -1.15458471114603656e+00 -1.15458471114603656e+00 1
3 -1.16410249063249838e+00 -1.16410249063249838e+00 1
3 -1.17350386083997926e+00 -1.17350386083997926e+00 1
3 -1.18278788163929249e+00 -1.18278788163929249e+00 1
3 -1.19195362463609600e+00 -1.19195362463609600e+00 1
3 -1.20100017326372654e+00 -1.20100017326372654e+00 1
3 -1.20992662287486086e+00 -1.20992662287486086e+00 1
3 -1.21873208083197637e+00 -1.21873208083197637e+00 1
3 -1.22741566659661538e+00 -1.22741566659661538e+00 1
3 -1.23597651181743862e+00 -1.23597651181743862e+00 1
3 -1.24441376041705620e+00 -1.24441376041705620e+00 1
3 -1.25272656867764010e+00 -1.25272656867764010e+00 1
3 -1.26091410532529169e+00 -1.26091410532529169e+00 1
3 -1.26897555161316977e+00 -1.26897555161316977e+00 1
3 -1.27691010140336170e+00 -1.27691010140336170e+00 1
3 -1.28471696124750179e+00 -1.28471696124750179e+00 1
3 -1.29239535046611076e+00 -1.29239535046611076e+00 1
3 -1.29994450122666638e+00 -1.29994450122666638e+00 1
3 -1.30736365862038229e+00 -1.30736365862038229e+00 1
3 -1.31465208073770201e+00 -1.31465208073770201e+00 1
3 -1.32180903874248790e+00 -1.32180903874248790e+00 1
3 -1.32883381694490410e+00 -1.32883381694490410e+00 1
3 -1.33572571287298270e+00 -1.33572571287298270e+00 1
3 -1.34248403734287525e+00 -1.34248403734287525e+00 1
3 -1.34910811452776658e+00 -1.34910811452776658e+00 1
3 -1.35559728202545848e+00 -1.35559728202545848e+00 1
3 -1.36195089092460808e+00 -1.36195089092460808e+00 1
3 -1.36816830586962057e+00 -1.36816830586962057e+00 1
3 -1.37424890512418241e+00 -1.37424890512418241e+00 1
3 -1.38019208063343601e+00 -1.38019208063343601e+00 1
3 -1.38599723808478181e+00 -1.38599723808478181e+00 1
3 -1.39166379696731335e+00 -1.39166379696731335e+00 1
3 -1.39719119062986374e+00 -1.39719119062986374e+00 1
3 -1.40257886633767415e+00 -1.40257886633767415e+00 1
3 -1.40782628532766174e+00 -1.40782628532766174e+00 1
3 -1.41293292286230154e+00 -1.41293292286230154e+00 1
3 -1.41789826828209486e+00 -1.41789826828209486e+00 1
3 -1.42272182505663847e+00 -1.42272182505663847e+00 1
3 -1.42740311083427396e+00 -1.42740311083427396e+00 1
3 -1.43194165749032454e+00 -1.43194165749032454e+00 1
3 -1.43633701117390666e+00 -1.43633701117390666e+00 1
3 -1.44058873235331508e+00 -1.44058873235331508e+00 1
3 -1.44469639585997500e+00 -1.44469639585997500e+00 1
3 -1.44865959093095831e+00 -1.44865959093095831e+00 1
3 -1.45247792125006070e+00 -1.45247792125006070e+00 1
3 -1.45615100498743244e+00 -1.45615100498743244e+00 1
3 -1.45967847483776092e+00 -1.45967847483776092e+00 1
3 -1.46305997805699972e+00 -1.46305997805699972e+00 1
3 -1.46629517649764551e+00 -1.46629517649764551e+00 1
3 -1.46938374664255034e+00 -1.46938374664255034e+00 1
3 -1.47232537963727328e+00 -1.47232537963727328e+00 1
3 -1.47511978132096622e+00 -1.47511978132096622e+00 1
3 -1.47776667225578917e+00 -1.47776667225578917e+00 1
3 -1.48026578775485484e+00 -1.48026578775485484e+00 1
3 -1.48261687790869590e+00 -1.48261687790869590e+00 1
3 -1.48481970761025583e+00 -1.48481970761025583e+00 1
3 -1.48687405657840044e+00 -1.48687405657840044e+00 1
3 -1.48877971937994480e+00 -1.48877971937994480e+00 1
3 -1.49053650545019689e+00 -1.49053650545019689e+00 1
3 -1.49214423911201344e+00 -1.49214423911201344e+00 1
3 -1.49360275959336808e+00 -1.49360275959336808e+00 1
3 -1.49491192104342829e+00 -1.49491192104342829e+00 1
3 -1.49607159254713995e+00 -1.49607159254713995e+00 1
3 -1.49708165813831906e+00 -1.49708165813831906e+00 1
3 -1.49794201681124828e+00 -1.49794201681124828e+00 1
3 -1.49865258253077727e+00 -1.49865258253077727e+00 1
3 -1.49921328424092604e+00 -1.49921328424092604e+00 1
3 -1.49962406587199082e+00 -1.49962406587199082e+00 1
3 -1.49988488634615136e+00 -1.49988488634615136e+00 1
3 -1.49999571958157696e+00 -1.49999571958157696e+00 1
3 -1.49995655449503662e+00 -1.49995655449503662e+00 1
3 -1.49976739500300660e+00 -1.49976739500300660e+00 1
3 -1.49942826002127827e+00 -1.49942826002127827e+00 1
3 -1.49893918346306698e+00 -1.49893918346306698e+00 1
3 -1.49830021423562121e+00 -1.49830021423562121e+00 1
3 -1.49751141623533135e+00 -1.49751141623533135e+00 1
3 -1.49657286834133996e+00 -1.49657286834133996e+00 1
3 -1.49548466440765426e+00 -1.49548466440765426e+00 1
3 -1.49424691325376102e+00 -1.49424691325376102e+00 1
3 -1.49285973865374388e+00 -1.49285973865374388e+00 1
3 -1.49132327932390707e+00 -1.49132327932390707e+00 1
3 -1.48963768890890313e+00 -1.48963768890890313e+00 1
3 -1.48780313596636882e+00 -1.48780313596636882e+00 1
3 -1.48581980395006985e+00 -1.48581980395006985e+00 1
3 -1.48368789119155475e+00 -1.48368789119155475e+00 1
3 -1.48140761088032313e+00 -1.48140761088032313e+00 1
3 -1.47897919104250564e+00 -1.47897919104250564e+00 1
3 -1.47640287451806240e+00 -1.47640287451806240e+00 1
3 -1.47367891893649872e+00 -1.47367891893649872e+00 1
3 -1.47080759669110339e+00 -1.47080759669110339e+00 1
3 -1.46778919491170790e+00 -1.46778919491170790e+00 1
3 -1.46462401543597465e+00 -1.46462401543597465e+00 1
3 -1.46131237477921361e+00 -1.46131237477921361e+00 1
3 -1.45785460410273116e+00 -1.45785460410273116e+00 1
3 -1.45425104918071324e+00 -1.45425104918071324e+00 1
3 -1.45050207036564904e+00 -1.45050207036564904e+00 1
3 -1.44660804255229580e+00 -1.44660804255229580e+00 1
3 -1.44256935514019013e+00 -1.44256935514019013e+00 1
3 -1.43838641199470763e+00 -1.43838641199470763e+00 1
3 -1.43405963140667714e+00 -1.43405963140667714e+00 1
3 -1.42958944605055116e+00 -1.42958944605055116e+00 1
3 -1.42497630294114130e+00 -1.42497630294114130e+00 1
3 -1.42022066338891340e+00 -1.42022066338891340e+00 1
3 -1.41532300295385993e+00 -1.41532300295385993e+00 1
3 -1.41028381139794257e+00 -1.41028381139794257e+00 1
3 -1.40510359263611839e+00 -1.40510359263611839e+00 1
3 -1.39978286468594648e+00 -1.39978286468594648e+00 1
3 -1.39432215961578754e+00 -1.39432215961578754e+00 1
3 -1.38872202349159823e+00 -1.38872202349159823e+00 1
3 -1.38298301632232423e+00 -1.38298301632232423e+00 1
3 -1.37710571200390053e+00 -1.37710571200390053e+00 1
3 -1.37109069826186047e+00 -1.37109069826186047e+00 1
3 -1.36493857659256590e+00 -1.36493857659256590e+00 1
3 -1.35864996220305656e+00 -1.35864996220305656e+00 1
3 -1.35222548394953224e+00 -1.35222548394953224e+00 1
3 -1.34566578427446371e+00 -1.34566578427446371e+00 1
3 -1.33897151914235191e+00 -1.33897151914235191e+00 1
3 -1.33214335797413130e+00 -1.33214335797413130e+00 1
3 -1.32518198358022965e+00 -1.32518198358022965e+00 1
3 -1.31808809209228484e+00 -1.31808809209228484e+00 1
3 -1.31086239289353346e+00 -1.31086239289353346e+00 1
3 -1.30350560854787423e+00 -1.30350560854787423e+00 1
3 -1.29601847472761156e+00 -1.29601847472761156e+00 1
3 -1.28840174013988795e+00 -1.28840174013988795e+00 1
3 -1.28065616645181501e+00 -1.28065616645181501e+00 1
3 -1.27278252821430615e+00 -1.27278252821430615e+00 1
3 -1.26478161278462520e+00 -1.26478161278462520e+00 1
3 -1.25665422024764672e+00 -1.25665422024764672e+00 1
3 -1.24840116333585183e+00 -1.24840116333585183e+00 1
3 -1.24002326734805357e+00 -1.24002326734805357e+00 1
3 -1.23152137006687057e+00 -1.23152137006687057e+00 1
3 -1.22289632167494511e+00 -1.22289632167494511e+00 1
3 -1.21414898466992915e+00 -1.21414898466992915e+00 1
3 -1.20528023377823290e+00 -1.20528023377823290e+00 1
3 -1.19629095586755629e+00 -1.19629095586755629e+00 1
3 -1.18718204985819908e+00 -1.18718204985819908e+00 1
3 -1.17795442663317074e+00 -1.17795442663317074e+00 1
3 -1.16860900894710462e+00 -1.16860900894710462e+00 1
3 -1.15914673133398072e+00 -1.15914673133398072e+00 1
3 -1.14956854001367659e+00 -1.14956854001367659e+00 1
3 -1.13987539279734151e+00 -1.13987539279734151e+00 1
3 -1.13006825899161978e+00 -1.13006825899161978e+00 1
3 -1.12014811930171843e+00 -1.12014811930171843e+00 1
3 -1.11011596573334148e+00 -1.11011596573334148e+00 1
3 -1.09997280149348464e+00 -1.09997280149348464e+00 1
3 -1.08971964089011975e+00 -1.08971964089011975e+00 1
3 -1.07935750923076124e+00 -1.07935750923076124e+00 1
3 -1.06888744271994218e+00 -1.06888744271994218e+00 1
3 -1.05831048835558783e+00 -1.05831048835558783e+00 1
3 -1.04762770382432024e+00 -1.04762770382432024e+00 1
3 -1.03684015739568958e+00 -1.03684015739568958e+00 1
3 -1.02594892781535107e+00 -1.02594892781535107e+00 1
3 -1.01495510419718538e+00 -1.01495510419718538e+00 1
3 -1.00385978591439295e+00 -1.00385978591439295e+00 1
3 -9.92664082489555399e-01 -9.92664082489555399e-01 1
3 -9.81369113483687050e-01 -9.81369113483687050e-01 1
3 -9.69976008384275223e-01 -9.69976008384275223e-01 1
3 -9.58485906492335671e-01 -9.58485906492335671e-01 1
3 -9.46899956808481269e-01 -9.46899956808481269e-01 1
3 -9.35219317918027926e-01 -9.35219317918027926e-01 1
3 -9.23445157875129485e-01 -9.23445157875129485e-01 1
3 -9.11578654085978712e-01 -9.11578654085978712e-01 1
3 -8.99620993191065699e-01 -8.99620993191065699e-01 1
3 -8.87573370946514117e-01 -8.87573370946514117e-01 1
3 -8.75436992104510869e-01 -8.75436992104510869e-01 1
3 -8.63213070292825790e-01 -8.63213070292825790e-01 1
3 -8.50902827893452951e-01 -8.50902827893452951e-01 1
3 -8.38507495920373103e-01 -8.38507495920373103e-01 1
3 -8.26028313896456368e-01 -8.26028313896456368e-01 1
3 -8.13466529729504728e-01 -8.13466529729504728e-01 1
3 -8.00823399587466400e-01 -8.00823399587466400e-01 1
3 -7.88100187772818872e-01 -7.88100187772818872e-01 1
3 -7.75298166596143146e-01 -7.75298166596143146e-01 1
3 -7.62418616248887515e-01 -7.62418616248887515e-01 1
3 -7.49462824675353634e-01 -7.49462824675353634e-01 1
3 -7.36432087443901429e-01 -7.36432087443901429e-01 1
3 -7.23327707617397286e-01 -7.23327707617397286e-01 1
3 -7.10150995622902625e-01 -7.10150995622902625e-01 1
3 -6.96903269120636049e-01 -6.96903269120636049e-01 1
3 -6.83585852872207078e-01 -6.83585852872207078e-01 1
3 -6.70200078608145011e-01 -6.70200078608145011e-01 1
3 -6.56747284894720340e-01 -6.56747284894720340e-01 1
3 -6.43228817000093822e-01 -6.43228817000093822e-01 1
3 -6.29646026759788313e-01 -6.29646026759788313e-01 1
3 -6.16000272441511232e-01 -6.16000272441511232e-01 1
3 -6.02292918609321992e-01 -6.02292918609321992e-01 1
3 -5.88525335987180820e-01 -5.88525335987180820e-01 1
3 -5.74698901321877065e-01 -5.74698901321877065e-01 1
3 -5.60814997245353997e-01 -5.60814997245353997e-01 1
3 -5.46875012136451955e-01 -5.46875012136451955e-01 1
3 -5.32880339982063966e-01 -5.32880339982063966e-01 1
3 -5.18832380237743251e-01 -5.18832380237743251e-01 1
3 -5.04732537687756277e-01 -5.04732537687756277e-01 1
3 -4.90582222304610960e-01 -4.90582222304610960e-01 1
3 -4.76382849108052286e-01 -4.76382849108052286e-01 1
3 -4.62135838023567169e-01 -4.62135838023567169e-01 1
3 -4.47842613740390361e-01 -4.47842613740390361e-01 1
3 -4.33504605569041690e-01 -4.33504605569041690e-01 1
3 -4.19123247298388790e-01 -4.19123247298388790e-01 1
3 -4.04699977052274229e-01 -4.04699977052274229e-01 1
3 -3.90236237145702103e-01 -3.90236237145702103e-01 1
3 -3.75733473940612406e-01 -3.75733473940612406e-01 1
3 -3.61193137701238787e-01 -3.61193137701238787e-01 1
3 -3.46616682449088387e-01 -3.46616682449088387e-01 1
3 -3.32005565817538040e-01 -3.32005565817538040e-01 1
3 -3.17361248906077531e-01 -3.17361248906077531e-01 1
3 -3.02685196134193313e-01 -3.02685196134193313e-01 1
3 -2.87978875094932529e-01 -2.87978875094932529e-01 1
3 -2.73243756408142524e-01 -2.73243756408142524e-01 1
3 -2.58481313573415361e-01 -2.58481313573415361e-01 1
3 -2.43693022822731281e-01 -2.43693022822731281e-01 1
3 -2.28880362972841700e-01 -2.28880362972841700e-01 1
3 -2.14044815277386585e-01 -2.14044815277386585e-01 1
3 -1.99187863278775107e-01 -1.99187863278775107e-01 1
3 -1.84310992659825063e-01 -1.84310992659825063e-01 1
3 -1.69415691095201049e-01 -1.69415691095201049e-01 1
3 -1.54503448102646768e-01 -1.54503448102646768e-01 1
3 -1.39575754894033344e-01 -1.39575754894033344e-01 1
3 -1.24634104226244602e-01 -1.24634104226244602e-01 1
3 -1.09679990251894621e-01 -1.09679990251894621e-01 1
3 -9.47149083699191652e-02 -9.47149083699191652e-02 1
3 -7.97403550760341917e-02 -7.97403550760341917e-02 1
3 -6.47578278130930274e-02 -6.47578278130930274e-02 1
3 -4.97688248213352252e-02 -4.97688248213352252e-02 1
3 -3.47748449885691702e-02 -3.47748449885691702e-02 1
3 -1.97773877002818781e-02 -1.97773877002818781e-02 1
3 -4.77795268970698534e-03 -4.77795268970698447e-03 1
3 1.02219601121552629e-02 1.02219601121552629e-02 1
3 2.52208507265245692e-02 2.52208507265245692e-02 1
3 4.02172192768398551e-02 4.02172192768398551e-02 1
3 5.52095661387403749e-02 5.52095661387403749e-02 1
3 7.01963920900348370e-02 7.01963920900348370e-02 1
3 8.51761984606170808e-02 8.51761984606170808e-02 1
3 1.00147487282334524e-01 1.00147487282334524e-01 1
3 1.15108761438778379e-01 1.15108761438778379e-01 1
3 1.30058524815001991e-01 1.30058524815001991e-01 1
3 1.44995282447125867e-01 1.44995282447125867e-01 1
3 1.59917540671835334e-01 1.59917540671835334e-01 1
3 1.74823807275740456e-01 1.74823807275740456e-01 1
3 1.89712591644604023e-01 1.89712591644604023e-01 1
3 2.04582404912396459e-01 2.04582404912396459e-01 1
3 2.19431760110182394e-01 2.19431760110182394e-01 1
3 2.34259172314817854e-01 2.34259172314817854e-01 1
3 2.49063158797435819e-01 2.49063158797435819e-01 1
3 2.63842239171726001e-01 2.63842239171726001e-01 1
3 2.78594935541966793e-01 2.78594935541966793e-01 1
3 2.93319772650816379e-01 2.93319772650816379e-01 1
3 3.08015278026831929e-01 3.08015278026831929e-01 1
3 3.22679982131723275e-01 3.22679982131723275e-01 1
3 3.37312418507300538e-01 3.37312418507300538e-01 1
3 3.51911123922121205e-01 3.51911123922121205e-01 1
3 3.66474638517806595e-01 3.66474638517806595e-01 1
3 3.81001505955034681e-01 3.81001505955034681e-01 1
3 3.95490273559167549e-01 3.95490273559167549e-01 1
3 4.09939492465519861e-01 4.09939492465519861e-01 1
3 4.24347717764239407e-01 4.24347717764239407e-01 1
3 4.38713508644804573e-01 4.38713508644804573e-01 1
3 4.53035428540098539e-01 4.53035428540098539e-01 1
3 4.67312045270068033e-01 4.67312045270068033e-01 1
3 4.81541931184934657e-01 4.81541931184934657e-01 1
3 4.95723663307966356e-01 4.95723663307966356e-01 1
3 5.09855823477769032e-01 5.09855823477769032e-01 1
3 5.23936998490103556e-01 5.23936998490103556e-01 1
3 5.37965780239200608e-01 5.37965780239200608e-01 1
3 5.51940765858576987e-01 5.51940765858576987e-01 1
3 5.65860557861316615e-01 5.65860557861316615e-01 1
3 5.79723764279818976e-01 5.79723764279818976e-01 1
3 5.93528998804996211e-01 5.93528998804996211e-01 1
3 6.07274880924897453e-01 6.07274880924897453e-01 1
3 6.20960036062766951e-01 6.20960036062766951e-01 1
3 6.34583095714495227e-01 6.34583095714495227e-01 1
3 6.48142697585470717e-01 6.48142697585470717e-01 1
3 6.61637485726803476e-01 6.61637485726803476e-01 1
3 6.75066110670926367e-01 6.75066110670926367e-01 1
3 6.88427229566535459e-01 6.88427229566535459e-01 1
3 7.01719506312876495e-01 7.01719506312876495e-01 1
3 7.14941611693349244e-01 7.14941611693349244e-01 1
3 7.28092223508435388e-01 7.28092223508435388e-01 1
3 7.41170026707912211e-01 7.41170026707912211e-01 1
3 7.54173713522359179e-01 7.54173713522359179e-01 1
3 7.67101983593928560e-01 7.67101983593928560e-01 1
3 7.79953544106388064e-01 7.79953544106388064e-01 1
3 7.92727109914396211e-01 7.92727109914396211e-01 1
3 8.05421403672017644e-01 8.05421403672017644e-01 1
3 8.18035155960452953e-01 8.18035155960452953e-01 1
3 8.30567105414986129e-01 8.30567105414986129e-01 1
3 8.43015998851114556e-01 8.43015998851114556e-01 1
3 8.55380591389869993e-01 8.55380591389869993e-01 1
3 8.67659646582300104e-01 8.67659646582300104e-01 1
3 8.79851936533119550e-01 8.79851936533119550e-01 1
3 8.91956242023492996e-01 8.91956242023492996e-01 1
3 9.03971352632958469e-01 9.03971352632958469e-01 1
3 9.15896066860468649e-01 9.15896066860468649e-01 1
3 9.27729192244535872e-01 9.27729192244535872e-01 1
3 9.39469545482483737e-01 9.39469545482483737e-01 1
3 9.51115952548772126e-01 9.51115952548772126e-01 1
3 9.62667248812400622e-01 9.62667248812400622e-01 1
3 9.74122279153366799e-01 9.74122279153366799e-01 1
3 1.47035948916046744e+00 1.17412227915336675e+00 1
3 1.38210095718347459e+00 1.37412227915336671e+00 1
3 1.23874242151537195e+00 1.23874242151537195e+00 1
3 1.04599913457921811e+00 1.04599913457921811e+00 1
3 8.11555162988505940e-01 8.45999134579218159e-01 1
3 5.44757048059888449e-01 6.45999134579218204e-01 1
3 2.56241188705357947e-01 4.45999134579218193e-01 1
3 -4.24901982269837164e-02 2.45999134579218182e-01 1
3 -3.39527635041589948e-01 4.59991345792181705e-02 1
3 -6.23029176488538838e-01 -1.54000865420781841e-01 1
3 -8.81692510751109770e-01 -3.54000865420781852e-01 1
3 -1.10520554695167839e+00 -5.54000865420781863e-01 1
3 -1.28465752567303926e+00 -7.54000865420781929e-01 1
3 -1.41289426281707264e+00 -9.54000865420781885e-01 1
3 -1.48480336434827742e+00 -1.15400086542078184e+00 1
3 -1.49751804131087685e+00 -1.35400086542078180e+00 1
3 -1.45053139965785882e+00 -1.45053139965785882e+00 1
3 -1.34571664851702044e+00 -1.34571664851702044e+00 1
3 -1.18725242125426944e+00 -1.18725242125426944e+00 1
3 -9.81456186547752907e-01 -9.87252421254269485e-01 1
3 -7.36532390847703944e-01 -7.87252421254269530e-01 1
3 -4.62245372986883951e-01 -5.87252421254269574e-01 1
3 -1.69530090804742684e-01 -3.87252421254269563e-01 1
3 1.29943821114645031e-01 -1.87252421254269552e-01 1
3 4.24237282947673378e-01 1.27475787457304590e-02 1
3 7.01617743067700084e-01 2.12747578745730470e-01 1
3 9.51026917854475462e-01 4.12747578745730481e-01 1
3 1.16252165056534507e+00 6.12747578745730492e-01 1
3 1.32767031361738908e+00 8.12747578745730559e-01 1
3 1.43988895097147762e+00 1.01274757874573051e+00 1
3 1.49470375968266067e+00 1.21274757874573047e+00 1
3 1.48992944630576973e+00 1.41274757874573043e+00 1
3 1.42575634764892611e+00 1.42575634764892611e+00 1
3 1.30474284264565799e+00 1.30474284264565799e+00 1
3 1.13171335786021876e+00 1.13171335786021876e+00 1
3 9.13566032824938645e-01 9.31713357860218805e-01 1
3 6.58997712985220918e-01 7.31713357860218849e-01 1
3 3.78157233916358582e-01 5.31713357860218894e-01 1
3 8.22408192754117695e-02 3.31713357860218883e-01 1
3 -2.16954277304174714e-01 1.31713357860218871e-01 1
3 -5.07500091486414728e-01 -6.82866421397811396e-02 1
3 -7.77813478530279157e-01 -2.68286642139781151e-01 1
3 -1.01711789671747410e+00 -4.68286642139781162e-01 1
3 -1.21587303406367808e+00 -6.68286642139781173e-01 1
3 -1.36615515045102187e+00 -8.68286642139781240e-01 1
3 -1.46197297214174204e+00 -1.06828664213978120e+00 1
3 -1.49950654495567814e+00 -1.26828664213978115e+00 1
3 -1.47725952378876579e+00 -1.46828664213978111e+00 1
3 -1.39611882717040459e+00 -1.39611882717040459e+00 1
3 -1.25931927862047011e+00 -1.25931927862047011e+00 1
3 -1.07231464444374702e+00 -1.07231464444374702e+00 1
3 -8.42560209277561256e-01 -8.72314644443747067e-01 1
3 -5.79215557420006188e-01 -6.72314644443747111e-01 1
3 -2.92779409108506861e-01 -4.72314644443747100e-01 1
3 5.32893032533722239e-03 -2.72314644443747089e-01 1
3 3.03224822123480453e-01 -7.23146444437470781e-02 1
3 5.89032097144860711e-01 1.27685355556252933e-01 1
3 8.51356521251307230e-01 3.27685355556252944e-01 1
3 1.07974004746632923e+00 5.27685355556252955e-01 1
3 1.26507774530565076e+00 7.27685355556253022e-01 1
3 1.39998078562329287e+00 9.27685355556252977e-01 1
3 1.47907100991298979e+00 1.12768535555625293e+00 1
3 1.49919534051592462e+00 1.32768535555625289e+00 1
3 1.45955148387697164e+00 1.45955148387697164e+00 1
3 1.36171991545688331e+00 1.36171991545688331e+00 1
3 1.20960087116322934e+00 1.20960087116322934e+00 1
3 1.00925885725255249e+00 1.00960087116322939e+00 1
3 7.68680877603742818e-01 8.09600871163229430e-01 1
3 4.97458017077615833e-01 6.09600871163229474e-01 1
3 2.06403075230193911e-01 4.09600871163229463e-01 1
3 -9.28805058840859732e-02 2.09600871163229452e-01 1
3 -3.88461234330194416e-01 9.60087116322944079e-03 1
3 -6.68555239223829756e-01 -1.90399128836770570e-01 1
3 -9.21996056477705217e-01 -3.90399128836770581e-01 1
3 -1.13867980048658568e+00 -5.90399128836770593e-01 1
3 -1.30996797416197142e+00 -7.90399128836770659e-01 1
3 -1.42903185855052794e+00 -9.90399128836770615e-01 1
3 -1.49112475230946462e+00 -1.19039912883677057e+00 1
3 -1.49377120771008731e+00 -1.39039912883677053e+00 1
3 -1.43686571892694492e+00 -1.43686571892694492e+00 1
3 -1.32267692822217153e+00 -1.32267692822217153e+00 1
3 -1.15575718233757252e+00 -1.15575718233757252e+00 1
3 -9.42761044795895287e-01 -9.55757182337572564e-01 1
3 -6.92179999452686934e-01 -7.55757182337572608e-01 1
3 -4.14003921831635646e-01 -5.55757182337572653e-01 1
3 -1.19322814312083150e-01 -3.55757182337572642e-01 1
3 1.80115317269218922e-01 -1.55757182337572631e-01 1
3 4.72372819537707211e-01 4.42428176624273806e-02 1
3 7.45798308149898448e-01 2.44242817662427392e-01 1
3 9.89491171718773210e-01 4.44242817662427403e-01 1
3 1.19373614479118295e+00 6.44242817662427414e-01 1
3 1.35039062482303374e+00 8.44242817662427480e-01 1
3 1.45320929204721105e+00 1.04424281766242744e+00 1
3 1.49809309066458196e+00 1.24424281766242739e+00 1
3 1.48325264526327683e+00 1.44424281766242735e+00 1
3 1.40927959756972232e+00 1.40927959756972232e+00 1
3 1.27912301955998742e+00 1.27912301955998742e+00 1
3 1.09797184326652264e+00 1.09797184326652264e+00 1
3 8.73047994432505026e-01 8.97971843266522685e-01 1
3 6.13318477122759331e-01 6.97971843266522729e-01 1
3 3.29137887568507093e-01 4.97971843266522718e-01 1
3 3.18356090915236575e-02 2.97971843266522707e-01 1
3 -2.66735854656823146e-01 9.79718432665226957e-02 1
3 -5.54673401613707484e-01 -1.02028156733477315e-01 1
3 -8.20497870421351139e-01 -3.02028156733477327e-01 1
3 -1.05361167836605651e+00 -5.02028156733477338e-01 1
3 -1.24472131355825333e+00 -7.02028156733477404e-01 1
3 -1.38620783792410385e+00 -9.02028156733477360e-01 1
3 -1.47243063022372667e+00 -1.10202815673347732e+00 1
3 -1.49995225981986779e+00 -1.30202815673347727e+00 1
3 -1.46767552619006936e+00 -1.46767552619006936e+00 1
3 -1.37688720084901184e+00 -1.37688720084901184e+00 1
3 -1.23120672782894025e+00 -1.23120672782894025e+00 1
3 -1.03644192786780809e+00 -1.03644192786780809e+00 1
3 -8.00357458924251919e-01 -8.36441927867808133e-01 1
3 -5.32365263767403007e-01 -6.36441927867808177e-01 1
3 -2.43149345519845572e-01 -4.36441927867808166e-01 1
3 5.57601698314166005e-02 -2.36441927867808155e-01 1
3 3.52446703172933085e-01 -3.64419278678081437e-02 1
3 6.35082298668791290e-01 1.63558072132191867e-01 1
3 8.92399167034812812e-01 3.63558072132191878e-01 1
3 1.11413889673960864e+00 5.63558072132191890e-01 1
3 1.29146142449996715e+00 7.63558072132191956e-01 1
3 1.41729746070772711e+00 9.63558072132191912e-01 1
3 1.48663031969782500e+00 1.16355807213219187e+00 1
3 1.49669591917483613e+00 1.36355807213219182e+00 1
3 1.44709297545143722e+00 1.44709297545143722e+00 1
3 1.33979900136275298e+00 1.33979900136275298e+00 1
3 1.17909146906995521e+00 1.17909146906995521e+00 1
3 9.71377280743657812e-01 9.79091469069955256e-01 1
3 7.24937345592384874e-01 7.79091469069955300e-01 1
3 4.49596446144388873e-01 5.79091469069955345e-01 1
3 1.56331555172285225e-01 3.79091469069955334e-01 1
3 -1.43165781571828965e-01 1.79091469069955322e-01 1
3 -4.36955550390381642e-01 -2.09085309300446887e-02 1
3 -7.13325280307848142e-01 -2.20908530930044700e-01 1
3 -9.61256982327568732e-01 -4.20908530930044711e-01 1
3 -1.17086640188367674e+00 -6.20908530930044722e-01 1
3 -1.33379707287930227e+00 -8.20908530930044789e-01 1
3 -1.44355346361926840e+00 -1.02090853093004474e+00 1
3 -1.49575993316111977e+00 -1.22090853093004470e+00 1
3 -1.48833517431125872e+00 -1.42090853093004466e+00 1
3 -1.42157518877485045e+00 -1.42157518877485045e+00 1
3 -1.29814148650189565e+00 -1.29814148650189565e+00 1
3 -1.12295497968447933e+00 -1.12295497968447933e+00 1
3 -9.02999801516406908e-01 -9.22954979684479371e-01 1
3 -6.47044870842497066e-01 -7.22954979684479415e-01 1
3 -3.65294303036298507e-01 -5.22954979684479460e-01 1
3 -6.89806041208351484e-02 -3.22954979684479448e-01 1
3 2.30083133800000117e-01 -1.22954979684479437e-01 1
3 5.19974183245545452e-01 7.70450203155205737e-02 1
3 7.89135502878551387e-01 2.77045020315520585e-01 1
3 1.02683648027283625e+00 4.77045020315520596e-01 1
3 1.22360072756856653e+00 6.77045020315520607e-01 1
3 1.37158387515149482e+00 8.77045020315520674e-01 1
3 1.46488630191534863e+00 1.07704502031552063e+00 1
3 1.49978833453788751e+00 1.27704502031552058e+00 1
3 1.47489853911817437e+00 1.47489853911817437e+00 1
3 1.39120919325529502e+00 1.39120919325529502e+00 1
3 1.25205672707182258e+00 1.25205672707182258e+00 1
3 1.06298871027348407e+00 1.06298871027348407e+00 1
3 8.31542688051363776e-01 8.62988710273484116e-01 1
3 5.66945682941364382e-01 6.62988710273484161e-01 1
3 2.79746342553014060e-01 4.62988710273484150e-01 1
3 -1.86056017222512582e-02 2.62988710273484139e-01 1
3 -3.16215799370221984e-01 6.29887102734841275e-02 1
3 -6.01219470974001302e-01 -1.37011289726515884e-01 1
3 -8.62254419527761495e-01 -3.37011289726515895e-01 1
3 -1.08891400537615102e+00 -5.37011289726515906e-01 1
3 -1.27216202609701590e+00 -7.37011289726515972e-01 1
3 -1.40469296137681976e+00 -9.37011289726515928e-01 1
3 -1.48122322105151594e+00 -1.13701128972651588e+00 1
3 -1.49870178517305219e+00 -1.33701128972651584e+00 1
3 -1.45643183854670655e+00 -1.45643183854670655e+00 1
3 -1.35609855055395290e+00 -1.35609855055395290e+00 1
3 -1.20170189276706108e+00 -1.20170189276706108e+00 1
3 -9.99397172705133285e-01 -1.00170189276706112e+00 1
3 -7.57249641147633379e-01 -8.01701892767061164e-01 1
3 -4.84912956036968490e-01 -6.01701892767061208e-01 1
3 -1.93244321600470004e-01 -4.01701892767061197e-01 1
3 1.06128354120517757e-01 -2.01701892767061186e-01 1
3 4.01270027270150043e-01 -1.70189276706117498e-03 1
3 6.80414330713276838e-01 1.98298107232938836e-01 1
3 9.32432661962486753e-01 3.98298107232938847e-01 1
3 1.14727784544063649e+00 5.98298107232938858e-01 1
3 1.31638468166567346e+00 7.98298107232938925e-01 1
3 1.43301141472479987e+00 9.98298107232938881e-01 1
3 1.49250850480785457e+00 1.19829810723293884e+00 1
3 1.49250399068716688e+00 1.39829810723293879e+00 1
3 1.43299805232648425e+00 1.43299805232648425e+00 1
3 1.31636300370640313e+00 1.31636300370640313e+00 1
3 1.14724871615219892e+00 1.14724871615219892e+00 1
3 9.32397242637709622e-01 9.47248716152198966e-01 1
3 6.80374033408866929e-01 7.47248716152199011e-01 1
3 4.01226458512468576e-01 5.47248716152199055e-01 1
3 1.06083250858486869e-01 3.47248716152199044e-01 1
3 -1.93289161242208019e-01 1.47248716152199033e-01 1
3 -4.84955744443354764e-01 -5.27512838478009782e-02 1
3 -7.57288672479931702e-01 -2.52751283847800989e-01 1
3 -9.99430890907295644e-01 -4.52751283847801000e-01 1
3 -1.20172895360074561e+00 -6.52751283847801012e-01 1
3 -1.35611787518916627e+00 -8.52751283847801078e-01 1
3 -1.45644265657119920e+00 -1.05275128384780103e+00 1
3 -1.49870366530632615e+00 -1.25275128384780099e+00 1
3 -1.48121608833859053e+00 -1.45275128384780094e+00 1
3 -1.40467710017646619e+00 -1.40467710017646619e+00 1
3 -1.27213806874520907e+00 -1.27213806874520907e+00 1
3 -1.08888290697692147e+00 -1.08888290697692147e+00 1
3 -8.62217419876149638e-01 -8.88882906976921516e-01 1
3 -6.01178045129357685e-01 -6.88882906976921561e-01 1
3 -3.16171598850287283e-01 -4.88882906976921550e-01 1
3 -1.85603886621909173e-02 -2.88882906976921539e-01 1
3 2.79790765651131812e-01 -8.88829069769215274e-02 1
3 5.66987545068802890e-01 1.11117093023078484e-01 1
3 8.31580320297205633e-01 3.11117093023078495e-01 1
3 1.06302061235881262e+00 5.11117093023078506e-01 1
3 1.25208162716122784e+00 7.11117093023078573e-01 1
3 1.39122609866075897e+00 9.11117093023078528e-01 1
3 1.47490677587452956e+00 1.11111709302307848e+00 1
3 1.49978757427165044e+00 1.31111709302307844e+00 1
3 1.46487657493594403e+00 1.46487657493594403e+00 1
3 1.37156556924287854e+00 1.37156556924287854e+00 1
3 1.22357457252955637e+00 1.22357457252955637e+00 1
3 1.02680351882230081e+00 1.02680351882230081e+00 1
3 7.89097049085507596e-01 8.26803518822300854e-01 1
3 5.19931770141414007e-01 6.26803518822300898e-01 1
3 2.30038452261322024e-01 4.26803518822300887e-01 1
3 -6.90257727820735995e-02 2.26803518822300876e-01 1
3 -3.65338158088111653e-01 2.68035188223008647e-02 1
3 -6.47085663922361665e-01 -1.73196481177699146e-01 1
3 -9.03035906332924965e-01 -3.73196481177699158e-01 1
3 -1.12298495685261823e+00 -5.73196481177699169e-01 1
3 -1.29816414092652588e+00 -7.73196481177699235e-01 1
3 -1.42158961729555222e+00 -9.73196481177699191e-01 1
3 -1.48834080170844385e+00 -1.17319648117769915e+00 1
3 -1.49575653508822359e+00 -1.37319648117769910e+00 1
3 -1.44354117554672801e+00 -1.44354117554672801e+00 1
3 -1.33377638469379556e+00 -1.33377638469379556e+00 1
3 -1.17083813835787476e+00 -1.17083813835787476e+00 1
3 -9.61222270239054044e-01 -9.70838138357874803e-01 1
3 -7.13285503518087505e-01 -7.70838138357874847e-01 1
3 -4.36912294674386192e-01 -5.70838138357874891e-01 1
3 -1.43120771398531632e-01 -3.70838138357874880e-01 1
3 1.56376525389312876e-01 -1.70838138357874869e-01 1
3 4.49639583584505731e-01 2.91618616421251420e-02 1
3 7.24976930501944006e-01 2.29161861642125153e-01 1
3 9.71411734997305931e-01 4.29161861642125164e-01 1
3 1.17911941908528850e+00 6.29161861642125175e-01 1
3 1.33981933286086141e+00 8.29161861642125242e-01 1
3 1.44710487787965114e+00 1.02916186164212520e+00 1
3 1.49669891802090049e+00 1.22916186164212515e+00 1
3 1.48662429540721552e+00 1.42916186164212511e+00 1
3 1.41728265344989701e+00 1.41728265344989701e+00 1
3 1.29143842459355951e+00 1.29143842459355951e+00 1
3 1.11410862111831088e+00 1.11410862111831088e+00 1
3 8.92362822692140512e-01 9.14108621118310927e-01 1
3 6.35041334538928193e-01 7.14108621118310971e-01 1
3 3.52402752366501482e-01 5.14108621118311016e-01 1
3 5.57149845283740480e-02 3.14108621118311004e-01 1
3 -2.43193963924057233e-01 1.14108621118310993e-01 1
3 -5.32407536477769394e-01 -8.58913788816890178e-02 1
3 -8.00395700661288290e-01 -2.85891378881689029e-01 1
3 -1.03647461405409747e+00 -4.85891378881689040e-01 1
3 -1.23123255536938281e+00 -6.85891378881689051e-01 1
3 -1.37690514008107345e+00 -8.85891378881689118e-01 1
3 -1.46768486193316972e+00 -1.08589137888168907e+00 1
3 -1.49995261988740713e+00 -1.28589137888168903e+00 1
3 -1.47242200026093961e+00 -1.47242200026093961e+00 1
3 -1.38619056198037316e+00 -1.38619056198037316e+00 1
3 -1.24469608037093860e+00 -1.24469608037093860e+00 1
3 -1.05357949390273808e+00 -1.05357949390273808e+00 1
3 -8.20460017774958361e-01 -8.53579493902738129e-01 1
3 -5.54631389849831069e-01 -6.53579493902738173e-01 1
3 -2.66691358651913291e-01 -4.53579493902738162e-01 1
3 3.18808154221664822e-02 -2.53579493902738151e-01 1
3 3.29182001991095430e-01 -5.35794939027381401e-02 1
3 6.13359740934557252e-01 1.46420506097261871e-01 1
3 8.73084762575509932e-01 3.46420506097261882e-01 1
3 1.09800264991090168e+00 5.46420506097261893e-01 1
3 1.27914663654204475e+00 7.46420506097261960e-01 1
3 1.40929508335489695e+00 9.46420506097261915e-01 1
3 1.48325938248221045e+00 1.14642050609726187e+00 1
3 1.49809081072560168e+00 1.34642050609726183e+00 1
3 1.45319808584428900e+00 1.45319808584428900e+00 1
3 1.35037093911211770e+00 1.35037093911211770e+00 1
3 1.19370876437947060e+00 1.19370876437947060e+00 1
3 9.89457188176825375e-01 9.93708764379470644e-01 1
3 7.45759076294317036e-01 7.93708764379470688e-01 1
3 4.72329903418770902e-01 5.93708764379470733e-01 1
3 1.80070427817160067e-01 3.93708764379470721e-01 1
3 -1.19367887496425282e-01 1.93708764379470710e-01 1
3 -4.14047381822721272e-01 -6.29123562052930074e-03 1
3 -6.92220113637774803e-01 -2.06291235620529312e-01 1
3 -9.42796213949013806e-01 -4.06291235620529323e-01 1
3 -1.15578600437556966e+00 -6.06291235620529334e-01 1
3 -1.32269825410132524e+00 -8.06291235620529401e-01 1
3 -1.43687869845179006e+00 -1.00629123562052936e+00 1
3 -1.49377532342790786e+00 -1.20629123562052931e+00 1
3 -1.49111984013957910e+00 -1.40629123562052927e+00 1
3 -1.42901811432564818e+00 -1.42901811432564818e+00 1
3 -1.30994594582099189e+00 -1.30994594582099189e+00 1
3 -1.13865036622990590e+00 -1.13865036622990590e+00 1
3 -9.21960389756274923e-01 -9.38650366229905941e-01 1
3 -6.68514761957279213e-01 -7.38650366229905986e-01 1
3 -3.88417560219407654e-01 -5.38650366229906030e-01 1
3 -9.28353760780810944e-02 -3.38650366229906019e-01 1
3 2.06447861548550271e-01 -1.38650366229906008e-01 1
3 4.97500674419099731e-01 6.13496337700940031e-02 1
3 7.68719705354762195e-01 2.61349633770094014e-01 1
3 1.00929230747320231e+00 4.61349633770094025e-01 1
3 1.20962761029874555e+00 6.61349633770094036e-01 1
3 1.36173887750236222e+00 8.61349633770094103e-01 1
3 1.45956191287546311e+00 1.06134963377009406e+00 1
3 1.49919682069618920e+00 1.26134963377009401e+00 1
3 1.47906348226490092e+00 1.46134963377009397e+00 1
3 1.39996455025044053e+00 1.39996455025044053e+00 1
3 1.26505344946108678e+00 1.26505344946108678e+00 1
3 1.07970865974875152e+00 1.07970865974875152e+00 1
3 8.51319292989907828e-01 8.79708659748751565e-01 1
3 5.88990512512970521e-01 6.79708659748751609e-01 1
3 3.03180538969186841e-01 4.79708659748751598e-01 1
3 5.28371407817651486e-03 2.79708659748751587e-01 1
3 -2.92823755819364928e-01 7.97086597487515758e-02 1
3 -5.79257266631225898e-01 -1.20291340251248435e-01 1
3 -8.42597618174470320e-01 -3.20291340251248446e-01 1
3 -1.07234626165164637e+00 -5.20291340251248458e-01 1
3 -1.25934384366111352e+00 -7.20291340251248524e-01 1
3 -1.39613536071309552e+00 -9.20291340251248480e-01 1
3 -1.47726736669336223e+00 -1.12029134025124844e+00 1
3 -1.49950538455030791e+00 -1.32029134025124839e+00 1
3 -1.46196285468811493e+00 -1.46196285468811493e+00 1
3 -1.36613647930006765e+00 -1.36613647930006765e+00 1
3 -1.21584655357530003e+00 -1.21584655357530003e+00 1
3 -1.01708466258513086e+00 -1.01708466258513086e+00 1
3 -7.77774815693975441e-01 -8.17084662585130905e-01 1
3 -5.07457541311466698e-01 -6.17084662585130950e-01 1
3 -2.16909536131704050e-01 -4.17084662585130939e-01 1
3 8.22859677559649172e-02 -2.17084662585130928e-01 1
3 3.78200989777632279e-01 -1.70846625851309164e-02 1
3 6.59038331819063128e-01 1.82915337414869095e-01 1
3 9.13601895286590526e-01 3.82915337414869106e-01 1
3 1.13174303422657108e+00 5.82915337414869117e-01 1
3 1.30476514981357861e+00 7.82915337414869184e-01 1
3 1.42577039630206559e+00 9.82915337414869139e-01 1
3 1.48993467636863941e+00 1.18291533741486909e+00 1
3 1.49469996264916194e+00 1.38291533741486905e+00 1
3 1.43987627821734687e+00 1.43987627821734687e+00 1
3 1.32764927036536573e+00 1.32764927036536573e+00 1
3 1.16249307574344263e+00 1.16249307574344263e+00 1
3 9.50991950650689755e-01 9.62493075743442672e-01 1
3 7.01577777514138412e-01 7.62493075743442716e-01 1
3 4.24193912344763890e-01 5.62493075743442761e-01 1
3 1.29898774511542026e-01 3.62493075743442750e-01 1
3 -1.69575017542209550e-01 1.62493075743442739e-01 1
3 -4.62288388771423975e-01 -3.75069242565572725e-02 1
3 -7.36571780775694518e-01 -2.37506924256557284e-01 1
3 -9.81490380267139861e-01 -4.37506924256557295e-01 1
3 -1.18728005556930216e+00 -6.37506924256557306e-01 1
3 -1.34573662173481479e+00 -8.37506924256557372e-01 1
3 -1.45054291550922443e+00 -1.03750692425655733e+00 1
3 -1.49752064069515756e+00 -1.23750692425655728e+00 1
3 -1.48479694363622983e+00 -1.43750692425655724e+00 1
3 -1.41287907798223622e+00 -1.41287907798223622e+00 1
3 -1.28463418208683233e+00 -1.28463418208683233e+00 1
3 -1.10517497524923236e+00 -1.10517497524923236e+00 1
3 -8.81655929729760812e-01 -9.05174975249232405e-01 1
3 -6.22988044518102635e-01 -7.05174975249232450e-01 1
3 -3.39483591924004513e-01 -5.05174975249232494e-01 1
3 -4.24449998222795402e-02 -3.05174975249232483e-01 1
3 2.56285740479375579e-01 -1.05174975249232472e-01 1
3 5.44799177064541063e-01 9.48250247507675392e-02 1
3 8.11593189673401549e-01 2.94825024750767550e-01 1
3 1.04603154294035972e+00 4.94825024750767561e-01 1
3 1.23876791953373133e+00 6.94825024750767573e-01 1
3 1.38211852833349269e+00 8.94825024750767639e-01 1
3 1.47036843293583375e+00 1.09482502475076759e+00 1
3 1.49999938813293721e+00 1.29482502475076755e+00 1
3 1.46983010124697322e+00 1.46983010124697322e+00 1
3 1.38106332654138608e+00 1.38106332654138608e+00 1
3 1.23723791520395654e+00 1.23723791520395654e+00 1
3 1.04408773251736720e+00 1.04408773251736720e+00 1
3 8.09313066744647980e-01 8.44087732517367240e-01 1
3 5.42273642935922062e-01 6.44087732517367284e-01 1
3 2.53615480226737522e-01 4.44087732517367273e-01 1
3 -4.51535313491177176e-02 2.44087732517367262e-01 1
3 -3.42122414120291762e-01 4.40877325173672507e-02 1
3 -6.25451955870239495e-01 -1.55912267482632760e-01 1
3 -8.83846701867383233e-01 -3.55912267482632771e-01 1
3 -1.10700526900066221e+00 -5.55912267482632783e-01 1
3 -1.28603102941599179e+00 -7.55912267482632849e-01 1
3 -1.41378679099410376e+00 -9.55912267482632805e-01 1
3 -1.48517933467750485e+00 -1.15591226748263276e+00 1
3 -1.49736246504171699e+00 -1.35591226748263272e+00 1
3 -1.44985047912521381e+00 -1.44985047912521381e+00 1
3 -1.34453752987375763e+00 -1.34453752987375763e+00 1
3 -1.18562211223977210e+00 -1.18562211223977210e+00 1
3 -9.79439682437691417e-01 -9.85622112239772141e-01 1
3 -7.34210083297499594e-01 -7.85622112239772186e-01 1
3 -4.59709845070098044e-01 -5.85622112239772230e-01 1
3 -1.66882426018096497e-01 -3.85622112239772219e-01 1
3 1.32598068731297231e-01 -1.85622112239772208e-01 1
3 4.26792296917818392e-01 1.43778877602278032e-02 1
3 7.03971663047161078e-01 2.14377887760227814e-01 1
3 9.53085900481895232e-01 4.14377887760227825e-01 1
3 1.16420361070086420e+00 6.14377887760227837e-01 1
3 1.32890819681813621e+00 8.14377887760227903e-01 1
3 1.44063340674060525e+00 1.01437788776022786e+00 1
3 1.49492510891791985e+00 1.21437788776022781e+00 1
3 1.48961886451165881e+00 1.41437788776022777e+00 1
3 1.42492621674147846e+00 1.42492621674147846e+00 1
3 1.30342625732452388e+00 1.30342625732452388e+00 1
3 1.12996280622742695e+00 1.12996280622742695e+00 1
3 9.11451303849903027e-01 9.29962806227426997e-01 1
3 6.56603114238763164e-01 7.29962806227427041e-01 1
3 3.75578230493906706e-01 5.29962806227427086e-01 1
3 7.95802279049029337e-02 3.29962806227427075e-01 1
3 -2.19590387240779922e-01 1.29962806227427063e-01 1
3 -5.10006626604669777e-01 -7.00371937725729476e-02 1
3 -7.80090511184848068e-01 -2.70037193772572959e-01 1
3 -1.01907464880201148e+00 -4.70037193772572970e-01 1
3 -1.21743149604746170e+00 -6.70037193772572981e-01 1
3 -1.36725319137276924e+00 -8.70037193772573048e-01 1
3 -1.46256681657497190e+00 -1.07003719377257300e+00 1
3 -1.49957251819682180e+00 -1.27003719377257296e+00 1
3 -1.47679499569288963e+00 -1.47003719377257291e+00 1
3 -1.39514231700678804e+00 -1.39514231700678804e+00 1
3 -1.25786971676778037e+00 -1.25786971676778037e+00 1
3 -1.07044982035869385e+00 -1.07044982035869385e+00 1
3 -8.40354467611623246e-01 -8.70449820358693893e-01 1
3 -5.76756834132784002e-01 -6.70449820358693938e-01 1
3 -2.90165725738511848e-01 -4.70449820358693926e-01 1
3 7.99337447009818708e-03 -2.70449820358693915e-01 1
3 3.05833804063095405e-01 -7.04498203586939042e-02 1
3 5.91481605002515787e-01 1.29550179641306107e-01 1
3 8.53548900878586814e-01 3.29550179641306118e-01 1
3 1.08158789560594770e+00 5.29550179641306129e-01 1
3 1.26650739408350343e+00 7.29550179641306196e-01 1
3 1.40093523945412457e+00 9.29550179641306151e-01 1
3 1.47951221773451813e+00 1.12955017964130611e+00 1
3 1.49910571276461746e+00 1.32955017964130606e+00 1
3 1.45893459372843659e+00 1.45893459372843659e+00 1
3 1.36060035637463317e+00 1.36060035637463317e+00 1
3 1.20802327643490037e+00 1.20802327643490037e+00 1
3 1.00728612060157485e+00 1.00802327643490042e+00 1
3 7.66391645815061029e-01 8.08023276434900461e-01 1
3 4.94943554598595958e-01 6.08023276434900506e-01 1
3 2.03763625744950383e-01 4.08023276434900495e-01 1
3 -9.55397158538007080e-02 2.08023276434900484e-01 1
3 -3.91034190474510157e-01 8.02327643490047260e-03 1
3 -6.70939365900705353e-01 -1.91976723565099539e-01 1
3 -9.24096306080046670e-01 -3.91976723565099550e-01 1
3 -1.14041244269053443e+00 -5.91976723565099561e-01 1
3 -1.31126393399049124e+00 -7.91976723565099627e-01 1
3 -1.42983947017489332e+00 -9.91976723565099583e-01 1
3 -1.49141181880277829e+00 -1.19197672356509954e+00 1
3 -1.49352628463715487e+00 -1.39197672356509949e+00 1
3 -1.43609857059777735e+00 -1.43609857059777735e+00 1
3 -1.32141813841978029e+00 -1.32141813841978029e+00 1
3 -1.15405693503903795e+00 -1.15405693503903795e+00 1
3 -9.40687123495569155e-01 -9.54056935039037990e-01 1
3 -6.89815084848214077e-01 -7.54056935039038034e-01 1
3 -4.11442295605302655e-01 -5.54056935039038079e-01 1
3 -1.16666600417892743e-01 -3.54056935039038068e-01 1
3 1.82760223965473034e-01 -1.54056935039038057e-01 1
3 4.74900974952531141e-01 4.59430649609619546e-02 1
3 7.48108922704921908e-01 2.45943064960961966e-01 1
3 9.91492128503325798e-01 4.45943064960961977e-01 1
3 1.19534767197261171e+00 6.45943064960961988e-01 1
3 1.35154847589808358e+00 8.45943064960962054e-01 1
3 1.45386730714732959e+00 1.04594306496096201e+00 1
3 1.49822503680421226e+00 1.24594306496096197e+00 1
3 1.48285326216621627e+00 1.44594306496096192e+00 1
3 1.40836480737972236e+00 1.40836480737972236e+00 1
3 1.27772929207513553e+00 1.27772929207513553e+00 1
3 1.09615474200347895e+00 1.09615474200347895e+00 1
3 8.70879961484467113e-01 8.96154742003478999e-01 1
3 6.10885945121673712e-01 6.96154742003479043e-01 1
3 3.26537833888993156e-01 4.96154742003479032e-01 1
3 2.91716896688396891e-02 2.96154742003479021e-01 1
3 -2.69357437761778562e-01 9.61547420034790101e-02 1
3 -5.57148134155383890e-01 -1.03845257996521001e-01 1
3 -8.22727092622860035e-01 -3.03845257996521012e-01 1
3 -1.05550651817290131e+00 -5.03845257996521023e-01 1
3 -1.24620622968684791e+00 -7.03845257996521090e-01 1
3 -1.38722363145432492e+00 -9.03845257996521045e-01 1
3 -1.47293680467303822e+00 -1.10384525799652100e+00 1
3 -1.49992863561031742e+00 -1.30384525799652096e+00 1
3 -1.46712304514433334e+00 -1.46712304514433334e+00 1
3 -1.37582788864292871e+00 -1.37582788864292871e+00 1
3 -1.22968281589731387e+00 -1.22968281589731387e+00 1
3 -1.03451416977040056e+00 -1.03451416977040056e+00 1
3 -7.98102708292954377e-01 -8.34514169770400605e-01 1
3 -5.29873410394638977e-01 -6.34514169770400649e-01 1
3 -2.40519731736089093e-01 -4.34514169770400638e-01 1
3 5.84227096228333298e-02 -2.34514169770400627e-01 1
3 3.55036021912615074e-01 -3.45141697704006156e-02 1
3 6.37495168389736300e-01 1.65485830229599395e-01 1
3 8.94539394235456142e-01 3.65485830229599407e-01 1
3 1.11592115731533803e+00 5.65485830229599418e-01 1
3 1.29281466534587697e+00 7.65485830229599484e-01 1
3 1.41816773238167526e+00 9.65485830229599440e-01 1
3 1.48698292721449943e+00 1.16548583022959940e+00 1
3 1.49651680518525065e+00 1.36548583022959935e+00 1
3 1.44638928066512951e+00 1.44638928066512951e+00 1
3 1.33859877987021614e+00 1.33859877987021614e+00 1
3 1.17744256991460494e+00 1.17744256991460494e+00 1
3 9.69345440331364161e-01 9.77442569914604986e-01 1
3 7.22603566988568979e-01 7.77442569914605031e-01 1
3 4.47053769737320805e-01 5.77442569914605075e-01 1
3 1.53681349446435273e-01 3.77442569914605064e-01 1
3 -1.45817861277336480e-01 1.77442569914605053e-01 1
3 -4.39503774026892780e-01 -2.25574300853949583e-02 1
3 -7.15668058240317539e-01 -2.22557430085394969e-01 1
3 -9.63300915392891977e-01 -4.22557430085394981e-01 1
3 -1.17253000492054338e+00 -6.22557430085394992e-01 1
3 -1.33501402328441565e+00 -8.22557430085395058e-01 1
3 -1.44427524542032426e+00 -1.02255743008539501e+00 1
3 -1.49595777119540418e+00 -1.22255743008539497e+00 1
3 -1.48800118140065929e+00 -1.42255743008539493e+00 1
3 -1.42072268016273684e+00 -1.42072268016273684e+00 1
3 -1.29680444901640790e+00 -1.29680444901640790e+00 1
3 -1.12118671679085624e+00 -1.12118671679085624e+00 1
3 -9.00870808276162283e-01 -9.21186716790856286e-01 1
3 -6.44640023497692671e-01 -7.21186716790856330e-01 1
3 -3.62709475261637215e-01 -5.21186716790856375e-01 1
3 -6.63188448428394944e-02 -3.21186716790856364e-01 1
3 2.32715708638667085e-01 -1.21186716790856353e-01 1
3 5.22472621193593723e-01 7.88132832091436586e-02 1
3 7.91400199099269175e-01 2.78813283209143670e-01 1
3 1.02877714847456581e+00 4.78813283209143681e-01 1
3 1.22513999943421270e+00 6.78813283209143692e-01 1
3 1.37266038476927621e+00 8.78813283209143759e-01 1
3 1.46545713224390184e+00 1.07881328320914371e+00 1
3 1.49983072837337272e+00 1.27881328320914367e+00 1
3 1.47441080635215216e+00 1.47441080635215216e+00 1
3 1.39021077825403250e+00 1.39021077825403250e+00 1
3 1.25058743349070856e+00 1.25058743349070856e+00 1
3 1.06110711421098936e+00 1.06110711421098936e+00 1
3 8.29323802804780241e-01 8.61107114210989399e-01 1
3 5.64477968463376167e-01 6.61107114210989444e-01 1
3 2.77128178832577010e-01 4.61107114210989433e-01 1
3 -2.12698367597788721e-02 2.61107114210989422e-01 1
3 -3.18819891081331797e-01 6.11071142109894105e-02 1
3 -6.03659602439858167e-01 -1.38892885789010601e-01 1
3 -8.64433310407101696e-01 -3.38892885789010612e-01 1
3 -1.09074479016547343e+00 -5.38892885789010623e-01 1
3 -1.27357171718420337e+00 -7.38892885789010689e-01 1
3 -1.40562535882673467e+00 -9.38892885789010645e-01 1
3 -1.48164115312018008e+00 -1.13889288578901060e+00 1
3 -1.49858859022774893e+00 -1.33889288578901056e+00 1
3 -1.45579202931270801e+00 -1.45579202931270801e+00 1
3 -1.35495763420636406e+00 -1.35495763420636406e+00 1
3 -1.20010535404030039e+00 -1.20010535404030039e+00 1
3 -9.97408660560067384e-01 -1.00010535404030043e+00 1
3 -7.54948431288373412e-01 -8.00105354040300476e-01 1
3 -4.82390790438755712e-01 -6.00105354040300520e-01 1
3 -1.90601751046472229e-01 -4.00105354040300509e-01 1
3 1.08785978681385814e-01 -2.00105354040300498e-01 1
3 4.03836754733265912e-01 -1.05354040300487117e-04 1
3 6.82787833754462947e-01 1.99894645959699524e-01 1
3 9.34518316505479563e-01 3.99894645959699535e-01 1
3 1.14899250302053568e+00 5.99894645959699546e-01 1
3 1.31765998429565045e+00 7.99894645959699613e-01 1
3 1.43379652011344749e+00 9.99894645959699568e-01 1
3 1.49277211328087023e+00 1.19989464595969952e+00 1
3 1.49223559300660091e+00 1.39989464595969948e+00 1
3 1.43220834866087432e+00 1.43220834866087432e+00 1
3 1.31508347704884754e+00 1.31508347704884754e+00 1
3 1.14553037719275452e+00 1.14553037719275452e+00 1
3 9.30308596128157084e-01 9.45530377192754568e-01 1
3 6.77998347094475151e-01 7.45530377192754612e-01 1
3 3.98658443509606109e-01 5.45530377192754656e-01 1
3 1.03425285821515847e-01 3.45530377192754645e-01 1
3 -1.95931111634957245e-01 1.45530377192754634e-01 1
3 -4.87476353966879827e-01 -5.44696228072453770e-02 1
3 -7.59587452386736306e-01 -2.54469622807245388e-01 1
3 -1.00141619609678689e+00 -4.54469622807245399e-01 1
3 -1.20332163621997479e+00 -6.54469622807245410e-01 1
3 -1.35725444000810480e+00 -8.54469622807245477e-01 1
3 -1.45707779233715451e+00 -1.05446962280724543e+00 1
3 -1.49881205116059402e+00 -1.25446962280724539e+00 1
3 -1.48079340327920317e+00 -1.45446962280724534e+00 1
3 -1.40374019532285121e+00 -1.40374019532285121e+00 1
3 -1.27072429553734234e+00 -1.27072429553734234e+00 1
3 -1.08704862809116598e+00 -1.08704862809116598e+00 1
3 -8.60035762223313904e-01 -8.87048628091166025e-01 1
3 -5.98735984515411990e-01 -6.87048628091166069e-01 1
3 -3.13566492525458373e-01 -4.87048628091166058e-01 1
3 -1.58960939948821281e-02 -2.87048628091166047e-01 1
3 2.82408031640244639e-01 -8.70486280911660359e-02 1
3 5.69453440243954723e-01 1.12951371908833975e-01 1
3 8.33796537199387400e-01 3.12951371908833986e-01 1
3 1.06489879741387106e+00 5.12951371908833997e-01 1
3 1.25354690305787941e+00 7.12951371908834064e-01 1
3 1.39222004947297950e+00 9.12951371908834020e-01 1
3 1.47538977592002118e+00 1.11295137190883398e+00 1
3 1.49974036786281006e+00 1.31295137190883393e+00 1
3 1.46430104404330552e+00 1.46430104404330552e+00 1
3 1.37048465846695744e+00 1.37048465846695744e+00 1
3 1.22203137437196818e+00 1.22203137437196818e+00 1
3 1.02485955572377607e+00 1.02485955572377607e+00 1
3 7.86829820720229556e-01 8.24859555723776117e-01 1
3 5.17431663749573612e-01 6.24859555723776161e-01 1
3 2.27405139195334643e-01 4.24859555723776150e-01 1
3 -7.16873106402069471e-02 2.24859555723776139e-01 1
3 -3.67921813622914262e-01 2.48595557237761278e-02 1
3 -6.49488434940900139e-01 -1.75140444276223883e-01 1
3 -9.05162001937140470e-01 -3.75140444276223894e-01 1
3 -1.12474961631994841e+00 -5.75140444276223906e-01 1
3 -1.29949701285274699e+00 -7.75140444276223972e-01 1
3 -1.42243756428307311e+00 -9.75140444276223928e-01 1
3 -1.48867001878674499e+00 -1.17514044427622388e+00 1
3 -1.49555389741129074e+00 -1.37514044427622384e+00 1
3 -1.44281476163928168e+00 -1.44281476163928168e+00 1
3 -1.33255515438599059e+00 -1.33255515438599059e+00 1
3 -1.16917077824829496e+00 -1.16917077824829496e+00 1
3 -9.59175252713589943e-01 -9.69170778248295006e-01 1
3 -7.10940436705666867e-01 -7.69170778248295051e-01 1
3 -4.34362668988640177e-01 -5.69170778248295095e-01 1
3 -1.40468232369704321e-01 -3.69170778248295084e-01 1
3 1.59026229400670654e-01 -1.69170778248295073e-01 1
3 4.52180817241128130e-01 3.08292217517049383e-02 1
3 7.27308382837342671e-01 2.30829221751704949e-01 1
3 9.73440458364077998e-01 4.30829221751704960e-01 1
3 1.18076453468484477e+00 6.30829221751704972e-01 1
3 1.34101525512569131e+00 8.30829221751705038e-01 1
3 1.44780392916303291e+00 1.03082922175170499e+00 1
3 1.49687322935415468e+00 1.23082922175170495e+00 1
3 1.48626691754754048e+00 1.43082922175170490e+00 1
3 1.41640783392478964e+00 1.41640783392478964e+00 1
3 1.29008103969685450e+00 1.29008103969685450e+00 1
3 1.11232278550235075e+00 1.11232278550235075e+00 1
3 8.90219731987334395e-01 9.12322785502350797e-01 1
3 6.32626427008858960e-01 7.12322785502350841e-01 1
3 3.49812302753677140e-01 5.12322785502350886e-01 1
3 5.30522658842640660e-02 3.12322785502350875e-01 1
3 -2.45822797409848220e-01 1.12322785502350864e-01 1
3 -5.34897681510006384e-01 -8.76772144976491474e-02 1
3 -8.02647883015522812e-01 -2.87677214497649159e-01 1
3 -1.03839904632707869e+00 -4.87677214497649170e-01 1
3 -1.23275251651925966e+00 -6.87677214497649181e-01 1
3 -1.37796003405334599e+00 -8.87677214497649247e-01 1
3 -1.46823263343409094e+00 -1.08767721449764920e+00 1
3 -1.49997143099579455e+00 -1.28767721449764916e+00 1
3 -1.47191110103727274e+00 -1.47191110103727274e+00 1
3 -1.38517032036448007e+00 -1.38517032036448007e+00 1
3 -1.24320717017647797e+00 -1.24320717017647797e+00 1
3 -1.05168127328057448e+00 -1.05168127328057448e+00 1
3 -8.18228162791199254e-01 -8.51681273280574525e-01 1
3 -5.52154877519623111e-01 -6.51681273280574569e-01 1
3 -2.64068919706817118e-01 -4.51681273280574558e-01 1
3 3.45446326170342072e-02 -2.51681273280574547e-01 1
3 3.31780999450419722e-01 -5.16812732805745356e-02 1
3 6.15790304831121516e-01 1.48318726719425475e-01 1
3 8.75249993996887521e-01 3.48318726719425487e-01 1
3 1.09981622791307632e+00 5.48318726719425498e-01 1
3 1.28053625949318062e+00 7.48318726719425564e-01 1
3 1.41020535137317005e+00 9.48318726719425520e-01 1
3 1.48365400605419850e+00 1.14831872671942548e+00 1
3 1.49795405745481069e+00 1.34831872671942543e+00 1
3 1.45253540765208622e+00 1.45253540765208622e+00 1
3 1.34920875488682190e+00 1.34920875488682190e+00 1
3 1.19209340673860842e+00 1.19209340673860842e+00 1
3 9.87453056332051271e-01 9.92093406738608463e-01 1
3 7.43446068657852566e-01 7.92093406738608508e-01 1
3 4.69800232306004817e-01 5.92093406738608552e-01 1
3 1.77424943232482479e-01 3.92093406738608541e-01 1
3 -1.22023718431017655e-01 1.92093406738608530e-01 1
3 -4.16607679508699813e-01 -7.90659326139148133e-03 1
3 -6.94582807085928566e-01 -2.07906593261391492e-01 1
3 -9.44867110027442059e-01 -4.07906593261391504e-01 1
3 -1.15748254299275377e+00 -6.07906593261391515e-01 1
3 -1.32395279961637535e+00 -8.07906593261391581e-01 1
3 -1.43764123609390193e+00 -1.00790659326139154e+00 1
3 -1.49401545322763751e+00 -1.20790659326139149e+00 1
3 -1.49082798887958923e+00 -1.40790659326139145e+00 1
3 -1.42820591719468837e+00 -1.42820591719468837e+00 1
3 -1.30864578255559572e+00 -1.30864578255559572e+00 1
3 -1.13691407023661606e+00 -1.13691407023661606e+00 1
3 -9.19857181677124269e-01 -9.36914070236616103e-01 1
3 -6.66128490061364875e-01 -7.36914070236616148e-01 1
3 -3.85843357636869444e-01 -5.36914070236616192e-01 1
3 -9.01758681424337932e-02 -3.36914070236616181e-01 1
3 2.09086648648350415e-01 -1.36914070236616170e-01 1
3 5.00013540568600368e-01 6.30859297633838412e-02 1
3 7.71006470510354092e-01 2.63085929763383852e-01 1
3 1.01126180552447664e+00 4.63085929763383863e-01 1
3 1.21120132357355903e+00 6.63085929763383874e-01 1
3 1.36285406701850675e+00 8.63085929763383941e-01 1
3 1.46017411954613907e+00 1.06308592976338390e+00 1
3 1.49928163777336509e+00 1.26308592976338385e+00 1
3 1.47861752835937565e+00 1.46308592976338381e+00 1
3 1.39900560413710728e+00 1.39900560413710728e+00 1
3 1.26361974129539223e+00 1.26361974129539223e+00 1
3 1.07785734695091895e+00 1.07785734695091895e+00 1
3 8.49124181559066216e-01 8.77857346950918993e-01 1
3 5.86539114614763490e-01 6.77857346950919037e-01 1
3 3.00570584101898852e-01 4.77857346950919026e-01 1
3 2.61925290629863670e-03 2.77857346950919015e-01 1
3 -2.95436499637145245e-01 7.78573469509190041e-02 1
3 -5.81714131243844190e-01 -1.22142653049081007e-01 1
3 -8.44800656142947970e-01 -3.22142653049081018e-01 1
3 -1.07420764480432807e+00 -5.22142653049081029e-01 1
3 -1.26078936452554236e+00 -7.22142653049081096e-01 1
3 -1.39710739093404168e+00 -9.22142653049081051e-01 1
3 -1.47772715449332770e+00 -1.12214265304908101e+00 1
3 -1.49943459964066794e+00 -1.32214265304908096e+00 1
3 -1.46136431903982311e+00 -1.46136431903982311e+00 1
3 -1.36503405464065275e+00 -1.36503405464065275e+00 1
3 -1.21428419009702115e+00 -1.21428419009702115e+00 1
3 -1.01512464678957515e+00 -1.01512464678957515e+00 1
3 -7.75495287225699492e-01 -8.15124646789575191e-01 1
3 -5.04949377776952257e-01 -6.15124646789575236e-01 1
3 -2.14272730096219527e-01 -4.15124646789575225e-01 1
3 8.49462951567474811e-02 -2.15124646789575213e-01 1
3 3.80778779685351010e-01 -1.51246467895752024e-02 1
3 6.61430815884826329e-01 1.84875353210424809e-01 1
3 9.15713692720683925e-01 3.84875353210424820e-01 1
3 1.13348995432935484e+00 5.84875353210424831e-01 1
3 1.30607754839331380e+00 7.84875353210424898e-01 1
3 1.42659595216887825e+00 9.84875353210424853e-01 1
3 1.49024047721533304e+00 1.18487535321042481e+00 1
3 1.49447381716098127e+00 1.38487535321042476e+00 1
3 1.43912720210126510e+00 1.43912720210126510e+00 1
3 1.32640712692228102e+00 1.32640712692228102e+00 1
3 1.16080738531264749e+00 1.16080738531264749e+00 1
3 9.48929916390136241e-01 9.60807385312647533e-01 1
3 6.99221606222593994e-01 7.60807385312647577e-01 1
3 4.21637537136400897e-01 5.60807385312647622e-01 1
3 1.27244109998771671e-01 3.60807385312647610e-01 1
3 -1.72222138262499047e-01 1.60807385312647599e-01 1
3 -4.64822433349629582e-01 -3.91926146873524117e-02 1
3 -7.38891724851197473e-01 -2.39192614687352423e-01 1
3 -9.83503734990543554e-01 -4.39192614687352434e-01 1
3 -1.18890655484132979e+00 -6.39192614687352445e-01 1
3 -1.34691142216218718e+00 -8.39192614687352512e-01 1
3 -1.45121918150622542e+00 -1.03919261468735247e+00 1
3 -1.49767141167057227e+00 -1.23919261468735242e+00 1
3 -1.48441620882703784e+00 -1.43919261468735238e+00 1
3 -1.41198201608380458e+00 -1.41198201608380458e+00 1
3 -1.28325655612623102e+00 -1.28325655612623102e+00 1
3 -1.10337170682614616e+00 -1.10337170682614616e+00 1
3 -8.79498909465606604e-01 -9.03371706826146204e-01 1
3 -6.20563266004037661e-01 -7.03371706826146248e-01 1
3 -3.36887723427518826e-01 -5.03371706826146292e-01 1
3 -3.97815304286339294e-02 -3.03371706826146281e-01 1
3 2.58910626650561693e-01 -1.03371706826146270e-01 1
3 5.47280834085009160e-01 9.66282931738537409e-02 1
3 8.13832681708947403e-01 2.96628293173853752e-01 1
3 1.04793958851069147e+00 4.96628293173853763e-01 1
3 1.24026845088312210e+00 6.96628293173853774e-01 1
3 1.38315172401227304e+00 8.96628293173853841e-01 1
3 1.47089310269274498e+00 1.09662829317385380e+00 1
3 1.49999461504042975e+00 1.29662829317385375e+00 1
3 1.46929607559319098e+00 1.46929607559319098e+00 1
3 1.38002133824394679e+00 1.38002133824394679e+00 1
3 1.23572950504808632e+00 1.23572950504808632e+00 1
3 1.04217303605585609e+00 1.04217303605585609e+00 1
3 8.07068416883326201e-01 8.42173036055856139e-01 1
3 5.39788526781327826e-01 6.42173036055856183e-01 1
3 2.50988971517758841e-01 4.42173036055856172e-01 1
3 -4.78167219987210915e-02 2.42173036055856161e-01 1
3 -3.44716113703587235e-01 4.21730360558561501e-02 1
3 -6.27872761769609378e-01 -1.57826963944143861e-01 1
3 -8.85998104190956148e-01 -3.57826963944143872e-01 1
3 -1.10880149812691098e+00 -5.57826963944143883e-01 1
3 -1.28740047535801594e+00 -7.57826963944143950e-01 1
3 -1.41467485826376027e+00 -9.57826963944143905e-01 1
3 -1.48555061883516037e+00 -1.15782696394414386e+00 1
3 -1.49720216415967533e+00 -1.35782696394414382e+00 1
3 -1.44916498389379456e+00 -1.44916498389379456e+00 1
3 -1.34335416882462955e+00 -1.34335416882462955e+00 1
3 -1.18398806224359943e+00 -1.18398806224359943e+00 1
3 -9.77420087911348823e-01 -9.83988062243599471e-01 1
3 -7.31885459101527358e-01 -7.83988062243599515e-01 1
3 -4.57172866635454422e-01 -5.83988062243599559e-01 1
3 -1.64234234669034973e-01 -3.83988062243599548e-01 1
3 1.35251897962625545e-01 -1.83988062243599537e-01 1
3 4.29345964234477240e-01 1.60119377564004739e-02 1
3 7.06323361791840965e-01 2.16011937756400485e-01 1
3 9.55141875846827304e-01 4.16011937756400496e-01 1
3 1.16588189743629167e+00 6.16011937756400507e-01 1
3 1.33014188692809721e+00 8.16011937756400574e-01 1
3 1.44137331689348458e+00 1.01601193775640053e+00 1
3 1.49514174123086319e+00 1.21601193775640049e+00 1
3 1.48930358253797701e+00 1.41601193775640044e+00 1
3 1.42409158977853578e+00 1.42409158977853578e+00 1
3 1.30210555931547312e+00 1.30210555931547312e+00 1
3 1.12820868923424000e+00 1.12820868923424000e+00 1
3 9.09333698981640737e-01 9.28208689234240047e-01 1
3 6.54206443719073105e-01 7.28208689234240092e-01 1
3 3.72998042013243880e-01 5.28208689234240136e-01 1
3 7.69193854356505363e-02 3.28208689234240125e-01 1
3 -2.22225804306022012e-01 1.28208689234240114e-01 1
3 -5.12511552504092416e-01 -7.17913107657598970e-02 1
3 -7.82365082427555647e-01 -2.71791310765759908e-01 1
3 -1.02102818541042195e+00 -4.71791310765759919e-01 1
3 -1.21898611668178880e+00 -6.71791310765759930e-01 1
3 -1.36834691821413124e+00 -8.71791310765759997e-01 1
3 -1.46315604618568340e+00 -1.07179131076575995e+00 1
