0 0003 1 1
0 0005 1 1
0 0009 1 1
0 0011 1 1
0 0021 1 1
0 0041 1 1
0 0081 1 1
0 0101 1 1
0 0201 1 1
0 0401 1 1
0 0801 1 1
0 1001 1 1
0 2001 1 1
0 4001 1 1
0 8001 1 1
0 0006 1 1
0 000a 1 1
0 0012 1 1
0 0022 1 1
0 0042 1 1
0 0082 1 1
0 0102 1 1
0 0202 1 1
0 0402 1 1
0 0802 1 1
0 1002 1 1
0 2002 1 1
0 4002 1 1
0 8002 1 1
0 000c 1 1
0 0014 1 1
0 0024 1 1
0 0044 1 1
0 0084 1 1
0 0104 1 1
0 0204 1 1
0 0404 1 1
0 0804 1 1
0 1004 1 1
0 2004 1 1
0 4004 1 1
0 8004 1 1
0 0018 1 1
0 0028 1 1
0 0048 1 1
0 0088 1 1
0 0108 1 1
0 0208 1 1
0 0408 1 1
0 0808 1 1
0 1008 1 1
0 2008 1 1
0 4008 1 1
0 8008 1 1
0 0030 1 1
0 0050 1 1
0 0090 1 1
0 0110 1 1
0 0210 1 1
0 0410 1 1
0 0810 1 1
0 1010 1 1
0 2010 1 1
0 4010 1 1
0 8010 1 1
0 0060 1 1
0 00a0 1 1
0 0120 1 1
0 0220 1 1
0 0420 1 1
0 0820 1 1
0 1020 1 1
0 2020 1 1
0 4020 1 1
0 8020 1 1
0 00c0 1 1
0 0140 1 1
0 0240 1 1
0 0440 1 1
0 0840 1 1
0 1040 1 1
0 2040 1 1
0 4040 1 1
0 8040 1 1
0 0180 1 1
0 0280 1 1
0 0480 1 1
0 0880 1 1
0 1080 1 1
0 2080 1 1
0 4080 1 1
0 8080 1 1
0 0300 1 1
0 0500 1 1
0 0900 1 1
0 1100 1 1
0 2100 1 1
0 4100 1 1
0 8100 1 1
0 0600 1 1
0 0a00 1 1
0 1200 1 1
0 2200 1 1
0 4200 1 1
0 8200 1 1
0 0c00 1 1
0 1400 1 1
0 2400 1 1
0 4400 1 1
0 8400 1 1
0 1800 1 1
0 2800 1 1
0 4800 1 1
0 8800 1 1
0 3000 1 1
0 5000 1 1
0 9000 1 1
0 6000 1 1
0 a000 1 1
0 c000 1 1
1 0000 0 1
1 ffff 0 1
1 0001 0 1
1 8000 0 1
1 0007 0 1
1 8011 0 1
1 0001 0 1
1 0002 0 1
1 0004 0 1
1 0008 0 1
1 0010 0 1
1 0020 0 1
1 0040 0 1
1 0080 0 1
1 0100 0 1
1 0200 0 1
1 0400 0 1
1 0800 0 1
1 1000 0 1
1 2000 0 1
1 4000 0 1
1 8000 0 1
2 2081 0 1
2 0102 1 1
2 0800 0 1
2 6f65 0 1
2 ec8e 0 1
2 280c 0 1
2 0010 0 1
2 c180 0 1
2 0100 0 1
2 0200 0 1
2 0180 1 1
2 0002 0 1
2 0200 0 1
2 4450 0 1
2 08a0 0 1
2 0830 0 1
2 0462 0 1
2 1806 0 1
2 a020 0 1
2 0400 0 1
2 0800 0 1
2 8000 0 1
2 7010 0 1
2 0002 0 1
2 0c40 0 1
2 ef7f 0 1
2 0800 0 1
2 41a0 0 1
2 02c0 0 1
2 0431 0 1
2 9002 0 1
2 2006 0 1
2 0002 0 1
2 10d0 0 1
2 0306 0 1
2 0212 0 1
2 0294 0 1
2 0820 1 1
2 4048 0 1
2 8000 0 1
2 0020 0 1
2 80c0 0 1
2 2002 1 1
2 0121 0 1
2 0009 1 1
2 0400 0 1
2 1030 0 1
2 1208 0 1
2 0831 0 1
2 0080 0 1
2 0100 0 1
2 fff7 0 1
2 0808 1 1
2 804a 0 1
2 0010 0 1
2 0806 0 1
2 5041 0 1
2 4900 0 1
2 ff8f 0 1
2 4a00 0 1
2 f4ea 0 1
2 efdd 0 1
2 00c6 0 1
2 6bf9 0 1
2 5140 0 1
2 8082 0 1
2 0606 0 1
2 ebaf 0 1
2 0002 0 1
2 c040 0 1
2 0821 0 1
2 0400 0 1
2 10c0 0 1
2 0860 0 1
2 ffff 0 1
2 0800 0 1
2 2000 0 1
2 0900 1 1
2 0100 0 1
2 5000 1 1
2 0001 0 1
2 0041 1 1
2 1520 0 1
2 4004 1 1
2 a420 0 1
2 9060 0 1
2 fff6 0 1
2 c220 0 1
2 0040 0 1
2 0010 0 1
2 f8ed 0 1
2 8008 1 1
2 0000 0 1
2 3041 0 1
2 0208 1 1
2 0004 0 1
2 c014 0 1
2 f3cf 0 1
2 e39e 0 1
2 0041 1 1
2 0080 0 1
2 2018 0 1
2 4806 0 1
2 0002 0 1
2 1320 0 1
2 0061 0 1
2 fbff 0 1
2 1451 0 1
2 06d5 0 1
2 8882 0 1
2 0151 0 1
2 6020 0 1
2 0041 1 1
2 002c 0 1
2 0040 0 1
2 2800 1 1
2 1810 0 1
2 0004 0 1
2 5f00 0 1
2 fffd 0 1
2 0004 0 1
2 c002 0 1
2 10c0 0 1
2 8000 0 1
2 1000 0 1
2 2401 0 1
2 ea06 0 1
2 0148 0 1
2 ffff 0 1
2 c765 0 1
2 0028 1 1
2 9748 0 1
2 1801 0 1
2 1844 0 1
2 9000 1 1
2 1000 0 1
2 0c60 0 1
2 a005 0 1
2 0004 0 1
2 2080 1 1
2 a020 0 1
2 6064 0 1
2 0281 0 1
2 8100 1 1
2 80a0 0 1
2 8020 1 1
2 300a 0 1
2 2432 0 1
2 1020 1 1
2 0400 0 1
2 20c1 0 1
2 8020 1 1
2 2801 0 1
2 1803 0 1
2 0010 0 1
2 0009 1 1
2 0849 0 1
2 2290 0 1
2 0040 0 1
2 6018 0 1
2 0606 0 1
2 0002 0 1
2 7fde 0 1
2 eae6 0 1
2 0350 0 1
2 0048 1 1
2 b8ab 0 1
2 1004 1 1
2 1531 0 1
2 8110 0 1
2 00a0 1 1
2 939b 0 1
2 8520 0 1
2 4140 0 1
2 028c 0 1
2 0400 0 1
2 000c 1 1
2 20a1 0 1
2 0050 1 1
2 0040 0 1
2 2a80 0 1
2 2018 0 1
2 00d8 0 1
2 1302 0 1
2 0004 0 1
2 6280 0 1
2 0008 0 1
2 2000 0 1
2 0483 0 1
2 3ffe 0 1
2 02c4 0 1
2 0000 0 1
2 0344 0 1
2 0480 1 1
2 8003 0 1
2 1080 1 1
2 0094 0 1
2 1eba 0 1
2 0041 1 1
2 6a39 0 1
2 0098 0 1
2 1000 0 1
2 200e 0 1
2 0a21 0 1
2 1404 0 1
2 8808 0 1
2 00c0 1 1
2 bfda 0 1
2 0027 0 1
2 6804 0 1
2 00c1 0 1
2 0082 1 1
2 008c 0 1
2 2000 0 1
2 0000 0 1
2 102a 0 1
2 2042 0 1
2 0022 1 1
2 0010 0 1
2 041c 0 1
2 000b 0 1
2 0b20 0 1
2 4c08 0 1
2 1030 0 1
2 0000 0 1
2 1009 0 1
2 1000 0 1
2 4014 0 1
2 8212 0 1
2 0004 0 1
2 2442 0 1
2 0024 1 1
2 0921 0 1
2 0805 0 1
2 4e8f 0 1
2 ffff 0 1
2 2064 0 1
2 0808 1 1
2 020c 0 1
2 8202 0 1
2 4888 0 1
2 a78b 0 1
2 8920 0 1
2 2840 0 1
2 0010 0 1
2 0930 0 1
2 050c 0 1
2 0003 1 1
2 1248 0 1
2 00c0 1 1
2 0146 0 1
2 0008 0 1
2 0240 1 1
2 0050 1 1
2 8821 0 1
2 1000 0 1
2 6a42 0 1
2 8042 0 1
2 008a 0 1
2 4209 0 1
2 0001 0 1
2 0024 1 1
2 0058 0 1
2 0310 0 1
2 0040 0 1
2 4240 0 1
2 0004 0 1
2 1222 0 1
2 0100 0 1
2 ffbf 0 1
2 0400 0 1
2 0400 0 1
2 4820 0 1
2 4040 1 1
2 0080 0 1
2 8000 0 1
2 200d 0 1
2 c012 0 1
2 3d34 0 1
2 0584 0 1
2 1430 0 1
2 3122 0 1
2 008c 0 1
2 8060 0 1
2 6db4 0 1
2 0a04 0 1
2 4310 0 1
2 0008 0 1
2 0124 0 1
2 0120 1 1
2 2400 1 1
2 8fff 0 1
2 19a4 0 1
2 0801 1 1
2 4102 0 1
2 1000 0 1
2 ffdd 0 1
2 0816 0 1
2 40c0 0 1
2 0002 0 1
2 2300 0 1
2 0800 0 1
2 8109 0 1
2 8820 0 1
2 0a00 1 1
2 4000 0 1
2 1060 0 1
2 0080 0 1
2 0225 0 1
2 0500 1 1
2 d354 0 1
2 0000 0 1
2 8610 0 1
2 0010 0 1
2 fbf8 0 1
2 9180 0 1
2 5dff 0 1
2 0221 0 1
2 0a00 1 1
2 1250 0 1
2 cd45 0 1
2 8041 0 1
2 0001 0 1
2 c400 0 1
2 4400 1 1
2 a010 0 1
2 2109 0 1
2 0001 0 1
2 8085 0 1
2 8000 0 1
2 0022 1 1
2 280c 0 1
2 0828 0 1
2 4200 1 1
2 3705 0 1
2 0045 0 1
2 8002 1 1
2 c012 0 1
2 1d00 0 1
2 80a0 0 1
2 8a12 0 1
2 f239 0 1
2 ffdf 0 1
2 0400 0 1
2 0050 1 1
2 9804 0 1
2 8428 0 1
2 0020 0 1
2 0008 0 1
2 2aae 0 1
2 0008 0 1
2 a042 0 1
2 1241 0 1
2 8021 0 1
2 8012 0 1
2 0010 0 1
2 9800 0 1
2 8800 1 1
2 8205 0 1
2 1000 0 1
2 0002 0 1
2 0290 0 1
2 4b47 0 1
2 8640 0 1
2 0002 0 1
2 4080 1 1
2 0a82 0 1
2 5c8f 0 1
2 1106 0 1
2 0301 0 1
2 0080 0 1
2 8484 0 1
2 0040 0 1
2 0021 1 1
2 4004 1 1
2 0040 0 1
2 e988 0 1
2 c740 0 1
2 2102 0 1
2 0a80 0 1
2 2050 0 1
2 0220 1 1
2 0080 0 1
2 6002 0 1
2 4214 0 1
2 8841 0 1
2 67d6 0 1
2 0900 1 1
2 0004 0 1
2 0020 0 1
2 bdef 0 1
2 2022 0 1
2 0434 0 1
2 0004 0 1
2 8098 0 1
2 0408 1 1
2 2806 0 1
2 00c6 0 1
2 2400 1 1
2 0801 1 1
2 2400 1 1
2 0948 0 1
2 4042 0 1
2 1415 0 1
2 befd 0 1
2 8000 0 1
2 2803 0 1
2 4068 0 1
2 0802 1 1
2 ffdd 0 1
2 0800 0 1
2 2100 1 1
2 4150 0 1
2 801c 0 1
2 1018 0 1
2 c881 0 1
2 6800 0 1
2 2884 0 1
2 2801 0 1
2 2001 1 1
2 df7c 0 1
2 0202 1 1
2 ffff 0 1
2 0090 1 1
2 c9b6 0 1
2 00b0 0 1
2 77d7 0 1
2 c020 0 1
2 0082 1 1
2 0002 0 1
2 4802 0 1
2 c800 0 1
2 0102 1 1
2 177e 0 1
2 c202 0 1
2 8020 1 1
2 0080 0 1
2 9400 0 1
2 ffbd 0 1
2 0410 1 1
2 0890 0 1
2 0204 1 1
2 4282 0 1
2 0008 0 1
2 fa3d 0 1
2 0000 0 1
2 6041 0 1
2 0425 0 1
2 4009 0 1
2 0a08 0 1
2 d4f7 0 1
2 6000 1 1
2 0000 0 1
2 2418 0 1
2 0804 1 1
2 ee61 0 1
2 1c00 0 1
2 00d2 0 1
2 1430 0 1
2 0061 0 1
2 2ed7 0 1
2 2000 0 1
2 1844 0 1
2 4041 0 1
2 0001 0 1
2 0200 0 1
2 f3fc 0 1
2 6fff 0 1
2 2109 0 1
2 0448 0 1
2 0000 0 1
2 0000 0 1
2 0102 1 1
2 0001 0 1
2 0008 0 1
2 8308 0 1
2 1080 1 1
2 0208 1 1
2 2d72 0 1
2 f5bf 0 1
2 3a00 0 1
2 0120 1 1
2 0200 0 1
2 8df4 0 1
2 0800 0 1
2 fde9 0 1
2 4c10 0 1
2 c505 0 1
2 4604 0 1
2 4001 1 1
2 0021 1 1
2 0080 0 1
2 0806 0 1
2 0480 1 1
2 1301 0 1
2 4041 0 1
2 0006 1 1
2 2030 0 1
2 625c 0 1
2 003a 0 1
2 0828 0 1
2 4080 1 1
2 1c60 0 1
2 08c1 0 1
2 4240 0 1
2 2441 0 1
2 5e8f 0 1
2 8081 0 1
2 0282 0 1
2 4000 0 1
2 8101 0 1
2 2040 1 1
2 0002 0 1
2 0414 0 1
2 1000 0 1
2 2251 0 1
2 0002 0 1
2 bfff 0 1
2 1800 1 1
2 00c2 0 1
2 8c20 0 1
2 2000 0 1
2 4084 0 1
2 6bf7 0 1
2 0000 0 1
2 0005 1 1
2 8260 0 1
2 0400 0 1
2 0508 0 1
2 0850 0 1
2 6b06 0 1
2 0000 0 1
2 0004 0 1
2 20a4 0 1
2 0104 1 1
2 c000 1 1
2 0400 0 1
2 0300 1 1
2 00a3 0 1
2 0400 0 1
2 8006 0 1
2 0404 1 1
2 2005 0 1
2 4248 0 1
2 000e 0 1
2 bfe7 0 1
2 0200 0 1
2 8000 0 1
2 0040 0 1
2 f5bc 0 1
2 6401 0 1
2 0540 0 1
2 c000 1 1
2 0818 0 1
2 0010 0 1
2 0112 0 1
2 0040 0 1
2 1000 0 1
2 4904 0 1
2 8c40 0 1
2 4101 0 1
2 2c00 0 1
2 0120 1 1
2 1206 0 1
2 4000 0 1
2 1400 1 1
2 01d0 0 1
2 0080 0 1
2 0002 0 1
2 5840 0 1
2 cba8 0 1
2 4034 0 1
2 0004 0 1
2 0222 0 1
2 1005 0 1
2 dfff 0 1
2 0082 1 1
2 0002 0 1
2 83c0 0 1
2 8840 0 1
2 4020 1 1
2 1502 0 1
2 4000 0 1
2 2122 0 1
2 40c2 0 1
2 c800 0 1
2 ff7f 0 1
2 8318 0 1
2 4803 0 1
2 1060 0 1
2 b7bc 0 1
2 0020 0 1
2 4840 0 1
2 10c0 0 1
2 1061 0 1
2 4482 0 1
2 0010 0 1
2 800d 0 1
2 3088 0 1
2 0082 1 1
2 0050 1 1
2 0080 0 1
2 1072 0 1
2 0040 0 1
2 0100 0 1
2 0001 0 1
2 4028 0 1
2 0100 0 1
2 8006 0 1
2 8002 1 1
2 1180 0 1
2 2084 0 1
2 3402 0 1
2 9460 0 1
2 0341 0 1
2 0e08 0 1
2 0106 0 1
2 0010 0 1
2 2403 0 1
2 0826 0 1
2 0021 1 1
2 8782 0 1
2 080c 0 1
2 4081 0 1
2 0c01 0 1
2 9040 0 1
2 fdf5 0 1
2 1060 0 1
2 0428 0 1
2 2c00 0 1
2 7370 0 1
2 0400 0 1
2 a01f 0 1
2 ddfc 0 1
2 0100 0 1
2 0000 0 1
2 2048 0 1
2 0105 0 1
2 0880 1 1
2 3200 0 1
2 c000 1 1
2 a500 0 1
2 0040 0 1
2 1000 0 1
2 b008 0 1
2 2000 0 1
2 b8e7 0 1
2 4012 0 1
2 1202 0 1
2 1211 0 1
2 0590 0 1
2 2e00 0 1
2 0d02 0 1
2 8000 0 1
2 0018 1 1
2 8280 0 1
2 0018 1 1
2 c00c 0 1
2 2204 0 1
2 2479 0 1
2 000a 1 1
2 0600 1 1
2 0302 0 1
2 0044 1 1
2 9ffe 0 1
2 a400 0 1
2 77ad 0 1
2 0021 1 1
2 102a 0 1
2 0022 1 1
2 0010 0 1
2 60a0 0 1
2 2000 0 1
2 9f39 0 1
2 4290 0 1
2 ffef 0 1
2 800d 0 1
2 2040 1 1
2 ffff 0 1
2 ffff 0 1
2 0400 0 1
2 0084 1 1
2 8000 0 1
2 0002 0 1
2 ffdc 0 1
2 583b 0 1
2 0010 0 1
2 0894 0 1
2 3400 0 1
2 0090 1 1
2 0a30 0 1
2 4000 0 1
2 40c0 0 1
2 0008 0 1
2 0810 1 1
2 000c 1 1
2 6001 0 1
2 eff7 0 1
2 4000 0 1
2 4420 0 1
2 0008 0 1
2 0010 0 1
2 0a84 0 1
2 c044 0 1
2 0001 0 1
2 1141 0 1
2 f5b9 0 1
2 fff4 0 1
2 0020 0 1
2 d001 0 1
2 8005 0 1
2 1881 0 1
2 0008 0 1
2 04c1 0 1
2 2000 0 1
2 0404 1 1
2 0020 0 1
2 04a0 0 1
2 0611 0 1
2 90e6 0 1
2 0608 0 1
2 0208 1 1
2 c008 0 1
2 0941 0 1
2 8023 0 1
2 2094 0 1
2 0a04 0 1
2 d7fb 0 1
2 0804 1 1
2 ff7c 0 1
2 0200 0 1
2 1000 0 1
2 1020 1 1
2 0020 0 1
2 2000 0 1
2 0c80 0 1
2 0102 1 1
2 1181 0 1
2 1210 0 1
2 6000 1 1
2 0a21 0 1
2 0510 0 1
2 4f7f 0 1
2 8201 0 1
2 2004 1 1
2 0800 0 1
2 0200 0 1
2 01c8 0 1
2 0d65 0 1
2 4020 1 1
2 2000 0 1
2 2a10 0 1
2 8120 0 1
2 2000 0 1
2 2060 0 1
2 1882 0 1
2 2010 1 1
2 0314 0 1
2 8000 0 1
2 0078 0 1
2 0008 0 1
2 2184 0 1
2 0105 0 1
2 4002 1 1
2 c002 0 1
2 e93d 0 1
2 1000 0 1
2 0040 0 1
2 0090 1 1
2 faea 0 1
2 5040 0 1
2 0014 1 1
2 8130 0 1
2 0005 1 1
2 0408 1 1
2 a022 0 1
2 2403 0 1
2 6a7f 0 1
2 1200 1 1
2 6200 0 1
2 feff 0 1
2 0210 1 1
2 0503 0 1
2 5cbe 0 1
2 0092 0 1
2 0130 0 1
2 4489 0 1
2 0450 0 1
2 0854 0 1
2 0405 0 1
2 0800 0 1
2 0c48 0 1
2 0820 1 1
2 4106 0 1
2 1212 0 1
2 4000 0 1
2 2400 1 1
2 4060 0 1
2 a008 0 1
2 1410 0 1
2 b37d 0 1
2 1500 0 1
2 a114 0 1
2 6040 0 1
2 0038 0 1
2 4208 0 1
2 2000 0 1
2 2200 1 1
2 0010 0 1
2 42c0 0 1
2 1500 0 1
2 bbc7 0 1
2 8250 0 1
2 0020 0 1
2 0608 0 1
2 0820 1 1
2 1c00 0 1
2 0800 0 1
2 4828 0 1
2 0300 1 1
2 0200 0 1
2 0000 0 1
2 4410 0 1
2 a040 0 1
2 1440 0 1
2 0002 0 1
2 0900 1 1
2 2064 0 1
2 c002 0 1
2 0218 0 1
2 5000 1 1
2 5bb3 0 1
2 0090 1 1
2 0000 0 1
2 0200 0 1
2 80c8 0 1
2 0027 0 1
2 40c1 0 1
2 1104 0 1
2 0060 1 1
2 8004 1 1
2 2000 0 1
2 8000 0 1
2 1000 0 1
2 2840 0 1
2 0001 0 1
2 8808 0 1
2 8000 0 1
2 0400 0 1
2 0008 0 1
2 2102 0 1
2 8130 0 1
2 1821 0 1
2 0004 0 1
2 9180 0 1
2 1012 0 1
2 0080 0 1
2 20c1 0 1
2 2000 0 1
2 0042 1 1
2 a090 0 1
2 0180 1 1
2 0008 0 1
2 6024 0 1
2 fcfb 0 1
2 0380 0 1
2 1404 0 1
2 8030 0 1
2 0205 0 1
2 20a2 0 1
2 0012 1 1
2 ffff 0 1
2 8008 1 1
2 1410 0 1
2 0404 1 1
2 0220 1 1
2 2442 0 1
2 0014 1 1
2 0048 1 1
2 4030 0 1
2 4443 0 1
2 04a0 0 1
2 2501 0 1
2 0003 1 1
2 0001 0 1
2 2001 1 1
2 8840 0 1
2 0b8b 0 1
2 fbde 0 1
2 2010 1 1
2 0a50 0 1
2 c140 0 1
2 0005 1 1
2 4000 0 1
2 0040 0 1
2 6201 0 1
2 0001 0 1
2 4000 0 1
2 050c 0 1
2 020d 0 1
2 15f4 0 1
2 0080 0 1
2 7bb5 0 1
2 fdff 0 1
2 6400 0 1
2 01a0 0 1
2 8013 0 1
2 0080 0 1
2 6010 0 1
2 0004 0 1
2 8409 0 1
2 81c0 0 1
2 4000 0 1
2 8002 1 1
2 4000 0 1
2 10c0 0 1
2 0192 0 1
2 876b 0 1
2 c2e2 0 1
2 b7ff 0 1
2 0054 0 1
2 0240 1 1
2 8106 0 1
2 000d 0 1
2 7498 0 1
2 0090 1 1
2 0404 1 1
2 0900 1 1
2 ffff 0 1
2 0401 1 1
2 ffff 0 1
2 0040 0 1
2 ffef 0 1
2 0080 0 1
2 0002 0 1
2 0000 0 1
2 0003 1 1
2 1020 1 1
2 0400 0 1
2 0024 1 1
2 0000 0 1
2 c060 0 1
2 0004 0 1
2 0285 0 1
2 1440 0 1
2 0500 1 1
2 0804 1 1
2 0101 1 1
2 010a 0 1
2 1084 0 1
2 0022 1 1
2 8244 0 1
2 500a 0 1
2 0120 1 1
2 0010 0 1
2 da4b 0 1
2 4061 0 1
2 8041 0 1
2 0350 0 1
2 1500 0 1
2 c00a 0 1
2 040a 0 1
2 0040 0 1
2 3088 0 1
2 0001 0 1
2 0020 0 1
2 be67 0 1
2 1000 0 1
2 0109 0 1
2 0018 1 1
2 0022 1 1
2 2000 0 1
2 ffbf 0 1
2 9000 1 1
2 2004 1 1
2 1410 0 1
2 001a 0 1
2 8440 0 1
2 0008 0 1
2 0c44 0 1
2 01a1 0 1
2 09c0 0 1
2 0040 0 1
2 0480 1 1
2 0031 0 1
2 2188 0 1
2 0480 1 1
2 e26c 0 1
2 1d2d 0 1
2 020c 0 1
2 0024 1 1
2 0800 0 1
2 1401 0 1
2 2102 0 1
2 0000 0 1
2 8808 0 1
2 cfd3 0 1
2 2000 0 1
2 4000 0 1
2 2084 0 1
2 0128 0 1
2 1002 1 1
2 4201 0 1
2 0040 0 1
2 2010 1 1
2 1200 1 1
2 0530 0 1
2 140a 0 1
2 0000 0 1
2 7fff 0 1
2 0200 0 1
2 8608 0 1
2 0420 1 1
2 8536 0 1
2 0004 0 1
2 0200 0 1
2 2020 1 1
2 0800 0 1
2 6180 0 1
2 4002 1 1
2 1808 0 1
2 0202 1 1
2 881e 0 1
2 0804 1 1
2 d100 0 1
2 0080 0 1
2 4010 1 1
2 1002 1 1
2 0069 0 1
2 0004 0 1
2 2200 1 1
2 0620 0 1
2 0400 0 1
2 2000 0 1
2 2800 1 1
2 0080 0 1
2 0000 0 1
2 0002 0 1
2 4004 1 1
2 0100 0 1
2 0109 0 1
2 1900 0 1
2 2803 0 1
2 0110 1 1
2 4d97 0 1
2 2804 0 1
2 8520 0 1
2 8000 0 1
2 0320 0 1
2 4901 0 1
2 ffff 0 1
2 4038 0 1
2 0080 0 1
2 0009 1 1
2 8050 0 1
2 6011 0 1
2 0101 1 1
2 0808 1 1
2 1206 0 1
2 2060 0 1
2 80a8 0 1
2 0098 0 1
2 0400 0 1
2 5424 0 1
2 e002 0 1
2 7177 0 1
2 c050 0 1
2 9050 0 1
2 ffff 0 1
2 400c 0 1
2 0254 0 1
2 0503 0 1
2 1002 1 1
2 9000 1 1
2 8210 0 1
2 0560 0 1
2 0040 0 1
2 f3fd 0 1
2 002d 0 1
2 0200 0 1
2 0210 1 1
2 1004 1 1
2 4020 1 1
2 0008 0 1
2 1142 0 1
2 4140 0 1
2 7edf 0 1
2 0230 0 1
2 6802 0 1
2 0400 0 1
2 0800 0 1
2 3040 0 1
2 0002 0 1
2 2100 1 1
2 ffff 0 1
2 804c 0 1
2 80c0 0 1
2 c042 0 1
2 ffff 0 1
2 ffff 0 1
2 f3bd 0 1
2 2080 1 1
2 0141 0 1
2 0041 1 1
2 0001 0 1
2 1111 0 1
2 600c 0 1
2 1420 0 1
2 6044 0 1
2 0800 0 1
2 2508 0 1
2 0800 0 1
2 e602 0 1
2 2104 0 1
2 0001 0 1
2 1202 0 1
2 480a 0 1
2 0002 0 1
2 f7bc 0 1
2 fdd6 0 1
2 0620 0 1
2 b5cc 0 1
2 0020 0 1
2 1000 0 1
2 0001 0 1
2 4402 0 1
2 09d5 0 1
2 0488 0 1
2 0017 0 1
2 2a00 0 1
2 4050 0 1
2 0811 0 1
2 0191 0 1
2 0170 0 1
2 0044 1 1
2 0200 0 1
2 2209 0 1
2 2012 0 1
2 0004 0 1
2 1018 0 1
2 7405 0 1
2 e004 0 1
2 0890 0 1
2 ffff 0 1
2 2104 0 1
2 1011 0 1
2 0080 0 1
2 0016 0 1
2 1012 0 1
2 0102 1 1
2 2204 0 1
2 2000 0 1
2 0202 1 1
2 1000 0 1
2 1084 0 1
2 50dc 0 1
2 0215 0 1
2 0804 1 1
2 8448 0 1
2 0088 1 1
2 d428 0 1
2 d002 0 1
2 1180 0 1
2 8900 0 1
2 6800 0 1
2 8408 0 1
2 0083 0 1
2 0084 1 1
2 4440 0 1
2 1004 1 1
2 4020 1 1
2 0201 1 1
2 4629 0 1
2 200e 0 1
2 8400 1 1
2 1104 0 1
2 bff7 0 1
2 8050 0 1
2 ffff 0 1
2 4080 1 1
2 42cd 0 1
2 4401 0 1
2 0029 0 1
2 398a 0 1
2 0800 0 1
2 2009 0 1
2 4240 0 1
2 1109 0 1
2 a088 0 1
2 5e1c 0 1
2 1108 0 1
2 0404 1 1
2 4839 0 1
2 0843 0 1
2 9800 0 1
2 8008 1 1
2 6220 0 1
2 0741 0 1
2 2801 0 1
2 0810 1 1
2 a102 0 1
2 1850 0 1
2 0080 0 1
2 0021 1 1
2 0000 0 1
2 9000 1 1
2 1028 0 1
2 0600 1 1
2 0030 1 1
2 d000 0 1
2 1340 0 1
2 a011 0 1
2 bfb6 0 1
2 5000 1 1
2 0080 0 1
2 0008 0 1
2 0818 0 1
2 b471 0 1
2 de8a 0 1
2 4086 0 1
2 0000 0 1
2 40a0 0 1
2 0005 1 1
2 1140 0 1
2 0002 0 1
2 200b 0 1
2 0000 0 1
2 5880 0 1
2 4000 0 1
2 1fcb 0 1
2 6201 0 1
2 0090 1 1
2 0080 0 1
2 5f6c 0 1
2 5208 0 1
2 0300 1 1
2 0208 1 1
2 2028 0 1
2 2140 0 1
2 0086 0 1
2 0012 1 1
2 0118 0 1
2 a000 1 1
2 4109 0 1
2 d0bd 0 1
2 1210 0 1
2 0820 1 1
2 0008 0 1
2 6764 0 1
2 3802 0 1
2 6880 0 1
2 08a0 0 1
2 0004 0 1
2 1044 0 1
2 0088 1 1
2 0040 0 1
2 2010 1 1
2 820a 0 1
2 0020 0 1
2 0360 0 1
2 9440 0 1
2 0100 0 1
2 0402 1 1
2 4806 0 1
2 0050 1 1
2 0280 1 1
2 8100 1 1
2 8010 1 1
2 640c 0 1
2 8910 0 1
2 4880 0 1
2 db7f 0 1
2 5001 0 1
2 4040 1 1
2 1040 1 1
2 8100 1 1
2 2d08 0 1
2 0050 1 1
2 8200 1 1
2 0082 1 1
2 0001 0 1
2 8281 0 1
2 02aa 0 1
2 c400 0 1
2 0800 0 1
2 40a0 0 1
2 eefb 0 1
2 0040 0 1
2 8080 1 1
2 5000 1 1
2 4400 1 1
2 1089 0 1
2 2000 0 1
2 0220 1 1
2 ffff 0 1
2 0040 0 1
2 00a0 1 1
2 08c2 0 1
2 72f4 0 1
2 2199 0 1
2 0002 0 1
2 1102 0 1
2 0542 0 1
2 0203 0 1
2 2004 1 1
2 4000 0 1
2 0010 0 1
2 0020 0 1
2 0701 0 1
2 0810 1 1
2 0002 0 1
2 0027 0 1
2 90a0 0 1
2 4444 0 1
2 0083 0 1
2 0400 0 1
2 fd5e 0 1
2 0080 0 1
2 1010 1 1
2 0020 0 1
2 011c 0 1
2 7dff 0 1
2 8109 0 1
2 1418 0 1
2 0200 0 1
2 c818 0 1
2 0001 0 1
2 ce8f 0 1
2 4001 1 1
2 0001 0 1
2 dff5 0 1
2 400c 0 1
2 8204 0 1
2 c880 0 1
2 7ff0 0 1
2 7dd1 0 1
2 ffaf 0 1
2 3020 0 1
2 8200 1 1
2 6104 0 1
2 d000 0 1
2 0408 1 1
2 1284 0 1
2 1808 0 1
2 ddff 0 1
2 2004 1 1
2 0011 1 1
2 2013 0 1
2 2083 0 1
2 1000 0 1
2 0244 0 1
2 7bb9 0 1
2 0090 1 1
2 5010 0 1
2 0010 0 1
2 0821 0 1
2 0104 1 1
2 5120 0 1
2 1018 0 1
2 0800 0 1
2 0054 0 1
2 1000 0 1
2 a000 1 1
2 4048 0 1
2 0008 0 1
2 4200 1 1
2 0449 0 1
2 0284 0 1
2 0004 0 1
2 4830 0 1
2 1080 1 1
2 77ff 0 1
2 9be9 0 1
2 4200 1 1
2 1200 1 1
2 ffff 0 1
2 0c82 0 1
2 fff1 0 1
2 0c84 0 1
2 b010 0 1
2 1008 1 1
2 20c0 0 1
2 0004 0 1
2 0048 1 1
2 1000 0 1
2 0910 0 1
2 0483 0 1
2 0040 0 1
2 ffff 0 1
2 0010 0 1
2 d3cd 0 1
2 c401 0 1
2 2004 1 1
2 4000 0 1
2 0002 0 1
2 4008 1 1
2 48c0 0 1
2 6c01 0 1
2 0201 1 1
2 0080 0 1
2 1525 0 1
2 9024 0 1
2 0142 0 1
2 0002 0 1
2 c880 0 1
2 0801 1 1
2 d7ff 0 1
2 8098 0 1
2 0010 0 1
2 0200 0 1
2 0040 0 1
2 3024 0 1
2 0120 1 1
2 0c24 0 1
2 4401 0 1
2 00a5 0 1
2 5048 0 1
2 0082 1 1
2 0024 1 1
2 0821 0 1
2 15b6 0 1
2 0440 1 1
2 fdc7 0 1
2 7c5b 0 1
2 8100 1 1
2 0400 0 1
2 0841 0 1
2 0142 0 1
2 0800 0 1
2 d477 0 1
2 0104 1 1
2 0451 0 1
2 11ec 0 1
2 fff9 0 1
2 0810 1 1
2 c220 0 1
2 c120 0 1
2 0140 1 1
2 0210 1 1
2 5000 1 1
2 8000 0 1
2 f3e7 0 1
2 2005 0 1
2 0004 0 1
2 7feb 0 1
2 012c 0 1
2 2091 0 1
2 290c 0 1
2 5060 0 1
2 00ad 0 1
2 4000 0 1
2 0020 0 1
2 0511 0 1
2 1104 0 1
2 1202 0 1
2 00a0 1 1
2 0290 0 1
2 1200 1 1
2 e9c7 0 1
2 0190 0 1
2 0040 0 1
2 2203 0 1
2 80de 0 1
2 1100 1 1
2 3000 1 1
2 20a1 0 1
2 0864 0 1
2 1008 1 1
2 0010 0 1
2 2300 0 1
2 8000 0 1
2 2800 1 1
2 8000 0 1
2 8021 0 1
2 2fdb 0 1
2 65b3 0 1
2 8094 0 1
2 7fff 0 1
2 a088 0 1
2 0489 0 1
2 0324 0 1
2 1070 0 1
2 0010 0 1
2 0454 0 1
2 0204 1 1
2 0908 0 1
2 0704 0 1
2 0200 0 1
2 0090 1 1
2 202a 0 1
2 0108 1 1
2 c000 1 1
2 0100 0 1
2 4000 0 1
2 0120 1 1
2 2000 0 1
2 0350 0 1
2 2000 0 1
2 0800 0 1
2 ffff 0 1
2 8884 0 1
2 0000 0 1
2 0401 1 1
2 0008 0 1
2 a082 0 1
2 0812 0 1
2 8800 1 1
2 2000 0 1
2 00e2 0 1
2 0010 0 1
2 0010 0 1
2 80a2 0 1
2 1c10 0 1
2 1008 1 1
2 8210 0 1
2 0400 0 1
2 0100 0 1
2 4000 0 1
2 2410 0 1
2 e6cb 0 1
2 6802 0 1
2 0082 1 1
2 202c 0 1
2 2014 0 1
2 4202 0 1
2 2198 0 1
2 8008 1 1
2 0800 0 1
2 a024 0 1
2 120a 0 1
2 0102 1 1
2 0010 0 1
2 0281 0 1
2 0384 0 1
2 d7fe 0 1
2 f3dd 0 1
2 1000 0 1
2 0048 1 1
2 0004 0 1
2 0440 1 1
2 102c 0 1
2 8042 0 1
2 6020 0 1
2 1881 0 1
2 4080 1 1
2 2000 0 1
2 0008 0 1
2 0884 0 1
2 0042 1 1
2 0100 0 1
2 0802 1 1
2 efff 0 1
2 0a04 0 1
2 1004 1 1
2 5ee6 0 1
2 2040 1 1
2 0180 1 1
2 0882 0 1
2 0008 0 1
2 2240 0 1
2 8310 0 1
2 8481 0 1
2 1421 0 1
2 0004 0 1
2 1400 1 1
2 9400 0 1
2 2004 1 1
2 7e7e 0 1
2 0810 1 1
2 5204 0 1
2 0009 1 1
2 0035 0 1
2 0500 1 1
2 0a21 0 1
2 a004 0 1
2 0100 0 1
2 1818 0 1
2 4000 0 1
2 4040 1 1
2 0203 0 1
2 0018 1 1
2 6fff 0 1
2 bb7b 0 1
2 c200 0 1
2 4005 0 1
2 ffff 0 1
2 1904 0 1
2 3400 0 1
2 00a0 1 1
2 4000 0 1
2 fffe 0 1
2 0302 0 1
2 0060 1 1
2 2460 0 1
2 0848 0 1
2 56be 0 1
2 0040 0 1
2 0002 0 1
2 0008 0 1
2 000c 1 1
2 20a1 0 1
2 001b 0 1
2 0004 0 1
2 9005 0 1
2 2000 0 1
2 6050 0 1
2 0040 0 1
2 0002 0 1
2 4202 0 1
2 0f80 0 1
2 ffff 0 1
2 1121 0 1
2 2040 1 1
2 5014 0 1
2 4000 0 1
2 2000 0 1
2 1000 0 1
2 0116 0 1
2 3011 0 1
2 8001 1 1
2 4403 0 1
2 0200 0 1
2 0c08 0 1
2 8040 1 1
2 0800 0 1
2 fbff 0 1
2 0150 0 1
2 4a40 0 1
2 3b1e 0 1
2 4900 0 1
2 0e08 0 1
2 6800 0 1
2 0800 0 1
2 006c 0 1
2 80a4 0 1
2 0d00 0 1
2 8120 0 1
2 4200 1 1
2 0010 0 1
2 9200 0 1
2 0060 1 1
2 100c 0 1
2 0006 1 1
2 4010 1 1
2 0080 0 1
2 0820 1 1
2 0008 0 1
2 8030 0 1
2 0060 1 1
2 6000 1 1
2 0080 0 1
2 2002 1 1
2 0168 0 1
2 1308 0 1
2 c000 1 1
2 0400 0 1
2 3100 0 1
2 0020 0 1
2 1000 0 1
2 0059 0 1
2 4551 0 1
2 0088 1 1
2 8004 1 1
2 3100 0 1
2 9fce 0 1
2 9802 0 1
2 2481 0 1
2 0801 1 1
2 0004 0 1
2 1222 0 1
2 afff 0 1
2 eb5f 0 1
2 080a 0 1
2 efef 0 1
2 0002 0 1
2 5a87 0 1
2 0819 0 1
2 4010 1 1
2 abbb 0 1
2 01c2 0 1
2 912a 0 1
2 efae 0 1
2 0800 0 1
2 0008 0 1
2 2000 0 1
2 ffef 0 1
2 4222 0 1
2 1000 0 1
2 0a07 0 1
2 0200 0 1
2 0884 0 1
2 4000 0 1
2 0058 0 1
2 0020 0 1
2 f7fb 0 1
2 0440 1 1
2 0410 1 1
2 0200 0 1
2 4000 0 1
2 2001 1 1
2 0008 0 1
2 0100 0 1
2 1908 0 1
2 40c4 0 1
2 5000 1 1
2 0004 0 1
2 0004 0 1
2 0130 0 1
2 4000 0 1
2 0024 1 1
2 f3fd 0 1
2 7012 0 1
2 0080 0 1
2 20a0 0 1
2 d9f7 0 1
2 9081 0 1
2 2800 1 1
2 0950 0 1
2 00c0 1 1
2 2400 1 1
2 0080 0 1
2 0901 0 1
2 3030 0 1
2 9820 0 1
2 0008 0 1
2 4102 0 1
2 0100 0 1
2 8004 1 1
2 f68d 0 1
2 0308 0 1
2 1860 0 1
2 0328 0 1
2 4400 1 1
2 7bee 0 1
2 9011 0 1
2 8045 0 1
2 0810 1 1
2 a0c0 0 1
2 0449 0 1
2 0901 0 1
2 0620 0 1
2 a000 1 1
2 0200 0 1
2 0014 1 1
2 3120 0 1
2 0211 0 1
2 0200 0 1
2 0604 0 1
2 0420 1 1
2 4000 0 1
2 6480 0 1
2 0810 1 1
2 0005 1 1
2 0100 0 1
2 0010 0 1
2 4082 0 1
2 0102 1 1
2 8203 0 1
2 0008 0 1
2 008b 0 1
2 2408 0 1
2 1900 0 1
2 0200 0 1
2 6004 0 1
2 1022 0 1
2 8600 0 1
2 1020 1 1
2 1041 0 1
2 6bb7 0 1
2 fffd 0 1
2 0010 0 1
2 0034 0 1
2 0b40 0 1
2 0218 0 1
2 2100 1 1
2 4402 0 1
2 0c00 1 1
2 4203 0 1
2 8009 0 1
2 1120 0 1
2 0800 0 1
2 8a00 0 1
2 4080 1 1
2 0980 0 1
2 1000 0 1
2 0001 0 1
2 dfe5 0 1
2 4040 1 1
2 8084 0 1
2 4001 1 1
2 2508 0 1
2 0808 1 1
2 0290 0 1
2 0184 0 1
2 11c0 0 1
2 0090 1 1
2 0841 0 1
2 1448 0 1
2 e100 0 1
2 1c01 0 1
2 9012 0 1
2 0131 0 1
2 30c0 0 1
2 0286 0 1
2 8400 1 1
2 0146 0 1
2 eb6c 0 1
2 1000 0 1
2 0088 1 1
2 5002 0 1
2 0240 1 1
2 febb 0 1
2 c010 0 1
2 1000 0 1
2 0080 0 1
2 0020 0 1
2 0480 1 1
2 2024 0 1
2 9dbf 0 1
2 4808 0 1
2 0090 1 1
2 2054 0 1
2 0309 0 1
2 0006 1 1
2 4049 0 1
2 8400 1 1
2 0110 1 1
2 8080 1 1
2 0004 0 1
2 8809 0 1
2 1010 1 1
2 1182 0 1
2 0041 1 1
2 1026 0 1
2 f7a4 0 1
2 59de 0 1
2 0809 0 1
2 0028 1 1
2 0001 0 1
2 2002 1 1
2 10c1 0 1
2 1122 0 1
2 0058 0 1
2 5020 0 1
2 300c 0 1
2 ffbf 0 1
2 4000 0 1
2 a010 0 1
2 4009 0 1
2 0800 0 1
2 f7d3 0 1
2 00b0 0 1
2 0228 0 1
2 20a0 0 1
2 02d0 0 1
2 8108 0 1
2 0400 0 1
2 efff 0 1
2 0681 0 1
2 0000 0 1
2 0410 1 1
2 8000 0 1
2 1130 0 1
2 2200 1 1
2 0180 1 1
2 2018 0 1
2 4080 1 1
2 2010 1 1
2 4230 0 1
2 2100 1 1
2 30c0 0 1
2 1040 1 1
2 0021 1 1
2 0109 0 1
2 4128 0 1
2 4000 0 1
2 0081 1 1
2 8800 1 1
2 1101 0 1
2 000e 0 1
2 813b 0 1
2 0204 1 1
2 0800 0 1
2 0100 0 1
2 0022 1 1
2 0012 1 1
2 004a 0 1
2 4000 0 1
2 1408 0 1
2 0304 0 1
2 0804 1 1
2 2230 0 1
2 8818 0 1
2 3801 0 1
2 0888 0 1
2 1000 0 1
2 8000 0 1
2 6480 0 1
2 0080 0 1
2 0020 0 1
2 4040 1 1
2 2800 1 1
2 0010 0 1
2 1802 0 1
2 0821 0 1
2 70c8 0 1
2 7f7c 0 1
2 4000 0 1
2 0a40 0 1
2 1000 0 1
2 a84a 0 1
2 0011 1 1
2 a340 0 1
2 1080 1 1
2 8481 0 1
2 78f6 0 1
2 0922 0 1
2 8180 0 1
2 4280 0 1
2 0011 1 1
2 010a 0 1
2 0508 0 1
2 0204 1 1
2 0400 0 1
2 6820 0 1
2 7bdf 0 1
2 0014 1 1
2 0084 1 1
2 8008 1 1
2 9668 0 1
2 8040 1 1
2 0010 0 1
2 0284 0 1
2 0008 0 1
2 0a84 0 1
2 0032 0 1
2 4b80 0 1
2 0500 1 1
2 0010 0 1
2 0002 0 1
2 0805 0 1
2 1200 1 1
2 5208 0 1
2 4001 1 1
2 dfdf 0 1
2 0026 0 1
2 8000 0 1
2 0001 0 1
2 1400 1 1
2 4280 0 1
2 0108 1 1
2 fedf 0 1
2 5a00 0 1
2 0400 0 1
2 bbbc 0 1
2 f57f 0 1
2 0448 0 1
2 0210 1 1
2 8000 0 1
2 0001 0 1
2 0008 0 1
2 4030 0 1
2 0159 0 1
2 1101 0 1
2 0412 0 1
2 2304 0 1
2 0800 0 1
2 2004 1 1
2 0090 1 1
2 001a 0 1
2 0001 0 1
2 3dbd 0 1
2 4500 0 1
2 3220 0 1
2 0800 0 1
2 0400 0 1
2 0803 0 1
2 2448 0 1
2 0095 0 1
2 0824 0 1
2 1014 0 1
2 0488 0 1
2 0905 0 1
2 1802 0 1
2 0010 0 1
2 8340 0 1
2 1002 1 1
2 f657 0 1
2 0110 1 1
2 6804 0 1
2 0200 0 1
2 02c8 0 1
2 8f3a 0 1
2 4c42 0 1
2 0002 0 1
2 fdff 0 1
2 8002 1 1
2 4828 0 1
2 0440 1 1
2 8160 0 1
2 a018 0 1
2 0180 1 1
2 028a 0 1
2 0020 0 1
2 3220 0 1
2 0810 1 1
2 0002 0 1
2 2409 0 1
2 1428 0 1
2 2a00 0 1
2 2800 1 1
2 0008 0 1
2 0430 0 1
2 210a 0 1
2 8000 0 1
2 1224 0 1
2 00f0 0 1
2 9044 0 1
2 2410 0 1
2 0014 1 1
2 0100 0 1
2 001a 0 1
2 0258 0 1
2 0040 0 1
2 460a 0 1
2 0040 0 1
2 0401 1 1
2 8118 0 1
2 0460 0 1
2 100e 0 1
2 0000 0 1
2 30a0 0 1
2 4a00 0 1
2 0033 0 1
2 0842 0 1
2 0000 0 1
2 1808 0 1
2 2000 0 1
2 0800 0 1
2 0090 1 1
2 0901 0 1
2 8000 0 1
2 0300 1 1
2 0430 0 1
2 0001 0 1
2 0850 0 1
2 0041 1 1
2 0648 0 1
2 0040 0 1
2 1c01 0 1
2 008c 0 1
2 0308 0 1
2 0010 0 1
2 0420 1 1
2 fffb 0 1
2 8005 0 1
2 1000 0 1
2 0281 0 1
2 8012 0 1
2 0000 0 1
2 a084 0 1
2 0044 1 1
2 0042 1 1
2 0114 0 1
2 0040 0 1
2 8900 0 1
2 0001 0 1
2 0280 1 1
2 0428 0 1
2 411b 0 1
2 2004 1 1
2 4000 0 1
2 0020 0 1
2 0100 0 1
2 9020 0 1
2 0c00 1 1
2 0210 1 1
2 4100 1 1
2 0003 1 1
2 8000 0 1
2 8604 0 1
2 8800 1 1
2 1214 0 1
2 fcec 0 1
2 1008 1 1
2 d2ef 0 1
2 0150 0 1
2 1000 0 1
2 0400 0 1
2 0400 0 1
2 0100 0 1
2 1004 1 1
2 4080 1 1
2 8080 1 1
2 1080 1 1
2 2480 0 1
2 0010 0 1
2 68ac 0 1
2 f7df 0 1
2 0808 1 1
2 8800 1 1
2 0020 0 1
2 28c0 0 1
2 0800 0 1
2 7002 0 1
2 0100 0 1
2 2080 1 1
2 2002 1 1
2 2c00 0 1
2 8900 0 1
2 0e08 0 1
2 ddfe 0 1
2 fbb7 0 1
2 1240 0 1
2 c859 0 1
2 83a4 0 1
2 0600 1 1
2 0020 0 1
2 0148 0 1
2 0804 1 1
2 0c18 0 1
2 8112 0 1
2 0051 0 1
2 0503 0 1
2 01cc 0 1
2 4000 0 1
2 0a08 0 1
2 0232 0 1
2 4000 0 1
2 02c4 0 1
2 1a01 0 1
2 1062 0 1
2 2100 1 1
2 1200 1 1
2 0900 1 1
2 6026 0 1
2 0095 0 1
2 2801 0 1
2 87b6 0 1
2 0000 0 1
2 ff5e 0 1
2 4c00 0 1
2 15c5 0 1
2 1028 0 1
2 0004 0 1
2 9a00 0 1
2 2880 0 1
2 4040 1 1
2 0080 0 1
2 0045 0 1
2 0800 0 1
2 0004 0 1
2 4200 1 1
2 802a 0 1
2 0008 0 1
2 0180 1 1
2 80c0 0 1
2 2080 1 1
2 8380 0 1
2 6005 0 1
2 0140 1 1
2 0082 1 1
2 0012 1 1
2 0004 0 1
2 4405 0 1
2 c102 0 1
2 4008 1 1
2 100a 0 1
2 0086 0 1
2 0200 0 1
2 82a0 0 1
2 0110 1 1
2 2000 0 1
2 1010 1 1
2 4540 0 1
2 cc00 0 1
2 4106 0 1
2 8100 1 1
2 0010 0 1
2 8000 0 1
2 4042 0 1
2 0001 0 1
2 4028 0 1
2 0402 1 1
2 4400 1 1
2 0010 0 1
2 2002 1 1
2 ffcb 0 1
2 8280 0 1
2 1030 0 1
2 0820 1 1
2 4230 0 1
2 0443 0 1
2 ffdf 0 1
2 0640 0 1
2 2c20 0 1
2 4282 0 1
2 8004 1 1
2 0000 0 1
2 9410 0 1
2 0034 0 1
2 aedb 0 1
2 0010 0 1
2 0008 0 1
2 0800 0 1
2 c001 0 1
2 0008 0 1
2 1020 1 1
2 0200 0 1
2 1280 0 1
2 0900 1 1
2 0400 0 1
2 e6eb 0 1
2 0290 0 1
2 2004 1 1
2 2004 1 1
2 1000 0 1
2 8c40 0 1
2 0210 1 1
2 9021 0 1
2 1000 0 1
2 1424 0 1
2 ffd7 0 1
2 6b26 0 1
2 0140 1 1
2 8de9 0 1
2 0500 1 1
2 bff6 0 1
2 0522 0 1
2 420c 0 1
2 eae6 0 1
2 1020 1 1
2 001a 0 1
2 0200 0 1
2 4000 0 1
2 2184 0 1
2 24a0 0 1
2 4025 0 1
2 1068 0 1
2 4402 0 1
2 0020 0 1
2 0020 0 1
2 0481 0 1
2 2003 0 1
2 ffff 0 1
2 2034 0 1
2 1400 1 1
2 0080 0 1
2 2200 1 1
2 4001 1 1
2 0211 0 1
2 8101 0 1
2 2128 0 1
2 0080 0 1
2 fbeb 0 1
2 000c 1 1
2 fafb 0 1
2 0218 0 1
2 2802 0 1
2 0800 0 1
2 20d0 0 1
2 bdf7 0 1
2 3012 0 1
2 1007 0 1
2 2102 0 1
2 0004 0 1
2 0154 0 1
2 2900 0 1
2 0000 0 1
2 0100 0 1
2 1004 1 1
2 4209 0 1
2 6efe 0 1
2 0062 0 1
2 8d00 0 1
2 0200 0 1
2 0030 1 1
2 0481 0 1
2 4210 0 1
2 0020 0 1
2 d306 0 1
2 0400 0 1
2 0088 1 1
2 0046 0 1
2 3000 1 1
2 0300 1 1
2 0d01 0 1
2 4808 0 1
2 8d4d 0 1
2 0c02 0 1
2 3084 0 1
2 edff 0 1
2 0002 0 1
2 8400 1 1
2 2280 0 1
2 4014 0 1
2 4408 0 1
2 fcff 0 1
2 fffd 0 1
2 ddeb 0 1
2 4040 1 1
2 00a0 1 1
2 4108 0 1
2 5dfd 0 1
2 8890 0 1
2 8040 1 1
2 2404 0 1
2 2040 1 1
2 0805 0 1
2 3240 0 1
2 a9cf 0 1
2 000a 1 1
2 050c 0 1
2 0226 0 1
2 8044 0 1
2 0200 0 1
2 c000 1 1
2 0000 0 1
2 2cfc 0 1
2 0040 0 1
2 c220 0 1
2 3ea0 0 1
2 0080 0 1
2 8000 0 1
2 4000 0 1
2 2006 0 1
2 0905 0 1
2 1411 0 1
2 ffff 0 1
2 6200 0 1
2 0800 0 1
2 4848 0 1
2 0810 1 1
2 4001 1 1
2 0400 0 1
2 4400 1 1
2 60a6 0 1
2 1000 0 1
2 0020 0 1
2 8002 1 1
2 efff 0 1
2 0843 0 1
2 8840 0 1
2 0811 0 1
2 732c 0 1
2 9810 0 1
2 0008 0 1
2 0080 0 1
2 0100 0 1
2 2600 0 1
2 0200 0 1
2 0008 0 1
2 0810 1 1
2 40a8 0 1
2 0201 1 1
2 0004 0 1
2 ffff 0 1
2 a006 0 1
2 0002 0 1
2 cddf 0 1
2 0800 0 1
2 0842 0 1
2 0421 0 1
2 02a4 0 1
2 0006 1 1
2 ffff 0 1
2 0040 0 1
2 2844 0 1
2 2600 0 1
2 2af8 0 1
2 008c 0 1
2 8802 0 1
2 0518 0 1
2 1001 1 1
2 0040 0 1
2 dfff 0 1
2 4000 0 1
2 0021 1 1
2 0020 0 1
2 0102 1 1
2 1044 0 1
2 6084 0 1
2 0200 0 1
2 bf23 0 1
2 ff7f 0 1
2 0001 0 1
2 0808 1 1
2 1009 0 1
2 0842 0 1
2 0020 0 1
2 2000 0 1
2 4004 1 1
2 0908 0 1
2 2082 0 1
2 0180 1 1
2 0170 0 1
2 10c0 0 1
2 2000 0 1
2 1118 0 1
2 2963 0 1
2 8200 1 1
2 1d96 0 1
2 0050 1 1
2 4003 0 1
2 6000 1 1
2 3104 0 1
2 0170 0 1
2 8804 0 1
2 2a21 0 1
2 0206 0 1
2 2120 0 1
2 0020 0 1
2 6000 1 1
2 0430 0 1
2 0004 0 1
2 0001 0 1
2 c137 0 1
2 801a 0 1
2 2810 0 1
2 8a00 0 1
2 1008 1 1
2 8003 0 1
2 210c 0 1
2 3b7d 0 1
2 1410 0 1
2 9060 0 1
2 0700 0 1
2 0042 1 1
2 87f3 0 1
2 ac80 0 1
2 f4e9 0 1
2 0022 1 1
2 0444 0 1
2 fcf4 0 1
2 02c2 0 1
2 4220 0 1
2 1840 0 1
2 6011 0 1
2 0048 1 1
2 00a2 0 1
2 0001 0 1
2 0400 0 1
2 0001 0 1
2 0040 0 1
2 c801 0 1
2 0030 1 1
2 0226 0 1
2 0060 1 1
2 0480 1 1
2 ffff 0 1
2 a080 0 1
2 0610 0 1
2 e96b 0 1
2 2210 0 1
2 8008 1 1
2 00a8 0 1
2 0284 0 1
2 0400 0 1
2 0202 1 1
2 4801 0 1
2 fe78 0 1
2 0281 0 1
2 0942 0 1
2 1020 1 1
2 2006 0 1
2 0823 0 1
2 0413 0 1
2 0880 1 1
2 8083 0 1
2 3005 0 1
2 8000 0 1
2 a100 0 1
2 0002 0 1
2 0588 0 1
2 0010 0 1
2 0509 0 1
2 4008 1 1
2 1000 0 1
2 0002 0 1
2 2010 1 1
2 0280 1 1
2 9800 0 1
2 0110 1 1
2 faa5 0 1
2 0201 1 1
2 0020 0 1
2 fdbe 0 1
2 0214 0 1
2 0086 0 1
2 0018 1 1
2 b801 0 1
2 a001 0 1
2 80ac 0 1
2 0200 0 1
2 f777 0 1
2 b001 0 1
2 0408 1 1
2 4844 0 1
2 0101 1 1
2 a220 0 1
2 0080 0 1
2 2800 1 1
2 4800 1 1
2 024a 0 1
2 2031 0 1
2 8282 0 1
2 0880 1 1
2 5404 0 1
2 00c0 1 1
2 1100 1 1
2 0008 0 1
2 4100 1 1
2 4202 0 1
2 9da5 0 1
2 8006 0 1
2 0809 0 1
2 4200 1 1
2 009c 0 1
2 68fb 0 1
2 2248 0 1
2 8005 0 1
2 2040 1 1
2 a009 0 1
2 0081 1 1
2 0851 0 1
2 00ac 0 1
2 012b 0 1
2 3001 0 1
2 3208 0 1
2 4026 0 1
2 10c0 0 1
2 4100 1 1
2 0120 1 1
2 0800 0 1
2 17b3 0 1
2 1404 0 1
2 1d1a 0 1
2 014b 0 1
2 00a4 0 1
2 8038 0 1
2 2d41 0 1
2 014c 0 1
2 3050 0 1
2 4048 0 1
2 000d 0 1
2 0308 0 1
2 4200 1 1
2 0100 0 1
2 1200 1 1
2 8280 0 1
2 ffff 0 1
2 2000 0 1
2 0886 0 1
2 10c1 0 1
2 0400 0 1
2 1004 1 1
2 9300 0 1
2 0420 1 1
2 0005 1 1
2 5832 0 1
2 4083 0 1
2 0280 1 1
2 8089 0 1
2 0144 0 1
2 2400 1 1
2 0404 1 1
2 008a 0 1
2 0020 0 1
2 5000 1 1
2 3b26 0 1
2 1204 0 1
2 0801 1 1
2 108a 0 1
2 8411 0 1
2 8010 1 1
2 0e08 0 1
2 0004 0 1
2 1020 1 1
2 0010 0 1
2 6082 0 1
2 8000 0 1
2 0800 0 1
2 8000 0 1
2 fbbf 0 1
2 4007 0 1
2 1c40 0 1
2 05e2 0 1
2 baf6 0 1
2 4091 0 1
2 9005 0 1
2 3020 0 1
2 8000 0 1
2 a014 0 1
2 0c60 0 1
2 77d8 0 1
2 a200 0 1
2 0182 0 1
2 0420 1 1
2 0030 1 1
2 03a0 0 1
2 2008 1 1
2 2080 1 1
2 fdb8 0 1
2 0120 1 1
2 0020 0 1
2 0880 1 1
2 ffff 0 1
2 8084 0 1
2 00a0 1 1
2 47e1 0 1
2 0004 0 1
2 6600 0 1
2 0820 1 1
2 0000 0 1
2 8080 1 1
2 1000 0 1
2 2000 0 1
2 0004 0 1
2 0200 0 1
2 001c 0 1
2 0020 0 1
2 0002 0 1
2 7f7f 0 1
2 bfef 0 1
2 2006 0 1
2 0400 0 1
2 1410 0 1
2 7ade 0 1
2 0044 1 1
2 0c88 0 1
2 8001 1 1
2 0010 0 1
2 0080 0 1
2 7080 0 1
2 0100 0 1
2 4010 1 1
2 3044 0 1
2 4c00 0 1
2 1040 1 1
2 0008 0 1
2 8810 0 1
2 0100 0 1
2 1828 0 1
2 ffff 0 1
2 4040 1 1
2 4044 0 1
2 4481 0 1
2 8810 0 1
2 8080 1 1
2 0100 0 1
2 088c 0 1
2 9017 0 1
2 0850 0 1
2 0820 1 1
2 20c8 0 1
2 0400 0 1
2 0100 0 1
2 0010 0 1
2 5104 0 1
2 0a14 0 1
2 5167 0 1
2 0121 0 1
2 0208 1 1
2 0400 0 1
2 1040 1 1
2 abc6 0 1
2 ffff 0 1
2 4840 0 1
2 1300 0 1
2 8000 0 1
2 2040 1 1
2 0808 1 1
2 8010 1 1
2 3000 1 1
2 0a12 0 1
2 3fed 0 1
2 2000 0 1
2 0820 1 1
2 0200 0 1
2 e008 0 1
2 2013 0 1
2 0800 0 1
2 3d77 0 1
2 2110 0 1
2 c000 1 1
2 0035 0 1
2 0134 0 1
2 0040 0 1
2 4310 0 1
2 0081 1 1
2 2110 0 1
2 0100 0 1
2 004c 0 1
2 b2cf 0 1
2 ffef 0 1
2 0840 1 1
2 0851 0 1
2 6048 0 1
2 4140 0 1
2 0040 0 1
2 0425 0 1
2 a900 0 1
2 003a 0 1
2 8401 0 1
2 ed7f 0 1
2 00a0 1 1
2 0008 0 1
2 0500 1 1
2 080e 0 1
2 0002 0 1
2 4410 0 1
2 1002 1 1
2 e696 0 1
2 1002 1 1
2 8000 0 1
2 0080 0 1
2 0410 1 1
2 8000 0 1
2 0102 1 1
2 0000 0 1
2 0418 0 1
2 4002 1 1
2 b39e 0 1
2 0035 0 1
2 0981 0 1
2 8409 0 1
2 5fac 0 1
2 6db2 0 1
2 4608 0 1
2 0204 1 1
2 a7bf 0 1
2 8090 0 1
2 0008 0 1
2 1008 1 1
2 c15c 0 1
2 0049 0 1
2 0704 0 1
2 0804 1 1
2 1040 1 1
2 8080 1 1
2 4000 0 1
2 9048 0 1
2 0081 1 1
2 1418 0 1
2 1120 0 1
2 010c 0 1
2 0006 1 1
2 4210 0 1
2 8008 1 1
2 8a00 0 1
2 2301 0 1
2 0084 1 1
2 0040 0 1
2 0010 0 1
2 1080 1 1
2 2001 1 1
2 9400 0 1
2 0800 0 1
2 fdff 0 1
2 c040 0 1
2 2282 0 1
2 7097 0 1
2 0e00 0 1
2 0004 0 1
2 0040 0 1
2 0080 0 1
2 0500 1 1
2 ffff 0 1
2 0011 1 1
2 b88c 0 1
2 4000 0 1
2 0080 0 1
2 0040 0 1
2 9080 0 1
2 0070 0 1
2 0a0a 0 1
2 0002 0 1
2 8200 1 1
2 6530 0 1
2 0020 0 1
2 0040 0 1
2 0080 0 1
2 97f2 0 1
2 0410 1 1
2 4004 1 1
2 0208 1 1
2 0003 1 1
2 0521 0 1
2 4002 1 1
2 a240 0 1
2 0420 1 1
2 2844 0 1
2 001c 0 1
2 1090 0 1
2 735b 0 1
2 0004 0 1
2 0000 0 1
2 0084 1 1
2 0140 1 1
2 4402 0 1
2 6020 0 1
2 c020 0 1
2 3020 0 1
2 60c0 0 1
2 1011 0 1
2 4064 0 1
2 c17e 0 1
2 8802 0 1
2 0201 1 1
2 8150 0 1
2 0418 0 1
2 1800 1 1
2 f0b7 0 1
2 0014 1 1
2 14c0 0 1
2 2000 0 1
2 0082 1 1
2 08c4 0 1
2 8080 1 1
2 0040 0 1
2 2480 0 1
2 a400 0 1
2 0012 1 1
2 8200 1 1
2 0a88 0 1
2 0080 0 1
2 0050 1 1
2 5080 0 1
2 8400 1 1
2 8000 0 1
2 004c 0 1
2 4005 0 1
2 0008 0 1
2 0100 0 1
2 9088 0 1
2 10c8 0 1
2 4011 0 1
2 1001 1 1
2 0400 0 1
2 0980 0 1
2 2114 0 1
2 1102 0 1
2 8044 0 1
2 4000 0 1
2 0008 0 1
2 0200 0 1
2 b7df 0 1
2 0100 0 1
2 2404 0 1
2 6004 0 1
2 c808 0 1
2 0002 0 1
2 0008 0 1
2 0910 0 1
2 0320 0 1
2 6440 0 1
2 0008 0 1
2 0400 0 1
2 6be7 0 1
2 8091 0 1
2 0004 0 1
2 0108 1 1
2 3002 0 1
2 5440 0 1
2 020b 0 1
2 1000 0 1
2 0641 0 1
2 2084 0 1
2 4840 0 1
2 0800 0 1
2 8842 0 1
2 1001 1 1
2 0e4b 0 1
2 4c5e 0 1
2 0010 0 1
2 4bb1 0 1
2 1000 0 1
2 4a20 0 1
2 4201 0 1
2 0202 1 1
2 5024 0 1
2 0008 0 1
2 0801 1 1
2 8081 0 1
2 8414 0 1
2 8010 1 1
2 4180 0 1
2 8410 0 1
2 5020 0 1
2 20c0 0 1
2 0125 0 1
2 0200 0 1
2 02a2 0 1
2 0409 0 1
2 0800 0 1
2 0404 1 1
2 3021 0 1
2 0040 0 1
2 1881 0 1
2 6010 0 1
2 0010 0 1
2 6201 0 1
2 01c0 0 1
2 0008 0 1
2 ffdf 0 1
2 0201 1 1
2 0008 0 1
2 080d 0 1
2 3201 0 1
2 840a 0 1
2 0101 1 1
2 0011 1 1
2 00ca 0 1
2 1000 0 1
2 0040 0 1
2 0149 0 1
2 4010 1 1
2 102a 0 1
2 0428 0 1
2 0412 0 1
2 0001 0 1
2 0221 0 1
2 8442 0 1
2 2a40 0 1
2 8810 0 1
2 8044 0 1
2 0154 0 1
2 c210 0 1
2 8508 0 1
2 0008 0 1
2 0081 1 1
2 4737 0 1
2 0700 0 1
2 f4cf 0 1
2 e3df 0 1
2 0220 1 1
2 4082 0 1
2 6040 0 1
2 0489 0 1
2 4440 0 1
2 c020 0 1
2 0900 1 1
2 0115 0 1
2 0801 1 1
2 0500 1 1
2 0200 0 1
2 fbf5 0 1
2 ffcf 0 1
2 1244 0 1
2 8800 1 1
2 1000 0 1
2 1045 0 1
2 0804 1 1
2 0120 1 1
2 6030 0 1
2 0080 0 1
2 0002 0 1
2 0482 0 1
2 4012 0 1
2 0004 0 1
2 ffff 0 1
2 0548 0 1
2 0010 0 1
2 08c0 0 1
2 dffd 0 1
2 2020 1 1
2 6048 0 1
2 0000 0 1
2 2000 0 1
2 90a0 0 1
2 e73d 0 1
2 0085 0 1
2 1405 0 1
2 0464 0 1
2 0145 0 1
2 8488 0 1
2 0210 1 1
2 1024 0 1
2 4404 0 1
2 2000 0 1
2 0000 0 1
2 0458 0 1
2 0010 0 1
2 2008 1 1
2 0e01 0 1
2 8000 0 1
2 1003 0 1
2 dfff 0 1
2 0010 0 1
2 0044 1 1
2 7e20 0 1
2 8002 1 1
2 0001 0 1
2 0008 0 1
2 4000 0 1
2 0a10 0 1
2 dcfd 0 1
2 ffff 0 1
2 3000 1 1
2 0824 0 1
