0 1 0 0 0 0000 0000 0 1 0000 0000 0 0
0 0 0 1 0 0003 0004 0 1 0000 0000 0 0
0 0 0 1 1 0003 0004 1 1 0007 ffff 0 1
0 0 0 1 2 f0f0 0ff0 1 1 ffff ffff 0 1
0 0 0 1 3 1234 1234 1 1 00f0 ffff 0 1
0 0 0 0 0 0000 0000 1 1 0000 ffff 1 1
0 0 0 0 0 0000 0000 0 1 0000 0000 0 0
1 0 0 1 0 0064 0001 0 1 0000 0000 0 0
1 0 0 1 0 00c8 0001 1 1 0065 ffff 0 1
1 0 1 1 0 03e7 03e7 1 1 0065 ffff 0 1
1 0 1 1 0 03e7 03e7 1 1 0065 ffff 0 1
1 0 1 1 0 03e7 03e7 1 1 0065 ffff 0 1
1 0 0 0 0 0000 0000 1 1 00c9 ffff 0 1
1 0 0 0 0 0000 0000 0 1 0000 0000 0 0
2 0 0 1 0 0001 0001 0 1 0000 0000 0 0
2 0 0 0 0 0001 0001 1 1 0002 ffff 0 1
2 0 0 1 0 0001 0001 0 1 0000 0000 0 0
2 0 0 0 0 0001 0001 1 1 0002 ffff 0 1
2 0 0 0 0 0001 0001 0 1 0000 0000 0 0
2 0 0 0 0 0001 0001 0 1 0000 0000 0 0
3 0 0 1 2 6834 6d92 0 1 0000 0000 0 0
3 0 0 1 3 5e4d 4a36 1 1 6810 ffff 0 1
3 0 1 1 0 305f 0000 1 1 6810 ffff 0 1
3 0 0 1 2 37a7 7c06 1 1 147b ffff 0 1
3 0 0 1 0 3c6c 0000 1 1 3406 ffff 0 1
3 0 0 1 3 7737 449f 1 1 3c6c ffff 0 1
3 0 0 1 0 fdb9 9474 1 1 33a8 ffff 0 1
3 0 0 1 3 012a 0000 1 1 922d ffff 0 1
3 0 0 1 2 fded 0000 1 1 012a ffff 0 1
3 0 1 1 2 49e4 0000 1 1 012a ffff 0 1
3 0 1 0 1 6653 0000 1 1 012a ffff 0 1
3 0 0 1 1 b366 0997 1 1 0000 ffff 1 1
3 0 0 1 1 342f 116f 1 1 a9cf ffff 0 1
3 0 0 0 3 7230 f522 1 1 22c0 ffff 0 1
3 0 0 1 3 1b2c 7574 0 1 0000 0000 0 0
3 0 1 1 2 7aec 0000 0 1 0000 0000 0 0
3 0 0 1 3 6251 3af9 1 1 6e58 ffff 0 1
3 0 0 1 1 09d3 0000 1 1 58a8 ffff 0 1
3 0 0 0 1 4e6e 634a 1 1 09d3 ffff 0 1
3 0 1 0 1 083a 0000 1 1 09d3 ffff 0 1
3 0 0 1 3 ad95 0000 0 1 0000 0000 0 0
3 0 1 1 3 73e6 0000 0 1 0000 0000 0 0
3 0 0 1 2 3111 0000 1 1 ad95 ffff 0 1
3 0 0 1 3 aa4b d36c 1 1 0000 ffff 1 1
3 0 0 1 0 6c12 8e98 1 1 7927 ffff 0 1
3 0 0 1 2 f498 2699 1 1 faaa ffff 0 1
3 0 0 1 2 5fea 0000 1 1 2498 ffff 0 1
3 0 0 0 0 d42b 6ffa 1 1 0000 ffff 1 1
3 0 0 1 2 91e9 0000 0 1 0000 0000 0 0
3 0 1 0 1 f36a 0000 0 1 0000 0000 0 0
3 0 0 1 1 7c52 0000 1 1 0000 ffff 1 1
3 0 0 1 0 2ff6 8d82 1 1 7c52 ffff 0 1
3 0 0 1 2 8f52 0000 1 1 bd78 ffff 0 1
3 0 1 1 1 4892 99c3 1 1 bd78 ffff 0 1
3 0 0 1 3 d991 df57 1 1 0000 ffff 1 1
3 0 0 1 0 6a55 0000 1 1 06c6 ffff 0 1
3 0 1 1 1 4cb1 564d 1 1 06c6 ffff 0 1
3 0 0 0 1 7448 dde1 1 1 6a55 ffff 0 1
3 0 0 1 0 c935 0000 0 1 0000 0000 0 0
3 0 1 1 1 f5b1 59dc 0 1 0000 0000 0 0
3 0 0 1 3 1bf1 de55 1 1 c935 ffff 0 1
3 0 1 1 3 28b0 0000 1 1 c935 ffff 0 1
3 0 1 1 2 f178 f158 1 1 c935 ffff 0 1
3 0 1 1 0 dcfb 412d 1 1 c935 ffff 0 1
3 0 0 1 3 2b24 0000 1 1 c5a4 ffff 0 1
3 0 0 1 3 bd17 d0b7 1 1 2b24 ffff 0 1
3 0 0 0 2 fdbc 0000 1 1 6da0 ffff 0 1
3 0 1 1 0 c3db 052d 1 1 6da0 ffff 0 1
3 0 1 1 0 0cc0 3e7b 1 1 6da0 ffff 0 1
3 0 0 1 3 9147 0000 0 1 0000 0000 0 0
3 0 0 0 0 7069 a739 1 1 9147 ffff 0 1
3 0 0 1 0 b679 0000 0 1 0000 0000 0 0
3 0 0 1 0 42aa a6b7 1 1 b679 ffff 0 1
3 0 0 1 3 9b5b 0000 1 1 e961 ffff 0 1
3 0 0 1 1 5f49 d46d 1 1 9b5b ffff 0 1
3 0 0 1 0 7f35 0000 1 1 8adc ffff 0 1
3 0 0 1 2 1b91 28e1 1 1 7f35 ffff 0 1
3 0 0 1 1 1878 0000 1 1 0881 ffff 0 1
3 0 0 1 1 ab89 0b79 1 1 1878 ffff 0 1
3 0 0 1 2 0755 ff98 1 1 a010 ffff 0 1
3 0 0 1 3 8828 0000 1 1 0710 ffff 0 1
3 0 0 1 1 6e08 15c0 1 1 8828 ffff 0 1
3 0 0 1 0 f3a3 a90b 1 1 5848 ffff 0 1
3 0 0 0 1 3ae5 350b 1 1 9cae ffff 0 1
3 0 1 1 2 db17 0000 1 1 9cae ffff 0 1
3 0 0 1 3 b845 0000 0 1 0000 0000 0 0
3 0 0 1 0 996f 482d 1 1 b845 ffff 0 1
3 0 1 1 3 4781 6f52 1 1 b845 ffff 0 1
3 0 0 1 0 3ae8 73f9 1 1 e19c ffff 0 1
3 0 0 1 0 22f1 0000 1 1 aee1 ffff 0 1
3 0 0 1 2 c334 91b3 1 1 22f1 ffff 0 1
3 0 0 1 0 8a52 0000 1 1 8130 ffff 0 1
3 0 0 1 0 4abe 76cf 1 1 8a52 ffff 0 1
3 0 0 1 2 2281 0000 1 1 c18d ffff 0 1
3 0 0 0 3 4a08 ea59 1 1 0000 ffff 1 1
3 0 0 0 3 247e 5036 0 1 0000 0000 0 0
3 0 1 1 0 1469 0000 0 1 0000 0000 0 0
3 0 0 1 2 10ab 0000 0 1 0000 0000 0 0
3 0 0 0 3 cf27 0000 1 1 0000 ffff 1 1
3 0 1 1 3 7fb9 0000 1 1 0000 ffff 1 1
3 0 0 1 2 e2d2 048f 0 1 0000 0000 0 0
3 0 0 0 1 cf8b 0000 1 1 0082 ffff 0 1
3 0 0 1 2 cd23 d13e 0 1 0000 0000 0 0
3 0 0 1 3 42bb 0000 1 1 c122 ffff 0 1
3 0 0 1 1 7df2 1595 1 1 42bb ffff 0 1
3 0 0 1 1 71d7 afe2 1 1 685d ffff 0 1
3 0 0 1 3 c5e3 0000 1 1 c1f5 ffff 0 1
3 0 0 1 3 44c1 a598 1 1 c5e3 ffff 0 1
3 0 0 0 3 c4e7 b50a 1 1 e159 ffff 0 1
3 0 1 1 1 09e3 5fd6 1 1 e159 ffff 0 1
3 0 0 1 0 372c df4d 0 1 0000 0000 0 0
3 0 0 1 0 bcf0 44e9 1 1 1679 ffff 0 1
3 0 0 1 0 a1d2 0000 1 1 01d9 ffff 0 1
3 0 1 1 0 8f87 0000 1 1 01d9 ffff 0 1
3 0 0 0 2 ac36 398f 1 1 a1d2 ffff 0 1
3 0 0 1 1 2944 0000 0 1 0000 0000 0 0
3 0 0 1 0 15d3 0000 1 1 2944 ffff 0 1
3 0 0 1 0 35fb 7d18 1 1 15d3 ffff 0 1
3 0 0 0 0 7ec6 707a 1 1 b313 ffff 0 1
3 0 0 1 0 a134 12eb 0 1 0000 0000 0 0
3 0 1 1 1 6957 5c38 0 1 0000 0000 0 0
3 0 0 1 2 ef6a 0000 1 1 b41f ffff 0 1
3 0 0 1 2 7700 7326 1 1 0000 ffff 1 1
3 0 0 1 1 404b 0000 1 1 7300 ffff 0 1
3 0 0 0 3 07cd 1089 1 1 404b ffff 0 1
3 0 0 0 2 a44e 7958 0 1 0000 0000 0 0
3 0 1 1 0 d142 7f4f 0 1 0000 0000 0 0
3 0 0 1 3 4ac1 0000 0 1 0000 0000 0 0
3 0 0 1 3 3023 956c 1 1 4ac1 ffff 0 1
3 0 0 0 0 84da 1652 1 1 a54f ffff 0 1
3 0 1 1 0 61e1 0000 1 1 a54f ffff 0 1
3 0 0 1 3 030c 2b42 0 1 0000 0000 0 0
3 0 0 1 2 d8a0 98cd 1 1 284e ffff 0 1
3 0 0 1 3 5c6b 0000 1 1 9880 ffff 0 1
3 0 0 1 3 ced7 0000 1 1 5c6b ffff 0 1
3 0 1 1 1 3088 3177 1 1 5c6b ffff 0 1
3 0 0 1 1 51f8 77ad 1 1 ced7 ffff 0 1
3 0 0 1 2 8919 0000 1 1 da4b ffff 0 1
3 0 0 1 2 b361 c1bf 1 1 0000 ffff 1 1
3 0 0 1 2 e370 0000 1 1 8121 ffff 0 1
3 0 0 1 2 3f72 0000 1 1 0000 ffff 1 1
3 0 0 1 3 70be b7a3 1 1 0000 ffff 1 1
3 0 1 1 0 6ca1 4c76 1 1 0000 ffff 1 1
3 0 0 1 2 8a64 0000 1 1 c71d ffff 0 1
3 0 1 1 2 96c2 73ee 1 1 c71d ffff 0 1
3 0 0 1 2 a5e9 0000 1 1 0000 ffff 1 1
3 0 1 0 1 8a25 0000 1 1 0000 ffff 1 1
3 0 0 1 2 d7ff 2d5e 1 1 0000 ffff 1 1
3 0 0 0 0 95b9 0e13 1 1 055e ffff 0 1
3 0 0 1 1 6a62 c407 0 1 0000 0000 0 0
3 0 0 0 0 384a 0000 1 1 a65b ffff 0 1
3 1 0 1 2 79c2 2052 0 1 0000 0000 0 0
3 0 0 1 1 b05e 0000 0 1 0000 0000 0 0
3 0 0 1 3 8c06 9722 1 1 b05e ffff 0 1
3 0 0 1 1 f39e 0000 1 1 1b24 ffff 0 1
3 0 0 1 2 0cad 0000 1 1 f39e ffff 0 1
3 0 0 1 0 512e c76f 1 1 0000 ffff 1 1
3 0 1 1 2 b9cc b900 1 1 0000 ffff 1 1
3 0 0 1 2 6518 69eb 1 1 189d ffff 0 1
3 0 0 1 1 a725 b0ad 1 1 6108 ffff 0 1
3 0 1 1 2 4248 0a84 1 1 6108 ffff 0 1
3 0 0 1 2 233a 0000 1 1 f678 ffff 0 1
3 0 0 0 0 d037 0000 1 1 0000 ffff 1 1
3 0 0 1 0 7791 0000 0 1 0000 0000 0 0
3 0 0 1 3 222e 4603 1 1 7791 ffff 0 1
3 0 1 1 0 cf89 386b 1 1 7791 ffff 0 1
3 1 0 1 3 03e1 16b7 0 1 0000 0000 0 0
3 0 0 1 1 d86a 0000 0 1 0000 0000 0 0
3 0 0 1 1 ea0f 0000 1 1 d86a ffff 0 1
3 0 0 1 0 7628 a021 1 1 ea0f ffff 0 1
3 0 0 1 3 df51 24c9 1 1 1649 ffff 0 1
3 0 0 0 2 9a99 8a1b 1 1 fb98 ffff 0 1
3 0 0 0 2 179e 0000 0 1 0000 0000 0 0
3 0 0 0 2 60ba 0000 0 1 0000 0000 0 0
3 0 0 1 2 62e6 0000 0 1 0000 0000 0 0
3 0 0 1 1 b76c 0000 1 1 0000 ffff 1 1
3 0 0 1 2 eb54 0823 1 1 b76c ffff 0 1
3 0 0 1 3 110f 0000 1 1 0800 ffff 0 1
3 0 0 1 3 f8ad 0000 1 1 110f ffff 0 1
3 0 1 1 0 2e24 0000 1 1 110f ffff 0 1
3 0 1 1 2 66eb e84e 1 1 110f ffff 0 1
3 0 0 1 1 60f5 0000 1 1 f8ad ffff 0 1
3 0 0 0 1 8950 0000 1 1 60f5 ffff 0 1
3 0 0 1 0 a084 0bae 0 1 0000 0000 0 0
3 0 0 1 3 be36 3eb1 1 1 ac32 ffff 0 1
3 0 1 1 0 d665 0000 1 1 ac32 ffff 0 1
3 0 0 1 3 8485 a77b 1 1 8087 ffff 0 1
3 0 1 1 1 da32 2ab0 1 1 8087 ffff 0 1
3 0 0 1 0 566d 0000 1 1 23fe ffff 0 1
3 0 1 1 0 825d b0c8 1 1 23fe ffff 0 1
3 0 1 1 1 e143 c886 1 1 23fe ffff 0 1
3 0 0 0 0 4b3d db00 1 1 566d ffff 0 1
3 0 1 1 1 ac83 4556 1 1 566d ffff 0 1
3 0 0 1 1 edd7 2ce3 0 1 0000 0000 0 0
3 0 0 1 3 bb98 3d2b 1 1 c0f4 ffff 0 1
3 0 0 1 3 7764 0000 1 1 86b3 ffff 0 1
3 0 0 1 3 cb5f 0000 1 1 7764 ffff 0 1
3 0 0 1 1 2072 aaaf 1 1 cb5f ffff 0 1
3 0 0 1 1 6a86 60d2 1 1 75c3 ffff 0 1
3 0 0 1 0 728f 4918 1 1 09b4 ffff 0 1
3 0 0 1 2 964a 3339 1 1 bba7 ffff 0 1
3 0 1 1 2 4000 0000 1 1 bba7 ffff 0 1
3 0 0 1 2 f83c 0000 1 1 1208 ffff 0 1
3 0 0 1 0 a028 9b36 1 1 0000 ffff 1 1
3 0 0 1 2 271b 6328 1 1 3b5e ffff 0 1
3 0 1 0 1 8b3f 0000 1 1 3b5e ffff 0 1
3 0 0 0 2 fc19 0000 1 1 2308 ffff 0 1
3 0 0 1 3 4e30 afa8 0 1 0000 0000 0 0
3 0 0 1 3 eb46 da19 1 1 e198 ffff 0 1
3 0 0 1 0 9ee7 b435 1 1 315f ffff 0 1
3 0 1 1 1 88e0 19a9 1 1 315f ffff 0 1
3 0 0 1 0 3233 18da 1 1 531c ffff 0 1
3 0 0 1 0 6a6c 0000 1 1 4b0d ffff 0 1
3 0 0 0 2 773c 8eb6 1 1 6a6c ffff 0 1
3 0 0 1 3 2947 5809 0 1 0000 0000 0 0
3 0 1 1 0 7c67 5678 0 1 0000 0000 0 0
3 0 0 1 2 6031 15fa 1 1 714e ffff 0 1
3 0 0 1 2 1983 7758 1 1 0030 ffff 0 1
3 0 0 1 2 8b29 b78a 1 1 1100 ffff 0 1
3 0 0 1 2 7076 68b3 1 1 8308 ffff 0 1
3 0 0 1 2 3f29 0000 1 1 6032 ffff 0 1
3 0 0 0 3 f4ee 0000 1 1 0000 ffff 1 1
3 0 1 1 2 642f 653c 1 1 0000 ffff 1 1
3 0 0 0 1 8107 49a9 0 1 0000 0000 0 0
3 0 0 0 2 ab60 a94b 0 1 0000 0000 0 0
3 0 0 1 3 7b0e 0000 0 1 0000 0000 0 0
3 0 0 1 2 b7be 0000 1 1 7b0e ffff 0 1
3 0 0 0 0 2fd3 0000 1 1 0000 ffff 1 1
3 0 0 1 2 7e9c 0000 0 1 0000 0000 0 0
3 0 0 1 2 f290 861e 1 1 0000 ffff 1 1
3 0 0 1 1 4bb8 0000 1 1 8210 ffff 0 1
3 0 0 0 1 192a 6fd8 1 1 4bb8 ffff 0 1
3 0 0 1 3 9be0 0000 0 1 0000 0000 0 0
3 1 0 1 0 1c74 308a 0 1 0000 0000 0 0
3 0 0 1 3 f33f 46ae 0 1 0000 0000 0 0
3 0 0 1 1 f9a8 7956 1 1 b591 ffff 0 1
3 0 0 1 2 22b4 ba86 1 1 8052 ffff 0 1
3 0 0 1 2 7933 1412 1 1 2284 ffff 0 1
3 0 1 1 3 2223 16b5 1 1 2284 ffff 0 1
3 0 1 1 1 eedc 535f 1 1 2284 ffff 0 1
3 0 0 1 0 7d9c 0000 1 1 1012 ffff 0 1
3 0 1 1 1 0827 0000 1 1 1012 ffff 0 1
3 0 0 1 3 b279 0000 1 1 7d9c ffff 0 1
3 0 1 1 0 e359 3a79 1 1 7d9c ffff 0 1
3 0 1 1 2 9880 0000 1 1 7d9c ffff 0 1
3 0 1 1 0 5d95 0000 1 1 7d9c ffff 0 1
3 0 1 1 3 0f75 0000 1 1 7d9c ffff 0 1
3 0 1 1 1 c6e3 0000 1 1 7d9c ffff 0 1
3 0 1 1 1 1fb1 166c 1 1 7d9c ffff 0 1
3 0 0 1 1 544b 0000 1 1 b279 ffff 0 1
3 0 1 1 2 429c ea4e 1 1 b279 ffff 0 1
3 0 0 1 0 aa59 0000 1 1 544b ffff 0 1
3 0 1 1 1 1e39 a3f3 1 1 544b ffff 0 1
3 0 0 0 0 708c 0000 1 1 aa59 ffff 0 1
3 0 0 1 0 6642 ed98 0 1 0000 0000 0 0
3 0 0 0 3 b217 0000 1 1 53da ffff 0 1
3 0 0 0 1 1db3 64f5 0 1 0000 0000 0 0
3 0 0 0 3 7b6c 0000 0 1 0000 0000 0 0
3 0 0 1 0 8b48 8270 0 1 0000 0000 0 0
3 0 0 1 3 db75 0000 1 1 0db8 ffff 0 1
3 0 0 1 2 69aa abc4 1 1 db75 ffff 0 1
3 0 0 1 2 35b2 4be6 1 1 2980 ffff 0 1
3 0 0 1 3 ab71 0000 1 1 01a2 ffff 0 1
3 0 0 1 3 bcd4 0000 1 1 ab71 ffff 0 1
3 0 0 1 0 9a04 0000 1 1 bcd4 ffff 0 1
3 0 0 1 2 c4fb 0000 1 1 9a04 ffff 0 1
3 0 1 1 2 7db8 0000 1 1 9a04 ffff 0 1
3 0 0 0 1 efd1 1037 1 1 0000 ffff 1 1
3 0 0 1 0 be57 0000 0 1 0000 0000 0 0
3 0 0 1 1 aa7d 4f77 1 1 be57 ffff 0 1
3 0 0 1 3 e45d 2391 1 1 5b06 ffff 0 1
3 0 0 0 2 f700 4966 1 1 c7cc ffff 0 1
3 0 0 1 1 ab11 0000 0 1 0000 0000 0 0
3 0 0 1 2 4444 0343 1 1 ab11 ffff 0 1
3 0 0 1 0 b227 0000 1 1 0040 ffff 0 1
3 0 0 1 1 8d8c e953 1 1 b227 ffff 0 1
3 0 0 1 1 84c4 0000 1 1 a439 ffff 0 1
3 0 0 1 3 09d7 0000 1 1 84c4 ffff 0 1
3 0 0 1 2 906f 0000 1 1 09d7 ffff 0 1
3 0 0 1 2 7aa1 0000 1 1 0000 ffff 1 1
3 0 0 1 0 46fe 959d 1 1 0000 ffff 1 1
3 0 1 1 0 4d48 a757 1 1 0000 ffff 1 1
3 0 0 1 0 dd86 0000 1 1 dc9b ffff 0 1
3 0 0 1 0 eae2 0000 1 1 dd86 ffff 0 1
3 0 0 0 2 62f3 0000 1 1 eae2 ffff 0 1
3 0 1 1 0 cf82 7731 1 1 eae2 ffff 0 1
3 0 0 0 0 b305 0000 0 1 0000 0000 0 0
3 0 0 1 2 83ea 38c3 0 1 0000 0000 0 0
3 0 0 1 2 796b 0000 1 1 00c2 ffff 0 1
3 0 0 0 2 208d 0000 1 1 0000 ffff 1 1
3 0 0 1 0 aa03 dd7f 0 1 0000 0000 0 0
3 0 1 1 3 95c8 0000 0 1 0000 0000 0 0
3 0 0 1 3 f568 0498 1 1 8782 ffff 0 1
3 0 1 1 0 7ca4 7062 1 1 8782 ffff 0 1
3 0 0 1 1 a1ce df08 1 1 f1f0 ffff 0 1
3 0 1 1 2 abeb 0cd1 1 1 f1f0 ffff 0 1
3 0 0 1 0 b12c 1aac 1 1 c2c6 ffff 0 1
3 0 0 1 2 3cfe ee47 1 1 cbd8 ffff 0 1
3 0 0 1 1 df6f a934 1 1 2c46 ffff 0 1
3 0 0 1 2 2962 0000 1 1 363b ffff 0 1
3 0 0 1 2 8db9 db43 1 1 0000 ffff 1 1
3 0 0 1 1 826d 0000 1 1 8901 ffff 0 1
3 0 0 1 1 cf18 0000 1 1 826d ffff 0 1
3 0 0 1 1 bacc 0000 1 1 cf18 ffff 0 1
3 0 0 1 2 9d3f 0000 1 1 bacc ffff 0 1
3 0 0 1 0 7002 7f78 1 1 0000 ffff 1 1
3 0 0 1 1 0178 0000 1 1 ef7a ffff 0 1
3 0 1 1 1 eb03 0000 1 1 ef7a ffff 0 1
3 0 0 1 1 b5bd 0000 1 1 0178 ffff 0 1
3 0 0 0 2 4516 303f 1 1 b5bd ffff 0 1
3 0 0 0 2 13d7 0000 0 1 0000 0000 0 0
3 0 0 0 0 4c95 b882 0 1 0000 0000 0 0
3 0 0 1 1 06c0 0000 0 1 0000 0000 0 0
3 0 1 1 0 db52 0000 0 1 0000 0000 0 0
3 0 0 0 1 a2ca 0000 1 1 06c0 ffff 0 1
3 1 0 1 1 aa79 0000 0 1 0000 0000 0 0
3 0 0 1 2 1aa5 0000 0 1 0000 0000 0 0
3 0 0 1 1 5c89 477d 1 1 0000 ffff 1 1
3 0 0 1 2 5a7c 3ce9 1 1 150c ffff 0 1
3 0 0 1 3 fa84 0000 1 1 1868 ffff 0 1
3 0 0 1 3 fc2a 0000 1 1 fa84 ffff 0 1
3 0 0 0 1 2ed3 0fb8 1 1 fc2a ffff 0 1
3 0 0 1 2 d889 0000 0 1 0000 0000 0 0
3 0 0 0 2 6786 0000 1 1 0000 ffff 1 1
3 0 1 1 1 f7d1 7087 1 1 0000 ffff 1 1
3 0 0 0 1 cddd 72f6 0 1 0000 0000 0 0
3 0 1 1 2 dda7 be1a 0 1 0000 0000 0 0
3 0 1 1 3 c3af 0575 0 1 0000 0000 0 0
3 0 0 1 0 8bf4 0000 0 1 0000 0000 0 0
3 0 0 1 3 e13c 0000 1 1 8bf4 ffff 0 1
3 0 0 1 0 f04f 864b 1 1 e13c ffff 0 1
3 0 1 1 3 7355 b3cc 1 1 e13c ffff 0 1
3 0 1 1 3 2274 0000 1 1 e13c ffff 0 1
3 0 0 1 0 79ea 0000 1 1 769a ffff 0 1
3 0 0 0 2 0ad3 9c99 1 1 79ea ffff 0 1
3 0 0 1 2 fe6f 7504 0 1 0000 0000 0 0
3 0 0 1 2 9926 0000 1 1 7404 ffff 0 1
3 0 1 0 3 3ca9 2fa2 1 1 7404 ffff 0 1
3 0 0 1 0 8bfc 0000 1 1 0000 ffff 1 1
3 0 0 1 1 4f5f febf 1 1 8bfc ffff 0 1
3 0 0 1 1 ebfe b5b2 1 1 50a0 ffff 0 1
3 0 0 0 3 26a3 0000 1 1 364c ffff 0 1
3 0 0 1 1 737c 9f0e 0 1 0000 0000 0 0
3 0 0 1 0 210e e078 1 1 d46e ffff 0 1
3 0 0 1 2 4b12 0000 1 1 0186 ffff 0 1
3 0 0 1 3 0041 0000 1 1 0000 ffff 1 1
3 0 0 0 1 7e8d b689 1 1 0041 ffff 0 1
3 0 1 1 2 bdb3 0000 1 1 0041 ffff 0 1
3 0 1 1 2 7088 ff88 1 1 0041 ffff 0 1
3 0 1 1 2 5d83 0000 1 1 0041 ffff 0 1
3 0 0 1 2 63b8 0000 0 1 0000 0000 0 0
3 0 1 1 2 d043 307a 0 1 0000 0000 0 0
3 0 0 1 1 1ff7 0000 1 1 0000 ffff 1 1
3 0 0 1 1 9f30 0000 1 1 1ff7 ffff 0 1
3 0 0 1 0 f4ff afb3 1 1 9f30 ffff 0 1
3 0 0 1 0 8cc3 0000 1 1 a4b2 ffff 0 1
3 0 0 1 2 ad5c 0000 1 1 8cc3 ffff 0 1
3 0 0 1 1 f171 9c37 1 1 0000 ffff 1 1
3 0 0 1 2 b1dc 4125 1 1 553a ffff 0 1
3 0 0 0 2 85a6 45dc 1 1 0104 ffff 0 1
3 0 1 1 2 84fb 2932 1 1 0104 ffff 0 1
3 0 0 1 3 4b36 0000 0 1 0000 0000 0 0
3 0 0 1 0 aa60 0000 1 1 4b36 ffff 0 1
3 0 0 1 1 7717 fe07 1 1 aa60 ffff 0 1
3 0 1 0 0 6d37 e14f 1 1 aa60 ffff 0 1
3 0 0 1 2 c84b b036 1 1 7910 ffff 0 1
3 0 1 1 3 29f4 0000 1 1 7910 ffff 0 1
3 0 0 1 1 64f1 4991 1 1 8002 ffff 0 1
3 0 1 0 3 8ff5 6455 1 1 8002 ffff 0 1
3 0 0 1 1 f3e6 0000 1 1 1b60 ffff 0 1
3 0 0 1 0 5a34 2fe4 1 1 f3e6 ffff 0 1
3 0 1 1 3 b193 0000 1 1 f3e6 ffff 0 1
3 0 1 0 2 4756 b37a 1 1 f3e6 ffff 0 1
3 0 0 0 1 1827 0021 1 1 8a18 ffff 0 1
3 0 0 1 0 e688 8b42 0 1 0000 0000 0 0
3 0 0 1 0 6889 1428 1 1 71ca ffff 0 1
3 0 0 1 0 432f 3d2c 1 1 7cb1 ffff 0 1
3 0 0 1 2 559f 0000 1 1 805b ffff 0 1
3 0 0 1 0 3cb6 2078 1 1 0000 ffff 1 1
3 0 0 1 0 f0e1 0000 1 1 5d2e ffff 0 1
3 0 0 1 0 3c0a cb8b 1 1 f0e1 ffff 0 1
3 0 0 1 2 df1f 0000 1 1 0795 ffff 0 1
3 0 1 1 3 e7f7 1acf 1 1 0795 ffff 0 1
3 0 0 1 0 c53c 0000 1 1 0000 ffff 1 1
3 0 1 1 0 9a30 0000 1 1 0000 ffff 1 1
3 0 0 1 3 e0da 0000 1 1 c53c ffff 0 1
3 0 0 1 1 cad7 0000 1 1 e0da ffff 0 1
3 0 1 1 2 8d29 62c0 1 1 e0da ffff 0 1
3 0 1 1 2 9ffd f258 1 1 e0da ffff 0 1
3 0 0 1 2 3f25 0000 1 1 cad7 ffff 0 1
3 0 0 1 2 ccb5 f706 1 1 0000 ffff 1 1
3 0 0 1 0 830f 0000 1 1 c404 ffff 0 1
3 0 0 0 0 ef4f 0000 1 1 830f ffff 0 1
3 0 1 1 2 3dfc 5f84 1 1 830f ffff 0 1
3 0 0 0 0 5d08 4b23 0 1 0000 0000 0 0
3 0 1 1 3 fba3 0000 0 1 0000 0000 0 0
3 0 0 0 0 b0d2 f9b4 0 1 0000 0000 0 0
3 0 0 1 3 75d3 0000 0 1 0000 0000 0 0
3 0 0 1 0 afd4 8259 1 1 75d3 ffff 0 1
3 0 0 1 2 4adf 0000 1 1 322d ffff 0 1
3 0 0 0 0 1b0e 0000 1 1 0000 ffff 1 1
3 0 1 1 3 a18e 31f0 1 1 0000 ffff 1 1
3 0 0 0 3 7563 13e6 0 1 0000 0000 0 0
3 0 1 1 3 5c0b 104a 0 1 0000 0000 0 0
3 0 1 1 3 4668 0000 0 1 0000 0000 0 0
3 0 0 1 0 fb7d 9d92 0 1 0000 0000 0 0
3 0 1 1 3 02e0 0000 0 1 0000 0000 0 0
3 0 0 1 2 aac2 58f9 1 1 990f ffff 0 1
3 0 0 1 2 6379 0000 1 1 08c0 ffff 0 1
3 0 0 1 3 5aa9 0000 1 1 0000 ffff 1 1
3 0 1 1 1 6d1c 9100 1 1 0000 ffff 1 1
3 0 0 0 3 000a 819d 1 1 5aa9 ffff 0 1
3 0 0 1 3 40bd 0000 0 1 0000 0000 0 0
3 0 0 1 1 0d0e 6fd8 1 1 40bd ffff 0 1
3 0 0 0 1 96cc 0000 1 1 9d36 ffff 0 1
3 0 1 1 1 0776 0000 1 1 9d36 ffff 0 1
3 0 0 1 2 fade 0000 0 1 0000 0000 0 0
3 0 1 1 0 2506 2203 0 1 0000 0000 0 0
3 0 0 0 3 4ebe 0000 1 1 0000 ffff 1 1
3 0 0 0 2 07d2 0000 0 1 0000 0000 0 0
3 0 0 1 0 aa0a 0000 0 1 0000 0000 0 0
3 0 0 1 3 ed6e 317c 1 1 aa0a ffff 0 1
3 0 0 1 2 bc02 0000 1 1 dc12 ffff 0 1
3 0 0 1 3 c0b4 6586 1 1 0000 ffff 1 1
3 0 0 0 2 0000 0000 1 1 a532 ffff 0 1
3 0 0 1 0 b67b 0000 0 1 0000 0000 0 0
3 0 1 1 0 7d70 0000 0 1 0000 0000 0 0
3 0 0 0 2 9c6a 6880 1 1 b67b ffff 0 1
3 0 1 1 1 2e22 0000 1 1 b67b ffff 0 1
3 0 0 1 1 44f4 0000 0 1 0000 0000 0 0
3 0 0 0 3 a9c3 4c82 1 1 44f4 ffff 0 1
3 0 0 1 0 10d7 0000 0 1 0000 0000 0 0
3 0 0 1 0 6557 0000 1 1 10d7 ffff 0 1
3 0 0 1 1 585c c3ca 1 1 6557 ffff 0 1
3 0 0 1 1 7bba 93bd 1 1 9492 ffff 0 1
3 0 0 1 2 ab11 bfce 1 1 e7fd ffff 0 1
3 0 0 1 3 9e74 ec1f 1 1 ab00 ffff 0 1
3 0 1 0 1 70a7 c91b 1 1 ab00 ffff 0 1
3 0 0 1 1 c279 9730 1 1 726b ffff 0 1
3 0 0 1 1 e391 961a 1 1 2b49 ffff 0 1
3 0 1 1 2 ffaf 0000 1 1 2b49 ffff 0 1
3 0 0 1 2 8b73 0000 1 1 4d77 ffff 0 1
3 0 0 1 2 a0e4 0000 1 1 0000 ffff 1 1
3 0 0 1 0 a0f1 a7e0 1 1 0000 ffff 1 1
3 0 0 1 0 c4b7 e5b6 1 1 48d1 ffff 0 1
3 0 1 0 2 706f 0000 1 1 48d1 ffff 0 1
3 0 0 1 1 05d6 63de 1 1 aa6d ffff 0 1
3 0 0 1 2 7c76 0000 1 1 a1f8 ffff 0 1
3 0 0 1 0 e47c 88ec 1 1 0000 ffff 1 1
3 0 0 1 2 fef8 0000 1 1 6d68 ffff 0 1
3 0 1 1 0 ecac 1ab6 1 1 6d68 ffff 0 1
3 0 1 1 3 d8cc 784f 1 1 6d68 ffff 0 1
3 0 0 1 1 748f a09f 1 1 0000 ffff 1 1
3 0 0 1 1 41ce 3093 1 1 d3f0 ffff 0 1
3 0 0 1 0 bfa5 74da 1 1 113b ffff 0 1
3 0 0 1 1 65a8 ebe8 1 1 347f ffff 0 1
3 0 0 1 0 7e06 0000 1 1 79c0 ffff 0 1
3 0 0 0 3 cd22 0000 1 1 7e06 ffff 0 1
3 0 0 0 1 a938 5a39 0 1 0000 0000 0 0
3 0 0 1 3 e4a0 0000 0 1 0000 0000 0 0
3 0 1 1 0 b139 0000 0 1 0000 0000 0 0
3 0 1 1 2 4ebb 0000 0 1 0000 0000 0 0
3 0 0 0 3 c503 0000 1 1 e4a0 ffff 0 1
3 0 0 1 2 1770 0000 0 1 0000 0000 0 0
3 0 0 0 2 8803 0000 1 1 0000 ffff 1 1
3 0 1 1 0 3fcc f605 1 1 0000 ffff 1 1
3 0 0 1 3 5091 0000 0 1 0000 0000 0 0
3 0 0 1 0 3af6 afa4 1 1 5091 ffff 0 1
3 0 0 1 2 c2cf 1e59 1 1 ea9a ffff 0 1
3 0 0 1 1 6aa3 0000 1 1 0249 ffff 0 1
3 0 0 1 3 a071 0000 1 1 6aa3 ffff 0 1
3 0 0 0 0 46e1 0000 1 1 a071 ffff 0 1
3 0 0 1 2 c7fa 0000 0 1 0000 0000 0 0
3 0 0 1 3 0e52 854a 1 1 0000 ffff 1 1
3 0 0 0 0 6ee0 0000 1 1 8b18 ffff 0 1
3 0 0 0 2 9bd6 0000 0 1 0000 0000 0 0
3 0 0 0 0 838b a420 0 1 0000 0000 0 0
3 0 0 1 1 d71b 0000 0 1 0000 0000 0 0
3 0 1 1 3 c53f 6be8 0 1 0000 0000 0 0
3 0 0 0 2 b66f 0000 1 1 d71b ffff 0 1
3 0 0 1 3 9391 0000 0 1 0000 0000 0 0
3 0 0 1 0 0013 242d 1 1 9391 ffff 0 1
3 0 1 1 2 32ac 0000 1 1 9391 ffff 0 1
3 0 0 1 3 cee0 00e1 1 1 2440 ffff 0 1
3 0 1 1 2 d9d0 0000 1 1 2440 ffff 0 1
3 0 1 1 2 56a7 5e71 1 1 2440 ffff 0 1
3 0 0 1 1 2ac2 0000 1 1 ce01 ffff 0 1
3 0 1 0 2 9caa 0000 1 1 ce01 ffff 0 1
3 0 0 1 2 4f4b 0000 1 1 2ac2 ffff 0 1
3 0 0 0 3 a3c9 0000 1 1 0000 ffff 1 1
3 0 1 1 0 7d4c 2cdf 1 1 0000 ffff 1 1
3 0 0 1 3 4b3f 0000 0 1 0000 0000 0 0
3 0 0 0 0 776a 505d 1 1 4b3f ffff 0 1
3 0 0 1 2 c726 0000 0 1 0000 0000 0 0
3 0 1 0 0 e016 0000 0 1 0000 0000 0 0
3 0 1 1 0 669c 0000 0 1 0000 0000 0 0
3 0 0 1 1 da23 e261 1 1 0000 ffff 1 1
3 0 0 1 1 700b 0000 1 1 f7c2 ffff 0 1
3 0 1 1 1 1434 0000 1 1 f7c2 ffff 0 1
3 0 1 1 1 7af4 0000 1 1 f7c2 ffff 0 1
3 0 0 1 0 c68e bfa3 1 1 700b ffff 0 1
3 0 0 0 0 c30b 0000 1 1 8631 ffff 0 1
3 0 0 1 1 e872 0000 0 1 0000 0000 0 0
3 0 0 1 2 3adc 0000 1 1 e872 ffff 0 1
3 0 0 1 0 d7bd dfad 1 1 0000 ffff 1 1
3 0 0 1 1 3bad 3807 1 1 b76a ffff 0 1
3 0 0 1 3 33f5 ef44 1 1 03a6 ffff 0 1
3 0 1 0 3 6b39 0000 1 1 03a6 ffff 0 1
3 0 0 1 3 b19e 869a 1 1 dcb1 ffff 0 1
3 0 0 0 1 2f5e ff4e 1 1 3704 ffff 0 1
3 0 0 0 3 42a0 0000 0 1 0000 0000 0 0
3 0 0 0 0 d48e 0000 0 1 0000 0000 0 0
3 0 0 1 1 eb5b 3854 0 1 0000 0000 0 0
3 0 0 1 2 2dfb 0000 1 1 b307 ffff 0 1
3 0 0 1 0 9d26 f37d 1 1 0000 ffff 1 1
3 0 0 1 1 9e6d 0000 1 1 90a3 ffff 0 1
3 0 0 1 1 0092 0000 1 1 9e6d ffff 0 1
3 0 0 0 2 f408 0000 1 1 0092 ffff 0 1
3 0 0 1 2 3e45 0000 0 1 0000 0000 0 0
3 0 0 0 3 2485 0000 1 1 0000 ffff 1 1
3 0 0 1 0 5dae a7be 0 1 0000 0000 0 0
3 0 0 0 2 a35f 0000 1 1 056c ffff 0 1
3 0 1 1 0 1ce0 1a40 1 1 056c ffff 0 1
3 0 0 1 3 c293 0000 0 1 0000 0000 0 0
3 0 1 0 3 05b1 0000 0 1 0000 0000 0 0
3 0 0 1 3 9f2d 0000 1 1 c293 ffff 0 1
3 0 0 1 1 fc08 0000 1 1 9f2d ffff 0 1
3 0 0 1 2 78c8 0000 1 1 fc08 ffff 0 1
3 0 0 1 1 031c b285 1 1 0000 ffff 1 1
3 0 0 1 2 5b66 a306 1 1 5097 ffff 0 1
3 0 0 1 2 9272 928d 1 1 0306 ffff 0 1
3 0 0 1 1 4e99 c78e 1 1 9200 ffff 0 1
3 0 0 1 1 3171 0000 1 1 870b ffff 0 1
3 0 0 1 1 c136 0000 1 1 3171 ffff 0 1
3 0 0 0 1 bfd4 0000 1 1 c136 ffff 0 1
3 0 0 1 2 ffba 0000 0 1 0000 0000 0 0
3 0 0 1 0 fa05 afb3 1 1 0000 ffff 1 1
3 0 0 0 3 6fbe 6956 1 1 a9b8 ffff 0 1
3 0 0 1 0 db59 5f49 0 1 0000 0000 0 0
3 0 1 0 3 ffde 0000 0 1 0000 0000 0 0
3 0 0 1 3 54ea 0000 1 1 3aa2 ffff 0 1
3 0 0 1 0 48fd d005 1 1 54ea ffff 0 1
3 0 0 1 1 e6c5 7919 1 1 1902 ffff 0 1
3 0 0 1 3 4972 0000 1 1 6dac ffff 0 1
3 0 1 0 3 0702 0000 1 1 6dac ffff 0 1
3 0 0 0 2 e490 1622 1 1 4972 ffff 0 1
3 0 1 1 2 0a0d 0000 1 1 4972 ffff 0 1
3 0 0 1 2 2b9e 54c6 0 1 0000 0000 0 0
3 0 0 0 3 9521 1aeb 1 1 0086 ffff 0 1
3 0 0 1 1 4a34 0000 0 1 0000 0000 0 0
3 0 1 0 2 2538 0000 0 1 0000 0000 0 0
3 0 0 1 3 de0a 0000 1 1 4a34 ffff 0 1
3 0 1 1 0 6f5f c064 1 1 4a34 ffff 0 1
3 0 0 1 0 640d 0000 1 1 de0a ffff 0 1
3 0 0 1 2 aefa 0000 1 1 640d ffff 0 1
3 0 1 1 2 32a5 4c1b 1 1 640d ffff 0 1
3 0 0 1 1 ba31 759b 1 1 0000 ffff 1 1
3 0 0 1 3 a0c3 0000 1 1 4496 ffff 0 1
3 0 0 1 0 4175 d484 1 1 a0c3 ffff 0 1
3 0 0 1 0 ffcb 4ce0 1 1 15f9 ffff 0 1
3 0 0 0 2 272d 2bf5 1 1 4cab ffff 0 1
3 0 0 0 2 8366 0000 0 1 0000 0000 0 0
3 0 0 1 2 b46e 0000 0 1 0000 0000 0 0
3 0 0 1 1 c0df 46d5 1 1 0000 ffff 1 1
3 0 0 1 2 40e1 0000 1 1 7a0a ffff 0 1
3 0 0 1 0 c683 0000 1 1 0000 ffff 1 1
3 0 0 1 1 c835 2c34 1 1 c683 ffff 0 1
3 0 0 1 2 29ed 4d4a 1 1 9c01 ffff 0 1
3 0 0 1 1 2c17 0000 1 1 0948 ffff 0 1
3 0 1 1 0 224a 0000 1 1 0948 ffff 0 1
3 0 1 1 2 d6d7 23e6 1 1 0948 ffff 0 1
3 0 1 1 0 a15f 0000 1 1 0948 ffff 0 1
3 0 0 1 1 f5e2 0000 1 1 2c17 ffff 0 1
3 0 0 0 1 9579 0000 1 1 f5e2 ffff 0 1
3 0 0 1 2 c4e6 0000 0 1 0000 0000 0 0
3 0 0 1 0 5a15 0000 1 1 0000 ffff 1 1
3 0 1 1 2 8858 8c36 1 1 0000 ffff 1 1
3 0 1 1 2 add1 0000 1 1 0000 ffff 1 1
3 0 0 1 2 7776 e94b 1 1 5a15 ffff 0 1
3 0 0 1 3 826a 8042 1 1 6142 ffff 0 1
3 0 1 0 2 6b80 0000 1 1 6142 ffff 0 1
3 0 0 1 1 e6f9 30c9 1 1 0228 ffff 0 1
3 0 0 1 1 7bc4 a314 1 1 b630 ffff 0 1
3 0 0 1 0 cd29 e74d 1 1 d8b0 ffff 0 1
3 0 0 1 2 78d8 279e 1 1 b476 ffff 0 1
3 0 0 1 3 4a74 d5a8 1 1 2098 ffff 0 1
3 0 0 1 3 d058 5d5e 1 1 9fdc ffff 0 1
3 0 0 1 0 e37b 0000 1 1 8d06 ffff 0 1
3 0 0 1 1 8eda 0000 1 1 e37b ffff 0 1
3 0 0 1 1 b02e 0000 1 1 8eda ffff 0 1
3 0 1 1 1 11f8 0000 1 1 8eda ffff 0 1
3 0 0 0 0 42d6 0000 1 1 b02e ffff 0 1
3 0 0 1 3 0f13 0000 0 1 0000 0000 0 0
3 0 1 1 3 12a1 0000 0 1 0000 0000 0 0
3 0 1 1 1 db0d 5e30 0 1 0000 0000 0 0
3 0 0 0 1 2667 0000 1 1 0f13 ffff 0 1
3 0 0 1 3 8a31 0000 0 1 0000 0000 0 0
3 0 0 1 3 7783 800d 1 1 8a31 ffff 0 1
3 0 1 1 2 e15f 0000 1 1 8a31 ffff 0 1
3 0 0 1 1 b1d8 b866 1 1 f78e ffff 0 1
3 0 0 1 1 4a93 24d3 1 1 f972 ffff 0 1
3 0 0 0 3 4cb3 27ec 1 1 25c0 ffff 0 1
3 0 0 1 0 dea1 a305 0 1 0000 0000 0 0
3 0 0 1 1 96e6 0000 1 1 81a6 ffff 0 1
3 0 0 1 1 e32d 82a3 1 1 96e6 ffff 0 1
3 0 0 1 3 ed30 929a 1 1 608a ffff 0 1
3 0 0 1 2 90ed 8d38 1 1 7faa ffff 0 1
3 0 1 1 3 5ffb 0000 1 1 7faa ffff 0 1
3 0 0 1 3 d3aa 150c 1 1 8028 ffff 0 1
3 0 0 1 3 507e 800b 1 1 c6a6 ffff 0 1
3 0 0 0 0 6294 0000 1 1 d075 ffff 0 1
3 0 1 1 0 271a c7ce 1 1 d075 ffff 0 1
3 1 1 1 0 04f3 f58e 0 1 0000 0000 0 0
3 0 0 1 1 dfd3 f618 0 1 0000 0000 0 0
3 0 0 1 2 6934 ccf8 1 1 e9bb ffff 0 1
3 0 0 1 3 9f7c 03a9 1 1 4830 ffff 0 1
3 0 0 1 0 b099 0000 1 1 9cd5 ffff 0 1
3 0 1 1 1 59a5 0000 1 1 9cd5 ffff 0 1
3 0 0 1 0 d548 b706 1 1 b099 ffff 0 1
3 0 0 1 0 6a21 0000 1 1 8c4e ffff 0 1
3 0 0 1 0 dda3 79a2 1 1 6a21 ffff 0 1
3 0 0 1 1 69d5 0000 1 1 5745 ffff 0 1
3 0 0 1 1 0d4a 6417 1 1 69d5 ffff 0 1
3 0 0 1 0 b456 dc9a 1 1 a933 ffff 0 1
3 0 1 1 0 1473 0000 1 1 a933 ffff 0 1
3 0 0 1 0 7ca6 0000 1 1 90f0 ffff 0 1
3 0 0 1 3 a065 b1a2 1 1 7ca6 ffff 0 1
3 0 0 1 1 fc82 0000 1 1 11c7 ffff 0 1
3 0 0 1 0 cd2d 0000 1 1 fc82 ffff 0 1
3 0 0 1 3 02e5 6307 1 1 cd2d ffff 0 1
3 0 0 1 2 bae4 0000 1 1 61e2 ffff 0 1
3 0 0 1 2 6ce1 52f1 1 1 0000 ffff 1 1
3 0 1 1 2 da65 b430 1 1 0000 ffff 1 1
3 0 1 1 2 cc31 4b37 1 1 0000 ffff 1 1
3 0 0 1 0 7445 8ec0 1 1 40e1 ffff 0 1
3 0 0 1 1 2d5c 0000 1 1 0305 ffff 0 1
3 0 0 1 3 ac5a 0000 1 1 2d5c ffff 0 1
3 0 0 1 1 8572 c4bd 1 1 ac5a ffff 0 1
3 0 0 1 1 e4ea 0000 1 1 c0b5 ffff 0 1
3 0 0 1 2 5c3f 0000 1 1 e4ea ffff 0 1
3 0 0 1 2 d854 3632 1 1 0000 ffff 1 1
3 0 0 0 2 8bbe b891 1 1 1010 ffff 0 1
3 0 1 1 2 3f01 5766 1 1 1010 ffff 0 1
3 0 0 1 0 9221 2ec7 0 1 0000 0000 0 0
3 0 0 0 3 b051 0000 1 1 c0e8 ffff 0 1
3 0 0 0 3 60ce 0000 0 1 0000 0000 0 0
3 0 1 1 0 6062 e837 0 1 0000 0000 0 0
3 0 0 1 3 86e0 0000 0 1 0000 0000 0 0
3 0 0 1 1 2d40 930f 1 1 86e0 ffff 0 1
3 0 0 1 0 9a41 c05e 1 1 9a31 ffff 0 1
3 0 1 1 3 b3e1 0000 1 1 9a31 ffff 0 1
3 0 0 1 1 c0d9 33cf 1 1 5a9f ffff 0 1
3 0 0 0 2 26f5 0000 1 1 8d0a ffff 0 1
3 0 0 1 0 f83c 0000 0 1 0000 0000 0 0
3 0 1 1 0 fef4 0000 0 1 0000 0000 0 0
3 0 1 1 3 b070 a753 0 1 0000 0000 0 0
3 0 0 1 3 df47 0000 1 1 f83c ffff 0 1
3 0 0 1 3 58e2 c153 1 1 df47 ffff 0 1
3 0 0 0 0 386f 0000 1 1 99b1 ffff 0 1
3 0 0 1 0 8c39 0000 0 1 0000 0000 0 0
3 0 1 1 1 8db7 0000 0 1 0000 0000 0 0
3 0 0 1 1 2b3c b335 1 1 8c39 ffff 0 1
3 0 0 1 1 df98 0000 1 1 7807 ffff 0 1
3 0 0 1 1 5bac 0000 1 1 df98 ffff 0 1
3 0 1 1 1 f07b a0a0 1 1 df98 ffff 0 1
3 0 0 1 3 9af3 0000 1 1 5bac ffff 0 1
3 0 1 1 2 18f4 0000 1 1 5bac ffff 0 1
3 0 0 1 0 7196 0000 1 1 9af3 ffff 0 1
3 0 1 1 1 4bd2 bb8b 1 1 9af3 ffff 0 1
3 0 1 1 2 c720 0000 1 1 9af3 ffff 0 1
3 0 0 0 0 3ba8 5fc1 1 1 7196 ffff 0 1
3 0 0 1 3 a1b7 0000 0 1 0000 0000 0 0
3 0 0 0 2 678f 0000 1 1 a1b7 ffff 0 1
3 0 1 0 0 3766 0634 1 1 a1b7 ffff 0 1
3 0 1 0 0 36d7 0000 1 1 a1b7 ffff 0 1
3 0 0 0 1 4fc0 652f 0 1 0000 0000 0 0
3 0 0 0 3 6d52 f762 0 1 0000 0000 0 0
3 0 1 1 2 201d 8e6d 0 1 0000 0000 0 0
3 0 0 1 2 ee31 0000 0 1 0000 0000 0 0
3 0 1 1 0 d9bb b834 0 1 0000 0000 0 0
3 0 0 1 2 9d67 0000 1 1 0000 ffff 1 1
3 0 0 1 0 fe27 0000 1 1 0000 ffff 1 1
3 0 0 1 2 0b1e 10db 1 1 fe27 ffff 0 1
3 0 1 1 2 deb3 0000 1 1 fe27 ffff 0 1
3 0 0 1 1 6194 7fab 1 1 001a ffff 0 1
3 0 0 1 0 182b ebf1 1 1 e1e9 ffff 0 1
3 0 0 1 1 855a e54d 1 1 041c ffff 0 1
3 0 1 1 2 05a7 9a27 1 1 041c ffff 0 1
3 0 0 0 3 03e7 0000 1 1 a00d ffff 0 1
3 0 1 1 1 a3c0 6169 1 1 a00d ffff 0 1
3 0 0 0 2 0548 0664 0 1 0000 0000 0 0
3 0 0 1 1 ffa1 ff1f 0 1 0000 0000 0 0
3 0 1 1 2 fc73 fe1b 0 1 0000 0000 0 0
3 0 1 1 2 ad86 416c 0 1 0000 0000 0 0
3 0 1 0 0 0391 0000 0 1 0000 0000 0 0
3 0 1 1 0 f4fd 0000 0 1 0000 0000 0 0
3 0 0 1 0 8156 e9a1 1 1 0082 ffff 0 1
3 0 0 1 1 d68c aa8e 1 1 6af7 ffff 0 1
3 0 0 0 3 8ba3 f12a 1 1 2bfe ffff 0 1
3 0 1 1 0 5a97 8093 1 1 2bfe ffff 0 1
3 0 0 1 3 765e 2b46 0 1 0000 0000 0 0
3 0 0 1 3 b91c e4dd 1 1 5d18 ffff 0 1
3 0 0 1 0 3775 ace2 1 1 5dc1 ffff 0 1
3 0 0 1 0 c36f 0000 1 1 e457 ffff 0 1
3 0 0 1 0 efe2 0000 1 1 c36f ffff 0 1
3 0 0 1 0 8fe7 9912 1 1 efe2 ffff 0 1
3 0 0 1 1 651c 0000 1 1 28f9 ffff 0 1
3 0 1 1 2 3c4f 5b00 1 1 28f9 ffff 0 1
3 0 0 1 2 d142 0000 1 1 651c ffff 0 1
3 0 0 1 2 a599 fcc8 1 1 0000 ffff 1 1
3 0 0 1 2 5fdd f9cf 1 1 a488 ffff 0 1
3 0 0 1 3 96cd dfaa 1 1 59cd ffff 0 1
3 0 0 1 3 8db1 0000 1 1 4967 ffff 0 1
3 0 1 0 1 bd8d 0000 1 1 4967 ffff 0 1
3 0 0 1 1 440b 0000 1 1 8db1 ffff 0 1
3 0 1 0 1 8f39 8c26 1 1 8db1 ffff 0 1
3 0 0 1 3 d2cf 0000 1 1 440b ffff 0 1
3 0 0 1 0 8c1e 0000 1 1 d2cf ffff 0 1
3 0 0 1 0 5f43 0000 1 1 8c1e ffff 0 1
3 0 0 0 2 2ee4 5d95 1 1 5f43 ffff 0 1
3 0 0 1 0 3d04 ea47 0 1 0000 0000 0 0
3 0 0 1 1 a7c1 0000 1 1 274b ffff 0 1
3 0 0 0 1 a4e9 0000 1 1 a7c1 ffff 0 1
3 0 0 1 2 61f7 0000 0 1 0000 0000 0 0
3 0 0 0 2 9648 455f 1 1 0000 ffff 1 1
3 0 0 1 2 c12e d9b8 0 1 0000 0000 0 0
3 0 1 1 0 1966 8b67 0 1 0000 0000 0 0
3 0 0 0 0 a240 0000 1 1 c128 ffff 0 1
3 0 0 1 0 42f8 45ae 0 1 0000 0000 0 0
3 0 0 1 3 bfd3 0000 1 1 88a6 ffff 0 1
3 0 0 0 3 8fc8 cbad 1 1 bfd3 ffff 0 1
3 0 0 1 2 2b0b 49e8 0 1 0000 0000 0 0
3 0 0 0 0 7635 2fe2 1 1 0908 ffff 0 1
3 0 0 1 1 d1d1 0000 0 1 0000 0000 0 0
3 0 1 1 3 0632 a2ea 0 1 0000 0000 0 0
3 0 0 1 0 eccb a928 1 1 d1d1 ffff 0 1
3 0 1 1 2 5724 0000 1 1 d1d1 ffff 0 1
3 0 0 0 0 f8f9 0000 1 1 95f3 ffff 0 1
3 0 0 1 0 1fdb 878f 0 1 0000 0000 0 0
3 0 0 1 0 bf25 ed79 1 1 a76a ffff 0 1
3 0 0 0 3 f861 0000 1 1 ac9e ffff 0 1
3 0 1 1 1 e659 9219 1 1 ac9e ffff 0 1
3 0 0 0 3 df26 4f6d 0 1 0000 0000 0 0
3 0 0 1 2 bb24 5670 0 1 0000 0000 0 0
3 0 0 1 0 7285 0000 1 1 1220 ffff 0 1
3 0 0 1 3 7b4c 322d 1 1 7285 ffff 0 1
3 0 0 1 3 af8b ac4e 1 1 4961 ffff 0 1
3 0 0 1 0 0b2c 0000 1 1 03c5 ffff 0 1
3 0 0 0 0 0997 0000 1 1 0b2c ffff 0 1
3 0 0 1 3 853f 0000 0 1 0000 0000 0 0
3 0 0 0 0 8b5b 0000 1 1 853f ffff 0 1
3 0 1 1 2 abf1 f5be 1 1 853f ffff 0 1
3 0 0 1 1 33e9 0000 0 1 0000 0000 0 0
3 0 1 1 0 64ab 0000 0 1 0000 0000 0 0
3 0 0 1 1 bbf5 0000 1 1 33e9 ffff 0 1
3 0 0 1 3 6d55 4e63 1 1 bbf5 ffff 0 1
3 0 1 1 0 7d75 a4cd 1 1 bbf5 ffff 0 1
3 0 0 1 1 cb9b 0000 1 1 2336 ffff 0 1
3 0 0 1 1 86ac eb16 1 1 cb9b ffff 0 1
3 0 0 1 3 f636 0000 1 1 9b96 ffff 0 1
3 0 0 1 3 6ae7 0000 1 1 f636 ffff 0 1
3 0 1 1 0 bb09 4d29 1 1 f636 ffff 0 1
3 0 1 1 2 508a 0000 1 1 f636 ffff 0 1
3 0 0 0 1 6102 0000 1 1 6ae7 ffff 0 1
3 0 1 1 3 1903 0000 1 1 6ae7 ffff 0 1
3 0 0 0 3 f172 ace0 0 1 0000 0000 0 0
3 0 0 1 3 3022 0000 0 1 0000 0000 0 0
3 0 1 1 1 cd5c 664d 0 1 0000 0000 0 0
3 0 0 0 2 b9df 0000 1 1 3022 ffff 0 1
3 0 0 1 0 d901 0000 0 1 0000 0000 0 0
3 0 0 1 1 10f9 0000 1 1 d901 ffff 0 1
3 0 0 1 2 b56b 4d68 1 1 10f9 ffff 0 1
3 0 0 1 3 a0e0 8871 1 1 0568 ffff 0 1
3 0 0 1 2 f985 fe09 1 1 2891 ffff 0 1
3 0 0 1 1 6073 0000 1 1 f801 ffff 0 1
3 0 0 1 0 ca38 e518 1 1 6073 ffff 0 1
3 0 0 1 1 5530 0000 1 1 af50 ffff 0 1
3 0 0 1 0 db16 0000 1 1 5530 ffff 0 1
3 0 0 0 1 e007 7b8f 1 1 db16 ffff 0 1
3 0 1 0 3 8044 0000 1 1 db16 ffff 0 1
3 0 0 0 2 e218 3730 0 1 0000 0000 0 0
3 0 0 0 1 16da 0000 0 1 0000 0000 0 0
3 0 0 1 1 606e 4555 0 1 0000 0000 0 0
3 0 0 0 2 8b3c 0000 1 1 1b19 ffff 0 1
3 0 0 1 0 7f54 123f 0 1 0000 0000 0 0
3 0 0 1 1 b20c 0000 1 1 9193 ffff 0 1
3 0 0 1 0 dc33 0000 1 1 b20c ffff 0 1
3 0 0 1 0 fb7e 1346 1 1 dc33 ffff 0 1
3 0 0 1 2 4300 83b8 1 1 0ec4 ffff 0 1
3 0 0 0 1 222f 076a 1 1 0300 ffff 0 1
3 0 0 1 1 c256 0000 0 1 0000 0000 0 0
3 0 0 1 3 cfda 8984 1 1 c256 ffff 0 1
3 0 0 0 2 14a7 0000 1 1 465e ffff 0 1
3 0 0 1 3 ed24 aa10 0 1 0000 0000 0 0
3 0 0 1 1 2936 e6d3 1 1 4734 ffff 0 1
3 0 0 1 3 5767 9ed3 1 1 4263 ffff 0 1
3 0 0 1 0 5463 dc71 1 1 c9b4 ffff 0 1
3 0 0 1 3 fd13 41aa 1 1 30d4 ffff 0 1
3 0 0 1 3 649a 0000 1 1 bcb9 ffff 0 1
3 0 0 0 0 2614 b73f 1 1 649a ffff 0 1
3 0 0 1 1 0336 4db3 0 1 0000 0000 0 0
3 0 0 1 1 d282 0000 1 1 b583 ffff 0 1
3 0 1 1 3 7e79 3f4c 1 1 b583 ffff 0 1
3 0 0 1 2 d3ab dd05 1 1 d282 ffff 0 1
3 0 0 1 1 513e 9895 1 1 d101 ffff 0 1
3 0 0 1 2 8032 9baf 1 1 b8a9 ffff 0 1
3 0 1 0 2 d637 7ffd 1 1 b8a9 ffff 0 1
3 0 0 1 1 57dd 0000 1 1 8022 ffff 0 1
3 0 0 1 2 ce4a 0000 1 1 57dd ffff 0 1
3 0 0 1 1 27d0 0000 1 1 0000 ffff 1 1
3 0 0 1 3 1e87 bc8b 1 1 27d0 ffff 0 1
3 0 0 1 1 fe9c 0000 1 1 a20c ffff 0 1
3 0 0 0 0 26a4 0000 1 1 fe9c ffff 0 1
3 0 1 1 3 5d28 0000 1 1 fe9c ffff 0 1
3 0 0 1 2 ec01 0000 0 1 0000 0000 0 0
3 0 1 1 0 4ac6 0000 0 1 0000 0000 0 0
3 0 0 1 1 bf5d 0000 1 1 0000 ffff 1 1
3 0 0 1 2 68ee 1c06 1 1 bf5d ffff 0 1
3 0 0 1 3 02a6 0000 1 1 0806 ffff 0 1
3 0 0 1 1 ed1d 0000 1 1 02a6 ffff 0 1
3 0 1 1 3 1924 da05 1 1 02a6 ffff 0 1
3 0 1 1 3 7e49 e961 1 1 02a6 ffff 0 1
3 0 0 1 2 2f46 c958 1 1 ed1d ffff 0 1
3 0 0 1 3 6912 0000 1 1 0940 ffff 0 1
3 0 0 1 1 0930 f819 1 1 6912 ffff 0 1
3 0 0 0 3 b334 1784 1 1 1117 ffff 0 1
3 0 0 1 2 8e6d 7a3a 0 1 0000 0000 0 0
3 0 0 1 1 7dc7 1762 1 1 0a28 ffff 0 1
3 0 0 1 0 80be 0000 1 1 6665 ffff 0 1
3 0 1 1 0 702e f6ff 1 1 6665 ffff 0 1
3 0 0 1 1 968c 011a 1 1 80be ffff 0 1
3 0 0 0 3 742c 0000 1 1 9572 ffff 0 1
3 0 0 1 1 bda8 0000 0 1 0000 0000 0 0
3 0 1 0 0 0245 3419 0 1 0000 0000 0 0
3 0 0 1 2 5ad9 e96a 1 1 bda8 ffff 0 1
3 0 0 1 1 20c3 0000 1 1 4848 ffff 0 1
3 0 0 0 3 5134 0000 1 1 20c3 ffff 0 1
3 0 0 1 0 0d77 04bc 0 1 0000 0000 0 0
3 0 0 1 3 cc97 4841 1 1 1233 ffff 0 1
3 0 0 1 0 923a 3e82 1 1 84d6 ffff 0 1
3 0 0 1 1 ea09 0000 1 1 d0bc ffff 0 1
3 0 0 1 3 e56c 0024 1 1 ea09 ffff 0 1
3 0 1 1 0 31d4 0000 1 1 ea09 ffff 0 1
3 0 0 0 3 2a3e 0000 1 1 e548 ffff 0 1
3 0 0 1 3 f98f 0000 0 1 0000 0000 0 0
3 0 0 1 2 69db f010 1 1 f98f ffff 0 1
3 0 0 0 2 41e8 cbf4 1 1 6010 ffff 0 1
3 0 0 1 2 410e 0000 0 1 0000 0000 0 0
3 0 0 1 3 1e26 a69e 1 1 0000 ffff 1 1
3 0 1 0 0 5105 453d 1 1 0000 ffff 1 1
3 0 0 1 2 c94a 1ba5 1 1 b8b8 ffff 0 1
3 0 0 1 0 e24b b87f 1 1 0900 ffff 0 1
3 0 0 1 1 4920 0000 1 1 9aca ffff 0 1
3 0 0 1 2 4419 165f 1 1 4920 ffff 0 1
3 0 0 0 1 ddf7 0000 1 1 0419 ffff 0 1
3 0 0 1 1 6e9b 241c 0 1 0000 0000 0 0
3 0 0 1 2 09c4 0000 1 1 4a7f ffff 0 1
3 0 0 1 2 9666 2c97 1 1 0000 ffff 1 1
3 0 0 1 2 af83 ae6a 1 1 0406 ffff 0 1
3 0 0 0 0 17d0 0000 1 1 ae02 ffff 0 1
3 0 0 0 2 33f8 0000 0 1 0000 0000 0 0
3 0 1 1 1 fee5 0000 0 1 0000 0000 0 0
3 0 0 0 0 db0c 0000 0 1 0000 0000 0 0
3 0 0 1 0 abbf 9f28 0 1 0000 0000 0 0
3 0 0 1 0 3cfd 0000 1 1 4ae7 ffff 0 1
3 0 0 1 1 b3e3 0000 1 1 3cfd ffff 0 1
3 0 0 0 1 4cf0 5157 1 1 b3e3 ffff 0 1
3 0 0 1 1 4d54 0a0c 0 1 0000 0000 0 0
3 0 0 1 2 242c 4e23 1 1 4348 ffff 0 1
3 0 0 0 3 8ca9 4a66 1 1 0420 ffff 0 1
3 0 0 1 2 8400 dd67 0 1 0000 0000 0 0
3 0 0 0 1 4bbe 14a4 1 1 8400 ffff 0 1
3 0 0 1 0 d914 3992 0 1 0000 0000 0 0
3 0 0 1 1 d541 0000 1 1 12a6 ffff 0 1
3 0 0 1 2 bded 0000 1 1 d541 ffff 0 1
3 0 0 1 0 2555 fee7 1 1 0000 ffff 1 1
3 0 1 1 3 80be 2182 1 1 0000 ffff 1 1
3 0 0 0 2 be65 1a1a 1 1 243c ffff 0 1
3 0 0 1 2 3103 0000 0 1 0000 0000 0 0
3 0 1 1 0 5083 e6f4 0 1 0000 0000 0 0
3 0 1 1 1 da25 0000 0 1 0000 0000 0 0
3 0 0 1 3 a5f2 83f7 1 1 0000 ffff 1 1
3 0 0 0 0 3311 0000 1 1 2605 ffff 0 1
3 0 1 0 0 5a49 0000 1 1 2605 ffff 0 1
3 1 0 1 1 8044 0000 0 1 0000 0000 0 0
3 0 0 1 3 c3fc 9b93 0 1 0000 0000 0 0
3 0 0 1 1 5d71 5e5f 1 1 586f ffff 0 1
3 0 1 1 2 c551 0000 1 1 586f ffff 0 1
3 0 0 1 0 ff3d b739 1 1 ff12 ffff 0 1
3 0 0 1 2 006a f09b 1 1 b676 ffff 0 1
3 0 0 0 1 bfb6 0000 1 1 000a ffff 0 1
3 0 0 1 0 af50 0000 0 1 0000 0000 0 0
3 0 0 1 1 e29e 0000 1 1 af50 ffff 0 1
3 0 0 1 3 c062 b837 1 1 e29e ffff 0 1
3 0 0 1 1 ac7c 491e 1 1 7855 ffff 0 1
3 0 0 1 3 020b 20e2 1 1 635e ffff 0 1
3 0 0 1 2 1dec 0000 1 1 22e9 ffff 0 1
3 0 0 1 1 6abc 0000 1 1 0000 ffff 1 1
3 0 0 0 2 9bad 0000 1 1 6abc ffff 0 1
3 0 0 1 0 0a2c afd9 0 1 0000 0000 0 0
3 0 0 0 0 2996 0000 1 1 ba05 ffff 0 1
3 0 1 1 3 5986 0000 1 1 ba05 ffff 0 1
3 0 0 0 0 a11b 0000 0 1 0000 0000 0 0
3 0 1 1 2 1ccf 9534 0 1 0000 0000 0 0
3 0 0 1 0 c533 8e9f 0 1 0000 0000 0 0
3 0 0 1 3 bb8e 0e24 1 1 53d2 ffff 0 1
3 0 0 1 0 e760 0000 1 1 b5aa ffff 0 1
3 0 0 1 0 fcf4 347e 1 1 e760 ffff 0 1
3 0 0 1 2 781c d521 1 1 3172 ffff 0 1
3 0 1 1 1 f10c 0000 1 1 3172 ffff 0 1
3 0 0 0 1 6a58 0000 1 1 5000 ffff 0 1
3 0 1 1 2 be1d 0000 1 1 5000 ffff 0 1
3 0 0 1 1 6380 08d5 0 1 0000 0000 0 0
3 0 0 1 2 0405 7da7 1 1 5aab ffff 0 1
3 0 0 1 0 fa07 ef6e 1 1 0405 ffff 0 1
3 0 0 1 2 ecae 44f1 1 1 e975 ffff 0 1
3 0 0 1 1 4641 7205 1 1 44a0 ffff 0 1
3 0 1 1 2 8c30 b6c8 1 1 44a0 ffff 0 1
3 0 0 0 3 d031 0000 1 1 d43c ffff 0 1
3 0 0 0 0 80f0 0000 0 1 0000 0000 0 0
3 0 0 1 0 ce64 9c5b 0 1 0000 0000 0 0
3 0 0 1 2 733d f340 1 1 6abf ffff 0 1
3 0 0 1 1 875b 0000 1 1 7300 ffff 0 1
3 0 0 1 3 baa0 6d11 1 1 875b ffff 0 1
3 0 0 1 2 961c 0000 1 1 d7b1 ffff 0 1
3 0 0 1 1 0ec5 71f7 1 1 0000 ffff 1 1
3 0 1 1 2 e2da 0000 1 1 0000 ffff 1 1
3 0 0 1 2 473e f63b 1 1 9cce ffff 0 1
3 0 0 0 1 3345 0000 1 1 463a ffff 0 1
3 0 1 1 1 3724 1863 1 1 463a ffff 0 1
3 0 0 1 1 2f49 264a 0 1 0000 0000 0 0
3 0 0 0 1 4cfb 0000 1 1 08ff ffff 0 1
3 0 0 1 3 14a8 761e 0 1 0000 0000 0 0
3 0 0 1 3 fd8d 0000 1 1 62b6 ffff 0 1
3 0 0 0 2 dff5 0ee0 1 1 fd8d ffff 0 1
3 0 0 1 1 9f65 0000 0 1 0000 0000 0 0
3 0 0 1 1 6765 3c4d 1 1 9f65 ffff 0 1
3 0 0 1 0 3ebb f5ee 1 1 2b18 ffff 0 1
3 0 1 1 3 8c3b 0000 1 1 2b18 ffff 0 1
3 0 0 1 2 a85d bc4d 1 1 34a9 ffff 0 1
3 0 0 0 1 4c53 0000 1 1 a84d ffff 0 1
3 0 0 1 3 9e50 9a61 0 1 0000 0000 0 0
3 0 0 0 3 361b dcbb 1 1 0431 ffff 0 1
3 0 1 1 3 8d4e 0000 1 1 0431 ffff 0 1
3 0 0 0 2 df3b 0000 0 1 0000 0000 0 0
3 0 0 1 3 f4c7 0000 0 1 0000 0000 0 0
3 0 1 1 3 c90d 0e78 0 1 0000 0000 0 0
3 0 0 1 1 2c5b 0b8e 1 1 f4c7 ffff 0 1
3 0 0 0 2 1a86 9fe3 1 1 20cd ffff 0 1
3 0 1 0 0 0156 0000 1 1 20cd ffff 0 1
3 0 1 0 0 d812 0000 1 1 20cd ffff 0 1
3 0 1 1 0 aae7 e70c 1 1 20cd ffff 0 1
3 0 1 0 1 49a5 0000 1 1 20cd ffff 0 1
3 0 0 0 0 851e 0000 0 1 0000 0000 0 0
3 0 0 1 1 cf26 0000 0 1 0000 0000 0 0
3 0 0 1 0 2852 f258 1 1 cf26 ffff 0 1
3 0 0 1 2 c408 0000 1 1 1aaa ffff 0 1
3 0 0 0 0 89c0 401d 1 1 0000 ffff 1 1
3 0 0 1 1 6de0 0000 0 1 0000 0000 0 0
3 0 0 0 2 9694 0000 1 1 6de0 ffff 0 1
3 0 0 1 0 3796 e613 0 1 0000 0000 0 0
3 0 0 1 3 0519 0000 1 1 1da9 ffff 0 1
3 0 0 1 0 8621 0000 1 1 0519 ffff 0 1
3 0 0 1 1 4c02 83ad 1 1 8621 ffff 0 1
3 0 0 1 1 3348 1e5a 1 1 c855 ffff 0 1
3 0 1 0 3 bdd4 e957 1 1 c855 ffff 0 1
3 0 1 1 0 e15f 0000 1 1 c855 ffff 0 1
3 0 0 1 1 dea1 0000 1 1 14ee ffff 0 1
3 0 0 1 0 4a5b 0000 1 1 dea1 ffff 0 1
3 0 0 0 1 4657 0000 1 1 4a5b ffff 0 1
3 0 0 0 3 e031 0000 0 1 0000 0000 0 0
3 0 0 1 0 f884 7ef7 0 1 0000 0000 0 0
3 0 1 0 0 d79e 0000 0 1 0000 0000 0 0
3 0 0 1 2 eb64 0000 1 1 777b ffff 0 1
3 0 0 1 2 047a bafc 1 1 0000 ffff 1 1
3 0 0 1 1 6a87 0000 1 1 0078 ffff 0 1
3 0 0 1 3 2dfe 0000 1 1 6a87 ffff 0 1
3 0 0 1 3 4814 0000 1 1 2dfe ffff 0 1
3 0 1 1 1 c68d c43c 1 1 2dfe ffff 0 1
3 0 0 1 0 d42b 0000 1 1 4814 ffff 0 1
3 0 0 1 1 75fd 0000 1 1 d42b ffff 0 1
3 0 1 1 0 8b49 b8ba 1 1 d42b ffff 0 1
3 0 0 1 2 9081 0000 1 1 75fd ffff 0 1
3 0 0 1 0 1407 0000 1 1 0000 ffff 1 1
3 0 0 1 0 0053 0000 1 1 1407 ffff 0 1
3 0 0 1 3 1a08 0000 1 1 0053 ffff 0 1
3 0 0 1 2 6bad bf75 1 1 1a08 ffff 0 1
3 0 1 1 2 7b96 9170 1 1 1a08 ffff 0 1
3 0 1 1 2 99c7 36ec 1 1 1a08 ffff 0 1
3 0 0 0 2 a4ce 0000 1 1 2b25 ffff 0 1
3 0 0 0 1 8f25 11d0 0 1 0000 0000 0 0
3 0 0 1 3 b29d 0f09 0 1 0000 0000 0 0
3 0 0 1 0 5042 0000 1 1 bd94 ffff 0 1
3 0 0 0 2 6fb8 65dc 1 1 5042 ffff 0 1
3 0 0 1 1 746a b61f 0 1 0000 0000 0 0
3 0 0 1 1 01d2 1021 1 1 be4b ffff 0 1
3 0 1 0 2 9ca5 0000 1 1 be4b ffff 0 1
3 0 1 1 3 8bd7 0000 1 1 be4b ffff 0 1
3 0 0 1 0 a1e2 c9c3 1 1 f1b1 ffff 0 1
3 0 1 1 2 3aa3 2638 1 1 f1b1 ffff 0 1
3 0 1 1 0 04dc 0eb9 1 1 f1b1 ffff 0 1
3 0 0 1 0 f7a0 037e 1 1 6ba5 ffff 0 1
3 0 0 1 3 17c3 913b 1 1 fb1e ffff 0 1
3 0 0 1 2 a84b 9c98 1 1 86f8 ffff 0 1
3 0 0 1 1 bd49 0000 1 1 8808 ffff 0 1
3 0 1 1 3 8a0f fee7 1 1 8808 ffff 0 1
3 0 1 1 3 93d4 0000 1 1 8808 ffff 0 1
3 0 0 1 2 1440 7321 1 1 bd49 ffff 0 1
3 0 0 0 2 1dcd 0000 1 1 1000 ffff 0 1
3 0 0 1 3 a990 e37c 0 1 0000 0000 0 0
3 0 0 1 2 5a5e bb8b 1 1 4aec ffff 0 1
3 0 0 1 3 4e15 0000 1 1 1a0a ffff 0 1
3 0 0 1 2 56b3 0000 1 1 4e15 ffff 0 1
3 0 1 1 3 5c33 28eb 1 1 4e15 ffff 0 1
3 0 1 1 2 c92b 0000 1 1 4e15 ffff 0 1
3 0 0 1 3 3951 0000 1 1 0000 ffff 1 1
3 0 1 0 2 43d5 0000 1 1 0000 ffff 1 1
3 0 0 0 2 7e8e a4e1 1 1 3951 ffff 0 1
3 0 0 1 0 1aee 0000 0 1 0000 0000 0 0
3 0 0 1 2 06e2 0000 1 1 1aee ffff 0 1
3 0 0 1 1 c114 fa92 1 1 0000 ffff 1 1
3 0 1 1 1 9929 5898 1 1 0000 ffff 1 1
3 0 0 0 1 02d9 0000 1 1 c682 ffff 0 1
3 0 1 0 0 7721 b0d2 1 1 c682 ffff 0 1
3 0 0 0 2 a6c6 1d29 0 1 0000 0000 0 0
3 0 0 1 3 a8de 86be 0 1 0000 0000 0 0
3 0 0 1 0 e03b 0000 1 1 2e60 ffff 0 1
3 0 0 0 3 3733 0000 1 1 e03b ffff 0 1
3 0 0 0 1 a059 0000 0 1 0000 0000 0 0
3 0 1 0 2 514d 0000 0 1 0000 0000 0 0
3 0 0 1 2 e5ca 0000 0 1 0000 0000 0 0
3 0 0 1 0 4b05 6f20 1 1 0000 ffff 1 1
3 0 0 1 0 ffeb 23c1 1 1 ba25 ffff 0 1
3 0 0 1 0 ab9b 0000 1 1 23ac ffff 0 1
3 0 0 0 3 e373 0000 1 1 ab9b ffff 0 1
3 0 0 1 0 3150 0000 0 1 0000 0000 0 0
3 0 0 1 2 818c 0000 1 1 3150 ffff 0 1
3 0 0 1 1 dac7 0000 1 1 0000 ffff 1 1
3 0 0 1 1 d1eb 0000 1 1 dac7 ffff 0 1
3 0 1 1 2 cc32 0000 1 1 dac7 ffff 0 1
3 0 0 1 2 537a d651 1 1 d1eb ffff 0 1
3 0 0 1 3 3ede c5f8 1 1 5250 ffff 0 1
3 0 1 1 3 e1e1 0000 1 1 5250 ffff 0 1
3 0 0 0 2 54e6 0000 1 1 fb26 ffff 0 1
3 0 0 0 1 85f7 0000 0 1 0000 0000 0 0
3 0 0 1 2 017e 0000 0 1 0000 0000 0 0
3 0 0 1 0 8008 0000 1 1 0000 ffff 1 1
3 0 1 1 2 13cd a3ba 1 1 0000 ffff 1 1
3 0 0 1 2 9a4d a128 1 1 8008 ffff 0 1
3 0 0 0 3 8684 0000 1 1 8008 ffff 0 1
3 0 0 1 3 16e4 0000 0 1 0000 0000 0 0
3 0 1 1 2 4bac 0000 0 1 0000 0000 0 0
3 0 0 1 2 ba46 d5eb 1 1 16e4 ffff 0 1
3 0 0 1 2 1bcd aef1 1 1 9042 ffff 0 1
3 0 1 0 3 9153 0000 1 1 9042 ffff 0 1
3 0 0 1 1 1fcd da94 1 1 0ac1 ffff 0 1
3 0 1 1 0 0536 78b9 1 1 0ac1 ffff 0 1
3 0 0 1 2 1f75 2c9e 1 1 4539 ffff 0 1
3 0 1 1 2 95ee fbf0 1 1 4539 ffff 0 1
3 0 1 1 2 a9cc 0d61 1 1 4539 ffff 0 1
3 0 0 0 2 16d1 1afe 1 1 0c14 ffff 0 1
3 0 1 1 2 dbda 7285 1 1 0c14 ffff 0 1
3 0 0 1 3 9ba5 424f 0 1 0000 0000 0 0
3 0 0 1 3 1273 4dd4 1 1 d9ea ffff 0 1
3 0 1 1 2 ecb3 9f48 1 1 d9ea ffff 0 1
3 0 0 0 1 76e8 29b2 1 1 5fa7 ffff 0 1
3 0 0 1 3 2f86 0000 0 1 0000 0000 0 0
3 0 0 1 1 cfea a9f3 1 1 2f86 ffff 0 1
3 0 0 1 2 5b7b b918 1 1 25f7 ffff 0 1
3 0 0 1 1 2e3e 0000 1 1 1918 ffff 0 1
3 0 0 0 0 9468 dfa1 1 1 2e3e ffff 0 1
3 0 0 0 1 dab3 0000 0 1 0000 0000 0 0
3 0 0 1 3 28f3 0000 0 1 0000 0000 0 0
3 1 0 1 0 0411 e464 0 1 0000 0000 0 0
3 0 1 1 1 c163 c874 0 1 0000 0000 0 0
3 0 0 1 1 f912 0000 0 1 0000 0000 0 0
3 0 0 1 2 8b3a 0000 1 1 f912 ffff 0 1
3 0 0 1 0 dd1e 4962 1 1 0000 ffff 1 1
3 0 0 1 0 c008 0000 1 1 2680 ffff 0 1
3 0 1 1 1 4237 0508 1 1 2680 ffff 0 1
3 0 0 1 3 1c27 0000 1 1 c008 ffff 0 1
3 0 0 1 3 468b 0000 1 1 1c27 ffff 0 1
3 0 1 1 1 6145 93ae 1 1 1c27 ffff 0 1
3 0 0 1 1 5fdd a3d8 1 1 468b ffff 0 1
3 0 1 1 1 a34b 80eb 1 1 468b ffff 0 1
3 0 0 0 0 66f7 aabc 1 1 bc05 ffff 0 1
3 0 0 1 1 bc28 0000 0 1 0000 0000 0 0
3 0 0 0 3 fae3 5c14 1 1 bc28 ffff 0 1
3 0 0 1 3 4c03 0000 0 1 0000 0000 0 0
3 0 0 1 2 0735 b498 1 1 4c03 ffff 0 1
3 0 0 1 2 7f92 0000 1 1 0410 ffff 0 1
3 0 0 1 0 9203 0000 1 1 0000 ffff 1 1
3 0 0 1 2 04e6 0000 1 1 9203 ffff 0 1
3 0 0 1 0 31e9 4d5b 1 1 0000 ffff 1 1
3 0 0 0 1 0bf6 0000 1 1 7f44 ffff 0 1
3 0 0 1 0 0e67 0d36 0 1 0000 0000 0 0
3 0 0 1 3 46f9 0000 1 1 1b9d ffff 0 1
3 0 1 0 1 0aa6 80be 1 1 1b9d ffff 0 1
3 0 0 1 2 a74e 0000 1 1 46f9 ffff 0 1
3 0 0 1 1 ebb2 ba80 1 1 0000 ffff 1 1
3 0 0 1 3 7936 0000 1 1 3132 ffff 0 1
3 0 0 1 2 74b5 c87b 1 1 7936 ffff 0 1
3 0 0 1 1 c428 8953 1 1 4031 ffff 0 1
3 0 0 0 1 929a 5518 1 1 3ad5 ffff 0 1
3 0 1 1 1 e419 0000 1 1 3ad5 ffff 0 1
3 0 0 1 3 a9df df25 0 1 0000 0000 0 0
3 0 1 1 3 2bbe 8e42 0 1 0000 0000 0 0
3 0 0 0 0 cd06 0514 1 1 76fa ffff 0 1
3 0 0 1 3 ab82 3031 0 1 0000 0000 0 0
3 0 0 1 3 04d8 e9b8 1 1 9bb3 ffff 0 1
3 0 0 1 0 9d0c 0000 1 1 ed60 ffff 0 1
3 0 0 1 2 3400 0fec 1 1 9d0c ffff 0 1
3 0 0 1 0 106d 0000 1 1 0400 ffff 0 1
3 0 0 1 1 87b9 b17d 1 1 106d ffff 0 1
3 0 0 1 2 85a9 75c8 1 1 d63c ffff 0 1
3 0 0 1 1 64c6 0000 1 1 0588 ffff 0 1
3 0 0 0 2 1bee 0000 1 1 64c6 ffff 0 1
3 0 0 1 1 0c46 ac79 0 1 0000 0000 0 0
3 0 1 0 0 dcd4 eaab 0 1 0000 0000 0 0
3 0 0 0 1 3e3a 0000 1 1 5fcd ffff 0 1
3 0 1 1 1 a238 0000 1 1 5fcd ffff 0 1
3 0 0 1 1 3397 59bf 0 1 0000 0000 0 0
3 0 0 1 0 babc 0000 1 1 d9d8 ffff 0 1
3 0 1 0 3 e95e 0000 1 1 d9d8 ffff 0 1
3 0 0 1 1 37b0 0000 1 1 babc ffff 0 1
3 0 0 1 0 e048 0000 1 1 37b0 ffff 0 1
3 0 0 0 3 5b07 0000 1 1 e048 ffff 0 1
3 0 0 1 2 7b4d 0000 0 1 0000 0000 0 0
3 0 1 1 1 130a 0000 0 1 0000 0000 0 0
3 0 1 1 2 5669 68b5 0 1 0000 0000 0 0
3 0 0 1 2 7f38 f35b 1 1 0000 ffff 1 1
3 0 0 1 1 7401 0000 1 1 7318 ffff 0 1
3 0 0 1 1 74c6 0000 1 1 7401 ffff 0 1
3 0 0 1 2 9ea8 0000 1 1 74c6 ffff 0 1
3 0 0 1 0 9af0 a169 1 1 0000 ffff 1 1
3 0 1 0 3 067d 849d 1 1 0000 ffff 1 1
3 0 0 1 0 4309 3562 1 1 3c59 ffff 0 1
3 0 0 1 3 a2ad efe0 1 1 786b ffff 0 1
3 0 0 1 2 23e8 0000 1 1 4d4d ffff 0 1
3 0 0 1 0 5676 1f1a 1 1 0000 ffff 1 1
3 0 0 1 0 ae8c 0000 1 1 7590 ffff 0 1
3 0 0 0 0 ff94 28df 1 1 ae8c ffff 0 1
3 0 0 1 0 2d72 326a 0 1 0000 0000 0 0
3 0 0 1 3 f05a 8a33 1 1 5fdc ffff 0 1
3 0 0 0 0 cdfe 5b17 1 1 7a69 ffff 0 1
3 0 0 1 1 ebe4 061a 0 1 0000 0000 0 0
3 0 1 1 0 c905 6fcb 0 1 0000 0000 0 0
3 0 1 1 2 5cc3 0000 0 1 0000 0000 0 0
3 0 0 1 1 0937 0000 1 1 e5ca ffff 0 1
3 0 0 1 2 4ffd 0000 1 1 0937 ffff 0 1
3 0 0 1 2 9ba4 0000 1 1 0000 ffff 1 1
3 0 0 0 0 954e 0000 1 1 0000 ffff 1 1
3 0 0 1 0 9003 5a6d 0 1 0000 0000 0 0
3 0 0 1 2 9359 0000 1 1 ea70 ffff 0 1
3 0 1 1 1 103c 8fb2 1 1 ea70 ffff 0 1
3 0 0 1 1 6935 37a4 1 1 0000 ffff 1 1
3 0 0 1 1 1cc0 0000 1 1 3191 ffff 0 1
3 0 0 1 0 9ec7 0000 1 1 1cc0 ffff 0 1
3 0 1 1 1 a045 b517 1 1 1cc0 ffff 0 1
3 0 1 1 3 51bc e317 1 1 1cc0 ffff 0 1
3 0 0 0 1 6efe 0000 1 1 9ec7 ffff 0 1
3 0 0 1 2 1932 0000 0 1 0000 0000 0 0
3 0 0 1 3 745a cd48 1 1 0000 ffff 1 1
3 0 1 1 2 99ac 0000 1 1 0000 ffff 1 1
3 0 0 1 1 4bc7 7d86 1 1 b912 ffff 0 1
3 0 1 1 1 462d d6c7 1 1 b912 ffff 0 1
3 0 0 1 0 5cd4 0000 1 1 ce41 ffff 0 1
3 0 1 1 3 ac18 0000 1 1 ce41 ffff 0 1
3 0 1 0 1 26c4 8d8b 1 1 ce41 ffff 0 1
3 0 0 0 0 404a 0686 1 1 5cd4 ffff 0 1
3 0 0 0 2 b3bd 0000 0 1 0000 0000 0 0
3 0 0 1 2 c2de 8ebc 0 1 0000 0000 0 0
3 0 0 1 0 c1df 0000 1 1 829c ffff 0 1
3 0 0 1 3 adcb 0000 1 1 c1df ffff 0 1
3 0 0 1 2 fad4 a439 1 1 adcb ffff 0 1
3 0 0 1 2 af19 0000 1 1 a010 ffff 0 1
3 0 0 1 1 8071 0b9d 1 1 0000 ffff 1 1
3 0 1 1 2 ac9f 0000 1 1 0000 ffff 1 1
3 0 0 1 3 e5bd 9249 1 1 74d4 ffff 0 1
3 0 0 0 1 a4e4 0000 1 1 77f4 ffff 0 1
3 0 0 1 3 5ba1 0000 0 1 0000 0000 0 0
3 0 0 1 2 5e0a c523 1 1 5ba1 ffff 0 1
3 0 1 1 0 7c1b 8176 1 1 5ba1 ffff 0 1
3 0 0 1 2 f5c3 ac00 1 1 4402 ffff 0 1
3 0 0 1 2 4b6a 0000 1 1 a400 ffff 0 1
3 0 0 1 3 0c4a 0000 1 1 0000 ffff 1 1
3 0 0 1 0 5c15 5c63 1 1 0c4a ffff 0 1
3 0 0 1 2 7fe1 0000 1 1 b878 ffff 0 1
3 0 1 0 1 d1a0 dca2 1 1 b878 ffff 0 1
3 0 0 1 2 9dd4 0000 1 1 0000 ffff 1 1
3 0 0 1 0 ae0e 7fbe 1 1 0000 ffff 1 1
3 0 0 1 2 83e0 0000 1 1 2dcc ffff 0 1
3 0 0 1 1 d8ab 0000 1 1 0000 ffff 1 1
3 0 1 1 2 ebc8 0000 1 1 0000 ffff 1 1
3 0 0 0 0 29ca 0000 1 1 d8ab ffff 0 1
3 0 0 1 2 5193 0000 0 1 0000 0000 0 0
3 0 0 1 1 565d 831a 1 1 0000 ffff 1 1
3 0 0 1 2 bcdc 0000 1 1 d343 ffff 0 1
3 0 0 1 1 45db 36f7 1 1 0000 ffff 1 1
3 0 0 1 2 2b0e 0000 1 1 0ee4 ffff 0 1
3 0 0 1 3 f9b5 0000 1 1 0000 ffff 1 1
3 0 1 1 0 3441 0000 1 1 0000 ffff 1 1
3 0 0 1 1 007f 0000 1 1 f9b5 ffff 0 1
3 0 0 0 3 fc1b 0000 1 1 007f ffff 0 1
3 0 0 1 1 b394 b4e4 0 1 0000 0000 0 0
3 0 0 1 0 0ee2 0000 1 1 feb0 ffff 0 1
3 0 0 1 3 aa12 0000 1 1 0ee2 ffff 0 1
3 0 1 1 0 c186 0000 1 1 0ee2 ffff 0 1
3 0 1 1 0 1007 0000 1 1 0ee2 ffff 0 1
3 0 1 1 2 d758 e7f3 1 1 0ee2 ffff 0 1
3 0 0 1 0 9ecb 102c 1 1 aa12 ffff 0 1
3 0 0 0 1 5757 0000 1 1 aef7 ffff 0 1
3 0 0 0 2 9250 0000 0 1 0000 0000 0 0
3 0 0 1 1 3a9a 0000 0 1 0000 0000 0 0
3 0 0 1 1 e511 01d2 1 1 3a9a ffff 0 1
3 0 0 0 3 f6b6 02f9 1 1 e33f ffff 0 1
3 0 0 0 1 e209 0000 0 1 0000 0000 0 0
3 0 0 1 0 7fbc 9892 0 1 0000 0000 0 0
3 0 0 1 2 3120 0000 1 1 184e ffff 0 1
3 0 0 1 1 fcca 0000 1 1 0000 ffff 1 1
3 0 1 1 0 326d 0fe8 1 1 0000 ffff 1 1
3 0 0 1 3 eac8 0000 1 1 fcca ffff 0 1
3 0 0 0 0 36e5 0000 1 1 eac8 ffff 0 1
3 0 0 1 3 002e fc5a 0 1 0000 0000 0 0
3 0 0 1 3 6330 0000 1 1 fc74 ffff 0 1
3 0 0 1 2 f798 726d 1 1 6330 ffff 0 1
3 0 1 0 1 cbe4 0000 1 1 6330 ffff 0 1
3 0 1 1 0 9b0d 0000 1 1 6330 ffff 0 1
3 0 0 1 0 48cc 3966 1 1 7208 ffff 0 1
3 0 0 1 2 3568 8903 1 1 8232 ffff 0 1
3 0 0 0 2 6d49 0c46 1 1 0100 ffff 0 1
3 0 0 1 3 0cb3 0000 0 1 0000 0000 0 0
3 0 0 1 2 835b 0000 1 1 0cb3 ffff 0 1
3 0 0 1 2 0433 0000 1 1 0000 ffff 1 1
3 0 1 0 2 bc37 b6e2 1 1 0000 ffff 1 1
3 0 0 0 1 e32e 0000 1 1 0000 ffff 1 1
3 0 0 1 2 ccc0 586b 0 1 0000 0000 0 0
3 0 0 1 0 cb9d 7811 1 1 4840 ffff 0 1
3 0 0 1 3 8ff2 0000 1 1 43ae ffff 0 1
3 0 1 0 2 1d32 5d74 1 1 43ae ffff 0 1
3 0 0 1 1 ef69 568d 1 1 8ff2 ffff 0 1
3 0 0 1 2 7a7c 0000 1 1 98dc ffff 0 1
3 0 1 1 2 6488 0000 1 1 98dc ffff 0 1
3 0 1 1 1 d675 81b4 1 1 98dc ffff 0 1
3 0 1 1 0 25a6 0000 1 1 98dc ffff 0 1
3 0 0 0 2 992d 4dfa 1 1 0000 ffff 1 1
3 0 0 0 3 4b06 0000 0 1 0000 0000 0 0
3 0 1 1 3 e168 3c27 0 1 0000 0000 0 0
3 0 0 0 2 9a18 af04 0 1 0000 0000 0 0
3 0 1 0 2 1e6d 14f3 0 1 0000 0000 0 0
3 0 0 1 3 5269 3bc8 0 1 0000 0000 0 0
3 0 0 1 1 08bb 0000 1 1 69a1 ffff 0 1
3 0 0 1 1 8501 3ba3 1 1 08bb ffff 0 1
3 0 0 0 3 db63 0000 1 1 495e ffff 0 1
3 0 0 1 2 e69c 0075 0 1 0000 0000 0 0
3 0 0 1 3 e85c 0000 1 1 0014 ffff 0 1
3 0 1 1 1 61e6 0000 1 1 0014 ffff 0 1
3 0 0 1 3 21a1 0000 1 1 e85c ffff 0 1
3 0 0 1 2 b277 7d14 1 1 21a1 ffff 0 1
3 0 1 1 0 df9c 0000 1 1 21a1 ffff 0 1
3 0 0 0 0 fde0 0000 1 1 3014 ffff 0 1
3 0 0 1 1 270f 0000 0 1 0000 0000 0 0
3 0 0 1 0 db20 0000 1 1 270f ffff 0 1
3 0 1 1 0 5b04 0000 1 1 270f ffff 0 1
3 0 0 0 0 f063 4ddb 1 1 db20 ffff 0 1
3 0 0 0 0 1424 f955 0 1 0000 0000 0 0
3 0 0 1 2 c987 f0a2 0 1 0000 0000 0 0
3 0 1 1 2 130c 0000 0 1 0000 0000 0 0
3 0 0 1 2 577c 0000 1 1 c082 ffff 0 1
3 0 0 1 0 9314 d860 1 1 0000 ffff 1 1
3 0 0 0 0 6fd1 0000 1 1 6b74 ffff 0 1
3 0 0 1 0 e967 67a5 0 1 0000 0000 0 0
3 0 1 1 0 6ed9 a239 0 1 0000 0000 0 0
3 0 0 1 0 2c33 885e 1 1 510c ffff 0 1
3 0 1 1 0 e26b 04c1 1 1 510c ffff 0 1
3 0 0 1 1 48e9 0000 1 1 b491 ffff 0 1
3 0 1 1 3 7d72 0000 1 1 b491 ffff 0 1
3 0 0 1 3 095c 0000 1 1 48e9 ffff 0 1
3 0 0 0 1 beb4 0000 1 1 095c ffff 0 1
3 0 0 1 0 ddd5 0000 0 1 0000 0000 0 0
3 0 0 1 3 2541 fd6b 1 1 ddd5 ffff 0 1
3 0 0 0 3 f9dc 0000 1 1 d82a ffff 0 1
3 0 0 1 3 03d1 967e 0 1 0000 0000 0 0
3 0 0 1 2 d585 9409 1 1 95af ffff 0 1
3 0 0 1 2 287e 8027 1 1 9401 ffff 0 1
3 0 1 1 3 3f64 0000 1 1 9401 ffff 0 1
3 0 0 0 3 c48e 3d4c 1 1 0026 ffff 0 1
3 0 0 0 2 c0d0 170f 0 1 0000 0000 0 0
3 0 0 0 0 453b 0000 0 1 0000 0000 0 0
3 0 0 1 1 e84e 280c 0 1 0000 0000 0 0
3 0 0 0 3 c262 d62c 1 1 c042 ffff 0 1
3 0 0 1 3 f859 72ec 0 1 0000 0000 0 0
3 0 0 1 3 ea8a 91b9 1 1 8ab5 ffff 0 1
3 0 0 0 3 5fc8 c5f3 1 1 7b33 ffff 0 1
3 0 0 1 0 3da7 43ba 0 1 0000 0000 0 0
3 0 0 1 3 2a4c 6e22 1 1 8161 ffff 0 1
3 0 0 1 3 f7a4 a429 1 1 446e ffff 0 1
3 0 0 1 3 9716 0000 1 1 538d ffff 0 1
3 0 0 1 3 6e7c 0000 1 1 9716 ffff 0 1
3 0 0 1 2 5adc 003b 1 1 6e7c ffff 0 1
3 0 0 1 3 92c3 b444 1 1 0018 ffff 0 1
3 0 0 0 1 1504 0000 1 1 2687 ffff 0 1
3 0 1 1 1 7987 6f4e 1 1 2687 ffff 0 1
3 0 0 1 1 1182 abe5 0 1 0000 0000 0 0
3 0 0 1 1 e777 32db 1 1 659d ffff 0 1
3 0 0 1 1 2b20 9c60 1 1 b49c ffff 0 1
3 0 0 1 2 de85 4df7 1 1 8ec0 ffff 0 1
3 0 0 0 2 f9f9 32ef 1 1 4c85 ffff 0 1
3 0 0 1 0 957e 4b31 0 1 0000 0000 0 0
3 0 1 1 2 8edc 0000 0 1 0000 0000 0 0
3 0 0 1 2 579f 0000 1 1 e0af ffff 0 1
3 0 1 0 1 aa57 ed3a 1 1 e0af ffff 0 1
3 0 0 1 0 1dfb 1c47 1 1 0000 ffff 1 1
3 0 0 1 2 9693 0000 1 1 3a42 ffff 0 1
3 0 0 1 1 0b30 0000 1 1 0000 ffff 1 1
3 0 0 1 0 df05 8d0e 1 1 0b30 ffff 0 1
3 0 0 1 2 7e20 0000 1 1 6c13 ffff 0 1
3 0 0 1 2 906c 7507 1 1 0000 ffff 1 1
3 0 0 1 2 79c4 0000 1 1 1004 ffff 0 1
3 0 0 0 1 bc37 0000 1 1 0000 ffff 1 1
3 0 0 0 3 95f8 7fcc 0 1 0000 0000 0 0
3 0 0 0 1 41d4 0000 0 1 0000 0000 0 0
3 0 0 1 1 128e 0000 0 1 0000 0000 0 0
3 0 0 1 2 c463 c457 1 1 128e ffff 0 1
3 0 0 1 3 0c57 c441 1 1 c443 ffff 0 1
3 0 0 1 3 c055 0000 1 1 c816 ffff 0 1
3 0 0 1 3 2798 0000 1 1 c055 ffff 0 1
3 0 0 1 2 d5a3 c54f 1 1 2798 ffff 0 1
3 0 0 1 3 06c3 0000 1 1 c503 ffff 0 1
3 0 0 1 0 7468 0000 1 1 06c3 ffff 0 1
3 0 0 1 3 703c 65eb 1 1 7468 ffff 0 1
3 0 0 1 1 932a 0000 1 1 15d7 ffff 0 1
3 0 0 1 2 e0ae 0000 1 1 932a ffff 0 1
3 0 0 1 2 64cb 2b2c 1 1 0000 ffff 1 1
3 0 0 1 3 c4dc 0000 1 1 2008 ffff 0 1
3 0 1 1 3 3931 0000 1 1 2008 ffff 0 1
3 0 0 1 0 1ecc 5e01 1 1 c4dc ffff 0 1
3 0 0 1 0 0ef5 f949 1 1 7ccd ffff 0 1
3 0 0 0 2 7c9a f195 1 1 083e ffff 0 1
3 0 0 1 3 1a9f 0000 0 1 0000 0000 0 0
3 0 0 1 0 e573 0000 1 1 1a9f ffff 0 1
3 0 0 1 3 b85f 53e4 1 1 e573 ffff 0 1
3 0 0 1 1 9a08 c216 1 1 ebbb ffff 0 1
3 0 0 1 2 93f9 0000 1 1 d7f2 ffff 0 1
3 0 0 1 0 9b2e 0000 1 1 0000 ffff 1 1
3 0 0 0 2 00e9 aa71 1 1 9b2e ffff 0 1
3 0 1 0 0 e0c8 73ec 1 1 9b2e ffff 0 1
3 0 0 1 2 ace3 0000 0 1 0000 0000 0 0
3 0 0 1 2 2c97 0000 1 1 0000 ffff 1 1
3 0 0 1 2 52fc 0000 1 1 0000 ffff 1 1
3 0 0 1 0 fc1b 0000 1 1 0000 ffff 1 1
3 0 0 1 1 e4b0 e13d 1 1 fc1b ffff 0 1
3 0 0 1 1 1a52 0000 1 1 0373 ffff 0 1
3 0 1 1 2 111e 0000 1 1 0373 ffff 0 1
3 0 0 1 1 17a7 f848 1 1 1a52 ffff 0 1
3 0 1 1 1 6d00 0000 1 1 1a52 ffff 0 1
3 0 0 1 2 80e8 8811 1 1 1f5f ffff 0 1
3 0 0 0 1 c675 c515 1 1 8000 ffff 0 1
3 0 1 1 2 000e 54d6 1 1 8000 ffff 0 1
3 0 0 1 2 d611 1b06 0 1 0000 0000 0 0
3 0 1 1 2 564e 2acd 0 1 0000 0000 0 0
3 0 1 1 1 3090 f6dc 0 1 0000 0000 0 0
3 0 0 1 1 8424 aa95 1 1 1200 ffff 0 1
3 0 1 1 2 6500 0000 1 1 1200 ffff 0 1
3 0 0 0 1 0de1 0000 1 1 d98f ffff 0 1
3 0 0 0 1 4e0d 77c1 0 1 0000 0000 0 0
3 0 0 1 3 3886 a638 0 1 0000 0000 0 0
3 0 0 1 3 86b3 0000 1 1 9ebe ffff 0 1
3 0 1 1 3 b8b0 bb2b 1 1 9ebe ffff 0 1
3 0 0 1 3 fcf0 8c13 1 1 86b3 ffff 0 1
3 0 0 1 1 4df7 b710 1 1 70e3 ffff 0 1
3 0 0 1 1 d864 0000 1 1 96e7 ffff 0 1
3 0 0 1 2 9b62 0000 1 1 d864 ffff 0 1
3 0 0 1 2 53bd 35ed 1 1 0000 ffff 1 1
3 0 0 1 0 c3b8 5d82 1 1 11ad ffff 0 1
3 0 0 1 3 aa19 652c 1 1 213a ffff 0 1
3 0 1 0 3 88e1 d5d7 1 1 213a ffff 0 1
3 0 0 1 1 7743 0000 1 1 cf35 ffff 0 1
3 0 0 0 2 e1be 040b 1 1 7743 ffff 0 1
3 0 0 1 1 12d5 0e26 0 1 0000 0000 0 0
3 0 1 1 0 596f 8171 0 1 0000 0000 0 0
3 0 0 1 0 4414 0000 1 1 04af ffff 0 1
3 0 1 1 1 1db7 0000 1 1 04af ffff 0 1
3 0 1 1 2 1ec7 0000 1 1 04af ffff 0 1
3 0 0 1 2 c7a1 0000 1 1 4414 ffff 0 1
3 0 0 1 2 93cc 4eb7 1 1 0000 ffff 1 1
3 0 0 1 2 f41b 9d81 1 1 0284 ffff 0 1
3 0 1 1 1 353b 0000 1 1 0284 ffff 0 1
3 0 1 1 0 d0de 0000 1 1 0284 ffff 0 1
3 0 0 1 1 a1c5 3eea 1 1 9401 ffff 0 1
3 0 0 1 0 6a8e f2df 1 1 62db ffff 0 1
3 0 0 1 2 edde 0000 1 1 5d6d ffff 0 1
3 0 0 1 0 79ff 1d3d 1 1 0000 ffff 1 1
3 0 0 1 2 58b7 d7b4 1 1 973c ffff 0 1
3 0 0 1 2 f99d 0000 1 1 50b4 ffff 0 1
3 0 0 1 3 3f2a 0047 1 1 0000 ffff 1 1
3 0 1 1 1 cd1c 0000 1 1 0000 ffff 1 1
3 0 0 1 2 6dfe c7bd 1 1 3f6d ffff 0 1
3 0 0 1 2 31b1 0000 1 1 45bc ffff 0 1
3 0 0 1 0 9dc3 52b9 1 1 0000 ffff 1 1
3 0 0 1 3 986f 0000 1 1 f07c ffff 0 1
3 0 0 1 1 a8c8 cc83 1 1 986f ffff 0 1
3 0 0 1 2 b16f 0000 1 1 dc45 ffff 0 1
3 0 0 1 2 13d9 0000 1 1 0000 ffff 1 1
3 0 0 1 1 18f6 0000 1 1 0000 ffff 1 1
3 0 0 1 0 334f 71cd 1 1 18f6 ffff 0 1
3 0 0 0 2 df7c d870 1 1 a51c ffff 0 1
3 0 0 0 1 83ab b76f 0 1 0000 0000 0 0
3 0 0 1 2 2499 e15d 0 1 0000 0000 0 0
3 0 1 1 2 5e78 0000 0 1 0000 0000 0 0
3 0 1 1 2 df54 fb59 0 1 0000 0000 0 0
3 0 0 0 2 4590 0000 1 1 2019 ffff 0 1
3 0 0 1 2 cf14 0000 0 1 0000 0000 0 0
3 0 0 1 1 a6b6 0000 1 1 0000 ffff 1 1
3 0 1 1 2 179c 55f1 1 1 0000 ffff 1 1
3 0 0 1 2 514a 70e5 1 1 a6b6 ffff 0 1
3 0 0 0 3 430b d237 1 1 5040 ffff 0 1
3 0 0 1 1 5af9 0000 0 1 0000 0000 0 0
3 0 0 1 1 c4b7 0000 1 1 5af9 ffff 0 1
3 0 0 1 0 c72d 0000 1 1 c4b7 ffff 0 1
3 0 0 0 1 a626 7045 1 1 c72d ffff 0 1
3 0 1 1 1 d526 7853 1 1 c72d ffff 0 1
3 0 0 0 2 da68 0000 0 1 0000 0000 0 0
3 0 0 1 0 e602 0000 0 1 0000 0000 0 0
3 0 1 1 0 0bf0 0000 0 1 0000 0000 0 0
3 0 1 1 3 80b5 0000 0 1 0000 0000 0 0
3 0 0 1 1 42a3 7079 1 1 e602 ffff 0 1
3 0 1 1 2 201b 0000 1 1 e602 ffff 0 1
3 0 0 0 0 3ca0 0000 1 1 d22a ffff 0 1
3 0 0 1 2 2883 19fa 0 1 0000 0000 0 0
3 0 0 1 3 53a2 0000 1 1 0882 ffff 0 1
3 0 0 1 2 606a 0000 1 1 53a2 ffff 0 1
3 0 0 1 0 4f2f 0000 1 1 0000 ffff 1 1
3 0 0 1 2 4006 8631 1 1 4f2f ffff 0 1
3 0 0 1 1 02b0 bd20 1 1 0000 ffff 1 1
3 0 0 1 2 3587 0000 1 1 4590 ffff 0 1
3 0 1 1 1 6c34 0000 1 1 4590 ffff 0 1
3 0 0 1 3 8be8 0000 1 1 0000 ffff 1 1
3 0 0 1 1 6a59 0000 1 1 8be8 ffff 0 1
3 0 1 1 0 1746 0000 1 1 8be8 ffff 0 1
3 0 0 1 1 6ffe 4f38 1 1 6a59 ffff 0 1
3 0 0 1 0 2935 0000 1 1 20c6 ffff 0 1
3 0 0 1 0 9f17 0000 1 1 2935 ffff 0 1
3 0 0 1 3 62c4 e5db 1 1 9f17 ffff 0 1
3 0 0 1 3 3537 b690 1 1 871f ffff 0 1
3 0 0 0 3 b03f 2b1a 1 1 83a7 ffff 0 1
3 0 0 0 3 5ac2 6203 0 1 0000 0000 0 0
3 0 0 1 1 724c 027c 0 1 0000 0000 0 0
3 0 0 1 0 13d1 119b 1 1 6fd0 ffff 0 1
3 0 1 0 0 6868 4a06 1 1 6fd0 ffff 0 1
3 0 0 1 2 e1f3 fd2b 1 1 256c ffff 0 1
3 0 0 1 2 d741 6ba2 1 1 e123 ffff 0 1
3 0 0 1 3 5ccb 137c 1 1 4300 ffff 0 1
3 0 0 0 2 5c4c 0000 1 1 4fb7 ffff 0 1
3 0 0 1 2 7265 0000 0 1 0000 0000 0 0
3 0 0 1 0 47a3 ccdf 1 1 0000 ffff 1 1
3 0 0 0 0 2045 e078 1 1 1482 ffff 0 1
3 0 0 0 3 4c65 e2ef 0 1 0000 0000 0 0
3 0 0 1 1 47c7 a889 0 1 0000 0000 0 0
3 0 1 1 0 f5fe 0000 0 1 0000 0000 0 0
3 0 1 1 3 5fe6 55c9 0 1 0000 0000 0 0
3 0 1 1 3 2c7a 0000 0 1 0000 0000 0 0
3 0 0 1 0 8f57 84cd 1 1 9f3e ffff 0 1
3 0 0 1 1 d995 2526 1 1 1424 ffff 0 1
3 0 0 1 0 4d6c 91f4 1 1 b46f ffff 0 1
3 0 0 1 2 3a85 b5be 1 1 df60 ffff 0 1
3 0 0 1 2 f4f1 b4f6 1 1 3084 ffff 0 1
3 0 0 1 2 23d3 0000 1 1 b4f0 ffff 0 1
3 0 0 1 2 bed5 49a4 1 1 0000 ffff 1 1
3 0 0 1 0 1a23 4c2f 1 1 0884 ffff 0 1
3 0 0 1 1 0fd8 cc3e 1 1 6652 ffff 0 1
3 0 1 1 3 6a0b 0000 1 1 6652 ffff 0 1
3 0 0 0 0 5878 0000 1 1 439a ffff 0 1
3 0 0 0 1 36ef 0000 0 1 0000 0000 0 0
3 0 0 1 0 6e10 0000 0 1 0000 0000 0 0
3 0 0 1 3 aaf6 cd5b 1 1 6e10 ffff 0 1
3 0 0 1 2 5c4b 0000 1 1 67ad ffff 0 1
3 0 0 1 3 8a91 6a64 1 1 0000 ffff 1 1
3 0 0 0 3 71c0 0000 1 1 e0f5 ffff 0 1
3 0 0 1 2 a535 0000 0 1 0000 0000 0 0
3 0 0 1 2 7a8f fcc4 1 1 0000 ffff 1 1
3 0 0 1 0 1d7b 0000 1 1 7884 ffff 0 1
3 0 0 0 2 cc17 2cec 1 1 1d7b ffff 0 1
3 0 1 0 3 e1b1 0000 1 1 1d7b ffff 0 1
3 0 0 1 1 9a7b f340 0 1 0000 0000 0 0
3 0 0 0 3 c952 1444 1 1 a73b ffff 0 1
3 0 0 1 2 4d3a 0000 0 1 0000 0000 0 0
3 0 0 1 0 23d0 5f4d 1 1 0000 ffff 1 1
3 0 1 1 1 8f0a 75a9 1 1 0000 ffff 1 1
3 0 0 1 3 114d a071 1 1 831d ffff 0 1
3 0 1 0 2 5944 0f77 1 1 831d ffff 0 1
3 1 0 0 3 8ffd 84cd 0 1 0000 0000 0 0
3 0 1 1 1 b978 0000 0 1 0000 0000 0 0
3 0 0 0 3 d4bc 0000 0 1 0000 0000 0 0
3 0 0 1 2 99fe 3ea1 0 1 0000 0000 0 0
3 0 0 1 1 5290 0000 1 1 18a0 ffff 0 1
3 0 0 1 2 b161 644d 1 1 5290 ffff 0 1
3 0 1 1 0 9008 0000 1 1 5290 ffff 0 1
3 0 0 1 0 66c9 0000 1 1 2041 ffff 0 1
3 0 0 1 2 ee3c 0000 1 1 66c9 ffff 0 1
3 0 1 1 1 5afe 0000 1 1 66c9 ffff 0 1
3 0 0 1 1 9760 0000 1 1 0000 ffff 1 1
3 0 0 1 2 b265 0e79 1 1 9760 ffff 0 1
3 0 0 1 3 7fbe 836f 1 1 0261 ffff 0 1
3 0 0 1 1 73cf 0000 1 1 fcd1 ffff 0 1
3 0 0 1 3 5700 754f 1 1 73cf ffff 0 1
3 0 0 1 1 7c9b caee 1 1 224f ffff 0 1
3 0 0 1 2 48df 856b 1 1 b1ad ffff 0 1
3 0 0 1 1 2440 b311 1 1 004b ffff 0 1
3 0 0 0 2 3a50 61d5 1 1 712f ffff 0 1
3 0 1 1 1 2fd5 0000 1 1 712f ffff 0 1
3 0 0 1 3 96f9 0000 0 1 0000 0000 0 0
3 0 0 1 3 9b59 0000 1 1 96f9 ffff 0 1
3 0 0 1 3 4259 5539 1 1 9b59 ffff 0 1
3 0 0 0 3 6426 49d4 1 1 1760 ffff 0 1
3 0 0 1 3 73d7 0000 0 1 0000 0000 0 0
3 0 0 1 3 ac34 0000 1 1 73d7 ffff 0 1
3 0 0 1 3 0f79 2a39 1 1 ac34 ffff 0 1
3 0 1 0 0 62d9 0000 1 1 ac34 ffff 0 1
3 0 0 0 1 0c18 0000 1 1 2540 ffff 0 1
3 0 1 1 3 4407 08e9 1 1 2540 ffff 0 1
3 0 0 0 0 030e c552 0 1 0000 0000 0 0
3 0 0 1 1 c132 0000 0 1 0000 0000 0 0
3 0 0 1 1 36a8 19a7 1 1 c132 ffff 0 1
3 0 0 1 0 04fd 0000 1 1 1d01 ffff 0 1
3 0 0 0 0 304e 81ff 1 1 04fd ffff 0 1
3 0 0 1 0 d025 38ce 0 1 0000 0000 0 0
3 0 0 1 0 7d75 5c5e 1 1 08f3 ffff 0 1
3 0 0 1 2 570d 0f9b 1 1 d9d3 ffff 0 1
3 0 0 1 3 26a6 3bc0 1 1 0709 ffff 0 1
3 0 1 1 2 b17d 3b7d 1 1 0709 ffff 0 1
3 0 0 1 3 69fc 0000 1 1 1d66 ffff 0 1
3 0 0 1 0 0c09 6dd6 1 1 69fc ffff 0 1
3 0 1 1 1 fe95 0000 1 1 69fc ffff 0 1
3 0 1 1 3 c70f a1c7 1 1 69fc ffff 0 1
3 0 0 1 0 1a9f 4ac7 1 1 79df ffff 0 1
3 0 0 1 0 3e56 1512 1 1 6566 ffff 0 1
3 0 0 0 1 b29c 59df 1 1 5368 ffff 0 1
3 0 0 1 1 ee21 0000 0 1 0000 0000 0 0
3 0 0 0 2 df88 0000 1 1 ee21 ffff 0 1
3 0 0 1 3 3f3a 91f9 0 1 0000 0000 0 0
3 0 1 1 3 66c3 0000 0 1 0000 0000 0 0
3 0 0 1 1 17c9 0a3b 1 1 aec3 ffff 0 1
3 0 0 1 3 f35d 0000 1 1 0d8e ffff 0 1
3 0 0 0 2 4daa f223 1 1 f35d ffff 0 1
3 0 0 1 0 3174 0000 0 1 0000 0000 0 0
3 0 0 1 0 bd8e 0000 1 1 3174 ffff 0 1
3 0 0 1 0 8538 73a9 1 1 bd8e ffff 0 1
3 0 0 0 2 727a 0000 1 1 f8e1 ffff 0 1
3 0 1 1 1 5a9c 48e7 1 1 f8e1 ffff 0 1
3 0 0 1 2 d111 0000 0 1 0000 0000 0 0
3 0 0 1 3 8c6b 5863 1 1 0000 ffff 1 1
3 0 1 1 1 f7b9 bb39 1 1 0000 ffff 1 1
3 0 1 1 0 dcab 2ca7 1 1 0000 ffff 1 1
3 0 1 0 0 6647 0000 1 1 0000 ffff 1 1
3 0 0 1 3 ce2f 0000 1 1 d408 ffff 0 1
3 0 0 1 2 78ca aafa 1 1 ce2f ffff 0 1
3 0 0 1 2 2d60 317c 1 1 28ca ffff 0 1
3 0 0 1 0 7763 0000 1 1 2160 ffff 0 1
3 0 1 0 2 0e99 8536 1 1 2160 ffff 0 1
3 0 0 0 3 d2a4 0000 1 1 7763 ffff 0 1
3 0 0 0 3 293a ca37 0 1 0000 0000 0 0
3 0 0 1 0 46f8 908d 0 1 0000 0000 0 0
3 0 0 1 0 687b 4e69 1 1 d785 ffff 0 1
3 0 1 1 2 3a8f 0000 1 1 d785 ffff 0 1
3 0 1 0 1 b988 0000 1 1 d785 ffff 0 1
3 0 0 1 0 9786 e1f3 1 1 b6e4 ffff 0 1
3 0 0 1 1 c584 0000 1 1 7979 ffff 0 1
3 0 0 0 1 623f 0000 1 1 c584 ffff 0 1
3 0 0 0 3 f68a df4a 0 1 0000 0000 0 0
3 0 0 0 2 28d1 0000 0 1 0000 0000 0 0
3 0 0 0 0 129e 0000 0 1 0000 0000 0 0
3 0 1 1 1 2e65 9b46 0 1 0000 0000 0 0
3 0 1 0 1 e7aa a5d0 0 1 0000 0000 0 0
3 0 0 1 1 3c43 0000 0 1 0000 0000 0 0
3 0 1 1 1 ed23 0000 0 1 0000 0000 0 0
3 0 0 1 2 1732 dd91 1 1 3c43 ffff 0 1
3 0 0 1 3 07a0 17c8 1 1 1510 ffff 0 1
3 0 0 0 3 c4bd 0000 1 1 1068 ffff 0 1
3 0 0 1 2 cda3 0000 0 1 0000 0000 0 0
3 0 0 1 2 7ab4 083d 1 1 0000 ffff 1 1
3 0 0 1 3 0ae3 3f06 1 1 0834 ffff 0 1
3 0 0 0 1 9d78 815b 1 1 35e5 ffff 0 1
3 0 0 1 0 67f9 eec3 0 1 0000 0000 0 0
3 0 0 1 3 0515 908e 1 1 56bc ffff 0 1
3 0 0 1 1 8286 0000 1 1 959b ffff 0 1
3 0 0 0 3 bb16 0000 1 1 8286 ffff 0 1
3 0 0 1 1 5930 0000 0 1 0000 0000 0 0
3 0 0 1 1 c635 fce2 1 1 5930 ffff 0 1
3 0 0 1 0 61f8 0000 1 1 c953 ffff 0 1
3 0 0 0 2 6c8a 0000 1 1 61f8 ffff 0 1
3 0 0 1 3 82eb ee6b 0 1 0000 0000 0 0
3 0 0 0 1 91e9 d3f5 1 1 6c80 ffff 0 1
3 0 0 1 3 5890 0000 0 1 0000 0000 0 0
3 0 0 1 0 4c26 0000 1 1 5890 ffff 0 1
3 0 0 1 0 d38b fcd6 1 1 4c26 ffff 0 1
3 0 0 1 2 059c 0000 1 1 d061 ffff 0 1
3 0 0 1 1 5f67 0000 1 1 0000 ffff 1 1
3 0 0 1 3 060a 0000 1 1 5f67 ffff 0 1
3 0 0 1 3 f2f3 994c 1 1 060a ffff 0 1
3 0 1 1 3 92bc 0000 1 1 060a ffff 0 1
3 0 0 1 1 7660 04df 1 1 6bbf ffff 0 1
3 0 0 1 3 2343 8f2a 1 1 7181 ffff 0 1
3 0 0 1 1 8e4b 8303 1 1 ac69 ffff 0 1
3 0 0 1 0 f56d abd5 1 1 0b48 ffff 0 1
3 0 0 1 0 c393 011e 1 1 a142 ffff 0 1
3 0 0 0 1 37ca 0000 1 1 c4b1 ffff 0 1
3 0 0 1 3 d6d1 287e 0 1 0000 0000 0 0
3 0 0 0 1 3ab2 b016 1 1 feaf ffff 0 1
3 0 0 1 2 38b9 3528 0 1 0000 0000 0 0
3 0 1 1 0 1bde 0000 0 1 0000 0000 0 0
3 0 0 1 2 d643 0000 1 1 3028 ffff 0 1
3 0 0 1 3 35b8 d0bc 1 1 0000 ffff 1 1
3 0 0 1 1 7c75 0000 1 1 e504 ffff 0 1
3 0 1 1 1 f5f8 e76c 1 1 e504 ffff 0 1
3 0 0 1 3 76aa b4ba 1 1 7c75 ffff 0 1
3 0 0 1 2 312a b4ff 1 1 c210 ffff 0 1
3 0 0 1 3 32fd 887a 1 1 302a ffff 0 1
3 0 0 1 0 e434 f15c 1 1 ba87 ffff 0 1
3 0 0 1 2 5beb 0f25 1 1 d590 ffff 0 1
3 0 0 1 3 184f 0000 1 1 0b21 ffff 0 1
3 0 0 1 0 0960 6a04 1 1 184f ffff 0 1
3 0 0 1 3 09d4 c82a 1 1 7364 ffff 0 1
3 0 0 1 0 f74b 0000 1 1 c1fe ffff 0 1
3 0 0 0 3 d60c efbe 1 1 f74b ffff 0 1
3 0 0 1 2 5abf 75fa 0 1 0000 0000 0 0
3 0 0 1 1 c226 0000 1 1 50ba ffff 0 1
3 0 0 1 1 c900 0000 1 1 c226 ffff 0 1
3 0 0 1 3 72bc 0000 1 1 c900 ffff 0 1
3 0 1 0 0 9096 0000 1 1 c900 ffff 0 1
3 0 0 1 1 7346 0000 1 1 72bc ffff 0 1
3 0 0 1 1 253e 773b 1 1 7346 ffff 0 1
3 0 0 1 2 b65f f08a 1 1 ae03 ffff 0 1
3 0 1 1 3 0657 68d2 1 1 ae03 ffff 0 1
3 0 1 0 1 634c 8968 1 1 ae03 ffff 0 1
3 0 0 1 3 0c21 b006 1 1 b00a ffff 0 1
3 0 0 1 0 d91d d303 1 1 bc27 ffff 0 1
3 0 1 1 2 a36d 0000 1 1 bc27 ffff 0 1
3 0 0 1 0 97d5 53e4 1 1 ac20 ffff 0 1
3 0 0 1 3 d6b4 0000 1 1 ebb9 ffff 0 1
3 0 0 1 2 e590 26a6 1 1 d6b4 ffff 0 1
3 0 0 1 2 629e 6606 1 1 2480 ffff 0 1
3 0 0 1 3 b1fa 5df7 1 1 6206 ffff 0 1
3 0 0 0 1 7c02 0000 1 1 ec0d ffff 0 1
3 0 1 1 1 af9e 0000 1 1 ec0d ffff 0 1
3 0 0 1 2 196f 9f30 0 1 0000 0000 0 0
3 0 0 1 3 6bbb 4177 1 1 1920 ffff 0 1
3 0 0 1 2 1657 0000 1 1 2acc ffff 0 1
3 0 0 0 2 3560 0000 1 1 0000 ffff 1 1
3 0 0 1 0 f529 0000 0 1 0000 0000 0 0
3 0 0 1 3 06eb 2b3e 1 1 f529 ffff 0 1
3 0 0 1 0 85ee 0000 1 1 2dd5 ffff 0 1
3 0 0 1 1 0c20 0000 1 1 85ee ffff 0 1
3 0 0 1 2 be9b 0000 1 1 0c20 ffff 0 1
3 0 0 1 1 94db 6ec2 1 1 0000 ffff 1 1
3 0 0 1 2 d639 0000 1 1 2619 ffff 0 1
3 0 0 1 0 5ad2 0000 1 1 0000 ffff 1 1
3 0 0 1 0 90e2 c931 1 1 5ad2 ffff 0 1
3 0 0 1 1 9832 2d11 1 1 5a13 ffff 0 1
3 0 0 1 2 de40 0000 1 1 6b21 ffff 0 1
3 0 0 1 2 e855 7e35 1 1 0000 ffff 1 1
3 0 0 1 1 bac3 8679 1 1 6815 ffff 0 1
3 0 0 0 2 b1df cc0f 1 1 344a ffff 0 1
3 0 1 1 2 4548 47f9 1 1 344a ffff 0 1
3 0 1 1 3 4e04 0000 1 1 344a ffff 0 1
3 0 0 1 1 2f61 977b 0 1 0000 0000 0 0
3 0 0 1 3 df67 0000 1 1 97e6 ffff 0 1
3 0 0 1 3 374e 7b0f 1 1 df67 ffff 0 1
3 0 0 1 1 b202 4ec9 1 1 4c41 ffff 0 1
3 0 0 0 1 0d31 465f 1 1 6339 ffff 0 1
3 0 0 1 0 bc91 0000 0 1 0000 0000 0 0
3 0 0 1 0 6898 0b38 1 1 bc91 ffff 0 1
3 0 0 1 1 3821 0000 1 1 73d0 ffff 0 1
3 0 0 0 2 9c7c 0000 1 1 3821 ffff 0 1
3 0 0 1 3 c7b1 5f46 0 1 0000 0000 0 0
3 0 0 1 2 2e9d 69da 1 1 98f7 ffff 0 1
3 0 0 1 3 dd37 1b7b 1 1 2898 ffff 0 1
3 0 0 1 3 78ad e1fd 1 1 c64c ffff 0 1
3 0 1 1 2 0ab2 0000 1 1 c64c ffff 0 1
3 0 0 1 0 422a f08f 1 1 9950 ffff 0 1
3 0 0 1 1 d13b 0000 1 1 32b9 ffff 0 1
3 0 0 1 2 4ba7 0000 1 1 d13b ffff 0 1
3 0 0 1 0 6c7c 0000 1 1 0000 ffff 1 1
3 0 0 1 2 e708 0000 1 1 6c7c ffff 0 1
3 0 1 1 1 0585 0000 1 1 6c7c ffff 0 1
3 0 0 0 1 0b76 0000 1 1 0000 ffff 1 1
3 0 1 1 3 dfa6 0000 1 1 0000 ffff 1 1
3 0 0 1 0 be4e 0000 0 1 0000 0000 0 0
3 0 0 1 1 e853 0000 1 1 be4e ffff 0 1
3 0 0 0 1 883b f44d 1 1 e853 ffff 0 1
3 0 0 1 0 fd93 0000 0 1 0000 0000 0 0
3 0 0 1 1 f502 c76b 1 1 fd93 ffff 0 1
3 0 1 1 2 02b2 a24a 1 1 fd93 ffff 0 1
3 0 0 1 0 3f84 0000 1 1 2d97 ffff 0 1
3 0 1 1 2 4a7f 0000 1 1 2d97 ffff 0 1
3 0 0 0 3 276e f7a5 1 1 3f84 ffff 0 1
3 0 0 1 1 3df9 8e6d 0 1 0000 0000 0 0
3 0 0 1 2 49bc 21c9 1 1 af8c ffff 0 1
3 0 0 1 2 2e04 caee 1 1 0188 ffff 0 1
3 0 0 1 2 9379 0000 1 1 0a04 ffff 0 1
3 0 0 1 3 89c4 f081 1 1 0000 ffff 1 1
3 0 0 1 3 6cf8 0000 1 1 7945 ffff 0 1
3 0 0 1 3 fd56 1f7f 1 1 6cf8 ffff 0 1
3 0 0 1 2 cddc 0000 1 1 e229 ffff 0 1
3 0 0 1 0 e411 0000 1 1 0000 ffff 1 1
3 0 0 1 2 33a7 b2c7 1 1 e411 ffff 0 1
3 0 0 1 1 f059 0000 1 1 3287 ffff 0 1
3 0 0 1 2 82fd 688a 1 1 f059 ffff 0 1
3 0 0 0 1 9ddd 0000 1 1 0088 ffff 0 1
3 0 0 1 3 3ea4 d08b 0 1 0000 0000 0 0
3 0 0 1 1 4460 0000 1 1 ee2f ffff 0 1
3 0 0 1 1 e1bd 0000 1 1 4460 ffff 0 1
3 0 0 1 1 683c 0000 1 1 e1bd ffff 0 1
3 0 0 1 0 0f5d 4284 1 1 683c ffff 0 1
3 0 0 1 1 86e9 8fe4 1 1 51e1 ffff 0 1
3 0 1 1 3 bf7d 0000 1 1 51e1 ffff 0 1
3 0 0 1 2 3064 a0ae 1 1 f705 ffff 0 1
3 0 0 0 1 8899 0000 1 1 2024 ffff 0 1
3 0 1 1 3 7512 6f4c 1 1 2024 ffff 0 1
3 0 0 0 3 6bf0 77ae 0 1 0000 0000 0 0
3 0 0 0 0 464c 0000 0 1 0000 0000 0 0
3 0 0 1 1 de9c b22c 0 1 0000 0000 0 0
3 0 0 1 3 99f9 0000 1 1 2c70 ffff 0 1
3 0 0 1 2 235a aa79 1 1 99f9 ffff 0 1
3 0 0 1 3 d558 45f6 1 1 2258 ffff 0 1
3 0 0 0 3 609e 4380 1 1 90ae ffff 0 1
3 1 0 1 0 7c67 0000 0 1 0000 0000 0 0
3 0 0 1 3 40e7 5d6c 0 1 0000 0000 0 0
3 0 0 1 0 348a f55b 1 1 1d8b ffff 0 1
3 0 1 1 2 5100 0000 1 1 1d8b ffff 0 1
3 0 0 1 1 b1b9 e755 1 1 29e5 ffff 0 1
3 0 0 1 1 0dce 3b85 1 1 ca64 ffff 0 1
3 0 0 0 0 5485 0000 1 1 d249 ffff 0 1
3 0 0 1 2 f054 0000 0 1 0000 0000 0 0
3 0 0 1 1 5c2c 0000 1 1 0000 ffff 1 1
3 0 0 1 3 20a0 56f2 1 1 5c2c ffff 0 1
3 0 0 1 0 1895 0000 1 1 7652 ffff 0 1
3 0 0 0 0 c443 0000 1 1 1895 ffff 0 1
3 0 0 1 0 b5d5 0000 0 1 0000 0000 0 0
3 0 0 1 2 79bb eadd 1 1 b5d5 ffff 0 1
3 0 0 1 1 1424 8853 1 1 6899 ffff 0 1
3 0 0 1 3 5df4 0000 1 1 8bd1 ffff 0 1
3 0 0 1 1 dd20 0000 1 1 5df4 ffff 0 1
3 0 0 1 2 f06e 0000 1 1 dd20 ffff 0 1
3 0 0 1 0 28c5 5087 1 1 0000 ffff 1 1
3 0 0 0 1 2b58 0000 1 1 794c ffff 0 1
3 0 0 1 1 5a9b ad00 0 1 0000 0000 0 0
3 0 0 1 2 4ee2 94c2 1 1 ad9b ffff 0 1
3 0 1 1 1 2131 0000 1 1 ad9b ffff 0 1
3 0 0 1 2 9e61 0000 1 1 04c2 ffff 0 1
3 0 1 1 1 534f fbbd 1 1 04c2 ffff 0 1
3 0 0 1 1 bc26 0000 1 1 0000 ffff 1 1
3 0 0 0 1 42e7 111c 1 1 bc26 ffff 0 1
3 0 0 1 2 5123 c0e0 0 1 0000 0000 0 0
3 0 0 1 2 45e7 0000 1 1 4020 ffff 0 1
3 0 1 0 1 24f1 0000 1 1 4020 ffff 0 1
3 0 0 1 1 b5a5 27ba 1 1 0000 ffff 1 1
3 0 0 1 1 b44e 3792 1 1 8deb ffff 0 1
3 0 0 1 2 b239 f840 1 1 7cbc ffff 0 1
3 0 0 1 2 47e6 0000 1 1 b000 ffff 0 1
3 0 0 1 3 dcfa d44a 1 1 0000 ffff 1 1
3 0 0 1 0 527c 4b35 1 1 08b0 ffff 0 1
3 0 0 1 2 504d d848 1 1 9db1 ffff 0 1
3 0 0 1 2 c9f3 b188 1 1 5048 ffff 0 1
3 0 0 0 1 5b50 0000 1 1 8180 ffff 0 1
3 0 1 1 2 5fd8 7ce7 1 1 8180 ffff 0 1
3 0 0 1 0 5304 0000 0 1 0000 0000 0 0
3 0 1 1 2 1d77 4884 0 1 0000 0000 0 0
3 1 0 1 3 4737 9b2c 0 1 0000 0000 0 0
3 0 1 0 0 4001 0909 0 1 0000 0000 0 0
3 0 0 1 0 1a7c 0000 0 1 0000 0000 0 0
3 0 0 1 3 1c49 0000 1 1 1a7c ffff 0 1
3 0 0 1 2 aa3a 0000 1 1 1c49 ffff 0 1
3 0 0 0 3 a4b7 0000 1 1 0000 ffff 1 1
3 0 0 1 1 651d 0000 0 1 0000 0000 0 0
3 0 1 1 3 399c 0000 0 1 0000 0000 0 0
3 0 1 1 2 e00f 27f8 0 1 0000 0000 0 0
3 0 0 0 0 f1fe 0000 1 1 651d ffff 0 1
3 0 0 1 2 5d71 0f03 0 1 0000 0000 0 0
3 0 0 1 1 e691 1e31 1 1 0d01 ffff 0 1
3 0 0 1 3 3c01 3955 1 1 c860 ffff 0 1
3 0 0 1 2 5d5a 0000 1 1 0554 ffff 0 1
3 0 0 1 1 d296 238f 1 1 0000 ffff 1 1
3 0 1 1 0 0c3f 5133 1 1 0000 ffff 1 1
3 0 0 1 3 f95b 8b62 1 1 af07 ffff 0 1
3 0 1 0 1 9123 0000 1 1 af07 ffff 0 1
3 0 0 1 0 7be1 23be 1 1 7239 ffff 0 1
3 0 0 0 3 a040 cac5 1 1 9f9f ffff 0 1
3 0 0 1 3 2cb7 80f2 0 1 0000 0000 0 0
3 0 0 1 2 3832 0000 1 1 ac45 ffff 0 1
3 0 0 1 0 d50d 0000 1 1 0000 ffff 1 1
3 0 0 1 1 79c6 0000 1 1 d50d ffff 0 1
3 0 1 1 1 ac03 0000 1 1 d50d ffff 0 1
3 0 1 1 1 747e 0000 1 1 d50d ffff 0 1
3 0 0 1 1 22c4 171b 1 1 79c6 ffff 0 1
3 0 0 0 1 a569 ffc9 1 1 0ba9 ffff 0 1
3 0 0 1 3 0d1f 0000 0 1 0000 0000 0 0
3 0 0 1 1 0429 0000 1 1 0d1f ffff 0 1
3 0 0 1 3 cc13 ca93 1 1 0429 ffff 0 1
3 0 0 0 1 4725 ec3c 1 1 0680 ffff 0 1
3 0 0 0 3 9c5b 0c04 0 1 0000 0000 0 0
3 0 1 1 3 1772 100a 0 1 0000 0000 0 0
3 0 0 1 1 9f82 1c6b 0 1 0000 0000 0 0
3 0 0 1 1 d8f0 fbf3 1 1 8317 ffff 0 1
3 0 1 1 3 ac1f 5c11 1 1 8317 ffff 0 1
3 0 1 1 0 0bb9 8854 1 1 8317 ffff 0 1
3 0 0 1 0 82a3 8010 1 1 dcfd ffff 0 1
3 0 0 1 3 71b4 0000 1 1 02b3 ffff 0 1
3 0 0 1 0 e15e 6bbf 1 1 71b4 ffff 0 1
3 0 0 1 1 c6c8 d72c 1 1 4d1d ffff 0 1
3 0 1 1 3 2e6f 0000 1 1 4d1d ffff 0 1
3 0 0 0 0 e1e9 0000 1 1 ef9c ffff 0 1
3 0 1 1 2 9b5e 7402 1 1 ef9c ffff 0 1
3 0 0 1 3 ed1b 81b0 0 1 0000 0000 0 0
3 0 0 1 2 99ff eef1 1 1 6cab ffff 0 1
3 0 0 1 1 3d0b 0000 1 1 88f1 ffff 0 1
3 0 0 1 3 f870 0000 1 1 3d0b ffff 0 1
3 0 1 0 2 ef72 8869 1 1 3d0b ffff 0 1
3 0 0 1 1 becf ba41 1 1 f870 ffff 0 1
3 0 0 1 2 a066 06b8 1 1 048e ffff 0 1
3 0 0 1 0 6a9c 0000 1 1 0020 ffff 0 1
3 0 0 1 3 d205 0000 1 1 6a9c ffff 0 1
3 0 1 1 1 fb9d 5abb 1 1 6a9c ffff 0 1
3 0 1 0 2 5d49 0000 1 1 6a9c ffff 0 1
3 0 0 1 3 8c5b 0000 1 1 d205 ffff 0 1
3 0 1 1 1 a3e8 0000 1 1 d205 ffff 0 1
3 0 0 1 0 e214 0000 1 1 8c5b ffff 0 1
3 0 0 1 2 041e 0000 1 1 e214 ffff 0 1
3 0 0 1 3 9a9f 1e00 1 1 0000 ffff 1 1
3 0 0 0 0 72f2 12f6 1 1 849f ffff 0 1
3 0 0 0 3 f6bb 0000 0 1 0000 0000 0 0
3 0 1 1 0 f83a 0000 0 1 0000 0000 0 0
3 0 1 1 0 e8fb 0bb9 0 1 0000 0000 0 0
3 0 0 1 2 1b08 0000 0 1 0000 0000 0 0
3 0 1 1 0 5208 cf73 0 1 0000 0000 0 0
3 0 0 0 2 b32a 0000 1 1 0000 ffff 1 1
3 0 0 1 1 f905 0000 0 1 0000 0000 0 0
3 0 1 1 3 ff06 0000 0 1 0000 0000 0 0
3 0 1 1 3 bfb0 0000 0 1 0000 0000 0 0
3 0 0 0 0 2cc1 0000 1 1 f905 ffff 0 1
3 0 1 1 1 897d 5bea 1 1 f905 ffff 0 1
3 0 0 0 3 b101 d7d3 0 1 0000 0000 0 0
3 0 0 1 0 00c7 0000 0 1 0000 0000 0 0
3 0 0 0 1 9a59 2ff1 1 1 00c7 ffff 0 1
3 0 0 1 1 5344 8a6e 0 1 0000 0000 0 0
3 0 0 1 1 2790 0000 1 1 c8d6 ffff 0 1
3 0 0 0 0 bc88 faa5 1 1 2790 ffff 0 1
3 0 0 0 3 d048 58c4 0 1 0000 0000 0 0
3 0 0 1 1 01bf 9f31 0 1 0000 0000 0 0
3 0 0 1 2 27b7 0000 1 1 628e ffff 0 1
3 0 0 1 1 81b6 93c2 1 1 0000 ffff 1 1
3 0 0 1 0 1141 0000 1 1 edf4 ffff 0 1
3 0 0 1 2 5d83 1a59 1 1 1141 ffff 0 1
3 0 1 1 0 d090 6119 1 1 1141 ffff 0 1
3 0 0 0 0 b0bc 0000 1 1 1801 ffff 0 1
3 0 0 1 2 0a70 0000 0 1 0000 0000 0 0
3 0 0 1 1 85e6 0000 1 1 0000 ffff 1 1
3 0 0 0 0 5a7f 7ef3 1 1 85e6 ffff 0 1
3 0 0 1 3 6331 0000 0 1 0000 0000 0 0
3 0 0 1 1 9a78 0000 1 1 6331 ffff 0 1
3 0 0 1 3 5f8b 49ce 1 1 9a78 ffff 0 1
3 0 0 1 3 95bf 0000 1 1 1645 ffff 0 1
3 0 0 1 3 f949 ca0a 1 1 95bf ffff 0 1
3 0 0 1 2 76d2 0227 1 1 3343 ffff 0 1
3 0 0 1 3 c228 a59f 1 1 0202 ffff 0 1
3 0 0 1 1 2541 0000 1 1 67b7 ffff 0 1
3 0 0 1 0 ed95 0000 1 1 2541 ffff 0 1
3 0 0 1 0 1e00 0000 1 1 ed95 ffff 0 1
3 0 0 1 3 f8b7 7c07 1 1 1e00 ffff 0 1
3 0 1 1 1 7116 0000 1 1 1e00 ffff 0 1
3 0 0 1 3 bc6b 0000 1 1 84b0 ffff 0 1
3 0 1 1 0 78b4 7117 1 1 84b0 ffff 0 1
3 0 1 1 0 999d 0a46 1 1 84b0 ffff 0 1
3 0 0 1 2 cf1b 0000 1 1 bc6b ffff 0 1
3 0 0 1 3 9fd9 ba69 1 1 0000 ffff 1 1
3 0 0 1 1 15a4 0000 1 1 25b0 ffff 0 1
3 0 0 1 3 088a 0000 1 1 15a4 ffff 0 1
3 0 0 1 3 9464 fb2f 1 1 088a ffff 0 1
3 0 0 1 3 b919 0000 1 1 6f4b ffff 0 1
3 0 0 1 3 f298 e18d 1 1 b919 ffff 0 1
3 0 0 1 1 c76d 0000 1 1 1315 ffff 0 1
3 0 1 1 0 5421 0000 1 1 1315 ffff 0 1
3 0 1 1 3 d378 35da 1 1 1315 ffff 0 1
3 0 0 1 1 a174 9924 1 1 c76d ffff 0 1
3 0 0 1 1 8bf1 d606 1 1 0850 ffff 0 1
3 0 0 1 3 de23 0000 1 1 b5eb ffff 0 1
3 0 0 1 2 e5ae 0000 1 1 de23 ffff 0 1
3 0 1 1 2 033d 0000 1 1 de23 ffff 0 1
3 0 0 1 3 e733 5976 1 1 0000 ffff 1 1
3 0 0 0 0 7fb5 a518 1 1 be45 ffff 0 1
3 0 0 0 1 99b4 0000 0 1 0000 0000 0 0
3 0 0 1 1 5f86 027d 0 1 0000 0000 0 0
3 0 1 1 0 3f55 8f85 0 1 0000 0000 0 0
3 0 0 1 3 7ce1 208f 1 1 5d09 ffff 0 1
3 0 0 1 0 0aba e068 1 1 5c6e ffff 0 1
3 0 0 0 3 9ee4 7fa3 1 1 eb22 ffff 0 1
3 0 0 1 1 321d 0000 0 1 0000 0000 0 0
3 0 1 1 1 8de5 0000 0 1 0000 0000 0 0
3 0 0 1 2 8e94 b08d 1 1 321d ffff 0 1
3 0 0 1 0 6b06 0000 1 1 8084 ffff 0 1
3 0 0 0 0 287a 0000 1 1 6b06 ffff 0 1
3 0 1 1 2 e434 0000 1 1 6b06 ffff 0 1
3 0 0 1 2 bd92 0000 0 1 0000 0000 0 0
3 0 0 1 3 2b4c f885 1 1 0000 ffff 1 1
3 0 0 1 0 3df9 0000 1 1 d3c9 ffff 0 1
3 0 0 1 0 6488 219b 1 1 3df9 ffff 0 1
3 0 1 0 2 8cf5 0000 1 1 3df9 ffff 0 1
3 0 0 1 1 2665 aef6 1 1 8623 ffff 0 1
3 0 1 0 2 aeb8 c65c 1 1 8623 ffff 0 1
3 0 0 1 2 03e2 0fdc 1 1 776f ffff 0 1
3 0 0 0 0 c974 c74a 1 1 03c0 ffff 0 1
3 0 0 1 1 040b ed9a 0 1 0000 0000 0 0
3 0 0 1 3 85fc 1c7d 1 1 1671 ffff 0 1
3 0 1 1 0 c5e5 f707 1 1 1671 ffff 0 1
3 0 0 1 0 f821 d829 1 1 9981 ffff 0 1
3 0 0 1 0 01fc 0000 1 1 d04a ffff 0 1
3 0 0 1 3 f850 1208 1 1 01fc ffff 0 1
3 0 1 1 2 50a9 0000 1 1 01fc ffff 0 1
3 0 0 0 2 692b 0000 1 1 ea58 ffff 0 1
3 0 0 1 3 1400 591e 0 1 0000 0000 0 0
3 0 0 1 2 c172 5f21 1 1 4d1e ffff 0 1
3 0 0 0 3 8e7a 0000 1 1 4120 ffff 0 1
3 0 1 0 3 16a9 0000 1 1 4120 ffff 0 1
3 0 1 1 1 b537 5452 1 1 4120 ffff 0 1
3 0 0 1 2 a43a 355e 0 1 0000 0000 0 0
3 0 0 1 2 ed4e 76e6 1 1 241a ffff 0 1
3 0 0 1 1 ac03 a6ba 1 1 6446 ffff 0 1
3 0 0 1 0 60c4 0000 1 1 0549 ffff 0 1
3 0 0 1 0 bb7d 0000 1 1 60c4 ffff 0 1
3 0 0 1 0 dd60 0000 1 1 bb7d ffff 0 1
3 0 1 1 3 1970 b1b1 1 1 bb7d ffff 0 1
3 0 1 0 1 8e72 1987 1 1 bb7d ffff 0 1
3 0 0 1 0 ee8f 0000 1 1 dd60 ffff 0 1
3 0 0 1 1 066e 05c5 1 1 ee8f ffff 0 1
3 0 0 0 0 d8b1 0000 1 1 00a9 ffff 0 1
3 0 0 1 0 339b e841 0 1 0000 0000 0 0
3 0 1 1 2 c20e 0000 0 1 0000 0000 0 0
3 0 0 1 1 65b8 0000 1 1 1bdc ffff 0 1
3 0 0 1 0 919c 0000 1 1 65b8 ffff 0 1
3 0 0 1 2 cb70 0000 1 1 919c ffff 0 1
3 0 0 1 1 5ece 6f88 1 1 0000 ffff 1 1
3 0 1 1 1 b823 0000 1 1 0000 ffff 1 1
3 0 0 0 0 7ff7 0000 1 1 ef46 ffff 0 1
3 0 0 0 2 491a d0f6 0 1 0000 0000 0 0
3 0 0 0 3 c6b6 123f 0 1 0000 0000 0 0
3 0 0 1 1 cab1 0000 0 1 0000 0000 0 0
3 0 0 0 3 3f03 9f47 1 1 cab1 ffff 0 1
3 0 0 0 2 4556 0000 0 1 0000 0000 0 0
3 0 0 0 0 c80f 17e5 0 1 0000 0000 0 0
3 0 0 1 2 31c0 e2ed 0 1 0000 0000 0 0
3 0 0 1 2 d7b0 04a3 1 1 20c0 ffff 0 1
3 0 1 1 0 b1fb 0000 1 1 20c0 ffff 0 1
3 0 0 1 0 3d12 046d 1 1 04a0 ffff 0 1
3 0 0 1 1 1c04 abb9 1 1 417f ffff 0 1
3 0 1 1 3 ff27 e036 1 1 417f ffff 0 1
3 0 0 1 0 3f13 ddd7 1 1 704b ffff 0 1
3 0 0 1 3 0124 2d31 1 1 1cea ffff 0 1
3 0 0 1 0 9f9d da3b 1 1 2c15 ffff 0 1
3 0 0 1 2 a370 0000 1 1 79d8 ffff 0 1
3 0 0 1 2 a3f2 0000 1 1 0000 ffff 1 1
3 0 0 1 3 8a53 d991 1 1 0000 ffff 1 1
3 0 0 1 3 f665 0000 1 1 53c2 ffff 0 1
3 0 0 1 3 ffe4 151b 1 1 f665 ffff 0 1
3 0 0 0 2 62f0 0000 1 1 eaff ffff 0 1
3 0 0 1 0 6cf8 0000 0 1 0000 0000 0 0
3 0 0 1 0 a6bf 0000 1 1 6cf8 ffff 0 1
3 0 0 1 2 4034 0000 1 1 a6bf ffff 0 1
3 0 0 0 0 d54f 0000 1 1 0000 ffff 1 1
3 0 1 1 2 7dc2 0000 1 1 0000 ffff 1 1
3 0 0 1 1 11e7 0000 0 1 0000 0000 0 0
3 0 1 1 3 8b69 0000 0 1 0000 0000 0 0
3 0 0 1 1 fad2 9d32 1 1 11e7 ffff 0 1
3 0 0 0 2 16b4 cfdb 1 1 5da0 ffff 0 1
3 0 0 1 2 8431 38fb 0 1 0000 0000 0 0
3 0 0 1 2 ffaa 0000 1 1 0031 ffff 0 1
3 0 1 0 2 b266 cf00 1 1 0031 ffff 0 1
3 0 0 0 2 15ea 0000 1 1 0000 ffff 1 1
3 0 1 1 0 890d 6030 1 1 0000 ffff 1 1
3 0 0 1 3 4a10 86aa 0 1 0000 0000 0 0
3 0 0 1 1 6e47 0000 1 1 ccba ffff 0 1
3 0 0 0 3 5d16 0000 1 1 6e47 ffff 0 1
3 0 1 1 2 6330 fb09 1 1 6e47 ffff 0 1
3 0 0 1 0 92af 6f47 0 1 0000 0000 0 0
3 0 1 1 1 03c8 0000 0 1 0000 0000 0 0
3 0 0 1 2 b76c 95b5 1 1 01f6 ffff 0 1
3 0 0 1 3 18e6 6715 1 1 9524 ffff 0 1
3 0 0 1 0 3fdd 0a41 1 1 7ff3 ffff 0 1
3 0 1 0 2 12af 0000 1 1 7ff3 ffff 0 1
3 0 1 1 0 71a4 c2a6 1 1 7ff3 ffff 0 1
3 0 0 1 3 c2f2 0000 1 1 4a1e ffff 0 1
3 0 0 1 3 7494 0000 1 1 c2f2 ffff 0 1
3 0 0 1 1 d06a 0000 1 1 7494 ffff 0 1
3 0 1 1 1 0a36 0000 1 1 7494 ffff 0 1
3 0 1 1 0 3be3 0000 1 1 7494 ffff 0 1
3 0 0 1 1 ed6e 0000 1 1 d06a ffff 0 1
3 0 1 1 0 cbbc ed3f 1 1 d06a ffff 0 1
3 0 0 1 3 a10d 72f6 1 1 ed6e ffff 0 1
3 0 1 1 0 4ea4 0000 1 1 ed6e ffff 0 1
3 0 0 1 0 dd6d 0000 1 1 d3fb ffff 0 1
3 0 0 1 2 a751 3b28 1 1 dd6d ffff 0 1
3 0 1 1 2 7a49 0000 1 1 dd6d ffff 0 1
3 0 0 1 2 bab8 e46c 1 1 2300 ffff 0 1
3 0 0 1 1 96cd 0000 1 1 a028 ffff 0 1
3 0 0 1 2 314e aaba 1 1 96cd ffff 0 1
3 0 0 0 0 b35e 7084 1 1 200a ffff 0 1
3 0 0 1 2 41f6 3edf 0 1 0000 0000 0 0
3 0 0 1 0 2b93 0000 1 1 00d6 ffff 0 1
3 0 0 0 0 60e8 0000 1 1 2b93 ffff 0 1
3 0 0 1 2 6f85 eb92 0 1 0000 0000 0 0
3 0 0 1 2 f6b3 0000 1 1 6b80 ffff 0 1
3 0 0 1 0 ebaf fcf0 1 1 0000 ffff 1 1
3 0 1 1 1 f6a8 1a9a 1 1 0000 ffff 1 1
3 0 0 1 1 fb57 29e1 1 1 e89f ffff 0 1
3 0 0 1 0 fc93 0000 1 1 d176 ffff 0 1
3 0 1 1 2 bb8f dffc 1 1 d176 ffff 0 1
3 0 0 0 3 d201 2e51 1 1 fc93 ffff 0 1
3 0 0 1 1 6a20 ce5b 0 1 0000 0000 0 0
3 0 1 0 1 96bf 0000 0 1 0000 0000 0 0
3 0 1 1 1 40f9 ec16 0 1 0000 0000 0 0
3 0 0 1 3 f911 0000 1 1 9bc5 ffff 0 1
3 0 0 1 3 e801 5280 1 1 f911 ffff 0 1
3 0 1 1 1 e504 8109 1 1 f911 ffff 0 1
3 0 1 1 1 ff9e 1583 1 1 f911 ffff 0 1
3 0 0 1 2 e5dc 077a 1 1 ba81 ffff 0 1
3 0 0 1 2 6f58 0000 1 1 0558 ffff 0 1
3 0 0 1 3 8db1 0000 1 1 0000 ffff 1 1
3 0 0 1 0 0e3a a384 1 1 8db1 ffff 0 1
3 0 0 1 1 4ac6 0000 1 1 b1be ffff 0 1
3 0 0 1 0 9a81 0000 1 1 4ac6 ffff 0 1
3 0 0 0 1 7275 e29b 1 1 9a81 ffff 0 1
3 0 0 1 0 96f1 0000 0 1 0000 0000 0 0
3 0 0 0 0 d143 5bd7 1 1 96f1 ffff 0 1
3 0 0 1 0 98dc 1b45 0 1 0000 0000 0 0
3 0 0 1 3 1a8c 0000 1 1 b421 ffff 0 1
3 0 0 1 3 3add 0000 1 1 1a8c ffff 0 1
3 0 0 1 3 d136 50b4 1 1 3add ffff 0 1
3 0 0 1 1 a02c 0000 1 1 8182 ffff 0 1
3 0 1 1 2 0465 0000 1 1 8182 ffff 0 1
3 0 0 1 0 9df6 0000 1 1 a02c ffff 0 1
3 0 0 1 0 6bd8 a6d2 1 1 9df6 ffff 0 1
3 0 1 1 0 61ed 0000 1 1 9df6 ffff 0 1
3 0 1 1 0 1a68 2b31 1 1 9df6 ffff 0 1
3 0 0 0 3 de39 14b9 1 1 12aa ffff 0 1
3 0 0 1 2 9e24 bb9b 0 1 0000 0000 0 0
3 0 0 0 3 88b5 0000 1 1 9a00 ffff 0 1
3 0 0 1 3 70a4 0000 0 1 0000 0000 0 0
3 0 0 0 1 5a55 0000 1 1 70a4 ffff 0 1
3 0 0 1 0 c8fc 0000 0 1 0000 0000 0 0
3 0 0 1 0 0e3f eebb 1 1 c8fc ffff 0 1
3 0 1 1 3 3a23 dcb3 1 1 c8fc ffff 0 1
3 0 0 1 1 875c 72a7 1 1 fcfa ffff 0 1
3 0 0 1 2 5603 63ab 1 1 14b5 ffff 0 1
3 0 1 1 2 3c1c 0448 1 1 14b5 ffff 0 1
3 0 0 1 2 03ae 0000 1 1 4203 ffff 0 1
3 0 1 1 3 fafc 0000 1 1 4203 ffff 0 1
3 0 0 1 1 a343 0000 1 1 0000 ffff 1 1
3 0 0 1 2 0293 0000 1 1 a343 ffff 0 1
3 0 0 1 0 6633 2eb3 1 1 0000 ffff 1 1
3 0 0 0 1 21fd 0000 1 1 94e6 ffff 0 1
3 0 1 0 3 b02b c675 1 1 94e6 ffff 0 1
3 0 0 1 3 1269 e2c7 0 1 0000 0000 0 0
3 0 0 1 1 7422 36d6 1 1 f0ae ffff 0 1
3 0 0 1 0 072d 4c92 1 1 3d4c ffff 0 1
3 0 0 1 2 bd43 0000 1 1 53bf ffff 0 1
3 0 0 1 2 7e2c 7cf2 1 1 0000 ffff 1 1
3 0 0 0 3 7b82 c2c7 1 1 7c20 ffff 0 1
3 0 1 1 1 6721 0000 1 1 7c20 ffff 0 1
3 0 0 1 2 e0e1 0000 0 1 0000 0000 0 0
3 0 0 1 0 69e5 0000 1 1 0000 ffff 1 1
3 0 0 1 0 290f 0000 1 1 69e5 ffff 0 1
3 0 1 0 2 a64c 0000 1 1 69e5 ffff 0 1
3 0 0 1 1 f2d0 0000 1 1 290f ffff 0 1
3 0 1 0 0 306a 0000 1 1 290f ffff 0 1
3 0 0 1 1 6655 0000 1 1 f2d0 ffff 0 1
3 0 0 1 2 2ff7 0000 1 1 6655 ffff 0 1
3 0 0 1 1 ff1e 7d59 1 1 0000 ffff 1 1
3 0 0 1 2 2809 acce 1 1 81c5 ffff 0 1
3 0 0 0 1 23e9 d642 1 1 2808 ffff 0 1
3 0 1 1 2 5d2d 0438 1 1 2808 ffff 0 1
3 0 0 1 3 1953 0000 0 1 0000 0000 0 0
3 0 1 1 1 0520 7d9f 0 1 0000 0000 0 0
3 0 0 1 2 f0c4 0000 1 1 1953 ffff 0 1
3 0 0 0 2 4d2a c886 1 1 0000 ffff 1 1
3 0 0 1 0 3a14 7789 0 1 0000 0000 0 0
3 0 0 1 3 5134 3ffb 1 1 b19d ffff 0 1
3 0 0 1 3 849b 0000 1 1 6ecf ffff 0 1
3 0 0 1 2 2ccf 2d5f 1 1 849b ffff 0 1
3 0 0 1 3 4c3e 5c4e 1 1 2c4f ffff 0 1
3 0 1 1 1 aba3 0000 1 1 2c4f ffff 0 1
3 0 0 1 1 7740 65c3 1 1 1070 ffff 0 1
3 0 0 1 3 9c0d 5d57 1 1 117d ffff 0 1
3 0 0 1 0 fb17 0000 1 1 c15a ffff 0 1
3 0 0 1 0 3f86 0000 1 1 fb17 ffff 0 1
3 0 0 1 3 adfb 39f6 1 1 3f86 ffff 0 1
3 0 0 0 3 f6b2 a83a 1 1 940d ffff 0 1
3 0 0 1 2 0071 3cf5 0 1 0000 0000 0 0
3 0 0 1 1 526b 0000 1 1 0071 ffff 0 1
3 0 0 0 2 0f54 cfef 1 1 526b ffff 0 1
3 0 0 1 0 9ef3 0000 0 1 0000 0000 0 0
3 0 0 1 0 4d6b 94f1 1 1 9ef3 ffff 0 1
3 0 0 1 0 1aa8 d30e 1 1 e25c ffff 0 1
3 0 0 1 0 af7e 2a3e 1 1 edb6 ffff 0 1
3 0 0 1 1 4102 7850 1 1 d9bc ffff 0 1
3 0 0 1 3 3a50 0000 1 1 c8b2 ffff 0 1
3 0 0 1 0 8ce3 4511 1 1 3a50 ffff 0 1
3 0 0 1 3 53e7 0000 1 1 d1f4 ffff 0 1
3 0 0 1 0 e08f 0000 1 1 53e7 ffff 0 1
3 0 0 0 0 a36e 0000 1 1 e08f ffff 0 1
3 0 0 1 1 45dd 0000 0 1 0000 0000 0 0
3 0 0 1 3 feed 0000 1 1 45dd ffff 0 1
3 0 0 1 1 4071 0000 1 1 feed ffff 0 1
3 0 0 1 2 0392 0000 1 1 4071 ffff 0 1
3 0 0 1 0 b915 0000 1 1 0000 ffff 1 1
3 0 0 1 2 e0c9 0000 1 1 b915 ffff 0 1
3 0 0 1 3 6c21 0000 1 1 0000 ffff 1 1
3 0 0 1 3 1f31 b157 1 1 6c21 ffff 0 1
3 0 0 1 2 09f0 7273 1 1 ae66 ffff 0 1
3 0 0 1 2 fd55 5c7a 1 1 0070 ffff 0 1
3 0 0 1 0 67dc 0000 1 1 5c50 ffff 0 1
3 0 0 0 0 3c7f fc9c 1 1 67dc ffff 0 1
3 0 0 1 0 a03b 0000 0 1 0000 0000 0 0
3 0 0 1 2 9715 0000 1 1 a03b ffff 0 1
3 0 0 1 1 ce30 61be 1 1 0000 ffff 1 1
3 0 0 1 2 3101 0000 1 1 6c72 ffff 0 1
3 0 0 1 2 2981 2d76 1 1 0000 ffff 1 1
3 0 0 1 2 2b8d 0000 1 1 2900 ffff 0 1
3 0 1 1 0 cae5 28a2 1 1 2900 ffff 0 1
3 0 0 1 2 9b22 add5 1 1 0000 ffff 1 1
3 0 0 1 3 2ede 666b 1 1 8900 ffff 0 1
3 0 0 1 0 4f0b 0000 1 1 48b5 ffff 0 1
3 0 0 1 0 db88 0000 1 1 4f0b ffff 0 1
3 0 0 1 3 4249 a9fc 1 1 db88 ffff 0 1
3 0 0 1 2 c65f 0000 1 1 ebb5 ffff 0 1
3 0 0 1 1 bced 3606 1 1 0000 ffff 1 1
3 0 1 0 1 3266 5908 1 1 0000 ffff 1 1
3 0 0 1 0 da30 0000 1 1 86e7 ffff 0 1
3 0 1 1 0 13b4 7a9d 1 1 86e7 ffff 0 1
3 0 0 0 2 684d 0000 1 1 da30 ffff 0 1
3 0 0 0 2 764b 84b1 0 1 0000 0000 0 0
3 0 0 1 3 d435 cde0 0 1 0000 0000 0 0
3 0 0 0 0 3c4b 9c59 1 1 19d5 ffff 0 1
3 0 0 0 1 e892 0bf8 0 1 0000 0000 0 0
3 0 1 1 3 a68e b8e0 0 1 0000 0000 0 0
3 0 0 0 3 093f 0000 0 1 0000 0000 0 0
3 0 0 1 3 b3d1 0000 0 1 0000 0000 0 0
3 0 0 1 3 e7a7 0000 1 1 b3d1 ffff 0 1
3 0 0 1 1 257e 896b 1 1 e7a7 ffff 0 1
3 0 0 1 3 442b 0000 1 1 9c13 ffff 0 1
3 0 0 1 0 353c 0000 1 1 442b ffff 0 1
3 0 0 0 0 e8e6 0000 1 1 353c ffff 0 1
3 0 0 1 2 a0e0 0000 0 1 0000 0000 0 0
3 0 0 1 3 629f 7a12 1 1 0000 ffff 1 1
3 0 0 1 3 4d74 0000 1 1 188d ffff 0 1
3 0 0 0 3 86c3 0000 1 1 4d74 ffff 0 1
3 0 0 0 2 b45a 0000 0 1 0000 0000 0 0
3 0 0 1 3 8ffd b735 0 1 0000 0000 0 0
3 0 0 1 3 b8d1 4b11 1 1 38c8 ffff 0 1
3 0 1 1 3 2f4d 7bd4 1 1 38c8 ffff 0 1
3 0 0 1 2 5ef8 0000 1 1 f3c0 ffff 0 1
3 0 1 0 2 93e5 0508 1 1 f3c0 ffff 0 1
3 0 0 1 3 dbd7 d412 1 1 0000 ffff 1 1
3 0 0 1 3 cfda 93ba 1 1 0fc5 ffff 0 1
3 0 0 1 2 9667 0000 1 1 5c60 ffff 0 1
3 0 1 1 2 dec4 cb0a 1 1 5c60 ffff 0 1
3 0 0 1 0 ec2f d273 1 1 0000 ffff 1 1
3 0 0 1 3 6e34 0000 1 1 bea2 ffff 0 1
3 0 0 1 3 928e 28e7 1 1 6e34 ffff 0 1
3 0 1 0 2 a856 f697 1 1 6e34 ffff 0 1
3 0 0 1 1 af24 5717 1 1 ba69 ffff 0 1
3 1 1 1 3 cd84 1341 0 1 0000 0000 0 0
3 0 1 0 3 ce65 7c33 0 1 0000 0000 0 0
3 0 0 0 2 124d 0000 0 1 0000 0000 0 0
3 0 0 1 3 76cc 5119 0 1 0000 0000 0 0
3 0 0 1 0 023f 0000 1 1 27d5 ffff 0 1
3 0 0 0 3 d611 0000 1 1 023f ffff 0 1
3 0 0 1 1 54d5 dd53 0 1 0000 0000 0 0
3 0 0 1 1 f7ed f559 1 1 7782 ffff 0 1
3 0 0 1 3 fde0 0e65 1 1 0294 ffff 0 1
3 0 0 1 2 9289 0000 1 1 f385 ffff 0 1
3 0 0 0 1 30c9 1812 1 1 0000 ffff 1 1
3 0 0 1 0 9d02 0000 0 1 0000 0000 0 0
3 0 1 1 2 c530 452f 0 1 0000 0000 0 0
3 0 0 0 3 5d5a c848 1 1 9d02 ffff 0 1
3 0 0 0 3 2012 2dee 0 1 0000 0000 0 0
3 0 0 1 2 0725 7e65 0 1 0000 0000 0 0
3 0 0 1 1 01f0 cda8 1 1 0625 ffff 0 1
3 0 0 0 1 a35c a6a0 1 1 3448 ffff 0 1
3 0 0 1 0 09c6 0000 0 1 0000 0000 0 0
3 0 0 0 2 bf47 0000 1 1 09c6 ffff 0 1
3 0 0 1 3 8f9c 9a6c 0 1 0000 0000 0 0
3 0 0 1 0 d6c0 2f50 1 1 15f0 ffff 0 1
3 0 0 1 3 6396 0000 1 1 0610 ffff 0 1
3 0 1 1 1 13c8 0000 1 1 0610 ffff 0 1
3 0 0 1 0 d3d9 0000 1 1 6396 ffff 0 1
3 0 0 1 1 9c10 0000 1 1 d3d9 ffff 0 1
3 0 0 0 0 e1a9 0000 1 1 9c10 ffff 0 1
3 0 0 0 3 a813 0000 0 1 0000 0000 0 0
3 0 0 1 0 5ecd 4d8a 0 1 0000 0000 0 0
3 0 0 1 1 b9bc 0000 1 1 ac57 ffff 0 1
3 0 0 1 0 5c64 0000 1 1 b9bc ffff 0 1
3 0 1 1 3 3788 0000 1 1 b9bc ffff 0 1
3 0 0 0 1 42c3 0000 1 1 5c64 ffff 0 1
3 0 0 1 3 2ade b011 0 1 0000 0000 0 0
3 0 0 1 2 ce77 dcd5 1 1 9acf ffff 0 1
3 0 0 1 2 1536 a472 1 1 cc55 ffff 0 1
3 0 0 0 3 3ecd ea90 1 1 0432 ffff 0 1
3 0 0 1 3 8a7a 406d 0 1 0000 0000 0 0
3 0 0 1 0 6708 0000 1 1 ca17 ffff 0 1
3 0 0 1 2 1cd0 6f26 1 1 6708 ffff 0 1
3 0 0 1 2 1061 0000 1 1 0c00 ffff 0 1
3 0 0 1 0 428a 3bfd 1 1 0000 ffff 1 1
3 0 0 1 2 1ce4 0000 1 1 7e87 ffff 0 1
3 0 0 1 0 248f 0000 1 1 0000 ffff 1 1
3 0 0 1 3 0d36 8660 1 1 248f ffff 0 1
3 0 0 0 2 c758 6c74 1 1 8b56 ffff 0 1
3 0 0 0 2 a18a 74c9 0 1 0000 0000 0 0
3 0 0 1 1 df66 0000 0 1 0000 0000 0 0
3 0 1 1 2 3d2b 3342 0 1 0000 0000 0 0
3 0 1 1 2 7981 d88a 0 1 0000 0000 0 0
3 0 0 1 0 20e8 0000 1 1 df66 ffff 0 1
3 0 0 0 2 0957 376b 1 1 20e8 ffff 0 1
3 0 1 1 2 0ab4 61f4 1 1 20e8 ffff 0 1
3 0 0 1 3 5e69 0000 0 1 0000 0000 0 0
3 0 0 1 3 3e42 0000 1 1 5e69 ffff 0 1
3 0 0 1 1 0712 c52c 1 1 3e42 ffff 0 1
3 0 0 0 3 fbd4 0000 1 1 41e6 ffff 0 1
3 0 0 1 1 2264 a7ae 0 1 0000 0000 0 0
3 0 0 1 2 614a 9844 1 1 7ab6 ffff 0 1
3 0 1 1 3 190e e894 1 1 7ab6 ffff 0 1
3 0 0 1 0 858b f5e8 1 1 0040 ffff 0 1
3 0 0 1 3 7c9d b6d6 1 1 7b73 ffff 0 1
3 0 0 1 1 4992 0000 1 1 ca4b ffff 0 1
3 0 0 1 3 872e 0000 1 1 4992 ffff 0 1
3 0 0 1 3 08d0 ab19 1 1 872e ffff 0 1
3 0 0 1 0 c1be d114 1 1 a3c9 ffff 0 1
3 0 0 1 0 5472 3217 1 1 92d2 ffff 0 1
3 0 0 1 3 7639 0000 1 1 8689 ffff 0 1
3 0 0 1 3 f2b6 63bb 1 1 7639 ffff 0 1
3 0 0 1 1 c6f1 0000 1 1 910d ffff 0 1
3 0 0 1 0 f0d2 3990 1 1 c6f1 ffff 0 1
3 0 1 1 1 6ca2 0000 1 1 c6f1 ffff 0 1
3 0 0 1 0 60ef 0000 1 1 2a62 ffff 0 1
3 0 0 1 0 db41 be6b 1 1 60ef ffff 0 1
3 0 0 1 3 b308 2c7c 1 1 99ac ffff 0 1
3 0 0 1 1 90aa 2901 1 1 9f74 ffff 0 1
3 0 0 1 0 a4be 0000 1 1 67a9 ffff 0 1
3 0 1 1 0 cf27 aa2c 1 1 67a9 ffff 0 1
3 0 0 1 1 ffc0 0000 1 1 a4be ffff 0 1
3 0 0 1 0 7c50 dd11 1 1 ffc0 ffff 0 1
3 0 0 1 0 35e4 c2a3 1 1 5961 ffff 0 1
3 0 0 0 2 6364 d951 1 1 f887 ffff 0 1
3 0 0 1 1 19c7 a247 0 1 0000 0000 0 0
3 0 0 1 1 9192 99c0 1 1 7780 ffff 0 1
3 0 0 1 0 0564 0000 1 1 f7d2 ffff 0 1
3 0 0 1 0 f008 97b6 1 1 0564 ffff 0 1
3 0 0 1 2 b53c 0000 1 1 87be ffff 0 1
3 0 0 1 2 6b7e 0000 1 1 0000 ffff 1 1
3 0 0 1 3 4a14 0000 1 1 0000 ffff 1 1
3 0 0 1 2 817a 0000 1 1 4a14 ffff 0 1
3 0 0 1 3 dda3 0000 1 1 0000 ffff 1 1
3 0 0 1 1 401d 0000 1 1 dda3 ffff 0 1
3 0 0 1 0 810c 7101 1 1 401d ffff 0 1
3 0 0 1 0 0303 0000 1 1 f20d ffff 0 1
3 0 0 1 0 7df0 0000 1 1 0303 ffff 0 1
3 0 0 1 2 fa9c 8053 1 1 7df0 ffff 0 1
3 0 0 1 1 93c1 d997 1 1 8010 ffff 0 1
3 0 0 1 0 8e43 374f 1 1 ba2a ffff 0 1
3 0 0 0 2 5860 0000 1 1 c592 ffff 0 1
3 0 0 1 2 fc64 6da8 0 1 0000 0000 0 0
3 0 0 0 0 161c 0000 1 1 6c20 ffff 0 1
3 0 1 0 1 cb28 0000 1 1 6c20 ffff 0 1
3 0 0 1 3 e54b 0000 0 1 0000 0000 0 0
3 0 0 1 3 8a12 06c8 1 1 e54b ffff 0 1
3 0 1 1 2 107c cbfe 1 1 e54b ffff 0 1
3 0 0 0 1 8bbf 0000 1 1 8cda ffff 0 1
3 0 0 1 3 83aa f1b4 0 1 0000 0000 0 0
3 0 1 1 3 d03a 0ac3 0 1 0000 0000 0 0
3 0 0 1 1 075a 0000 1 1 721e ffff 0 1
3 0 0 0 2 28b2 0000 1 1 075a ffff 0 1
3 0 0 1 0 b733 0000 0 1 0000 0000 0 0
3 0 0 1 2 b33f 0000 1 1 b733 ffff 0 1
3 0 0 1 2 24b2 0000 1 1 0000 ffff 1 1
3 0 0 0 2 3ed6 5d26 1 1 0000 ffff 1 1
3 0 0 1 2 d45a 0000 0 1 0000 0000 0 0
3 0 0 1 1 6022 25a7 1 1 0000 ffff 1 1
3 0 0 1 1 918f c3f9 1 1 3a7b ffff 0 1
3 0 1 0 0 38e9 9df0 1 1 3a7b ffff 0 1
3 0 0 1 0 07ae 9a69 1 1 cd96 ffff 0 1
3 0 0 1 0 28e7 0000 1 1 a217 ffff 0 1
3 0 0 1 3 1089 0000 1 1 28e7 ffff 0 1
3 0 0 1 0 2bba bc88 1 1 1089 ffff 0 1
3 0 0 1 0 91da 0000 1 1 e842 ffff 0 1
3 0 0 1 1 a2c2 c66e 1 1 91da ffff 0 1
3 0 0 1 3 3865 0000 1 1 dc54 ffff 0 1
3 0 0 0 0 fad0 0000 1 1 3865 ffff 0 1
3 0 0 1 2 b85f 0000 0 1 0000 0000 0 0
3 0 0 0 0 63d0 2485 1 1 0000 ffff 1 1
3 0 0 1 0 5953 a001 0 1 0000 0000 0 0
3 0 1 1 2 1c87 0000 0 1 0000 0000 0 0
3 0 0 1 0 9894 a93d 1 1 f954 ffff 0 1
3 0 1 1 0 a6ea 1721 1 1 f954 ffff 0 1
3 0 0 0 2 f0b6 f909 1 1 41d1 ffff 0 1
3 0 0 0 2 5103 0000 0 1 0000 0000 0 0
3 0 0 1 3 c95a f981 0 1 0000 0000 0 0
3 0 0 1 3 5101 0000 1 1 30db ffff 0 1
3 0 0 1 0 2463 5aac 1 1 5101 ffff 0 1
3 0 0 1 2 cf1c 0000 1 1 7f0f ffff 0 1
3 0 0 1 3 5246 0000 1 1 0000 ffff 1 1
3 0 0 0 3 cd81 0000 1 1 5246 ffff 0 1
3 0 0 1 1 bbe3 0000 0 1 0000 0000 0 0
3 0 0 1 2 4bec 0000 1 1 bbe3 ffff 0 1
3 0 0 1 1 da36 0000 1 1 0000 ffff 1 1
3 0 0 1 1 c98c 0000 1 1 da36 ffff 0 1
3 1 0 0 3 761f 0000 0 1 0000 0000 0 0
3 0 0 1 2 90e1 30f0 0 1 0000 0000 0 0
3 0 0 1 0 6f35 4931 1 1 10e0 ffff 0 1
3 0 0 1 2 5930 0000 1 1 b866 ffff 0 1
3 0 0 1 2 a661 0000 1 1 0000 ffff 1 1
3 0 0 0 0 1779 0000 1 1 0000 ffff 1 1
3 0 1 1 3 0f01 6d7c 1 1 0000 ffff 1 1
3 0 1 1 3 d8fb cdea 1 1 0000 ffff 1 1
3 0 1 1 2 13ad f4aa 1 1 0000 ffff 1 1
3 0 0 1 2 ee90 e7c7 0 1 0000 0000 0 0
3 0 0 1 2 8ae7 fffa 1 1 e680 ffff 0 1
3 0 0 1 0 668d eb59 1 1 8ae2 ffff 0 1
3 0 0 0 2 647b da51 1 1 51e6 ffff 0 1
3 0 0 1 1 b353 0000 0 1 0000 0000 0 0
3 0 0 1 0 9293 0000 1 1 b353 ffff 0 1
3 0 0 1 1 5b0e 0000 1 1 9293 ffff 0 1
3 0 0 1 2 44f5 1291 1 1 5b0e ffff 0 1
3 0 1 0 1 52c5 7d43 1 1 5b0e ffff 0 1
3 0 0 1 3 de7a 0aed 1 1 0091 ffff 0 1
3 0 0 1 2 1c2f 0000 1 1 d497 ffff 0 1
3 0 0 1 2 d148 0de0 1 1 0000 ffff 1 1
3 0 0 1 2 a8dc 0000 1 1 0140 ffff 0 1
3 0 0 0 1 728e 0ccc 1 1 0000 ffff 1 1
3 0 0 0 3 5699 0000 0 1 0000 0000 0 0
3 0 0 1 1 da10 1d2b 0 1 0000 0000 0 0
3 0 0 1 2 4053 0000 1 1 bce5 ffff 0 1
3 0 1 1 3 9514 0000 1 1 bce5 ffff 0 1
3 0 0 0 3 841a 2a8e 1 1 0000 ffff 1 1
3 0 1 0 0 cf47 0000 1 1 0000 ffff 1 1
3 0 0 0 0 97c8 7164 0 1 0000 0000 0 0
3 0 0 1 3 94c7 a452 0 1 0000 0000 0 0
3 0 0 1 2 1c17 c719 1 1 3095 ffff 0 1
3 0 0 1 2 8518 effe 1 1 0411 ffff 0 1
3 0 1 0 0 a51a 6ebe 1 1 0411 ffff 0 1
3 0 0 1 2 2108 0000 1 1 8518 ffff 0 1
3 0 0 1 1 2052 43b7 1 1 0000 ffff 1 1
3 0 0 0 0 c873 bb57 1 1 dc9b ffff 0 1
3 0 0 1 2 3202 97b3 0 1 0000 0000 0 0
3 0 1 1 0 8b16 99f5 0 1 0000 0000 0 0
3 0 0 1 2 0f45 c317 1 1 1202 ffff 0 1
3 0 0 1 1 d9b7 0000 1 1 0305 ffff 0 1
3 0 0 1 3 9ed0 123b 1 1 d9b7 ffff 0 1
3 0 0 1 3 2d33 0000 1 1 8ceb ffff 0 1
3 0 0 1 3 7569 0000 1 1 2d33 ffff 0 1
3 0 1 1 2 6d22 5678 1 1 2d33 ffff 0 1
3 0 0 1 3 5fb2 4ec4 1 1 7569 ffff 0 1
3 0 0 1 3 f44e 0000 1 1 1176 ffff 0 1
3 0 0 1 0 a8e3 a1e3 1 1 f44e ffff 0 1
3 0 0 1 0 55b1 0000 1 1 4ac6 ffff 0 1
3 0 0 1 0 1e05 1a1f 1 1 55b1 ffff 0 1
3 0 0 1 2 8d9e 0000 1 1 3824 ffff 0 1
3 0 0 1 3 4ae3 8b2e 1 1 0000 ffff 1 1
3 0 0 1 3 edfc 0000 1 1 c1cd ffff 0 1
3 0 0 1 0 56e6 07b6 1 1 edfc ffff 0 1
3 0 0 1 0 285e 0000 1 1 5e9c ffff 0 1
3 0 1 0 1 4218 ce96 1 1 5e9c ffff 0 1
3 0 0 0 0 a66b c17a 1 1 285e ffff 0 1
3 0 0 0 2 b71e 0000 0 1 0000 0000 0 0
3 0 0 1 0 0704 0000 0 1 0000 0000 0 0
3 0 0 1 0 c5dd 0d54 1 1 0704 ffff 0 1
3 0 0 1 1 8e47 b6a3 1 1 d331 ffff 0 1
3 0 0 1 1 c84e 0000 1 1 d7a4 ffff 0 1
3 0 1 1 2 8e08 0000 1 1 d7a4 ffff 0 1
3 0 1 1 2 33b2 0000 1 1 d7a4 ffff 0 1
3 0 0 0 0 c0e8 f77f 1 1 c84e ffff 0 1
3 0 0 0 0 5ec7 a2ed 0 1 0000 0000 0 0
3 0 1 1 1 da08 b67b 0 1 0000 0000 0 0
3 0 0 1 1 4fa0 0000 0 1 0000 0000 0 0
3 0 0 0 2 1c99 0000 1 1 4fa0 ffff 0 1
3 0 1 1 0 49c1 0000 1 1 4fa0 ffff 0 1
3 0 0 1 0 9f39 3e39 0 1 0000 0000 0 0
3 0 1 1 0 6e12 0000 0 1 0000 0000 0 0
3 0 0 1 1 fd59 0000 1 1 dd72 ffff 0 1
3 0 0 1 1 827e 931a 1 1 fd59 ffff 0 1
3 0 0 0 3 cb38 a947 1 1 ef64 ffff 0 1
3 0 0 0 1 4905 0000 0 1 0000 0000 0 0
3 0 1 1 0 5f3a 0000 0 1 0000 0000 0 0
3 0 0 1 0 4357 4bb9 0 1 0000 0000 0 0
3 0 0 1 1 1aed dbd8 1 1 8f10 ffff 0 1
3 0 1 1 2 d0f9 9f52 1 1 8f10 ffff 0 1
3 0 0 1 3 a6dc 0000 1 1 3f15 ffff 0 1
3 0 0 1 2 159e 0000 1 1 a6dc ffff 0 1
3 0 0 1 2 40df 7d18 1 1 0000 ffff 1 1
3 0 0 1 3 e4ca f88f 1 1 4018 ffff 0 1
3 0 0 1 1 f504 0000 1 1 1c45 ffff 0 1
3 0 0 1 2 d900 0000 1 1 f504 ffff 0 1
3 0 0 0 3 29a2 12e6 1 1 0000 ffff 1 1
3 0 0 1 3 eea6 0000 0 1 0000 0000 0 0
3 0 0 1 1 47f1 7bc4 1 1 eea6 ffff 0 1
3 0 0 1 1 ca3f 86a4 1 1 cc2d ffff 0 1
3 0 0 1 3 ce2c 0000 1 1 439b ffff 0 1
3 0 0 1 3 6c41 058d 1 1 ce2c ffff 0 1
3 0 1 1 2 1ee1 0000 1 1 ce2c ffff 0 1
3 0 0 1 0 eb58 0000 1 1 69cc ffff 0 1
3 0 0 1 3 b42b 539b 1 1 eb58 ffff 0 1
3 0 0 0 3 4130 e6e5 1 1 e7b0 ffff 0 1
3 0 0 1 1 8f6c 0000 0 1 0000 0000 0 0
3 0 0 0 3 6912 0000 1 1 8f6c ffff 0 1
3 0 0 1 1 9daf 0000 0 1 0000 0000 0 0
3 0 1 1 2 2217 0000 0 1 0000 0000 0 0
3 0 0 1 0 538e 0000 1 1 9daf ffff 0 1
3 0 0 0 1 2e19 0000 1 1 538e ffff 0 1
3 0 1 1 0 daed 0000 1 1 538e ffff 0 1
3 0 0 0 2 1e0c 040f 0 1 0000 0000 0 0
3 0 0 1 1 2698 3e68 0 1 0000 0000 0 0
3 0 0 1 1 fbfe adc5 1 1 e830 ffff 0 1
3 0 0 0 1 f669 b5bc 1 1 4e39 ffff 0 1
3 0 0 1 3 7c6c 1c56 0 1 0000 0000 0 0
3 0 1 1 0 ed96 0000 0 1 0000 0000 0 0
3 0 1 1 0 aad7 0000 0 1 0000 0000 0 0
3 0 0 1 3 f5c0 083d 1 1 603a ffff 0 1
3 0 0 1 0 9cd9 0000 1 1 fdfd ffff 0 1
3 0 1 1 0 289e d632 1 1 fdfd ffff 0 1
3 0 0 0 2 4831 2904 1 1 9cd9 ffff 0 1
3 0 0 1 2 dafb d9c7 0 1 0000 0000 0 0
3 0 1 1 2 0278 0000 0 1 0000 0000 0 0
3 0 0 1 0 a342 0000 1 1 d8c3 ffff 0 1
3 0 0 1 1 d79b 0000 1 1 a342 ffff 0 1
3 0 0 0 1 20a8 0000 1 1 d79b ffff 0 1
3 0 1 0 1 bb5e 0000 1 1 d79b ffff 0 1
3 0 0 1 2 1f4f 0000 0 1 0000 0000 0 0
3 0 1 1 0 ba6a d1a1 0 1 0000 0000 0 0
3 0 0 1 0 1446 0000 1 1 0000 ffff 1 1
3 0 0 1 1 75e5 9d39 1 1 1446 ffff 0 1
3 0 0 0 2 caf3 7c7c 1 1 d8ac ffff 0 1
3 0 0 1 1 95d8 0000 0 1 0000 0000 0 0
3 0 0 1 2 94d5 0000 1 1 95d8 ffff 0 1
3 0 0 1 0 2b7e f434 1 1 0000 ffff 1 1
3 0 0 0 0 363d f87e 1 1 1fb2 ffff 0 1
3 0 0 1 1 15dd 8bdc 0 1 0000 0000 0 0
3 0 1 0 2 d61a 0000 0 1 0000 0000 0 0
3 0 0 0 0 5e3b 0000 1 1 8a01 ffff 0 1
3 0 1 1 1 83f2 0000 1 1 8a01 ffff 0 1
3 0 0 1 2 b3e7 0f05 0 1 0000 0000 0 0
3 0 1 1 3 4780 b7e7 0 1 0000 0000 0 0
3 0 1 1 3 13ca e80e 0 1 0000 0000 0 0
3 0 0 1 0 497e 2fe4 1 1 0305 ffff 0 1
3 0 0 1 1 b5d2 dcef 1 1 7962 ffff 0 1
3 0 0 0 3 bddf 333b 1 1 d8e3 ffff 0 1
3 1 0 1 3 6eaf 3ff9 0 1 0000 0000 0 0
3 0 0 0 3 52e9 0000 0 1 0000 0000 0 0
3 0 0 1 1 32db 3587 0 1 0000 0000 0 0
3 0 0 1 1 d41e 57e1 1 1 fd54 ffff 0 1
3 0 0 1 1 2c5a 3005 1 1 7c3d ffff 0 1
3 0 1 1 1 28f2 f2a3 1 1 7c3d ffff 0 1
3 0 0 1 2 fc82 3b6e 1 1 fc55 ffff 0 1
3 0 0 1 3 ab5f d24e 1 1 3802 ffff 0 1
3 0 0 1 2 6c7f ec1f 1 1 7911 ffff 0 1
3 0 0 0 3 005f d457 1 1 6c1f ffff 0 1
3 0 0 1 3 d3de 0000 0 1 0000 0000 0 0
3 0 1 1 1 2764 f2e9 0 1 0000 0000 0 0
3 0 0 1 3 65c2 0000 1 1 d3de ffff 0 1
3 0 0 1 3 273b 0ee5 1 1 65c2 ffff 0 1
3 0 0 1 1 2547 e011 1 1 29de ffff 0 1
3 0 0 1 2 9136 0000 1 1 4536 ffff 0 1
3 0 0 1 1 64a4 0000 1 1 0000 ffff 1 1
3 0 1 1 1 6502 0000 1 1 0000 ffff 1 1
3 0 0 0 3 ae94 0000 1 1 64a4 ffff 0 1
3 0 1 1 0 2dae 0000 1 1 64a4 ffff 0 1
3 0 0 1 0 7eeb 0000 0 1 0000 0000 0 0
3 0 0 0 0 66e3 0000 1 1 7eeb ffff 0 1
3 0 0 1 3 bc7c acdb 0 1 0000 0000 0 0
3 0 0 1 0 e7c1 97ad 1 1 10a7 ffff 0 1
3 0 1 1 2 dd1c 0000 1 1 10a7 ffff 0 1
3 0 1 1 0 23a4 e591 1 1 10a7 ffff 0 1
3 0 0 1 3 17f9 0000 1 1 7f6e ffff 0 1
3 0 0 1 3 104b 9779 1 1 17f9 ffff 0 1
3 0 1 1 0 f0fe 0000 1 1 17f9 ffff 0 1
3 0 0 1 1 77d4 2e27 1 1 8732 ffff 0 1
3 0 0 1 3 4195 44f8 1 1 49ad ffff 0 1
3 0 0 1 1 e33a 0000 1 1 056d ffff 0 1
3 0 0 1 3 9993 0000 1 1 e33a ffff 0 1
3 0 0 1 0 2531 0000 1 1 9993 ffff 0 1
3 0 1 1 2 8387 0000 1 1 9993 ffff 0 1
3 0 0 1 3 1b8b 9d41 1 1 2531 ffff 0 1
3 0 0 1 1 7692 0000 1 1 86ca ffff 0 1
3 0 1 0 1 4dd0 98c5 1 1 86ca ffff 0 1
3 0 0 1 1 b4c5 966a 1 1 7692 ffff 0 1
3 0 0 0 2 9957 e19f 1 1 1e5b ffff 0 1
3 0 0 1 0 5f3e 8b61 0 1 0000 0000 0 0
3 0 0 1 1 8b96 f83d 1 1 ea9f ffff 0 1
3 0 0 1 3 b8bc 0446 1 1 9359 ffff 0 1
3 0 0 1 2 12d9 0000 1 1 bcfa ffff 0 1
3 0 0 0 0 5d10 70c2 1 1 0000 ffff 1 1
3 0 0 0 1 0b2a d729 0 1 0000 0000 0 0
3 0 0 1 2 9643 0000 0 1 0000 0000 0 0
3 0 0 1 1 20fb 6375 1 1 0000 ffff 1 1
3 0 0 0 3 94c0 b43e 1 1 bd86 ffff 0 1
3 0 0 1 3 705c 0000 0 1 0000 0000 0 0
3 0 0 1 2 e778 6b8d 1 1 705c ffff 0 1
3 0 0 1 2 71d0 7254 1 1 6308 ffff 0 1
3 0 1 1 1 f1de 3f62 1 1 6308 ffff 0 1
3 0 0 1 0 616f 7755 1 1 7050 ffff 0 1
3 0 0 0 3 c406 0000 1 1 d8c4 ffff 0 1
3 0 0 1 3 bd78 1d1f 0 1 0000 0000 0 0
3 0 1 0 1 c698 0000 0 1 0000 0000 0 0
3 0 1 0 3 b756 df6d 0 1 0000 0000 0 0
3 0 0 1 1 fe4b 0000 1 1 a067 ffff 0 1
3 0 0 1 3 1f35 fe77 1 1 fe4b ffff 0 1
3 0 0 1 0 aac7 0000 1 1 e142 ffff 0 1
3 0 0 0 1 8148 0000 1 1 aac7 ffff 0 1
3 0 1 1 2 4546 0000 1 1 aac7 ffff 0 1
3 0 1 1 2 df75 0000 1 1 aac7 ffff 0 1
3 0 0 1 0 b928 667e 0 1 0000 0000 0 0
3 0 0 1 0 9bbf b4f6 1 1 1fa6 ffff 0 1
3 0 0 0 0 a049 ca1e 1 1 50b5 ffff 0 1
3 0 0 0 0 994b 8255 0 1 0000 0000 0 0
