0 1 1 00 ff 0 1 0 1
0 0 1 00 ff 0 1 0 1
0 0 1 00 ff 0 1 0 1
0 0 1 00 ff 0 1 0 1
0 0 1 00 ff 0 1 0 1
0 0 1 00 ff 0 1 0 1
0 0 1 00 ff 0 1 0 1
0 0 1 00 ff 0 1 0 1
0 0 1 00 ff 0 1 0 1
0 0 1 00 ff 0 1 0 1
0 0 1 00 ff 0 1 0 1
0 0 1 00 ff 0 1 0 1
1 0 1 00 ff 0 1 0 1
1 0 1 00 ff 0 1 0 1
1 0 1 00 ff 0 1 0 1
1 0 1 00 ff 0 1 0 1
1 0 1 00 ff 0 1 0 1
1 0 0 00 ff 0 1 0 1
1 0 0 00 ff 0 1 0 1
1 0 0 00 ff 0 1 0 1
1 0 0 00 ff 0 1 0 1
1 0 0 00 ff 0 1 0 1
1 0 0 00 ff 0 1 0 1
1 0 0 00 ff 0 1 0 1
1 0 0 00 ff 0 1 0 1
1 0 1 00 ff 0 1 0 1
1 0 1 00 ff 0 1 0 1
1 0 1 00 ff 0 1 0 1
1 0 1 00 ff 0 1 0 1
1 0 1 00 ff 0 1 0 1
1 0 1 00 ff 0 1 0 1
1 0 1 00 ff 0 1 0 1
1 0 1 00 ff 0 1 0 1
1 0 0 00 ff 0 1 0 1
1 0 0 00 ff 0 1 0 1
1 0 0 00 ff 0 1 0 1
1 0 0 00 ff 0 1 0 1
1 0 0 00 ff 0 1 0 1
1 0 0 00 ff 0 1 0 1
1 0 0 00 ff 0 1 0 1
1 0 0 00 ff 0 1 0 1
1 0 1 00 ff 0 1 0 1
1 0 1 00 ff 0 1 0 1
1 0 1 00 ff 0 1 0 1
1 0 1 00 ff 0 1 0 1
1 0 1 00 ff 0 1 0 1
1 0 1 00 ff 0 1 0 1
1 0 1 00 ff 0 1 0 1
1 0 1 00 ff 0 1 0 1
1 0 0 00 ff 0 1 0 1
1 0 0 00 ff 0 1 0 1
1 0 0 00 ff 0 1 0 1
1 0 0 00 ff 0 1 0 1
1 0 0 00 ff 0 1 0 1
1 0 0 00 ff 0 1 0 1
1 0 0 00 ff 0 1 0 1
1 0 0 00 ff 0 1 0 1
1 0 0 00 ff 0 1 0 1
1 0 0 00 ff 0 1 0 1
1 0 0 00 ff 0 1 0 1
1 0 0 00 ff 0 1 0 1
1 0 0 00 ff 0 1 0 1
1 0 0 00 ff 0 1 0 1
1 0 0 00 ff 0 1 0 1
1 0 0 00 ff 0 1 0 1
1 0 1 00 ff 0 1 0 1
1 0 1 00 ff 0 1 0 1
1 0 1 00 ff 0 1 0 1
1 0 1 00 ff 0 1 0 1
1 0 1 00 ff 0 1 0 1
1 0 1 00 ff 0 1 0 1
1 0 1 00 ff 0 1 0 1
1 0 1 00 ff 0 1 0 1
1 0 0 00 ff 0 1 0 1
1 0 0 00 ff 0 1 0 1
1 0 0 00 ff 0 1 0 1
1 0 0 00 ff 0 1 0 1
1 0 0 00 ff 0 1 0 1
1 0 0 00 ff 0 1 0 1
1 0 0 00 ff 0 1 0 1
1 0 0 00 ff 0 1 0 1
1 0 1 00 ff 0 1 0 1
1 0 1 00 ff 0 1 0 1
1 0 1 00 ff 0 1 0 1
1 0 1 00 ff 0 1 0 1
1 0 1 00 ff 0 1 0 1
1 0 1 00 ff 0 1 0 1
1 0 1 00 ff 0 1 0 1
1 0 1 00 ff 0 1 0 1
1 0 1 00 ff 0 1 0 1
1 0 1 00 ff 0 1 0 1
1 0 1 00 ff 0 1 0 1
1 0 1 00 ff 0 1 0 1
1 0 1 a5 ff 1 1 0 1
1 0 1 a5 ff 0 1 0 1
1 0 1 a5 ff 0 1 0 1
1 0 1 a5 ff 0 1 0 1
1 0 1 a5 ff 0 1 0 1
1 0 1 a5 ff 0 1 0 1
1 0 1 a5 ff 0 1 0 1
1 0 1 a5 ff 0 1 0 1
1 0 1 a5 ff 0 1 0 1
1 0 1 a5 ff 0 1 0 1
1 0 1 a5 ff 0 1 0 1
1 0 1 a5 ff 0 1 0 1
1 0 1 a5 ff 0 1 0 1
1 0 1 a5 ff 0 1 0 1
2 0 1 a5 ff 0 1 0 1
2 0 0 a5 ff 0 1 0 1
2 0 0 a5 ff 0 1 0 1
2 0 1 a5 ff 0 1 0 1
2 0 1 a5 ff 0 1 0 1
2 0 1 a5 ff 0 1 0 1
2 0 1 a5 ff 0 1 0 1
2 0 1 a5 ff 0 1 0 1
2 0 1 a5 ff 0 1 0 1
2 0 1 a5 ff 0 1 0 1
2 0 1 a5 ff 0 1 0 1
2 0 1 a5 ff 0 1 0 1
2 0 1 a5 ff 0 1 0 1
2 0 1 a5 ff 0 1 0 1
2 0 1 a5 ff 0 1 0 1
2 0 1 a5 ff 0 1 0 1
2 0 1 a5 ff 0 1 0 1
2 0 1 a5 ff 0 1 0 1
2 0 1 a5 ff 0 1 0 1
2 0 1 a5 ff 0 1 0 1
2 0 1 a5 ff 0 1 0 1
2 0 1 a5 ff 0 1 0 1
2 0 1 a5 ff 0 1 0 1
2 0 1 a5 ff 0 1 0 1
2 0 1 a5 ff 0 1 0 1
2 0 1 a5 ff 0 1 0 1
2 0 1 a5 ff 0 1 0 1
2 0 1 a5 ff 0 1 0 1
2 0 1 a5 ff 0 1 0 1
2 0 1 a5 ff 0 1 0 1
2 0 1 a5 ff 0 1 0 1
2 0 1 a5 ff 0 1 0 1
2 0 1 a5 ff 0 1 0 1
2 0 1 a5 ff 0 1 0 1
2 0 1 a5 ff 0 1 0 1
2 0 1 a5 ff 0 1 0 1
2 0 1 a5 ff 0 1 0 1
2 0 1 a5 ff 0 1 0 1
2 0 1 a5 ff 0 1 0 1
2 0 1 a5 ff 0 1 0 1
2 0 1 a5 ff 0 1 0 1
2 0 1 a5 ff 0 1 0 1
2 0 1 a5 ff 0 1 0 1
2 0 1 a5 ff 0 1 0 1
2 0 1 a5 ff 0 1 0 1
2 0 1 a5 ff 0 1 0 1
2 0 1 a5 ff 0 1 0 1
2 0 1 a5 ff 0 1 0 1
2 0 1 a5 ff 0 1 0 1
2 0 1 a5 ff 0 1 0 1
2 0 1 a5 ff 0 1 0 1
2 0 1 a5 ff 0 1 0 1
2 0 1 a5 ff 0 1 0 1
2 0 1 a5 ff 0 1 0 1
2 0 1 a5 ff 0 1 0 1
2 0 1 a5 ff 0 1 0 1
2 0 1 a5 ff 0 1 0 1
2 0 1 a5 ff 0 1 0 1
2 0 1 a5 ff 0 1 0 1
2 0 1 a5 ff 0 1 0 1
2 0 1 a5 ff 0 1 0 1
2 0 1 a5 ff 0 1 0 1
2 0 1 a5 ff 0 1 0 1
2 0 1 a5 ff 0 1 0 1
2 0 1 a5 ff 0 1 0 1
2 0 1 a5 ff 0 1 0 1
2 0 1 a5 ff 0 1 0 1
2 0 1 a5 ff 0 1 0 1
2 0 1 a5 ff 0 1 0 1
2 0 1 a5 ff 0 1 0 1
2 0 1 a5 ff 0 1 0 1
2 0 1 a5 ff 0 1 0 1
2 0 1 a5 ff 0 1 0 1
2 0 1 a5 ff 0 1 0 1
2 0 1 a5 ff 0 1 0 1
2 0 1 a5 ff 0 1 0 1
2 0 1 a5 ff 0 1 0 1
2 0 1 a5 ff 0 1 0 1
2 0 1 a5 ff 0 1 0 1
2 0 1 a5 ff 0 1 0 1
2 0 1 a5 ff 0 1 0 1
2 0 1 a5 ff 0 1 0 1
2 0 1 a5 ff 0 1 0 1
2 0 1 a5 ff 0 1 0 1
2 0 1 a5 ff 0 1 0 1
2 0 1 a5 ff 0 1 0 1
2 0 1 a5 ff 0 1 0 1
2 0 1 a5 ff 0 1 0 1
2 0 1 a5 ff 0 1 0 1
2 0 1 a5 ff 0 1 0 1
2 0 1 a5 ff 0 1 0 1
2 0 1 a5 ff 0 1 0 1
2 0 1 a5 ff 0 1 0 1
2 0 1 a5 ff 0 1 0 1
3 0 0 a5 ff 0 1 0 1
3 0 0 a5 ff 0 1 0 1
3 0 0 a5 ff 0 1 0 1
3 0 0 a5 ff 0 1 0 1
3 0 0 a5 ff 0 1 0 1
3 0 0 a5 ff 0 1 0 1
3 0 0 a5 ff 0 1 0 1
3 0 0 a5 ff 0 1 0 1
3 0 0 a5 ff 0 1 0 1
3 0 0 a5 ff 0 1 0 1
3 0 0 a5 ff 0 1 0 1
3 0 0 a5 ff 0 1 0 1
3 0 0 a5 ff 0 1 0 1
3 0 0 a5 ff 0 1 0 1
3 0 0 a5 ff 0 1 0 1
3 0 0 a5 ff 0 1 0 1
3 0 0 a5 ff 0 1 0 1
3 0 0 a5 ff 0 1 0 1
3 0 0 a5 ff 0 1 0 1
3 0 0 a5 ff 0 1 0 1
3 0 0 a5 ff 0 1 0 1
3 0 0 a5 ff 0 1 0 1
3 0 0 a5 ff 0 1 0 1
3 0 0 a5 ff 0 1 0 1
3 0 1 a5 ff 0 1 0 1
3 0 1 a5 ff 0 1 0 1
3 0 1 a5 ff 0 1 0 1
3 0 1 a5 ff 0 1 0 1
3 0 1 a5 ff 0 1 0 1
3 0 1 a5 ff 0 1 0 1
3 0 1 a5 ff 0 1 0 1
3 0 1 a5 ff 0 1 0 1
3 0 1 a5 ff 0 1 0 1
3 0 1 a5 ff 0 1 0 1
3 0 1 a5 ff 0 1 0 1
3 0 1 a5 ff 0 1 0 1
3 0 1 a5 ff 0 1 0 1
3 0 1 a5 ff 0 1 0 1
3 0 1 a5 ff 0 1 0 1
3 0 1 a5 ff 0 1 0 1
3 0 1 a5 ff 0 1 0 1
3 0 1 a5 ff 0 1 0 1
3 0 1 a5 ff 0 1 0 1
3 0 1 a5 ff 0 1 0 1
3 0 1 a5 ff 0 1 0 1
3 0 1 a5 ff 0 1 0 1
3 0 1 a5 ff 0 1 0 1
3 0 1 a5 ff 0 1 0 1
3 0 1 a5 ff 0 1 0 1
3 0 1 a5 ff 0 1 0 1
3 0 1 a5 ff 0 1 0 1
3 0 1 a5 ff 0 1 0 1
3 0 1 a5 ff 0 1 0 1
3 0 1 a5 ff 0 1 0 1
3 0 1 a5 ff 0 1 0 1
3 0 1 a5 ff 0 1 0 1
3 0 0 a5 ff 0 1 0 1
3 0 0 a5 ff 0 1 0 1
3 0 0 a5 ff 0 1 0 1
3 0 0 a5 ff 0 1 0 1
3 0 0 a5 ff 0 1 0 1
3 0 0 a5 ff 0 1 0 1
3 0 0 a5 ff 0 1 0 1
3 0 0 a5 ff 0 1 0 1
3 0 0 a5 ff 0 1 0 1
3 0 0 a5 ff 0 1 0 1
3 0 0 a5 ff 0 1 0 1
3 0 0 a5 ff 0 1 0 1
3 0 0 a5 ff 0 1 0 1
3 0 0 a5 ff 0 1 0 1
3 0 0 a5 ff 0 1 0 1
3 0 0 a5 ff 0 1 0 1
3 0 0 a5 ff 0 1 0 1
3 0 0 a5 ff 0 1 0 1
3 0 0 a5 ff 0 1 0 1
3 0 0 a5 ff 0 1 0 1
3 0 0 a5 ff 0 1 1 1
3 0 0 a5 ff 0 1 0 1
3 0 0 a5 ff 0 1 0 1
3 0 0 a5 ff 0 1 0 1
3 0 1 a5 ff 0 1 0 1
3 0 1 a5 ff 0 1 0 1
3 0 1 a5 ff 0 1 0 1
3 0 1 a5 ff 0 1 0 1
3 0 1 a5 ff 0 1 0 1
3 0 1 a5 ff 0 1 0 1
3 0 1 a5 ff 0 1 0 1
3 0 1 a5 ff 0 1 0 1
3 0 1 a5 ff 0 1 0 1
3 0 1 a5 ff 0 1 0 1
3 0 1 a5 ff 0 1 0 1
3 0 1 a5 ff 0 1 0 1
3 0 1 a5 ff 0 1 0 1
3 0 1 a5 ff 0 1 0 1
3 0 1 a5 ff 0 1 0 1
3 0 1 a5 ff 0 1 0 1
3 0 1 a5 ff 0 1 0 1
3 0 1 a5 ff 0 1 0 1
3 0 1 a5 ff 0 1 0 1
3 0 1 a5 ff 0 1 0 1
4 0 0 a5 ff 0 1 0 1
4 0 0 a5 ff 0 1 0 1
4 0 0 a5 ff 0 1 0 1
4 0 0 a5 ff 0 1 0 1
4 0 0 a5 ff 0 1 0 1
4 0 0 a5 ff 0 1 0 1
4 0 0 a5 ff 0 1 0 1
4 0 0 a5 ff 0 1 0 1
4 0 1 a5 ff 0 1 0 1
4 0 1 a5 ff 0 1 0 1
4 0 1 a5 ff 0 1 0 1
4 0 1 a5 ff 0 1 0 1
4 0 1 a5 ff 0 1 0 1
4 0 1 a5 ff 0 1 0 1
4 0 1 a5 ff 0 1 0 1
4 0 1 a5 ff 0 1 0 1
4 0 0 a5 ff 0 1 0 1
4 0 0 a5 ff 0 1 0 1
4 0 0 a5 ff 0 1 0 1
4 0 0 a5 ff 0 1 0 1
4 0 0 a5 ff 0 1 0 1
4 0 0 a5 ff 0 1 0 1
4 0 0 a5 ff 0 1 0 1
4 0 0 a5 ff 0 1 0 1
4 0 0 a5 ff 0 1 0 1
4 0 0 a5 ff 0 1 0 1
4 0 0 a5 ff 0 1 0 1
4 0 0 a5 ff 0 1 0 1
4 0 0 a5 ff 0 1 0 1
4 0 0 a5 ff 0 1 0 1
4 0 0 a5 ff 0 1 0 1
4 0 0 a5 ff 0 1 0 1
4 0 0 a5 ff 0 1 0 1
4 0 0 a5 ff 0 1 0 1
4 0 0 a5 ff 0 1 0 1
4 0 0 a5 ff 0 1 0 1
4 0 0 a5 ff 0 1 0 1
4 0 0 a5 ff 0 1 0 1
4 0 0 a5 ff 0 1 0 1
4 0 0 a5 ff 0 1 0 1
4 0 0 a5 ff 0 1 0 1
4 0 0 a5 ff 0 1 0 1
4 0 0 a5 ff 0 1 0 1
4 0 0 a5 ff 0 1 0 1
4 0 0 a5 ff 0 1 0 1
4 0 0 a5 ff 0 1 0 1
4 0 0 a5 ff 0 1 0 1
4 0 0 a5 ff 0 1 0 1
4 0 0 a5 ff 0 1 0 1
4 0 0 a5 ff 0 1 0 1
4 0 0 a5 ff 0 1 0 1
4 0 0 a5 ff 0 1 0 1
4 0 0 a5 ff 0 1 0 1
4 0 0 a5 ff 0 1 0 1
4 0 0 a5 ff 0 1 0 1
4 0 0 a5 ff 0 1 0 1
4 0 0 a5 ff 0 1 0 1
4 0 0 a5 ff 0 1 0 1
4 0 0 a5 ff 0 1 0 1
4 0 0 a5 ff 0 1 0 1
4 0 0 a5 ff 0 1 0 1
4 0 0 a5 ff 0 1 0 1
4 0 0 a5 ff 0 1 0 1
4 0 0 a5 ff 0 1 0 1
4 0 0 a5 ff 0 1 0 1
4 0 0 a5 ff 0 1 0 1
4 0 0 a5 ff 0 1 0 1
4 0 0 a5 ff 0 1 0 1
4 0 0 a5 ff 0 1 0 1
4 0 0 a5 ff 0 1 0 1
4 0 0 a5 ff 0 1 0 1
4 0 0 a5 ff 0 1 0 1
4 0 1 a5 ff 0 1 0 1
4 0 1 a5 ff 0 1 0 1
4 0 1 a5 ff 0 1 0 1
4 0 1 a5 ff 0 1 0 1
4 0 1 01 ff 1 1 0 1
4 0 1 01 ff 0 1 0 1
4 0 1 01 ff 0 1 0 1
4 0 1 01 ff 0 1 0 1
4 0 0 01 ff 0 1 0 1
4 0 0 01 ff 0 1 0 1
4 0 0 01 ff 0 1 0 1
4 0 0 01 ff 0 1 0 1
4 0 0 01 ff 0 1 0 1
4 0 0 01 ff 0 1 0 1
4 0 0 01 ff 0 1 0 1
4 0 0 01 ff 0 1 0 1
4 0 0 01 ff 0 1 0 1
4 0 0 01 ff 0 1 0 1
4 0 0 01 ff 0 1 0 1
4 0 0 01 ff 0 1 0 1
4 0 0 01 ff 0 1 0 1
4 0 0 01 ff 0 1 0 1
4 0 0 01 ff 0 1 0 1
4 0 0 01 ff 0 1 0 1
4 0 0 01 ff 0 1 0 1
4 0 0 01 ff 0 1 0 1
4 0 0 01 ff 0 1 0 1
4 0 0 01 ff 0 1 0 1
4 0 0 01 ff 0 1 0 1
4 0 0 01 ff 0 1 0 1
4 0 0 01 ff 0 1 0 1
4 0 0 01 ff 0 1 0 1
4 0 0 01 ff 0 1 0 1
4 0 0 01 ff 0 1 0 1
4 0 0 01 ff 0 1 0 1
4 0 0 01 ff 0 1 0 1
4 0 0 01 ff 0 1 0 1
4 0 0 01 ff 0 1 0 1
4 0 0 01 ff 0 1 0 1
4 0 0 01 ff 0 1 0 1
4 0 0 01 ff 0 1 0 1
4 0 0 01 ff 0 1 0 1
4 0 0 01 ff 0 1 0 1
4 0 0 01 ff 0 1 0 1
4 0 0 01 ff 0 1 0 1
4 0 0 01 ff 0 1 0 1
4 0 0 01 ff 0 1 0 1
4 0 0 01 ff 0 1 0 1
4 0 0 01 ff 0 1 0 1
4 0 0 01 ff 0 1 0 1
4 0 0 01 ff 0 1 0 1
4 0 0 01 ff 0 1 0 1
4 0 0 01 ff 0 1 0 1
4 0 0 01 ff 0 1 0 1
4 0 0 01 ff 0 1 0 1
4 0 0 01 ff 0 1 0 1
4 0 0 01 ff 0 1 0 1
4 0 0 01 ff 0 1 0 1
4 0 0 01 ff 0 1 0 1
4 0 0 01 ff 0 1 0 1
4 0 0 01 ff 0 1 0 1
4 0 0 01 ff 0 1 0 1
4 0 0 01 ff 0 1 0 1
4 0 0 01 ff 0 1 0 1
4 0 0 01 ff 0 1 0 1
4 0 0 01 ff 0 1 0 1
4 0 0 01 ff 0 1 0 1
4 0 0 01 ff 0 1 0 1
4 0 0 01 ff 0 1 0 1
4 0 0 01 ff 0 1 0 1
4 0 0 01 ff 0 1 0 1
4 0 0 01 ff 0 1 0 1
4 0 1 01 ff 0 1 0 1
4 0 1 01 ff 0 1 0 1
4 0 1 01 ff 0 1 0 1
4 0 1 01 ff 0 1 0 1
4 0 1 01 ff 0 1 0 1
4 0 1 01 ff 0 1 0 1
4 0 1 01 ff 0 1 0 1
4 0 1 01 ff 0 1 0 1
4 0 1 01 ff 0 1 0 1
4 0 1 01 ff 0 1 0 1
4 0 1 01 ff 0 1 0 1
4 0 1 01 ff 0 1 0 1
4 0 1 80 ff 1 1 0 1
4 0 1 80 ff 0 1 0 1
4 0 1 80 ff 0 1 0 1
4 0 1 80 ff 0 1 0 1
4 0 0 80 ff 0 1 0 1
4 0 0 80 ff 0 1 0 1
4 0 0 80 ff 0 1 0 1
4 0 0 80 ff 0 1 0 1
4 0 0 80 ff 0 1 0 1
4 0 0 80 ff 0 1 0 1
4 0 0 80 ff 0 1 0 1
4 0 0 80 ff 0 1 0 1
4 0 1 80 ff 0 1 0 1
4 0 1 80 ff 0 1 0 1
4 0 1 80 ff 0 1 0 1
4 0 1 80 ff 0 1 0 1
4 0 1 80 ff 0 1 0 1
4 0 1 80 ff 0 1 0 1
4 0 1 80 ff 0 1 0 1
4 0 1 80 ff 0 1 0 1
4 0 1 80 ff 0 1 0 1
4 0 1 80 ff 0 1 0 1
4 0 1 80 ff 0 1 0 1
4 0 1 80 ff 0 1 0 1
4 0 1 80 ff 0 1 0 1
4 0 1 80 ff 0 1 0 1
4 0 1 80 ff 0 1 0 1
4 0 1 80 ff 0 1 0 1
4 0 1 80 ff 0 1 0 1
4 0 1 80 ff 0 1 0 1
4 0 1 80 ff 0 1 0 1
4 0 1 80 ff 0 1 0 1
4 0 1 80 ff 0 1 0 1
4 0 1 80 ff 0 1 0 1
4 0 1 80 ff 0 1 0 1
4 0 1 80 ff 0 1 0 1
4 0 1 80 ff 0 1 0 1
4 0 1 80 ff 0 1 0 1
4 0 1 80 ff 0 1 0 1
4 0 1 80 ff 0 1 0 1
4 0 1 80 ff 0 1 0 1
4 0 1 80 ff 0 1 0 1
4 0 1 80 ff 0 1 0 1
4 0 1 80 ff 0 1 0 1
4 0 1 80 ff 0 1 0 1
4 0 1 80 ff 0 1 0 1
4 0 1 80 ff 0 1 0 1
4 0 1 80 ff 0 1 0 1
4 0 1 80 ff 0 1 0 1
4 0 1 80 ff 0 1 0 1
4 0 1 80 ff 0 1 0 1
4 0 1 80 ff 0 1 0 1
4 0 1 80 ff 0 1 0 1
4 0 1 80 ff 0 1 0 1
4 0 1 80 ff 0 1 0 1
4 0 1 80 ff 0 1 0 1
4 0 1 80 ff 0 1 0 1
4 0 1 80 ff 0 1 0 1
4 0 1 80 ff 0 1 0 1
4 0 1 80 ff 0 1 0 1
4 0 1 80 ff 0 1 0 1
4 0 1 80 ff 0 1 0 1
4 0 1 80 ff 0 1 0 1
4 0 1 80 ff 0 1 0 1
4 0 1 80 ff 0 1 0 1
4 0 1 80 ff 0 1 0 1
4 0 1 80 ff 0 1 0 1
4 0 1 80 ff 0 1 0 1
4 0 1 80 ff 0 1 0 1
4 0 1 80 ff 0 1 0 1
4 0 1 80 ff 0 1 0 1
4 0 1 80 ff 0 1 0 1
4 0 1 80 ff 0 1 0 1
4 0 1 80 ff 0 1 0 1
4 0 1 80 ff 0 1 0 1
4 0 1 80 ff 0 1 0 1
4 0 1 80 ff 0 1 0 1
4 0 1 80 ff 0 1 0 1
4 0 1 80 ff 0 1 0 1
4 0 1 80 ff 0 1 0 1
4 0 1 ff ff 1 1 0 1
4 0 1 ff ff 0 1 0 1
4 0 1 ff ff 0 1 0 1
4 0 1 ff ff 0 1 0 1
4 0 0 ff ff 0 1 0 1
4 0 0 ff ff 0 1 0 1
4 0 0 ff ff 0 1 0 1
4 0 0 ff ff 0 1 0 1
4 0 0 ff ff 0 1 0 1
4 0 0 ff ff 0 1 0 1
4 0 0 ff ff 0 1 0 1
4 0 0 ff ff 0 1 0 1
4 0 0 ff ff 0 1 0 1
4 0 0 ff ff 0 1 0 1
4 0 0 ff ff 0 1 0 1
4 0 0 ff ff 0 1 0 1
4 0 0 ff ff 0 1 0 1
4 0 0 ff ff 0 1 0 1
4 0 0 ff ff 0 1 0 1
4 0 0 ff ff 0 1 0 1
4 0 0 ff ff 0 1 0 1
4 0 0 ff ff 0 1 0 1
4 0 0 ff ff 0 1 0 1
4 0 0 ff ff 0 1 0 1
4 0 0 ff ff 0 1 0 1
4 0 0 ff ff 0 1 0 1
4 0 0 ff ff 0 1 0 1
4 0 0 ff ff 0 1 0 1
4 0 0 ff ff 0 1 0 1
4 0 0 ff ff 0 1 0 1
4 0 0 ff ff 0 1 0 1
4 0 0 ff ff 0 1 0 1
4 0 0 ff ff 0 1 0 1
4 0 0 ff ff 0 1 0 1
4 0 0 ff ff 0 1 0 1
4 0 0 ff ff 0 1 0 1
4 0 0 ff ff 0 1 0 1
4 0 0 ff ff 0 1 0 1
4 0 0 ff ff 0 1 0 1
4 0 0 ff ff 0 1 0 1
4 0 0 ff ff 0 1 0 1
4 0 0 ff ff 0 1 0 1
4 0 0 ff ff 0 1 0 1
4 0 0 ff ff 0 1 0 1
4 0 0 ff ff 0 1 0 1
4 0 0 ff ff 0 1 0 1
4 0 0 ff ff 0 1 0 1
4 0 0 ff ff 0 1 0 1
4 0 0 ff ff 0 1 0 1
4 0 0 ff ff 0 1 0 1
4 0 0 ff ff 0 1 0 1
4 0 0 ff ff 0 1 0 1
4 0 0 ff ff 0 1 0 1
4 0 0 ff ff 0 1 0 1
4 0 0 ff ff 0 1 0 1
4 0 0 ff ff 0 1 0 1
4 0 0 ff ff 0 1 0 1
4 0 0 ff ff 0 1 0 1
4 0 0 ff ff 0 1 0 1
4 0 0 ff ff 0 1 0 1
4 0 0 ff ff 0 1 0 1
4 0 0 ff ff 0 1 0 1
4 0 0 ff ff 0 1 0 1
4 0 0 ff ff 0 1 0 1
4 0 0 ff ff 0 1 0 1
4 0 0 ff ff 0 1 0 1
4 0 0 ff ff 0 1 0 1
4 0 0 ff ff 0 1 0 1
4 0 0 ff ff 0 1 0 1
4 0 0 ff ff 0 1 0 1
4 0 0 ff ff 0 1 0 1
4 0 0 ff ff 0 1 0 1
4 0 0 ff ff 0 1 0 1
4 0 0 ff ff 0 1 0 1
4 0 0 ff ff 0 1 0 1
4 0 0 ff ff 0 1 0 1
4 0 1 ff ff 0 1 0 1
4 0 1 ff ff 0 1 0 1
4 0 1 ff ff 0 1 0 1
4 0 1 ff ff 0 1 0 1
4 0 1 00 ff 1 1 0 1
4 0 1 00 ff 0 1 0 1
4 0 1 00 ff 0 1 0 1
4 0 1 00 ff 0 1 0 1
4 0 1 00 ff 0 1 0 1
4 0 1 00 ff 0 1 0 1
4 0 1 00 ff 0 1 0 1
4 0 1 00 ff 0 1 0 1
4 0 1 00 ff 0 1 0 1
4 0 1 00 ff 0 1 0 1
4 0 1 00 ff 0 1 0 1
4 0 1 00 ff 0 1 0 1
4 0 1 00 ff 0 1 0 1
4 0 1 00 ff 0 1 0 1
4 0 1 00 ff 0 1 0 1
4 0 1 00 ff 0 1 0 1
5 0 0 00 ff 0 1 0 1
5 0 0 00 ff 0 1 0 1
5 0 0 00 ff 0 1 0 1
5 0 0 00 ff 0 1 0 1
5 0 0 00 ff 0 1 0 1
5 0 0 00 ff 0 1 0 1
5 0 0 00 ff 0 1 0 1
5 0 1 00 ff 0 1 0 1
5 0 1 00 ff 0 1 0 1
5 0 1 00 ff 0 1 0 1
5 0 1 00 ff 0 1 0 1
5 0 1 00 ff 0 1 0 1
5 0 1 00 ff 0 1 0 1
5 0 1 00 ff 0 1 0 1
5 0 0 00 ff 0 1 0 1
5 0 0 00 ff 0 1 0 1
5 0 0 00 ff 0 1 0 1
5 0 0 00 ff 0 1 0 1
5 0 0 00 ff 0 1 0 1
5 0 0 00 ff 0 1 0 1
5 0 0 00 ff 0 1 0 1
5 0 0 00 ff 0 1 0 1
5 0 0 00 ff 0 1 0 1
5 0 0 00 ff 0 1 0 1
5 0 0 00 ff 0 1 0 1
5 0 0 00 ff 0 1 0 1
5 0 0 00 ff 0 1 0 1
5 0 0 00 ff 0 1 0 1
5 0 1 00 ff 0 1 0 1
5 0 1 00 ff 0 1 0 1
5 0 1 00 ff 0 1 0 1
5 0 1 00 ff 0 1 0 1
5 0 1 00 ff 0 1 0 1
5 0 1 00 ff 0 1 0 1
5 0 1 00 ff 0 1 0 1
5 0 0 00 ff 0 1 0 1
5 0 0 00 ff 0 1 0 1
5 0 0 00 ff 0 1 0 1
5 0 0 00 ff 0 1 0 1
5 0 0 00 ff 0 1 0 1
5 0 0 00 ff 0 1 0 1
5 0 0 00 ff 0 1 0 1
5 0 1 00 ff 0 1 0 1
5 0 1 00 ff 0 1 0 1
5 0 1 00 ff 0 1 0 1
5 0 1 00 ff 0 1 0 1
5 0 1 00 ff 0 1 0 1
5 0 1 00 ff 0 1 0 1
5 0 1 00 ff 0 1 0 1
5 0 1 00 ff 0 1 0 1
5 0 1 00 ff 0 1 0 1
5 0 1 00 ff 0 1 0 1
5 0 1 00 ff 0 1 0 1
5 0 1 00 ff 0 1 0 1
5 0 1 00 ff 0 1 0 1
5 0 1 00 ff 0 1 0 1
5 0 0 00 ff 0 1 0 1
5 0 0 00 ff 0 1 0 1
5 0 0 00 ff 0 1 0 1
5 0 0 00 ff 0 1 0 1
5 0 0 00 ff 0 1 0 1
5 0 0 00 ff 0 1 0 1
5 0 0 00 ff 0 1 0 1
5 0 1 00 ff 0 1 0 1
5 0 1 00 ff 0 1 0 1
5 0 1 00 ff 0 1 0 1
5 0 1 00 ff 0 1 0 1
5 0 1 00 ff 0 1 0 1
5 0 1 00 ff 0 1 0 1
5 0 1 00 ff 0 1 0 1
5 0 1 00 ff 0 1 0 1
5 0 1 00 ff 0 1 0 1
5 0 1 00 ff 0 1 0 1
5 0 1 00 ff 0 1 0 1
5 0 1 00 ff 0 1 0 1
5 0 1 00 ff 0 1 0 1
5 0 1 b5 ff 1 1 0 1
5 0 1 b5 ff 0 1 0 1
5 0 1 b5 ff 0 1 0 1
5 0 1 b5 ff 0 1 0 1
5 0 1 b5 ff 0 1 0 1
5 0 1 b5 ff 0 1 0 1
5 0 0 b5 ff 0 1 0 1
5 0 0 b5 ff 0 1 0 1
5 0 0 b5 ff 0 1 0 1
5 0 0 b5 ff 0 1 0 1
5 0 0 b5 ff 0 1 0 1
5 0 0 b5 ff 0 1 0 1
5 0 0 b5 ff 0 1 0 1
5 0 0 b5 ff 0 1 0 1
5 0 0 b5 ff 0 1 0 1
5 0 0 b5 ff 0 1 0 1
5 0 0 b5 ff 0 1 0 1
5 0 0 b5 ff 0 1 0 1
5 0 0 b5 ff 0 1 0 1
5 0 0 b5 ff 0 1 0 1
5 0 0 b5 ff 0 1 0 1
5 0 0 b5 ff 0 1 0 1
5 0 0 b5 ff 0 1 0 1
5 0 0 b5 ff 0 1 0 1
5 0 1 b5 ff 0 1 0 1
5 0 1 b5 ff 0 1 0 1
5 0 1 b5 ff 0 1 0 1
5 0 1 b5 ff 0 1 0 1
5 0 1 b5 ff 0 1 0 1
5 0 1 b5 ff 0 1 0 1
5 0 1 b5 ff 0 1 0 1
5 0 1 b5 ff 0 1 0 1
5 0 1 b5 ff 0 1 0 1
5 0 1 b5 ff 0 1 0 1
5 0 1 b5 ff 0 1 0 1
5 0 1 b5 ff 0 1 0 1
5 0 1 b5 ff 0 1 0 1
5 0 1 b5 ff 0 1 0 1
5 0 1 b5 ff 0 1 0 1
5 0 1 b5 ff 0 1 0 1
5 0 1 b5 ff 0 1 0 1
5 0 1 b5 ff 0 1 0 1
5 0 0 b5 ff 0 1 0 1
5 0 0 b5 ff 0 1 0 1
5 0 0 b5 ff 0 1 0 1
5 0 0 b5 ff 0 1 0 1
5 0 0 b5 ff 0 1 0 1
5 0 0 b5 ff 0 1 0 1
5 0 0 b5 ff 0 1 0 1
5 0 0 b5 ff 0 1 0 1
5 0 0 b5 ff 0 1 0 1
5 0 1 b5 ff 0 1 0 1
5 0 1 b5 ff 0 1 0 1
5 0 1 b5 ff 0 1 0 1
5 0 1 b5 ff 0 1 0 1
5 0 1 b5 ff 0 1 0 1
5 0 1 b5 ff 0 1 0 1
5 0 1 b5 ff 0 1 0 1
5 0 1 b5 ff 0 1 0 1
5 0 1 b5 ff 0 1 0 1
5 0 0 b5 ff 0 1 0 1
5 0 0 b5 ff 0 1 0 1
5 0 0 b5 ff 0 1 0 1
5 0 0 b5 ff 0 1 0 1
5 0 0 b5 ff 0 1 0 1
5 0 0 b5 ff 0 1 0 1
5 0 0 b5 ff 0 1 0 1
5 0 0 b5 ff 0 1 0 1
5 0 0 b5 ff 0 1 0 1
5 0 0 b5 ff 0 1 0 1
5 0 0 b5 ff 0 1 0 1
5 0 0 b5 ff 0 1 0 1
5 0 0 b5 ff 0 1 0 1
5 0 0 b5 ff 0 1 0 1
5 0 0 b5 ff 0 1 0 1
5 0 0 b5 ff 0 1 0 1
5 0 0 b5 ff 0 1 0 1
5 0 0 b5 ff 0 1 0 1
5 0 1 b5 ff 0 1 0 1
5 0 1 b5 ff 0 1 0 1
5 0 1 b5 ff 0 1 0 1
5 0 1 b5 ff 0 1 0 1
5 0 1 26 ff 1 1 0 1
5 0 1 26 ff 0 1 0 1
5 0 1 26 ff 0 1 0 1
5 0 1 26 ff 0 1 0 1
5 0 1 26 ff 0 1 0 1
5 0 1 26 ff 0 1 0 1
5 0 1 26 ff 0 1 0 1
5 0 1 26 ff 0 1 0 1
5 0 1 26 ff 0 1 0 1
5 0 1 26 ff 0 1 0 1
5 0 1 26 ff 0 1 0 1
5 0 1 26 ff 0 1 0 1
5 0 1 26 ff 0 1 0 1
5 0 1 26 ff 0 1 0 1
5 0 1 26 ff 0 1 0 1
5 0 1 26 ff 0 1 0 1
5 0 1 26 ff 0 1 0 1
5 0 1 26 ff 0 1 0 1
5 0 1 26 ff 0 1 0 1
5 0 1 26 ff 0 1 0 1
5 0 1 26 ff 0 1 0 1
5 0 1 26 ff 0 1 0 1
5 0 1 26 ff 0 1 0 1
5 0 1 26 ff 0 1 0 1
5 0 1 26 ff 0 1 0 1
5 0 1 26 ff 0 1 0 1
6 0 1 26 ff 0 1 0 1
6 0 1 26 ff 0 1 0 1
6 0 1 26 ff 0 1 0 1
6 0 1 26 ff 0 1 0 1
6 0 1 26 ff 0 1 0 1
6 0 1 26 ff 0 1 0 1
6 0 0 26 ff 0 1 0 1
6 0 0 26 ff 0 1 0 1
6 0 0 26 ff 0 1 0 1
6 0 0 26 ff 0 1 0 1
6 0 0 26 ff 0 1 0 1
6 0 0 26 ff 0 1 0 1
6 0 0 26 ff 0 1 0 1
6 0 0 26 ff 0 1 0 1
6 0 0 26 ff 0 1 0 1
6 0 0 26 ff 0 1 0 1
6 0 0 26 ff 0 1 0 1
6 0 0 26 ff 0 1 0 1
6 0 0 26 ff 0 1 0 1
6 0 0 26 ff 0 1 0 1
6 0 0 26 ff 0 1 0 1
6 0 0 26 ff 0 1 0 1
6 0 0 26 ff 0 1 0 1
6 0 0 26 ff 0 1 0 1
6 0 0 26 ff 0 1 0 1
6 0 0 26 ff 0 1 0 1
6 0 0 26 ff 0 1 0 1
6 0 0 26 ff 0 1 0 1
6 0 0 26 ff 0 1 0 1
6 0 0 26 ff 0 1 0 1
6 0 0 26 ff 0 1 0 1
6 0 0 26 ff 0 1 0 1
6 0 0 26 ff 0 1 0 1
6 0 0 26 ff 0 1 0 1
6 0 0 26 ff 0 1 0 1
6 0 0 26 ff 0 1 0 1
6 0 0 26 ff 0 1 0 1
6 0 0 26 ff 0 1 0 1
6 0 1 26 ff 0 1 0 1
6 0 1 26 ff 0 1 0 1
6 0 1 26 ff 0 1 0 1
6 0 1 26 ff 0 1 0 1
6 0 1 26 ff 0 1 0 1
6 0 1 26 ff 0 1 0 1
6 0 1 26 ff 0 1 0 1
6 0 1 26 ff 0 1 0 1
6 0 0 26 ff 0 1 0 1
6 0 0 26 ff 0 1 0 1
6 0 0 26 ff 0 1 0 1
6 0 0 26 ff 0 1 0 1
6 0 0 26 ff 0 1 0 1
6 0 0 26 ff 0 1 0 1
6 0 0 26 ff 0 1 0 1
6 0 0 26 ff 0 1 0 1
6 0 1 26 ff 0 1 0 1
6 0 1 26 ff 0 1 0 1
6 0 1 26 ff 0 1 0 1
6 0 1 26 ff 0 1 0 1
6 0 1 26 ff 0 1 0 1
6 0 1 26 ff 0 1 0 1
6 0 1 26 ff 0 1 0 1
6 0 1 26 ff 0 1 0 1
6 0 0 26 ff 0 1 0 1
6 0 0 26 ff 0 1 0 1
6 0 0 26 ff 0 1 0 1
6 0 0 26 ff 0 1 0 1
6 0 0 26 ff 0 1 0 1
6 0 0 26 ff 0 1 0 1
6 0 0 26 ff 0 1 0 1
6 0 0 26 ff 0 1 0 1
6 0 1 26 ff 0 1 0 1
6 0 1 26 ff 0 1 0 1
6 0 1 26 ff 0 1 0 1
6 0 1 26 ff 0 1 0 1
6 0 1 26 ff 0 1 0 1
6 0 1 26 ff 0 1 0 1
6 0 1 26 ff 0 1 0 1
6 0 1 26 ff 0 1 0 1
6 0 1 26 ff 0 1 0 1
6 0 1 26 ff 0 1 0 1
6 0 1 26 ff 0 1 0 1
6 0 1 26 ff 0 1 0 1
6 0 1 a8 ff 1 1 0 1
6 0 1 a8 ff 0 1 0 1
6 0 1 a8 ff 0 1 0 1
6 0 1 a8 ff 0 1 0 1
6 0 1 a8 ff 0 1 0 1
6 0 0 a8 ff 0 1 0 1
6 0 0 a8 ff 0 1 0 1
6 0 0 a8 ff 0 1 0 1
6 0 0 a8 ff 0 1 0 1
6 0 0 a8 ff 0 1 0 1
6 0 0 a8 ff 0 1 0 1
6 0 0 a8 ff 0 1 0 1
6 0 0 a8 ff 0 1 0 1
6 0 0 a8 ff 0 1 0 1
6 0 0 a8 ff 0 1 0 1
6 0 0 a8 ff 0 1 0 1
6 0 0 a8 ff 0 1 0 1
6 0 0 a8 ff 0 1 0 1
6 0 0 a8 ff 0 1 0 1
6 0 0 a8 ff 0 1 0 1
6 0 0 a8 ff 0 1 0 1
6 0 0 a8 ff 0 1 0 1
6 0 0 a8 ff 0 1 0 1
6 0 0 a8 ff 0 1 0 1
6 0 0 a8 ff 0 1 0 1
6 0 0 a8 ff 0 1 0 1
6 0 0 a8 ff 0 1 0 1
6 0 0 a8 ff 0 1 0 1
6 0 0 a8 ff 0 1 0 1
6 0 0 a8 ff 0 1 0 1
6 0 0 a8 ff 0 1 0 1
6 0 0 a8 ff 0 1 0 1
6 0 0 a8 ff 0 1 0 1
6 0 0 a8 ff 0 1 0 1
6 0 0 a8 ff 0 1 0 1
6 0 0 a8 ff 0 1 0 1
6 0 0 a8 ff 0 1 0 1
6 0 0 a8 ff 0 1 0 1
6 0 0 a8 ff 0 1 0 1
6 0 0 a8 ff 0 1 0 1
6 0 0 a8 ff 0 1 0 1
6 0 0 a8 ff 0 1 0 1
6 0 0 a8 ff 0 1 0 1
6 0 0 a8 ff 0 1 0 1
6 0 0 a8 ff 0 1 0 1
6 0 0 a8 ff 0 1 0 1
6 0 0 a8 ff 0 1 0 1
6 0 0 a8 ff 0 1 0 1
6 0 0 a8 ff 0 1 0 1
6 0 0 a8 ff 0 1 0 1
6 0 0 a8 ff 0 1 0 1
6 0 0 a8 ff 0 1 0 1
6 0 0 a8 ff 0 1 0 1
6 0 1 a8 ff 0 1 0 1
6 0 1 a8 ff 0 1 0 1
6 0 1 a8 ff 0 1 0 1
6 0 1 a8 ff 0 1 0 1
6 0 1 a8 ff 0 1 0 1
6 0 1 a8 ff 0 1 0 1
6 0 1 a8 ff 0 1 0 1
6 0 1 a8 ff 0 1 0 1
6 0 0 a8 ff 0 1 0 1
6 0 0 a8 ff 0 1 0 1
6 0 0 a8 ff 0 1 0 1
6 0 0 a8 ff 0 1 0 1
6 0 0 a8 ff 0 1 0 1
6 0 0 a8 ff 0 1 0 1
6 0 0 a8 ff 0 1 0 1
6 0 0 a8 ff 0 1 0 1
6 0 0 a8 ff 0 1 0 1
6 0 0 a8 ff 0 1 0 1
6 0 0 a8 ff 0 1 0 1
6 0 0 a8 ff 0 1 0 1
6 0 0 a8 ff 0 1 0 1
6 0 0 a8 ff 0 1 0 1
6 0 0 a8 ff 0 1 0 1
6 0 0 a8 ff 0 1 0 1
6 0 1 a8 ff 0 1 0 1
6 0 1 a8 ff 0 1 0 1
6 0 1 a8 ff 0 1 0 1
6 0 1 a8 ff 0 1 0 1
6 0 1 20 ff 1 1 0 1
6 0 1 20 ff 0 1 0 1
6 0 1 20 ff 0 1 0 1
6 0 1 20 ff 0 1 0 1
6 0 1 20 ff 0 1 0 1
6 0 0 20 ff 0 1 0 1
6 0 0 20 ff 0 1 0 1
6 0 0 20 ff 0 1 0 1
6 0 0 20 ff 0 1 0 1
6 0 0 20 ff 0 1 0 1
6 0 0 20 ff 0 1 0 1
6 0 0 20 ff 0 1 0 1
6 0 0 20 ff 0 1 0 1
6 0 0 20 ff 0 1 0 1
6 0 0 20 ff 0 1 0 1
6 0 0 20 ff 0 1 0 1
6 0 0 20 ff 0 1 0 1
6 0 0 20 ff 0 1 0 1
6 0 0 20 ff 0 1 0 1
6 0 0 20 ff 0 1 0 1
6 0 0 20 ff 0 1 0 1
6 0 1 20 ff 0 1 0 1
6 0 1 20 ff 0 1 0 1
6 0 1 20 ff 0 1 0 1
6 0 1 20 ff 0 1 0 1
6 0 1 20 ff 0 1 0 1
6 0 1 20 ff 0 1 0 1
6 0 1 20 ff 0 1 0 1
6 0 1 20 ff 0 1 0 1
6 0 0 20 ff 0 1 0 1
6 0 0 20 ff 0 1 0 1
6 0 0 20 ff 0 1 0 1
6 0 0 20 ff 0 1 0 1
6 0 0 20 ff 0 1 0 1
6 0 0 20 ff 0 1 0 1
6 0 0 20 ff 0 1 0 1
6 0 0 20 ff 0 1 0 1
6 0 1 20 ff 0 1 0 1
6 0 1 20 ff 0 1 0 1
6 0 1 20 ff 0 1 0 1
6 0 1 20 ff 0 1 0 1
6 0 1 20 ff 0 1 0 1
6 0 1 20 ff 0 1 0 1
6 0 1 20 ff 0 1 0 1
6 0 1 20 ff 0 1 0 1
6 0 1 20 ff 0 1 0 1
6 0 1 20 ff 0 1 0 1
6 0 1 20 ff 0 1 0 1
6 0 1 20 ff 0 1 0 1
6 0 1 20 ff 0 1 0 1
6 0 1 20 ff 0 1 0 1
6 0 1 20 ff 0 1 0 1
6 0 1 20 ff 0 1 0 1
6 0 1 20 ff 0 1 0 1
6 0 1 20 ff 0 1 0 1
6 0 1 20 ff 0 1 0 1
6 0 1 20 ff 0 1 0 1
6 0 1 20 ff 0 1 0 1
6 0 1 20 ff 0 1 0 1
6 0 1 20 ff 0 1 0 1
6 0 1 20 ff 0 1 0 1
6 0 0 20 ff 0 1 0 1
6 0 0 20 ff 0 1 0 1
6 0 0 20 ff 0 1 0 1
6 0 0 20 ff 0 1 0 1
6 0 0 20 ff 0 1 0 1
6 0 0 20 ff 0 1 0 1
6 0 0 20 ff 0 1 0 1
6 0 0 20 ff 0 1 0 1
6 0 1 20 ff 0 1 0 1
6 0 1 20 ff 0 1 0 1
6 0 1 20 ff 0 1 0 1
6 0 1 20 ff 0 1 0 1
6 0 1 20 ff 0 1 0 1
6 0 1 20 ff 0 1 0 1
6 0 1 20 ff 0 1 0 1
6 0 1 20 ff 0 1 0 1
6 0 1 20 ff 0 1 0 1
6 0 1 20 ff 0 1 0 1
6 0 1 20 ff 0 1 0 1
6 0 1 20 ff 0 1 0 1
6 0 1 ba ff 1 1 0 1
6 0 1 ba ff 0 1 0 1
6 0 1 ba ff 0 1 0 1
6 0 1 ba ff 0 1 0 1
6 0 1 ba ff 0 1 0 1
6 0 1 ba ff 0 1 0 1
6 0 1 ba ff 0 1 0 1
6 0 1 ba ff 0 1 0 1
6 0 1 ba ff 0 1 0 1
6 0 1 ba ff 0 1 0 1
6 0 1 ba ff 0 1 0 1
6 0 1 ba ff 0 1 0 1
6 0 1 ba ff 0 1 0 1
6 0 1 ba ff 0 1 0 1
6 0 1 ba ff 0 1 0 1
6 0 1 ba ff 0 1 0 1
6 0 1 ba ff 0 1 0 1
6 0 0 ba ff 0 1 0 1
6 0 0 ba ff 0 1 0 1
6 0 0 ba ff 0 1 0 1
6 0 0 ba ff 0 1 0 1
6 0 0 ba ff 0 1 0 1
6 0 0 ba ff 0 1 0 1
6 0 0 ba ff 0 1 0 1
6 0 0 ba ff 0 1 0 1
6 0 0 ba ff 0 1 0 1
6 0 0 ba ff 0 1 0 1
6 0 0 ba ff 0 1 0 1
6 0 0 ba ff 0 1 0 1
6 0 0 ba ff 0 1 0 1
6 0 0 ba ff 0 1 0 1
6 0 0 ba ff 0 1 0 1
6 0 0 ba ff 0 1 0 1
6 0 0 ba ff 0 1 0 1
6 0 0 ba ff 0 1 0 1
6 0 0 ba ff 0 1 0 1
6 0 0 ba ff 0 1 0 1
6 0 0 ba ff 0 1 0 1
6 0 0 ba ff 0 1 0 1
6 0 0 ba ff 0 1 0 1
6 0 0 ba ff 0 1 0 1
6 0 1 ba ff 0 1 0 1
6 0 1 ba ff 0 1 0 1
6 0 1 ba ff 0 1 0 1
6 0 1 ba ff 0 1 0 1
6 0 1 ba ff 0 1 0 1
6 0 1 ba ff 0 1 0 1
6 0 1 ba ff 0 1 0 1
6 0 1 ba ff 0 1 0 1
6 0 0 ba ff 0 1 0 1
6 0 0 ba ff 0 1 0 1
6 0 0 ba ff 0 1 0 1
6 0 0 ba ff 0 1 0 1
6 0 0 ba ff 0 1 0 1
6 0 0 ba ff 0 1 0 1
6 0 0 ba ff 0 1 0 1
6 0 0 ba ff 0 1 0 1
6 0 1 ba ff 0 1 0 1
6 0 1 ba ff 0 1 0 1
6 0 1 ba ff 0 1 0 1
6 0 1 ba ff 0 1 0 1
6 0 1 ba ff 0 1 0 1
6 0 1 ba ff 0 1 0 1
6 0 1 ba ff 0 1 0 1
6 0 1 ba ff 0 1 0 1
6 0 1 ba ff 0 1 0 1
6 0 1 ba ff 0 1 0 1
6 0 1 ba ff 0 1 0 1
6 0 1 ba ff 0 1 0 1
6 0 1 ba ff 0 1 0 1
6 0 1 ba ff 0 1 0 1
6 0 1 ba ff 0 1 0 1
6 0 1 ba ff 0 1 0 1
6 0 1 ba ff 0 1 0 1
6 0 1 ba ff 0 1 0 1
6 0 1 ba ff 0 1 0 1
6 0 1 ba ff 0 1 0 1
6 0 1 ba ff 0 1 0 1
6 0 1 ba ff 0 1 0 1
6 0 1 ba ff 0 1 0 1
6 0 1 ba ff 0 1 0 1
6 0 1 ba ff 0 1 0 1
6 0 1 ba ff 0 1 0 1
6 0 1 ba ff 0 1 0 1
6 0 1 ba ff 0 1 0 1
6 0 1 ba ff 0 1 0 1
6 0 1 ba ff 0 1 0 1
6 0 1 ba ff 0 1 0 1
6 0 1 ba ff 0 1 0 1
6 0 1 ba ff 0 1 0 1
6 0 1 ba ff 0 1 0 1
6 0 1 ba ff 0 1 0 1
6 0 1 ba ff 0 1 0 1
6 0 1 f4 ff 1 1 0 1
6 0 1 f4 ff 0 1 0 1
6 0 1 f4 ff 0 1 0 1
6 0 1 f4 ff 0 1 0 1
6 0 1 f4 ff 0 1 0 1
6 0 1 f4 ff 0 1 0 1
6 0 1 f4 ff 0 1 0 1
6 0 1 f4 ff 0 1 0 1
6 0 1 f4 ff 0 1 0 1
6 0 1 f4 ff 0 1 0 1
6 0 0 f4 ff 0 1 0 1
6 0 0 f4 ff 0 1 0 1
6 0 0 f4 ff 0 1 0 1
6 0 0 f4 ff 0 1 0 1
6 0 0 f4 ff 0 1 0 1
6 0 0 f4 ff 0 1 0 1
6 0 0 f4 ff 0 1 0 1
6 0 0 f4 ff 0 1 0 1
6 0 1 f4 ff 0 1 0 1
6 0 1 f4 ff 0 1 0 1
6 0 1 f4 ff 0 1 0 1
6 0 1 f4 ff 0 1 0 1
6 0 1 f4 ff 0 1 0 1
6 0 1 f4 ff 0 1 0 1
6 0 1 f4 ff 0 1 0 1
6 0 1 f4 ff 0 1 0 1
6 0 0 f4 ff 0 1 0 1
6 0 0 f4 ff 0 1 0 1
6 0 0 f4 ff 0 1 0 1
6 0 0 f4 ff 0 1 0 1
6 0 0 f4 ff 0 1 0 1
6 0 0 f4 ff 0 1 0 1
6 0 0 f4 ff 0 1 0 1
6 0 0 f4 ff 0 1 0 1
6 0 0 f4 ff 0 1 0 1
6 0 0 f4 ff 0 1 0 1
6 0 0 f4 ff 0 1 0 1
6 0 0 f4 ff 0 1 0 1
6 0 0 f4 ff 0 1 0 1
6 0 0 f4 ff 0 1 0 1
6 0 0 f4 ff 0 1 0 1
6 0 0 f4 ff 0 1 0 1
6 0 1 f4 ff 0 1 0 1
6 0 1 f4 ff 0 1 0 1
6 0 1 f4 ff 0 1 0 1
6 0 1 f4 ff 0 1 0 1
6 0 1 f4 ff 0 1 0 1
6 0 1 f4 ff 0 1 0 1
6 0 1 f4 ff 0 1 0 1
6 0 1 f4 ff 0 1 0 1
6 0 0 f4 ff 0 1 0 1
6 0 0 f4 ff 0 1 0 1
6 0 0 f4 ff 0 1 0 1
6 0 0 f4 ff 0 1 0 1
6 0 0 f4 ff 0 1 0 1
6 0 0 f4 ff 0 1 0 1
6 0 0 f4 ff 0 1 0 1
6 0 0 f4 ff 0 1 0 1
6 0 0 f4 ff 0 1 0 1
6 0 0 f4 ff 0 1 0 1
6 0 0 f4 ff 0 1 0 1
6 0 0 f4 ff 0 1 0 1
6 0 0 f4 ff 0 1 0 1
6 0 0 f4 ff 0 1 0 1
6 0 0 f4 ff 0 1 0 1
6 0 0 f4 ff 0 1 0 1
6 0 1 f4 ff 0 1 0 1
6 0 1 f4 ff 0 1 0 1
6 0 1 f4 ff 0 1 0 1
6 0 1 f4 ff 0 1 0 1
6 0 1 f4 ff 0 1 0 1
6 0 1 f4 ff 0 1 0 1
6 0 1 f4 ff 0 1 0 1
6 0 1 f4 ff 0 1 0 1
6 0 1 f4 ff 0 1 0 1
6 0 1 f4 ff 0 1 0 1
6 0 1 f4 ff 0 1 0 1
6 0 1 f4 ff 0 1 0 1
6 0 1 f4 ff 0 1 0 1
6 0 1 f4 ff 0 1 0 1
6 0 1 f4 ff 0 1 0 1
6 0 1 f4 ff 0 1 0 1
6 0 1 f4 ff 0 1 0 1
6 0 1 f4 ff 0 1 0 1
6 0 1 f4 ff 0 1 0 1
6 0 1 f4 ff 0 1 0 1
6 0 1 c9 ff 1 1 0 1
6 0 1 c9 ff 0 1 0 1
6 0 1 c9 ff 0 1 0 1
6 0 1 c9 ff 0 1 0 1
6 0 1 c9 ff 0 1 0 1
6 0 1 c9 ff 0 1 0 1
6 0 1 c9 ff 0 1 0 1
6 0 1 c9 ff 0 1 0 1
6 0 1 c9 ff 0 1 0 1
6 0 1 c9 ff 0 1 0 1
6 0 1 c9 ff 0 1 0 1
6 0 0 c9 ff 0 1 0 1
6 0 0 c9 ff 0 1 0 1
6 0 0 c9 ff 0 1 0 1
6 0 0 c9 ff 0 1 0 1
6 0 0 c9 ff 0 1 0 1
6 0 0 c9 ff 0 1 0 1
6 0 0 c9 ff 0 1 0 1
6 0 0 c9 ff 0 1 0 1
6 0 0 c9 ff 0 1 0 1
6 0 0 c9 ff 0 1 0 1
6 0 0 c9 ff 0 1 0 1
6 0 0 c9 ff 0 1 0 1
6 0 0 c9 ff 0 1 0 1
6 0 0 c9 ff 0 1 0 1
6 0 0 c9 ff 0 1 0 1
6 0 0 c9 ff 0 1 0 1
6 0 0 c9 ff 0 1 0 1
6 0 0 c9 ff 0 1 0 1
6 0 0 c9 ff 0 1 0 1
6 0 0 c9 ff 0 1 0 1
6 0 0 c9 ff 0 1 0 1
6 0 0 c9 ff 0 1 0 1
6 0 0 c9 ff 0 1 0 1
6 0 0 c9 ff 0 1 0 1
6 0 1 c9 ff 0 1 0 1
6 0 1 c9 ff 0 1 0 1
6 0 1 c9 ff 0 1 0 1
6 0 1 c9 ff 0 1 0 1
6 0 1 c9 ff 0 1 0 1
6 0 1 c9 ff 0 1 0 1
6 0 1 c9 ff 0 1 0 1
6 0 1 c9 ff 0 1 0 1
6 0 0 c9 ff 0 1 0 1
6 0 0 c9 ff 0 1 0 1
6 0 0 c9 ff 0 1 0 1
6 0 0 c9 ff 0 1 0 1
6 0 0 c9 ff 0 1 0 1
6 0 0 c9 ff 0 1 0 1
6 0 0 c9 ff 0 1 0 1
6 0 0 c9 ff 0 1 0 1
6 0 0 c9 ff 0 1 0 1
6 0 0 c9 ff 0 1 0 1
6 0 0 c9 ff 0 1 0 1
6 0 0 c9 ff 0 1 0 1
6 0 0 c9 ff 0 1 0 1
6 0 0 c9 ff 0 1 0 1
6 0 0 c9 ff 0 1 0 1
6 0 0 c9 ff 0 1 0 1
6 0 1 c9 ff 0 1 0 1
6 0 1 c9 ff 0 1 0 1
6 0 1 c9 ff 0 1 0 1
6 0 1 c9 ff 0 1 0 1
6 0 1 c9 ff 0 1 0 1
6 0 1 c9 ff 0 1 0 1
6 0 1 c9 ff 0 1 0 1
6 0 1 c9 ff 0 1 0 1
6 0 0 c9 ff 0 1 0 1
6 0 0 c9 ff 0 1 0 1
6 0 0 c9 ff 0 1 0 1
6 0 0 c9 ff 0 1 0 1
6 0 0 c9 ff 0 1 0 1
6 0 0 c9 ff 0 1 0 1
6 0 0 c9 ff 0 1 0 1
6 0 0 c9 ff 0 1 0 1
6 0 0 c9 ff 0 1 0 1
6 0 0 c9 ff 0 1 0 1
6 0 0 c9 ff 0 1 0 1
6 0 0 c9 ff 0 1 0 1
6 0 0 c9 ff 0 1 0 1
6 0 0 c9 ff 0 1 0 1
6 0 0 c9 ff 0 1 0 1
6 0 0 c9 ff 0 1 0 1
6 0 1 c9 ff 0 1 0 1
6 0 1 c9 ff 0 1 0 1
6 0 1 c9 ff 0 1 0 1
6 0 1 c9 ff 0 1 0 1
6 0 1 24 ff 1 1 0 1
6 0 1 24 ff 0 1 0 1
6 0 1 24 ff 0 1 0 1
6 0 1 24 ff 0 1 0 1
6 0 1 24 ff 0 1 0 1
6 0 1 24 ff 0 1 0 1
6 0 1 24 ff 0 1 0 1
6 0 1 24 ff 0 1 0 1
6 0 1 24 ff 0 1 0 1
6 0 1 24 ff 0 1 0 1
6 0 1 24 ff 0 1 0 1
6 0 1 24 ff 0 1 0 1
6 0 1 24 ff 0 1 0 1
6 0 1 24 ff 0 1 0 1
6 0 1 24 ff 0 1 0 1
6 0 1 24 ff 0 1 0 1
6 0 0 24 ff 0 1 0 1
6 0 0 24 ff 0 1 0 1
6 0 0 24 ff 0 1 0 1
6 0 0 24 ff 0 1 0 1
6 0 0 24 ff 0 1 0 1
6 0 0 24 ff 0 1 0 1
6 0 0 24 ff 0 1 0 1
6 0 0 24 ff 0 1 0 1
6 0 1 24 ff 0 1 0 1
6 0 1 24 ff 0 1 0 1
6 0 1 24 ff 0 1 0 1
6 0 1 24 ff 0 1 0 1
6 0 1 24 ff 0 1 0 1
6 0 1 24 ff 0 1 0 1
6 0 1 24 ff 0 1 0 1
6 0 1 24 ff 0 1 0 1
6 0 0 24 ff 0 1 0 1
6 0 0 24 ff 0 1 0 1
6 0 0 24 ff 0 1 0 1
6 0 0 24 ff 0 1 0 1
6 0 0 24 ff 0 1 0 1
6 0 0 24 ff 0 1 0 1
6 0 0 24 ff 0 1 0 1
6 0 0 24 ff 0 1 0 1
6 0 1 24 ff 0 1 0 1
6 0 1 24 ff 0 1 0 1
6 0 1 24 ff 0 1 0 1
6 0 1 24 ff 0 1 0 1
6 0 1 24 ff 0 1 0 1
6 0 1 24 ff 0 1 0 1
6 0 1 24 ff 0 1 0 1
6 0 1 24 ff 0 1 0 1
6 0 1 24 ff 0 1 0 1
6 0 1 24 ff 0 1 0 1
6 0 1 24 ff 0 1 0 1
6 0 1 24 ff 0 1 0 1
6 0 1 24 ff 0 1 0 1
6 0 1 24 ff 0 1 0 1
6 0 1 24 ff 0 1 0 1
6 0 1 24 ff 0 1 0 1
6 0 1 24 ff 0 1 0 1
6 0 1 24 ff 0 1 0 1
6 0 1 24 ff 0 1 0 1
6 0 1 24 ff 0 1 0 1
6 0 1 24 ff 0 1 0 1
6 0 1 24 ff 0 1 0 1
6 0 1 24 ff 0 1 0 1
6 0 1 24 ff 0 1 0 1
6 0 0 24 ff 0 1 0 1
6 0 0 24 ff 0 1 0 1
6 0 0 24 ff 0 1 0 1
6 0 0 24 ff 0 1 0 1
6 0 0 24 ff 0 1 0 1
6 0 0 24 ff 0 1 0 1
6 0 0 24 ff 0 1 0 1
6 0 0 24 ff 0 1 0 1
6 0 1 24 ff 0 1 0 1
6 0 1 24 ff 0 1 0 1
6 0 1 24 ff 0 1 0 1
6 0 1 24 ff 0 1 0 1
6 0 1 24 ff 0 1 0 1
6 0 1 24 ff 0 1 0 1
6 0 1 24 ff 0 1 0 1
6 0 1 24 ff 0 1 0 1
6 0 0 24 ff 0 1 0 1
6 0 0 24 ff 0 1 0 1
6 0 0 24 ff 0 1 0 1
6 0 0 24 ff 0 1 0 1
6 0 0 24 ff 0 1 0 1
6 0 0 24 ff 0 1 0 1
6 0 0 24 ff 0 1 0 1
6 0 0 24 ff 0 1 0 1
6 0 1 24 ff 0 1 0 1
6 0 1 24 ff 0 1 0 1
6 0 1 24 ff 0 1 0 1
6 0 1 24 ff 0 1 0 1
6 0 1 5d ff 1 1 0 1
6 0 1 5d ff 0 1 0 1
6 0 1 5d ff 0 1 0 1
6 0 1 5d ff 0 1 0 1
6 0 0 5d ff 0 1 0 1
6 0 0 5d ff 0 1 0 1
6 0 0 5d ff 0 1 0 1
6 0 0 5d ff 0 1 0 1
6 0 0 5d ff 0 1 0 1
6 0 0 5d ff 0 1 0 1
6 0 0 5d ff 0 1 0 1
6 0 0 5d ff 0 1 0 1
6 0 1 5d ff 0 1 0 1
6 0 1 5d ff 0 1 0 1
6 0 1 5d ff 0 1 0 1
6 0 1 5d ff 0 1 0 1
6 0 1 5d ff 0 1 0 1
6 0 1 5d ff 0 1 0 1
6 0 1 5d ff 0 1 0 1
6 0 1 5d ff 0 1 0 1
6 0 1 5d ff 0 1 0 1
6 0 1 5d ff 0 1 0 1
6 0 1 5d ff 0 1 0 1
6 0 1 5d ff 0 1 0 1
6 0 1 5d ff 0 1 0 1
6 0 1 5d ff 0 1 0 1
6 0 1 5d ff 0 1 0 1
6 0 1 5d ff 0 1 0 1
6 0 1 5d ff 0 1 0 1
6 0 1 5d ff 0 1 0 1
6 0 1 5d ff 0 1 0 1
6 0 1 5d ff 0 1 0 1
6 0 1 5d ff 0 1 0 1
6 0 1 5d ff 0 1 0 1
6 0 1 5d ff 0 1 0 1
6 0 1 5d ff 0 1 0 1
6 0 0 5d ff 0 1 0 1
6 0 0 5d ff 0 1 0 1
6 0 0 5d ff 0 1 0 1
6 0 0 5d ff 0 1 0 1
6 0 0 5d ff 0 1 0 1
6 0 0 5d ff 0 1 0 1
6 0 0 5d ff 0 1 0 1
6 0 0 5d ff 0 1 0 1
6 0 1 5d ff 0 1 0 1
6 0 1 5d ff 0 1 0 1
6 0 1 5d ff 0 1 0 1
6 0 1 5d ff 0 1 0 1
6 0 1 5d ff 0 1 0 1
6 0 1 5d ff 0 1 0 1
6 0 1 5d ff 0 1 0 1
6 0 1 5d ff 0 1 0 1
6 0 1 5d ff 0 1 0 1
6 0 1 5d ff 0 1 0 1
6 0 1 5d ff 0 1 0 1
6 0 1 5d ff 0 1 0 1
6 0 1 5d ff 0 1 0 1
6 0 1 5d ff 0 1 0 1
6 0 1 5d ff 0 1 0 1
6 0 1 5d ff 0 1 0 1
6 0 1 5d ff 0 1 0 1
6 0 1 5d ff 0 1 0 1
6 0 1 5d ff 0 1 0 1
6 0 1 5d ff 0 1 0 1
6 0 1 5d ff 0 1 0 1
6 0 1 5d ff 0 1 0 1
6 0 1 5d ff 0 1 0 1
6 0 1 5d ff 0 1 0 1
6 0 1 5d ff 0 1 0 1
6 0 1 5d ff 0 1 0 1
6 0 1 5d ff 0 1 0 1
6 0 1 5d ff 0 1 0 1
6 0 1 5d ff 0 1 0 1
6 0 1 5d ff 0 1 0 1
6 0 1 5d ff 0 1 0 1
6 0 1 5d ff 0 1 0 1
6 0 1 5d ff 0 1 0 1
6 0 1 5d ff 0 1 0 1
6 0 1 5d ff 0 1 0 1
6 0 1 5d ff 0 1 0 1
6 0 1 f7 ff 1 1 0 1
6 0 1 f7 ff 0 1 0 1
6 0 1 f7 ff 0 1 0 1
6 0 1 f7 ff 0 1 0 1
6 0 1 f7 ff 0 1 0 1
6 0 1 f7 ff 0 1 0 1
6 0 1 f7 ff 0 1 0 1
6 0 1 f7 ff 0 1 0 1
6 0 1 f7 ff 0 1 0 1
6 0 1 f7 ff 0 1 0 1
6 0 1 f7 ff 0 1 0 1
6 0 1 f7 ff 0 1 0 1
6 0 1 f7 ff 0 1 0 1
6 0 1 f7 ff 0 1 0 1
6 0 1 f7 ff 0 1 0 1
6 0 1 f7 ff 0 1 0 1
6 0 1 f7 ff 0 1 0 1
6 0 1 f7 ff 0 1 0 1
6 0 1 f7 ff 0 1 0 1
6 0 1 f7 ff 0 1 0 1
6 0 1 f7 ff 0 1 0 1
6 0 0 f7 ff 0 1 0 1
6 0 0 f7 ff 0 1 0 1
6 0 0 f7 ff 0 1 0 1
6 0 0 f7 ff 0 1 0 1
6 0 0 f7 ff 0 1 0 1
6 0 0 f7 ff 0 1 0 1
6 0 0 f7 ff 0 1 0 1
6 0 0 f7 ff 0 1 0 1
6 0 1 f7 ff 0 1 0 1
6 0 1 f7 ff 0 1 0 1
6 0 1 f7 ff 0 1 0 1
6 0 1 f7 ff 0 1 0 1
6 0 1 f7 ff 0 1 0 1
6 0 1 f7 ff 0 1 0 1
6 0 1 f7 ff 0 1 0 1
6 0 1 f7 ff 0 1 0 1
6 0 1 f7 ff 0 1 0 1
6 0 1 f7 ff 0 1 0 1
6 0 1 f7 ff 0 1 0 1
6 0 1 f7 ff 0 1 0 1
6 0 1 f7 ff 0 1 0 1
6 0 1 f7 ff 0 1 0 1
6 0 1 f7 ff 0 1 0 1
6 0 1 f7 ff 0 1 0 1
6 0 1 f7 ff 0 1 0 1
6 0 1 f7 ff 0 1 0 1
6 0 1 f7 ff 0 1 0 1
6 0 1 f7 ff 0 1 0 1
6 0 1 f7 ff 0 1 0 1
6 0 1 f7 ff 0 1 0 1
6 0 1 f7 ff 0 1 0 1
6 0 1 f7 ff 0 1 0 1
6 0 1 f7 ff 0 1 0 1
6 0 1 f7 ff 0 1 0 1
6 0 1 f7 ff 0 1 0 1
6 0 1 f7 ff 0 1 0 1
6 0 1 f7 ff 0 1 0 1
6 0 1 f7 ff 0 1 0 1
6 0 1 f7 ff 0 1 0 1
6 0 1 f7 ff 0 1 0 1
6 0 1 f7 ff 0 1 0 1
6 0 1 f7 ff 0 1 0 1
6 0 1 f7 ff 0 1 0 1
6 0 1 f7 ff 0 1 0 1
6 0 1 f7 ff 0 1 0 1
6 0 1 f7 ff 0 1 0 1
6 0 1 f7 ff 0 1 0 1
6 0 1 f7 ff 0 1 0 1
6 0 0 f7 ff 0 1 0 1
6 0 0 f7 ff 0 1 0 1
6 0 0 f7 ff 0 1 0 1
6 0 0 f7 ff 0 1 0 1
6 0 0 f7 ff 0 1 0 1
6 0 0 f7 ff 0 1 0 1
6 0 0 f7 ff 0 1 0 1
6 0 0 f7 ff 0 1 0 1
6 0 0 f7 ff 0 1 0 1
6 0 0 f7 ff 0 1 0 1
6 0 0 f7 ff 0 1 0 1
6 0 0 f7 ff 0 1 0 1
6 0 0 f7 ff 0 1 0 1
6 0 0 f7 ff 0 1 0 1
6 0 0 f7 ff 0 1 0 1
6 0 0 f7 ff 0 1 0 1
6 0 0 f7 ff 0 1 0 1
6 0 0 f7 ff 0 1 0 1
6 0 0 f7 ff 0 1 0 1
6 0 0 f7 ff 0 1 0 1
6 0 0 f7 ff 0 1 0 1
6 0 0 f7 ff 0 1 0 1
6 0 0 f7 ff 0 1 0 1
6 0 0 f7 ff 0 1 0 1
6 0 1 f7 ff 0 1 0 1
6 0 1 f7 ff 0 1 0 1
6 0 1 f7 ff 0 1 0 1
6 0 1 f7 ff 0 1 0 1
6 0 1 1f ff 1 1 0 1
6 0 1 1f ff 0 1 0 1
6 0 1 1f ff 0 1 0 1
6 0 1 1f ff 0 1 0 1
6 0 1 1f ff 0 1 0 1
6 0 1 1f ff 0 1 0 1
6 0 1 1f ff 0 1 0 1
6 0 1 1f ff 0 1 0 1
6 0 1 1f ff 0 1 0 1
6 0 1 1f ff 0 1 0 1
6 0 1 1f ff 0 1 0 1
6 0 1 1f ff 0 1 0 1
6 0 1 1f ff 0 1 0 1
6 0 1 1f ff 0 1 0 1
6 0 1 1f ff 0 1 0 1
6 0 1 1f ff 0 1 0 1
6 0 1 1f ff 0 1 0 1
6 0 1 1f ff 0 1 0 1
6 0 0 1f ff 0 1 0 1
6 0 0 1f ff 0 1 0 1
6 0 0 1f ff 0 1 0 1
6 0 0 1f ff 0 1 0 1
6 0 0 1f ff 0 1 0 1
6 0 0 1f ff 0 1 0 1
6 0 0 1f ff 0 1 0 1
6 0 0 1f ff 0 1 0 1
6 0 1 1f ff 0 1 0 1
6 0 1 1f ff 0 1 0 1
6 0 1 1f ff 0 1 0 1
6 0 1 1f ff 0 1 0 1
6 0 1 1f ff 0 1 0 1
6 0 1 1f ff 0 1 0 1
6 0 1 1f ff 0 1 0 1
6 0 1 1f ff 0 1 0 1
6 0 0 1f ff 0 1 0 1
6 0 0 1f ff 0 1 0 1
6 0 0 1f ff 0 1 0 1
6 0 0 1f ff 0 1 0 1
6 0 0 1f ff 0 1 0 1
6 0 0 1f ff 0 1 0 1
6 0 0 1f ff 0 1 0 1
6 0 0 1f ff 0 1 0 1
6 0 0 1f ff 0 1 0 1
6 0 0 1f ff 0 1 0 1
6 0 0 1f ff 0 1 0 1
6 0 0 1f ff 0 1 0 1
6 0 0 1f ff 0 1 0 1
6 0 0 1f ff 0 1 0 1
6 0 0 1f ff 0 1 0 1
6 0 0 1f ff 0 1 0 1
6 0 1 1f ff 0 1 0 1
6 0 1 1f ff 0 1 0 1
6 0 1 1f ff 0 1 0 1
6 0 1 1f ff 0 1 0 1
6 0 1 1f ff 0 1 0 1
6 0 1 1f ff 0 1 0 1
6 0 1 1f ff 0 1 0 1
6 0 1 1f ff 0 1 0 1
6 0 1 1f ff 0 1 0 1
6 0 1 1f ff 0 1 0 1
6 0 1 1f ff 0 1 0 1
6 0 1 1f ff 0 1 0 1
6 0 1 1f ff 0 1 0 1
6 0 1 1f ff 0 1 0 1
6 0 1 1f ff 0 1 0 1
6 0 1 1f ff 0 1 0 1
6 0 0 1f ff 0 1 0 1
6 0 0 1f ff 0 1 0 1
6 0 0 1f ff 0 1 0 1
6 0 0 1f ff 0 1 0 1
6 0 0 1f ff 0 1 0 1
6 0 0 1f ff 0 1 0 1
6 0 0 1f ff 0 1 0 1
6 0 0 1f ff 0 1 0 1
6 0 0 1f ff 0 1 0 1
6 0 0 1f ff 0 1 0 1
6 0 0 1f ff 0 1 0 1
6 0 0 1f ff 0 1 0 1
6 0 0 1f ff 0 1 0 1
6 0 0 1f ff 0 1 0 1
6 0 0 1f ff 0 1 0 1
6 0 0 1f ff 0 1 0 1
6 0 1 1f ff 0 1 0 1
6 0 1 1f ff 0 1 0 1
6 0 1 1f ff 0 1 0 1
6 0 1 1f ff 0 1 0 1
6 0 1 1f ff 0 1 0 1
6 0 1 1f ff 0 1 0 1
6 0 1 1f ff 0 1 0 1
6 0 1 1f ff 0 1 0 1
6 0 1 1f ff 0 1 0 1
6 0 1 1f ff 0 1 0 1
6 0 1 1f ff 0 1 0 1
6 0 1 1f ff 0 1 0 1
6 0 1 99 ff 1 1 0 1
6 0 1 99 ff 0 1 0 1
6 0 1 99 ff 0 1 0 1
6 0 1 99 ff 0 1 0 1
6 0 1 99 ff 0 1 0 1
6 0 1 99 ff 0 1 0 1
6 0 1 99 ff 0 1 0 1
6 0 1 99 ff 0 1 0 1
6 0 1 99 ff 0 1 0 1
6 0 1 99 ff 0 1 0 1
6 0 1 99 ff 0 1 0 1
6 0 1 99 ff 0 1 0 1
6 0 1 99 ff 0 1 0 1
6 0 1 99 ff 0 1 0 1
6 0 0 99 ff 0 1 0 1
6 0 0 99 ff 0 1 0 1
6 0 0 99 ff 0 1 0 1
6 0 0 99 ff 0 1 0 1
6 0 0 99 ff 0 1 0 1
6 0 0 99 ff 0 1 0 1
6 0 0 99 ff 0 1 0 1
6 0 0 99 ff 0 1 0 1
6 0 1 99 ff 0 1 0 1
6 0 1 99 ff 0 1 0 1
6 0 1 99 ff 0 1 0 1
6 0 1 99 ff 0 1 0 1
6 0 1 99 ff 0 1 0 1
6 0 1 99 ff 0 1 0 1
6 0 1 99 ff 0 1 0 1
6 0 1 99 ff 0 1 0 1
6 0 0 99 ff 0 1 0 1
6 0 0 99 ff 0 1 0 1
6 0 0 99 ff 0 1 0 1
6 0 0 99 ff 0 1 0 1
6 0 0 99 ff 0 1 0 1
6 0 0 99 ff 0 1 0 1
6 0 0 99 ff 0 1 0 1
6 0 0 99 ff 0 1 0 1
6 0 0 99 ff 0 1 0 1
6 0 0 99 ff 0 1 0 1
6 0 0 99 ff 0 1 0 1
6 0 0 99 ff 0 1 0 1
6 0 0 99 ff 0 1 0 1
6 0 0 99 ff 0 1 0 1
6 0 0 99 ff 0 1 0 1
6 0 0 99 ff 0 1 0 1
6 0 1 99 ff 0 1 0 1
6 0 1 99 ff 0 1 0 1
6 0 1 99 ff 0 1 0 1
6 0 1 99 ff 0 1 0 1
6 0 1 99 ff 0 1 0 1
6 0 1 99 ff 0 1 0 1
6 0 1 99 ff 0 1 0 1
6 0 1 99 ff 0 1 0 1
6 0 1 99 ff 0 1 0 1
6 0 1 99 ff 0 1 0 1
6 0 1 99 ff 0 1 0 1
6 0 1 99 ff 0 1 0 1
6 0 1 99 ff 0 1 0 1
6 0 1 99 ff 0 1 0 1
6 0 1 99 ff 0 1 0 1
6 0 1 99 ff 0 1 0 1
6 0 0 99 ff 0 1 0 1
6 0 0 99 ff 0 1 0 1
6 0 0 99 ff 0 1 0 1
6 0 0 99 ff 0 1 0 1
6 0 0 99 ff 0 1 0 1
6 0 0 99 ff 0 1 0 1
6 0 0 99 ff 0 1 0 1
6 0 0 99 ff 0 1 0 1
6 0 1 99 ff 0 1 0 1
6 0 1 99 ff 0 1 0 1
6 0 1 99 ff 0 1 0 1
6 0 1 99 ff 0 1 0 1
6 0 1 99 ff 0 1 0 1
6 0 1 99 ff 0 1 0 1
6 0 1 99 ff 0 1 0 1
6 0 1 99 ff 0 1 0 1
6 0 1 99 ff 0 1 0 1
6 0 1 99 ff 0 1 0 1
6 0 1 99 ff 0 1 0 1
6 0 1 99 ff 0 1 0 1
6 0 1 99 ff 0 1 0 1
6 0 1 99 ff 0 1 0 1
6 0 1 99 ff 0 1 0 1
6 0 1 99 ff 0 1 0 1
6 0 1 99 ff 0 1 0 1
6 0 1 99 ff 0 1 0 1
6 0 1 99 ff 0 1 0 1
6 0 1 99 ff 0 1 0 1
6 0 1 d9 ff 1 1 0 1
6 0 1 d9 ff 0 1 0 1
6 0 1 d9 ff 0 1 0 1
6 0 1 d9 ff 0 1 0 1
6 0 1 d9 ff 0 1 0 1
6 0 1 d9 ff 0 1 0 1
6 0 1 d9 ff 0 1 0 1
6 0 1 d9 ff 0 1 0 1
6 0 1 d9 ff 0 1 0 1
6 0 1 d9 ff 0 1 0 1
6 0 0 d9 ff 0 1 0 1
6 0 0 d9 ff 0 1 0 1
6 0 0 d9 ff 0 1 0 1
6 0 0 d9 ff 0 1 0 1
6 0 0 d9 ff 0 1 0 1
6 0 0 d9 ff 0 1 0 1
6 0 0 d9 ff 0 1 0 1
6 0 0 d9 ff 0 1 0 1
6 0 0 d9 ff 0 1 0 1
6 0 0 d9 ff 0 1 0 1
6 0 0 d9 ff 0 1 0 1
6 0 0 d9 ff 0 1 0 1
6 0 0 d9 ff 0 1 0 1
6 0 0 d9 ff 0 1 0 1
6 0 0 d9 ff 0 1 0 1
6 0 0 d9 ff 0 1 0 1
6 0 1 d9 ff 0 1 0 1
6 0 1 d9 ff 0 1 0 1
6 0 1 d9 ff 0 1 0 1
6 0 1 d9 ff 0 1 0 1
6 0 1 d9 ff 0 1 0 1
6 0 1 d9 ff 0 1 0 1
6 0 1 d9 ff 0 1 0 1
6 0 1 d9 ff 0 1 0 1
6 0 1 d9 ff 0 1 0 1
6 0 1 d9 ff 0 1 0 1
6 0 1 d9 ff 0 1 0 1
6 0 1 d9 ff 0 1 0 1
6 0 1 d9 ff 0 1 0 1
6 0 1 d9 ff 0 1 0 1
6 0 1 d9 ff 0 1 0 1
6 0 1 d9 ff 0 1 0 1
6 0 1 d9 ff 0 1 0 1
6 0 1 d9 ff 0 1 0 1
6 0 1 d9 ff 0 1 0 1
6 0 1 d9 ff 0 1 0 1
6 0 1 d9 ff 0 1 0 1
6 0 1 d9 ff 0 1 0 1
6 0 1 d9 ff 0 1 0 1
6 0 1 d9 ff 0 1 0 1
6 0 0 d9 ff 0 1 0 1
6 0 0 d9 ff 0 1 0 1
6 0 0 d9 ff 0 1 0 1
6 0 0 d9 ff 0 1 0 1
6 0 0 d9 ff 0 1 0 1
6 0 0 d9 ff 0 1 0 1
6 0 0 d9 ff 0 1 0 1
6 0 0 d9 ff 0 1 0 1
6 0 0 d9 ff 0 1 0 1
6 0 0 d9 ff 0 1 0 1
6 0 0 d9 ff 0 1 0 1
6 0 0 d9 ff 0 1 0 1
6 0 0 d9 ff 0 1 0 1
6 0 0 d9 ff 0 1 0 1
6 0 0 d9 ff 0 1 0 1
6 0 0 d9 ff 0 1 0 1
6 0 0 d9 ff 0 1 0 1
6 0 0 d9 ff 0 1 0 1
6 0 0 d9 ff 0 1 0 1
6 0 0 d9 ff 0 1 0 1
6 0 0 d9 ff 0 1 0 1
6 0 0 d9 ff 0 1 0 1
6 0 0 d9 ff 0 1 0 1
6 0 0 d9 ff 0 1 0 1
6 0 0 d9 ff 0 1 0 1
6 0 0 d9 ff 0 1 0 1
6 0 0 d9 ff 0 1 0 1
6 0 0 d9 ff 0 1 0 1
6 0 0 d9 ff 0 1 0 1
6 0 0 d9 ff 0 1 0 1
6 0 0 d9 ff 0 1 0 1
6 0 0 d9 ff 0 1 0 1
6 0 1 d9 ff 0 1 0 1
6 0 1 d9 ff 0 1 0 1
6 0 1 d9 ff 0 1 0 1
6 0 1 d9 ff 0 1 0 1
6 0 1 0e ff 1 1 0 1
6 0 1 0e ff 0 1 0 1
6 0 1 0e ff 0 1 0 1
6 0 1 0e ff 0 1 0 1
6 0 1 0e ff 0 1 0 1
6 0 1 0e ff 0 1 0 1
6 0 1 0e ff 0 1 0 1
6 0 1 0e ff 0 1 0 1
6 0 1 0e ff 0 1 0 1
6 0 1 0e ff 0 1 0 1
6 0 1 0e ff 0 1 0 1
6 0 1 0e ff 0 1 0 1
6 0 1 0e ff 0 1 0 1
6 0 1 0e ff 0 1 0 1
6 0 1 0e ff 0 1 0 1
6 0 1 0e ff 0 1 0 1
6 0 1 0e ff 0 1 0 1
6 0 1 0e ff 0 1 0 1
6 0 1 0e ff 0 1 0 1
6 0 1 0e ff 0 1 0 1
6 0 1 0e ff 0 1 0 1
6 0 1 0e ff 0 1 0 1
6 0 1 0e ff 0 1 0 1
6 0 0 0e ff 0 1 0 1
6 0 0 0e ff 0 1 0 1
6 0 0 0e ff 0 1 0 1
6 0 0 0e ff 0 1 0 1
6 0 0 0e ff 0 1 0 1
6 0 0 0e ff 0 1 0 1
6 0 0 0e ff 0 1 0 1
6 0 0 0e ff 0 1 0 1
6 0 0 0e ff 0 1 0 1
6 0 0 0e ff 0 1 0 1
6 0 0 0e ff 0 1 0 1
6 0 0 0e ff 0 1 0 1
6 0 0 0e ff 0 1 0 1
6 0 0 0e ff 0 1 0 1
6 0 0 0e ff 0 1 0 1
6 0 0 0e ff 0 1 0 1
6 0 1 0e ff 0 1 0 1
6 0 1 0e ff 0 1 0 1
6 0 1 0e ff 0 1 0 1
6 0 1 0e ff 0 1 0 1
6 0 1 0e ff 0 1 0 1
6 0 1 0e ff 0 1 0 1
6 0 1 0e ff 0 1 0 1
6 0 1 0e ff 0 1 0 1
6 0 0 0e ff 0 1 0 1
6 0 0 0e ff 0 1 0 1
6 0 0 0e ff 0 1 0 1
6 0 0 0e ff 0 1 0 1
6 0 0 0e ff 0 1 0 1
6 0 0 0e ff 0 1 0 1
6 0 0 0e ff 0 1 0 1
6 0 0 0e ff 0 1 0 1
6 0 0 0e ff 0 1 0 1
6 0 0 0e ff 0 1 0 1
6 0 0 0e ff 0 1 0 1
6 0 0 0e ff 0 1 0 1
6 0 0 0e ff 0 1 0 1
6 0 0 0e ff 0 1 0 1
6 0 0 0e ff 0 1 0 1
6 0 0 0e ff 0 1 0 1
6 0 0 0e ff 0 1 0 1
6 0 0 0e ff 0 1 0 1
6 0 0 0e ff 0 1 0 1
6 0 0 0e ff 0 1 0 1
6 0 0 0e ff 0 1 0 1
6 0 0 0e ff 0 1 0 1
6 0 0 0e ff 0 1 0 1
6 0 0 0e ff 0 1 0 1
6 0 1 0e ff 0 1 0 1
6 0 1 0e ff 0 1 0 1
6 0 1 0e ff 0 1 0 1
6 0 1 0e ff 0 1 0 1
6 0 1 0e ff 0 1 0 1
6 0 1 0e ff 0 1 0 1
6 0 1 0e ff 0 1 0 1
6 0 1 0e ff 0 1 0 1
6 0 1 0e ff 0 1 0 1
6 0 1 0e ff 0 1 0 1
6 0 1 0e ff 0 1 0 1
6 0 1 0e ff 0 1 0 1
6 0 1 0e ff 0 1 0 1
6 0 1 0e ff 0 1 0 1
6 0 1 0e ff 0 1 0 1
6 0 1 0e ff 0 1 0 1
6 0 0 0e ff 0 1 0 1
6 0 0 0e ff 0 1 0 1
6 0 0 0e ff 0 1 0 1
6 0 0 0e ff 0 1 0 1
6 0 0 0e ff 0 1 0 1
6 0 0 0e ff 0 1 0 1
6 0 0 0e ff 0 1 0 1
6 0 0 0e ff 0 1 0 1
6 0 1 0e ff 0 1 0 1
6 0 1 0e ff 0 1 0 1
6 0 1 0e ff 0 1 0 1
6 0 1 0e ff 0 1 0 1
6 0 1 62 ff 1 1 0 1
6 0 1 62 ff 0 1 0 1
6 0 1 62 ff 0 1 0 1
6 0 1 62 ff 0 1 0 1
6 0 1 62 ff 0 1 0 1
6 0 1 62 ff 0 1 0 1
6 0 1 62 ff 0 1 0 1
6 0 1 62 ff 0 1 0 1
6 0 0 62 ff 0 1 0 1
6 0 0 62 ff 0 1 0 1
6 0 0 62 ff 0 1 0 1
6 0 0 62 ff 0 1 0 1
6 0 0 62 ff 0 1 0 1
6 0 0 62 ff 0 1 0 1
6 0 0 62 ff 0 1 0 1
6 0 0 62 ff 0 1 0 1
6 0 1 62 ff 0 1 0 1
6 0 1 62 ff 0 1 0 1
6 0 1 62 ff 0 1 0 1
6 0 1 62 ff 0 1 0 1
6 0 1 62 ff 0 1 0 1
6 0 1 62 ff 0 1 0 1
6 0 1 62 ff 0 1 0 1
6 0 1 62 ff 0 1 0 1
6 0 1 62 ff 0 1 0 1
6 0 1 62 ff 0 1 0 1
6 0 1 62 ff 0 1 0 1
6 0 1 62 ff 0 1 0 1
6 0 1 62 ff 0 1 0 1
6 0 1 62 ff 0 1 0 1
6 0 1 62 ff 0 1 0 1
6 0 1 62 ff 0 1 0 1
6 0 1 62 ff 0 1 0 1
6 0 1 62 ff 0 1 0 1
6 0 1 62 ff 0 1 0 1
6 0 1 62 ff 0 1 0 1
6 0 1 62 ff 0 1 0 1
6 0 1 62 ff 0 1 0 1
6 0 1 62 ff 0 1 0 1
6 0 1 62 ff 0 1 0 1
6 0 1 62 ff 0 1 0 1
6 0 1 62 ff 0 1 0 1
6 0 1 62 ff 0 1 0 1
6 0 1 62 ff 0 1 0 1
6 0 1 62 ff 0 1 0 1
6 0 1 62 ff 0 1 0 1
6 0 1 62 ff 0 1 0 1
6 0 1 62 ff 0 1 0 1
6 0 0 62 ff 0 1 0 1
6 0 0 62 ff 0 1 0 1
6 0 0 62 ff 0 1 0 1
6 0 0 62 ff 0 1 0 1
6 0 0 62 ff 0 1 0 1
6 0 0 62 ff 0 1 0 1
6 0 0 62 ff 0 1 0 1
6 0 0 62 ff 0 1 0 1
6 0 0 62 ff 0 1 0 1
6 0 0 62 ff 0 1 0 1
6 0 0 62 ff 0 1 0 1
6 0 0 62 ff 0 1 0 1
6 0 0 62 ff 0 1 0 1
6 0 0 62 ff 0 1 0 1
6 0 0 62 ff 0 1 0 1
6 0 0 62 ff 0 1 0 1
6 0 0 62 ff 0 1 0 1
6 0 0 62 ff 0 1 0 1
6 0 0 62 ff 0 1 0 1
6 0 0 62 ff 0 1 0 1
6 0 0 62 ff 0 1 0 1
6 0 0 62 ff 0 1 0 1
6 0 0 62 ff 0 1 0 1
6 0 0 62 ff 0 1 0 1
6 0 0 62 ff 0 1 0 1
6 0 0 62 ff 0 1 0 1
6 0 0 62 ff 0 1 0 1
6 0 0 62 ff 0 1 0 1
6 0 0 62 ff 0 1 0 1
6 0 0 62 ff 0 1 0 1
6 0 0 62 ff 0 1 0 1
6 0 0 62 ff 0 1 0 1
6 0 0 62 ff 0 1 0 1
6 0 0 62 ff 0 1 0 1
6 0 0 62 ff 0 1 0 1
6 0 0 62 ff 0 1 0 1
6 0 0 62 ff 0 1 1 1
6 0 0 62 ff 0 1 0 1
6 0 0 62 ff 0 1 0 1
6 0 0 62 ff 0 1 0 1
6 0 1 62 ff 0 1 0 1
6 0 1 62 ff 0 1 0 1
6 0 1 62 ff 0 1 0 1
6 0 0 62 ff 0 1 0 1
6 0 0 62 ff 0 1 0 1
6 0 0 62 ff 0 1 0 1
6 0 1 62 ff 0 1 0 1
6 0 1 62 ff 0 1 0 1
6 0 1 62 ff 0 1 0 1
6 0 1 62 ff 0 1 0 1
6 0 0 62 ff 0 1 0 1
6 0 0 62 ff 0 1 0 1
6 0 0 62 ff 0 1 0 1
6 0 0 62 ff 0 1 0 1
6 0 0 62 ff 0 1 0 1
6 0 0 62 ff 0 1 0 1
6 0 0 62 ff 0 1 0 1
6 0 0 62 ff 0 1 0 1
6 0 0 62 ff 0 1 0 1
6 0 0 62 ff 0 1 0 1
6 0 0 62 ff 0 1 0 1
6 0 0 62 ff 0 1 0 1
6 0 0 62 ff 0 1 0 1
6 0 0 62 ff 0 1 0 1
6 0 0 62 ff 0 1 0 1
6 0 0 62 ff 0 1 0 1
6 0 0 62 ff 0 1 0 1
6 0 0 62 ff 0 1 0 1
6 0 0 62 ff 0 1 0 1
6 0 0 62 ff 0 1 0 1
6 0 0 62 ff 0 1 0 1
6 0 0 62 ff 0 1 0 1
6 0 0 62 ff 0 1 0 1
6 0 0 62 ff 0 1 0 1
6 0 1 62 ff 0 1 0 1
6 0 1 62 ff 0 1 0 1
6 0 1 62 ff 0 1 0 1
6 0 1 62 ff 0 1 0 1
6 0 1 62 ff 0 1 0 1
6 0 1 62 ff 0 1 0 1
6 0 1 62 ff 0 1 0 1
6 0 1 62 ff 0 1 0 1
6 0 1 62 ff 0 1 0 1
6 0 1 62 ff 0 1 0 1
6 0 1 62 ff 0 1 0 1
6 0 1 62 ff 0 1 0 1
6 0 1 62 ff 0 1 0 1
6 0 1 62 ff 0 1 0 1
6 0 1 62 ff 0 1 0 1
6 0 1 62 ff 0 1 0 1
6 0 0 62 ff 0 1 0 1
6 0 0 62 ff 0 1 0 1
6 0 0 62 ff 0 1 0 1
6 0 0 62 ff 0 1 0 1
6 0 0 62 ff 0 1 0 1
6 0 0 62 ff 0 1 0 1
6 0 0 62 ff 0 1 0 1
6 0 0 62 ff 0 1 0 1
6 0 0 62 ff 0 1 0 1
6 0 0 62 ff 0 1 0 1
6 0 0 62 ff 0 1 0 1
6 0 0 62 ff 0 1 0 1
6 0 0 62 ff 0 1 0 1
6 0 0 62 ff 0 1 0 1
6 0 0 62 ff 0 1 0 1
6 0 0 62 ff 0 1 0 1
6 0 0 62 ff 0 1 0 1
6 0 0 62 ff 0 1 0 1
6 0 0 62 ff 0 1 0 1
6 0 0 62 ff 0 1 0 1
6 0 0 62 ff 0 1 0 1
6 0 0 62 ff 0 1 0 1
6 0 0 62 ff 0 1 0 1
6 0 0 62 ff 0 1 0 1
6 0 0 62 ff 0 1 0 1
6 0 0 62 ff 0 1 0 1
6 0 0 62 ff 0 1 0 1
6 0 0 62 ff 0 1 0 1
6 0 0 62 ff 0 1 0 1
6 0 0 62 ff 0 1 0 1
6 0 0 62 ff 0 1 0 1
6 0 0 62 ff 0 1 0 1
6 0 1 62 ff 0 1 0 1
6 0 1 62 ff 0 1 0 1
6 0 1 62 ff 0 1 0 1
6 0 1 62 ff 0 1 0 1
6 0 1 0c ff 1 1 0 1
6 0 1 0c ff 0 1 0 1
6 0 1 0c ff 0 1 0 1
6 0 1 0c ff 0 1 0 1
6 0 1 0c ff 0 1 0 1
6 0 1 0c ff 0 1 0 1
6 0 0 0c ff 0 1 0 1
6 0 0 0c ff 0 1 0 1
6 0 0 0c ff 0 1 0 1
6 0 0 0c ff 0 1 0 1
6 0 0 0c ff 0 1 0 1
6 0 0 0c ff 0 1 0 1
6 0 0 0c ff 0 1 0 1
6 0 0 0c ff 0 1 0 1
6 0 0 0c ff 0 1 0 1
6 0 0 0c ff 0 1 0 1
6 0 0 0c ff 0 1 0 1
6 0 0 0c ff 0 1 0 1
6 0 0 0c ff 0 1 0 1
6 0 0 0c ff 0 1 0 1
6 0 0 0c ff 0 1 0 1
6 0 0 0c ff 0 1 0 1
6 0 1 0c ff 0 1 0 1
6 0 1 0c ff 0 1 0 1
6 0 1 0c ff 0 1 0 1
6 0 1 0c ff 0 1 0 1
6 0 1 0c ff 0 1 0 1
6 0 1 0c ff 0 1 0 1
6 0 1 0c ff 0 1 0 1
6 0 1 0c ff 0 1 0 1
6 0 0 0c ff 0 1 0 1
6 0 0 0c ff 0 1 0 1
6 0 0 0c ff 0 1 0 1
6 0 0 0c ff 0 1 0 1
6 0 0 0c ff 0 1 0 1
6 0 0 0c ff 0 1 0 1
6 0 0 0c ff 0 1 0 1
6 0 0 0c ff 0 1 0 1
6 0 1 0c ff 0 1 0 1
6 0 1 0c ff 0 1 0 1
6 0 1 0c ff 0 1 0 1
6 0 1 0c ff 0 1 0 1
6 0 1 0c ff 0 1 0 1
6 0 1 0c ff 0 1 0 1
6 0 1 0c ff 0 1 0 1
6 0 1 0c ff 0 1 0 1
6 0 1 0c ff 0 1 0 1
6 0 1 0c ff 0 1 0 1
6 0 1 0c ff 0 1 0 1
6 0 1 0c ff 0 1 0 1
6 0 1 0c ff 0 1 0 1
6 0 1 0c ff 0 1 0 1
6 0 1 0c ff 0 1 0 1
6 0 1 0c ff 0 1 0 1
6 0 0 0c ff 0 1 0 1
6 0 0 0c ff 0 1 0 1
6 0 0 0c ff 0 1 0 1
6 0 0 0c ff 0 1 0 1
6 0 0 0c ff 0 1 0 1
6 0 0 0c ff 0 1 0 1
6 0 0 0c ff 0 1 0 1
6 0 0 0c ff 0 1 0 1
6 0 1 0c ff 0 1 0 1
6 0 1 0c ff 0 1 0 1
6 0 1 0c ff 0 1 0 1
6 0 1 0c ff 0 1 0 1
6 0 1 0c ff 0 1 0 1
6 0 1 0c ff 0 1 0 1
6 0 1 0c ff 0 1 0 1
6 0 1 0c ff 0 1 0 1
6 0 1 0c ff 0 1 0 1
6 0 1 0c ff 0 1 0 1
6 0 1 0c ff 0 1 0 1
6 0 1 0c ff 0 1 0 1
6 0 1 0c ff 0 1 0 1
6 0 1 0c ff 0 1 0 1
6 0 1 0c ff 0 1 0 1
6 0 1 0c ff 0 1 0 1
6 0 1 0c ff 0 1 0 1
6 0 1 0c ff 0 1 0 1
6 0 1 0c ff 0 1 0 1
6 0 1 0c ff 0 1 0 1
6 0 1 da ff 1 1 0 1
6 0 1 da ff 0 1 0 1
6 0 1 da ff 0 1 0 1
6 0 1 da ff 0 1 0 1
6 0 1 da ff 0 1 0 1
6 0 1 da ff 0 1 0 1
6 0 1 da ff 0 1 0 1
6 0 0 da ff 0 1 0 1
6 0 1 da ff 0 1 0 1
6 0 1 da ff 0 1 0 1
6 0 1 da ff 0 1 0 1
6 0 1 da ff 0 1 0 1
6 0 1 da ff 0 1 0 1
6 0 1 da ff 0 1 0 1
6 0 1 da ff 0 1 0 1
6 0 1 da ff 0 1 0 1
6 0 1 da ff 0 1 0 1
6 0 1 da ff 0 1 0 1
6 0 1 da ff 0 1 0 1
6 0 1 da ff 0 1 0 1
6 0 1 da ff 0 1 0 1
6 0 1 da ff 0 1 0 1
6 0 1 da ff 0 1 0 1
6 0 1 da ff 0 1 0 1
6 0 0 da ff 0 1 0 1
6 0 0 da ff 0 1 0 1
6 0 0 da ff 0 1 0 1
6 0 0 da ff 0 1 0 1
6 0 0 da ff 0 1 0 1
6 0 0 da ff 0 1 0 1
6 0 0 da ff 0 1 0 1
6 0 0 da ff 0 1 0 1
6 0 0 da ff 0 1 0 1
6 0 0 da ff 0 1 0 1
6 0 0 da ff 0 1 0 1
6 0 0 da ff 0 1 0 1
6 0 0 da ff 0 1 0 1
6 0 0 da ff 0 1 0 1
6 0 0 da ff 0 1 0 1
6 0 0 da ff 0 1 0 1
6 0 0 da ff 0 1 0 1
6 0 0 da ff 0 1 0 1
6 0 0 da ff 0 1 0 1
6 0 0 da ff 0 1 0 1
6 0 0 da ff 0 1 0 1
6 0 0 da ff 0 1 0 1
6 0 0 da ff 0 1 0 1
6 0 0 da ff 0 1 0 1
6 0 1 da ff 0 1 0 1
6 0 1 da ff 0 1 0 1
6 0 1 da ff 0 1 0 1
6 0 1 da ff 0 1 0 1
6 0 1 da ff 0 1 0 1
6 0 1 da ff 0 1 0 1
6 0 1 da ff 0 1 0 1
6 0 1 da ff 0 1 0 1
6 0 0 da ff 0 1 0 1
6 0 0 da ff 0 1 0 1
6 0 0 da ff 0 1 0 1
6 0 0 da ff 0 1 0 1
6 0 0 da ff 0 1 0 1
6 0 0 da ff 0 1 0 1
6 0 0 da ff 0 1 0 1
6 0 0 da ff 0 1 0 1
6 0 1 da ff 0 1 0 1
6 0 1 da ff 0 1 0 1
6 0 1 da ff 0 1 0 1
6 0 1 da ff 0 1 0 1
6 0 1 da ff 0 1 0 1
6 0 1 da ff 0 1 0 1
6 0 1 da ff 0 1 0 1
6 0 1 da ff 0 1 0 1
6 0 1 da ff 0 1 0 1
6 0 1 da ff 0 1 0 1
6 0 1 da ff 0 1 0 1
6 0 1 da ff 0 1 0 1
6 0 1 da ff 0 1 0 1
6 0 1 da ff 0 1 0 1
6 0 1 da ff 0 1 0 1
6 0 1 da ff 0 1 0 1
6 0 0 da ff 0 1 0 1
6 0 0 da ff 0 1 0 1
6 0 0 da ff 0 1 0 1
6 0 0 da ff 0 1 0 1
6 0 0 da ff 0 1 0 1
6 0 0 da ff 0 1 0 1
6 0 0 da ff 0 1 0 1
6 0 0 da ff 0 1 0 1
6 0 1 da ff 0 1 0 1
6 0 1 da ff 0 1 0 1
6 0 1 da ff 0 1 0 1
6 0 1 da ff 0 1 0 1
6 0 1 da ff 0 1 0 1
6 0 1 da ff 0 1 0 1
6 0 1 da ff 0 1 0 1
6 0 1 da ff 0 1 0 1
6 0 1 da ff 0 1 0 1
6 0 1 da ff 0 1 0 1
6 0 1 da ff 0 1 0 1
6 0 1 da ff 0 1 0 1
6 0 1 b4 ff 1 1 0 1
6 0 1 b4 ff 0 1 0 1
6 0 1 b4 ff 0 1 0 1
6 0 1 b4 ff 0 1 0 1
6 0 1 b4 ff 0 1 0 1
6 0 1 b4 ff 0 1 0 1
6 0 1 b4 ff 0 1 0 1
6 0 0 b4 ff 0 1 0 1
6 0 0 b4 ff 0 1 0 1
6 0 1 b4 ff 0 1 0 1
6 0 1 b4 ff 0 1 0 1
6 0 1 b4 ff 0 1 0 1
6 0 1 b4 ff 0 1 0 1
6 0 1 b4 ff 0 1 0 1
6 0 1 b4 ff 0 1 0 1
6 0 0 b4 ff 0 1 0 1
6 0 0 b4 ff 0 1 0 1
6 0 0 b4 ff 0 1 0 1
6 0 0 b4 ff 0 1 0 1
6 0 0 b4 ff 0 1 0 1
6 0 0 b4 ff 0 1 0 1
6 0 0 b4 ff 0 1 0 1
6 0 0 b4 ff 0 1 0 1
6 0 0 b4 ff 0 1 0 1
6 0 0 b4 ff 0 1 0 1
6 0 0 b4 ff 0 1 0 1
6 0 0 b4 ff 0 1 0 1
6 0 0 b4 ff 0 1 0 1
6 0 0 b4 ff 0 1 0 1
6 0 0 b4 ff 0 1 0 1
6 0 0 b4 ff 0 1 0 1
6 0 0 b4 ff 0 1 0 1
6 0 0 b4 ff 0 1 0 1
6 0 0 b4 ff 0 1 0 1
6 0 0 b4 ff 0 1 0 1
6 0 0 b4 ff 0 1 0 1
6 0 0 b4 ff 0 1 0 1
6 0 0 b4 ff 0 1 0 1
6 0 0 b4 ff 0 1 0 1
6 0 1 b4 ff 0 1 0 1
6 0 1 b4 ff 0 1 0 1
6 0 1 b4 ff 0 1 0 1
6 0 1 b4 ff 0 1 0 1
6 0 1 b4 ff 0 1 0 1
6 0 1 b4 ff 0 1 0 1
6 0 1 b4 ff 0 1 0 1
6 0 1 b4 ff 0 1 0 1
6 0 1 b4 ff 0 1 0 1
6 0 1 b4 ff 0 1 0 1
6 0 1 b4 ff 0 1 0 1
6 0 1 b4 ff 0 1 0 1
6 0 1 b4 ff 0 1 0 1
6 0 1 b4 ff 0 1 0 1
6 0 1 b4 ff 0 1 0 1
6 0 1 b4 ff 0 1 0 1
6 0 0 b4 ff 0 1 0 1
6 0 0 b4 ff 0 1 0 1
6 0 0 b4 ff 0 1 0 1
6 0 0 b4 ff 0 1 0 1
6 0 0 b4 ff 0 1 0 1
6 0 0 b4 ff 0 1 0 1
6 0 0 b4 ff 0 1 0 1
6 0 0 b4 ff 0 1 0 1
6 0 1 b4 ff 0 1 0 1
6 0 1 b4 ff 0 1 0 1
6 0 1 b4 ff 0 1 0 1
6 0 1 b4 ff 0 1 0 1
6 0 1 b4 ff 0 1 0 1
6 0 1 b4 ff 0 1 0 1
6 0 1 b4 ff 0 1 0 1
6 0 1 b4 ff 0 1 0 1
6 0 0 b4 ff 0 1 0 1
6 0 0 b4 ff 0 1 0 1
6 0 0 b4 ff 0 1 0 1
6 0 0 b4 ff 0 1 0 1
6 0 0 b4 ff 0 1 0 1
6 0 0 b4 ff 0 1 0 1
6 0 0 b4 ff 0 1 0 1
6 0 0 b4 ff 0 1 0 1
6 0 1 b4 ff 0 1 0 1
6 0 1 b4 ff 0 1 0 1
6 0 1 b4 ff 0 1 0 1
6 0 1 b4 ff 0 1 0 1
6 0 1 b4 ff 0 1 0 1
6 0 1 b4 ff 0 1 0 1
6 0 1 b4 ff 0 1 0 1
6 0 1 b4 ff 0 1 0 1
6 0 1 b4 ff 0 1 0 1
6 0 1 b4 ff 0 1 0 1
6 0 1 b4 ff 0 1 0 1
6 0 1 b4 ff 0 1 0 1
6 0 1 ac ff 1 1 0 1
6 0 1 ac ff 0 1 0 1
6 0 1 ac ff 0 1 0 1
6 0 1 ac ff 0 1 0 1
6 0 1 ac ff 0 1 0 1
6 0 1 ac ff 0 1 0 1
6 0 1 ac ff 0 1 0 1
6 0 0 ac ff 0 1 0 1
6 0 1 ac ff 0 1 0 1
6 0 1 ac ff 0 1 0 1
6 0 1 ac ff 0 1 0 1
6 0 1 ac ff 0 1 0 1
6 0 1 ac ff 0 1 0 1
6 0 1 ac ff 0 1 0 1
6 0 1 ac ff 0 1 0 1
6 0 1 ac ff 0 1 0 1
6 0 1 ac ff 0 1 0 1
6 0 1 ac ff 0 1 0 1
6 0 1 ac ff 0 1 0 1
6 0 0 ac ff 0 1 0 1
6 0 0 ac ff 0 1 0 1
6 0 0 ac ff 0 1 0 1
6 0 0 ac ff 0 1 0 1
6 0 0 ac ff 0 1 0 1
6 0 0 ac ff 0 1 0 1
6 0 0 ac ff 0 1 0 1
6 0 0 ac ff 0 1 0 1
6 0 1 ac ff 0 1 0 1
6 0 1 ac ff 0 1 0 1
6 0 1 ac ff 0 1 0 1
6 0 1 ac ff 0 1 0 1
6 0 1 ac ff 0 1 0 1
6 0 1 ac ff 0 1 0 1
6 0 1 ac ff 0 1 0 1
6 0 1 ac ff 0 1 0 1
6 0 0 ac ff 0 1 0 1
6 0 0 ac ff 0 1 0 1
6 0 0 ac ff 0 1 0 1
6 0 0 ac ff 0 1 0 1
6 0 0 ac ff 0 1 0 1
6 0 0 ac ff 0 1 0 1
6 0 0 ac ff 0 1 0 1
6 0 0 ac ff 0 1 0 1
6 0 0 ac ff 0 1 0 1
6 0 0 ac ff 0 1 0 1
6 0 0 ac ff 0 1 0 1
6 0 0 ac ff 0 1 0 1
6 0 0 ac ff 0 1 0 1
6 0 0 ac ff 0 1 0 1
6 0 0 ac ff 0 1 0 1
6 0 0 ac ff 0 1 0 1
6 0 1 ac ff 0 1 0 1
6 0 1 ac ff 0 1 0 1
6 0 1 ac ff 0 1 0 1
6 0 1 ac ff 0 1 0 1
6 0 1 ac ff 0 1 0 1
6 0 1 ac ff 0 1 0 1
6 0 1 ac ff 0 1 0 1
6 0 1 ac ff 0 1 0 1
6 0 1 ac ff 0 1 0 1
6 0 1 ac ff 0 1 0 1
6 0 1 ac ff 0 1 0 1
6 0 1 ac ff 0 1 0 1
6 0 1 ac ff 0 1 0 1
6 0 1 ac ff 0 1 0 1
6 0 1 ac ff 0 1 0 1
6 0 1 ac ff 0 1 0 1
6 0 0 ac ff 0 1 0 1
6 0 0 ac ff 0 1 0 1
6 0 0 ac ff 0 1 0 1
6 0 0 ac ff 0 1 0 1
6 0 0 ac ff 0 1 0 1
6 0 0 ac ff 0 1 0 1
6 0 0 ac ff 0 1 0 1
6 0 0 ac ff 0 1 0 1
6 0 1 ac ff 0 1 0 1
6 0 1 ac ff 0 1 0 1
6 0 1 ac ff 0 1 0 1
6 0 1 ac ff 0 1 0 1
6 0 1 ac ff 0 1 0 1
6 0 1 ac ff 0 1 0 1
6 0 1 ac ff 0 1 0 1
6 0 1 ac ff 0 1 0 1
6 0 0 ac ff 0 1 0 1
6 0 0 ac ff 0 1 0 1
6 0 0 ac ff 0 1 0 1
6 0 0 ac ff 0 1 0 1
6 0 0 ac ff 0 1 0 1
6 0 0 ac ff 0 1 0 1
6 0 0 ac ff 0 1 0 1
6 0 0 ac ff 0 1 0 1
6 0 1 ac ff 0 1 0 1
6 0 1 ac ff 0 1 0 1
6 0 1 ac ff 0 1 0 1
6 0 1 ac ff 0 1 0 1
6 0 1 59 ff 1 1 0 1
6 0 1 59 ff 0 1 0 1
6 0 1 59 ff 0 1 0 1
6 0 1 59 ff 0 1 0 1
6 0 1 59 ff 0 1 0 1
6 0 1 59 ff 0 1 0 1
6 0 1 59 ff 0 1 0 1
6 0 1 59 ff 0 1 0 1
6 0 1 59 ff 0 1 0 1
6 0 1 59 ff 0 1 0 1
6 0 1 59 ff 0 1 0 1
6 0 1 59 ff 0 1 0 1
6 0 1 59 ff 0 1 0 1
6 0 1 59 ff 0 1 0 1
6 0 1 59 ff 0 1 0 1
6 0 1 59 ff 0 1 0 1
6 0 1 59 ff 0 1 0 1
6 0 1 59 ff 0 1 0 1
6 0 1 59 ff 0 1 0 1
6 0 1 59 ff 0 1 0 1
6 0 1 59 ff 0 1 0 1
6 0 1 59 ff 0 1 0 1
6 0 1 59 ff 0 1 0 1
6 0 0 59 ff 0 1 0 1
6 0 0 59 ff 0 1 0 1
6 0 0 59 ff 0 1 0 1
6 0 0 59 ff 0 1 0 1
6 0 0 59 ff 0 1 0 1
6 0 0 59 ff 0 1 0 1
6 0 0 59 ff 0 1 0 1
6 0 0 59 ff 0 1 0 1
6 0 0 59 ff 0 1 0 1
6 0 0 59 ff 0 1 0 1
6 0 0 59 ff 0 1 0 1
6 0 0 59 ff 0 1 0 1
6 0 0 59 ff 0 1 0 1
6 0 0 59 ff 0 1 0 1
6 0 0 59 ff 0 1 0 1
6 0 0 59 ff 0 1 0 1
6 0 1 59 ff 0 1 0 1
6 0 1 59 ff 0 1 0 1
6 0 1 59 ff 0 1 0 1
6 0 1 59 ff 0 1 0 1
6 0 1 59 ff 0 1 0 1
6 0 1 59 ff 0 1 0 1
6 0 1 59 ff 0 1 0 1
6 0 1 59 ff 0 1 0 1
6 0 1 59 ff 0 1 0 1
6 0 1 59 ff 0 1 0 1
6 0 1 59 ff 0 1 0 1
6 0 1 59 ff 0 1 0 1
6 0 1 59 ff 0 1 0 1
6 0 1 59 ff 0 1 0 1
6 0 1 59 ff 0 1 0 1
6 0 1 59 ff 0 1 0 1
6 0 0 59 ff 0 1 0 1
6 0 0 59 ff 0 1 0 1
6 0 0 59 ff 0 1 0 1
6 0 0 59 ff 0 1 0 1
6 0 0 59 ff 0 1 0 1
6 0 0 59 ff 0 1 0 1
6 0 0 59 ff 0 1 0 1
6 0 0 59 ff 0 1 0 1
6 0 0 59 ff 0 1 0 1
6 0 0 59 ff 0 1 0 1
6 0 0 59 ff 0 1 0 1
6 0 0 59 ff 0 1 0 1
6 0 0 59 ff 0 1 0 1
6 0 0 59 ff 0 1 0 1
6 0 0 59 ff 0 1 0 1
6 0 0 59 ff 0 1 0 1
6 0 0 59 ff 0 1 0 1
6 0 0 59 ff 0 1 0 1
6 0 0 59 ff 0 1 0 1
6 0 0 59 ff 0 1 0 1
6 0 0 59 ff 0 1 0 1
6 0 0 59 ff 0 1 0 1
6 0 0 59 ff 0 1 0 1
6 0 0 59 ff 0 1 0 1
6 0 1 59 ff 0 1 0 1
6 0 1 59 ff 0 1 0 1
6 0 1 59 ff 0 1 0 1
6 0 1 59 ff 0 1 0 1
6 0 1 59 ff 0 1 0 1
6 0 1 59 ff 0 1 0 1
6 0 1 59 ff 0 1 0 1
6 0 1 59 ff 0 1 0 1
6 0 1 59 ff 0 1 0 1
6 0 1 59 ff 0 1 0 1
6 0 1 59 ff 0 1 0 1
6 0 1 59 ff 0 1 0 1
6 0 1 59 ff 0 1 0 1
6 0 1 59 ff 0 1 0 1
6 0 1 59 ff 0 1 0 1
6 0 1 59 ff 0 1 0 1
6 0 1 59 ff 0 1 0 1
6 0 1 59 ff 0 1 0 1
6 0 1 59 ff 0 1 0 1
6 0 1 59 ff 0 1 0 1
6 0 1 c6 ff 1 1 0 1
6 0 1 c6 ff 0 1 0 1
6 0 1 c6 ff 0 1 0 1
6 0 1 c6 ff 0 1 0 1
6 0 1 c6 ff 0 1 0 1
6 0 1 c6 ff 0 1 0 1
6 0 1 c6 ff 0 1 0 1
6 0 1 c6 ff 0 1 0 1
6 0 1 c6 ff 0 1 0 1
6 0 1 c6 ff 0 1 0 1
6 0 1 c6 ff 0 1 0 1
6 0 1 c6 ff 0 1 0 1
6 0 1 c6 ff 0 1 0 1
6 0 1 c6 ff 0 1 0 1
6 0 1 c6 ff 0 1 0 1
6 0 1 c6 ff 0 1 0 1
6 0 1 c6 ff 0 1 0 1
6 0 0 c6 ff 0 1 0 1
6 0 0 c6 ff 0 1 0 1
6 0 0 c6 ff 0 1 0 1
6 0 0 c6 ff 0 1 0 1
6 0 0 c6 ff 0 1 0 1
6 0 0 c6 ff 0 1 0 1
6 0 0 c6 ff 0 1 0 1
6 0 0 c6 ff 0 1 0 1
6 0 0 c6 ff 0 1 0 1
6 0 0 c6 ff 0 1 0 1
6 0 0 c6 ff 0 1 0 1
6 0 0 c6 ff 0 1 0 1
6 0 0 c6 ff 0 1 0 1
6 0 0 c6 ff 0 1 0 1
6 0 0 c6 ff 0 1 0 1
6 0 0 c6 ff 0 1 0 1
6 0 0 c6 ff 0 1 0 1
6 0 0 c6 ff 0 1 0 1
6 0 0 c6 ff 0 1 0 1
6 0 0 c6 ff 0 1 0 1
6 0 0 c6 ff 0 1 0 1
6 0 0 c6 ff 0 1 0 1
6 0 0 c6 ff 0 1 0 1
6 0 0 c6 ff 0 1 0 1
6 0 0 c6 ff 0 1 0 1
6 0 0 c6 ff 0 1 0 1
6 0 0 c6 ff 0 1 0 1
6 0 0 c6 ff 0 1 0 1
6 0 0 c6 ff 0 1 0 1
6 0 0 c6 ff 0 1 0 1
6 0 0 c6 ff 0 1 0 1
6 0 0 c6 ff 0 1 0 1
6 0 1 c6 ff 0 1 0 1
6 0 1 c6 ff 0 1 0 1
6 0 1 c6 ff 0 1 0 1
6 0 1 c6 ff 0 1 0 1
6 0 1 c6 ff 0 1 0 1
6 0 1 c6 ff 0 1 0 1
6 0 1 c6 ff 0 1 0 1
6 0 1 c6 ff 0 1 0 1
6 0 1 c6 ff 0 1 0 1
6 0 1 c6 ff 0 1 0 1
6 0 1 c6 ff 0 1 0 1
6 0 1 c6 ff 0 1 0 1
6 0 1 c6 ff 0 1 0 1
6 0 1 c6 ff 0 1 0 1
6 0 1 c6 ff 0 1 0 1
6 0 1 c6 ff 0 1 0 1
6 0 0 c6 ff 0 1 0 1
6 0 0 c6 ff 0 1 0 1
6 0 0 c6 ff 0 1 0 1
6 0 0 c6 ff 0 1 0 1
6 0 0 c6 ff 0 1 0 1
6 0 0 c6 ff 0 1 0 1
6 0 0 c6 ff 0 1 0 1
6 0 0 c6 ff 0 1 0 1
6 0 1 c6 ff 0 1 0 1
6 0 1 c6 ff 0 1 0 1
6 0 1 c6 ff 0 1 0 1
6 0 1 c6 ff 0 1 0 1
6 0 1 c6 ff 0 1 0 1
6 0 1 c6 ff 0 1 0 1
6 0 1 c6 ff 0 1 0 1
6 0 1 c6 ff 0 1 0 1
6 0 0 c6 ff 0 1 0 1
6 0 0 c6 ff 0 1 0 1
6 0 0 c6 ff 0 1 0 1
6 0 0 c6 ff 0 1 0 1
6 0 0 c6 ff 0 1 0 1
6 0 0 c6 ff 0 1 0 1
6 0 0 c6 ff 0 1 0 1
6 0 0 c6 ff 0 1 0 1
6 0 1 c6 ff 0 1 0 1
6 0 1 c6 ff 0 1 0 1
6 0 1 c6 ff 0 1 0 1
6 0 1 c6 ff 0 1 0 1
6 0 1 58 ff 1 1 0 1
6 0 1 58 ff 0 1 0 1
6 0 1 58 ff 0 1 0 1
6 0 1 58 ff 0 1 0 1
6 0 1 58 ff 0 1 0 1
6 0 0 58 ff 0 1 0 1
6 0 0 58 ff 0 1 0 1
6 0 0 58 ff 0 1 0 1
6 0 0 58 ff 0 1 0 1
6 0 0 58 ff 0 1 0 1
6 0 0 58 ff 0 1 0 1
6 0 0 58 ff 0 1 0 1
6 0 0 58 ff 0 1 0 1
6 0 1 58 ff 0 1 0 1
6 0 1 58 ff 0 1 0 1
6 0 1 58 ff 0 1 0 1
6 0 1 58 ff 0 1 0 1
6 0 1 58 ff 0 1 0 1
6 0 1 58 ff 0 1 0 1
6 0 1 58 ff 0 1 0 1
6 0 1 58 ff 0 1 0 1
6 0 1 58 ff 0 1 0 1
6 0 1 58 ff 0 1 0 1
6 0 1 58 ff 0 1 0 1
6 0 1 58 ff 0 1 0 1
6 0 1 58 ff 0 1 0 1
6 0 1 58 ff 0 1 0 1
6 0 1 58 ff 0 1 0 1
6 0 1 58 ff 0 1 0 1
6 0 1 58 ff 0 1 0 1
6 0 1 58 ff 0 1 0 1
6 0 1 58 ff 0 1 0 1
6 0 1 58 ff 0 1 0 1
6 0 1 58 ff 0 1 0 1
6 0 1 58 ff 0 1 0 1
6 0 1 58 ff 0 1 0 1
6 0 1 58 ff 0 1 0 1
6 0 0 58 ff 0 1 0 1
6 0 0 58 ff 0 1 0 1
6 0 0 58 ff 0 1 0 1
6 0 0 58 ff 0 1 0 1
6 0 0 58 ff 0 1 0 1
6 0 0 58 ff 0 1 0 1
6 0 0 58 ff 0 1 0 1
6 0 0 58 ff 0 1 0 1
6 0 1 58 ff 0 1 0 1
6 0 1 58 ff 0 1 0 1
6 0 1 58 ff 0 1 0 1
6 0 1 58 ff 0 1 0 1
6 0 1 58 ff 0 1 0 1
6 0 1 58 ff 0 1 0 1
6 0 1 58 ff 0 1 0 1
6 0 1 58 ff 0 1 0 1
6 0 1 58 ff 0 1 0 1
6 0 1 58 ff 0 1 0 1
6 0 1 58 ff 0 1 0 1
6 0 1 58 ff 0 1 0 1
6 0 1 58 ff 0 1 0 1
6 0 1 58 ff 0 1 0 1
6 0 1 58 ff 0 1 0 1
6 0 1 58 ff 0 1 0 1
6 0 1 58 ff 0 1 0 1
6 0 1 58 ff 0 1 0 1
6 0 1 58 ff 0 1 0 1
6 0 1 58 ff 0 1 0 1
6 0 1 58 ff 0 1 0 1
6 0 1 58 ff 0 1 0 1
6 0 1 58 ff 0 1 0 1
6 0 1 58 ff 0 1 0 1
6 0 1 58 ff 0 1 0 1
6 0 1 58 ff 0 1 0 1
6 0 1 58 ff 0 1 0 1
6 0 1 58 ff 0 1 0 1
6 0 1 58 ff 0 1 0 1
6 0 1 58 ff 0 1 0 1
6 0 1 58 ff 0 1 0 1
6 0 1 58 ff 0 1 0 1
6 0 0 58 ff 0 1 0 1
6 0 0 58 ff 0 1 0 1
6 0 0 58 ff 0 1 0 1
6 0 0 58 ff 0 1 0 1
6 0 0 58 ff 0 1 1 1
6 0 0 58 ff 0 1 0 1
6 0 0 58 ff 0 1 0 1
6 0 0 58 ff 0 1 0 1
6 0 1 58 ff 0 1 0 1
6 0 1 58 ff 0 1 0 1
6 0 1 58 ff 0 1 0 1
6 0 1 58 ff 0 1 0 1
6 0 1 58 ff 0 1 0 1
6 0 1 58 ff 0 1 0 1
6 0 1 58 ff 0 1 0 1
6 0 1 58 ff 0 1 0 1
6 0 1 58 ff 0 1 0 1
6 0 1 58 ff 0 1 0 1
6 0 1 58 ff 0 1 0 1
6 0 1 58 ff 0 1 0 1
6 0 1 58 ff 0 1 0 1
6 0 1 58 ff 0 1 0 1
6 0 1 58 ff 0 1 0 1
6 0 1 58 ff 0 1 0 1
6 0 0 58 ff 0 1 0 1
6 0 0 58 ff 0 1 0 1
6 0 0 58 ff 0 1 0 1
6 0 0 58 ff 0 1 0 1
6 0 0 58 ff 0 1 0 1
6 0 0 58 ff 0 1 0 1
6 0 0 58 ff 0 1 0 1
6 0 0 58 ff 0 1 0 1
6 0 0 58 ff 0 1 0 1
6 0 0 58 ff 0 1 0 1
6 0 0 58 ff 0 1 0 1
6 0 0 58 ff 0 1 0 1
6 0 0 58 ff 0 1 0 1
6 0 0 58 ff 0 1 0 1
6 0 0 58 ff 0 1 0 1
6 0 0 58 ff 0 1 0 1
6 0 0 58 ff 0 1 0 1
6 0 0 58 ff 0 1 0 1
6 0 0 58 ff 0 1 0 1
6 0 0 58 ff 0 1 0 1
6 0 0 58 ff 0 1 0 1
6 0 0 58 ff 0 1 0 1
6 0 0 58 ff 0 1 0 1
6 0 0 58 ff 0 1 0 1
6 0 1 58 ff 0 1 0 1
6 0 1 58 ff 0 1 0 1
6 0 1 58 ff 0 1 0 1
6 0 1 58 ff 0 1 0 1
6 0 1 58 ff 0 1 0 1
6 0 1 58 ff 0 1 0 1
6 0 1 58 ff 0 1 0 1
6 0 1 58 ff 0 1 0 1
6 0 1 58 ff 0 1 0 1
6 0 1 58 ff 0 1 0 1
6 0 1 58 ff 0 1 0 1
6 0 1 58 ff 0 1 0 1
6 0 1 58 ff 0 1 0 1
6 0 1 58 ff 0 1 0 1
6 0 1 58 ff 0 1 0 1
6 0 1 58 ff 0 1 0 1
6 0 1 58 ff 0 1 0 1
6 0 1 58 ff 0 1 0 1
6 0 1 58 ff 0 1 0 1
6 0 1 58 ff 0 1 0 1
6 0 1 58 ff 0 1 0 1
6 0 1 58 ff 0 1 0 1
6 0 1 58 ff 0 1 0 1
6 0 1 58 ff 0 1 0 1
6 0 0 58 ff 0 1 0 1
6 0 0 58 ff 0 1 0 1
6 0 0 58 ff 0 1 0 1
6 0 0 58 ff 0 1 0 1
6 0 0 58 ff 0 1 0 1
6 0 0 58 ff 0 1 0 1
6 0 0 58 ff 0 1 0 1
6 0 0 58 ff 0 1 0 1
6 0 0 58 ff 0 1 0 1
6 0 0 58 ff 0 1 0 1
6 0 0 58 ff 0 1 0 1
6 0 0 58 ff 0 1 0 1
6 0 0 58 ff 0 1 0 1
6 0 0 58 ff 0 1 0 1
6 0 0 58 ff 0 1 0 1
6 0 0 58 ff 0 1 0 1
6 0 0 58 ff 0 1 0 1
6 0 0 58 ff 0 1 0 1
6 0 0 58 ff 0 1 0 1
6 0 0 58 ff 0 1 0 1
6 0 0 58 ff 0 1 0 1
6 0 0 58 ff 0 1 0 1
6 0 0 58 ff 0 1 0 1
6 0 0 58 ff 0 1 0 1
6 0 1 58 ff 0 1 0 1
6 0 1 58 ff 0 1 0 1
6 0 1 58 ff 0 1 0 1
6 0 1 58 ff 0 1 0 1
6 0 1 1c ff 1 1 0 1
6 0 1 1c ff 0 1 0 1
6 0 1 1c ff 0 1 0 1
6 0 1 1c ff 0 1 0 1
6 0 1 1c ff 0 1 0 1
6 0 1 1c ff 0 1 0 1
6 0 1 1c ff 0 1 0 1
6 0 1 1c ff 0 1 0 1
6 0 1 1c ff 0 1 0 1
6 0 1 1c ff 0 1 0 1
6 0 1 1c ff 0 1 0 1
6 0 1 1c ff 0 1 0 1
6 0 1 1c ff 0 1 0 1
6 0 1 1c ff 0 1 0 1
6 0 1 1c ff 0 1 0 1
6 0 1 1c ff 0 1 0 1
6 0 1 1c ff 0 1 0 1
6 0 1 1c ff 0 1 0 1
6 0 1 1c ff 0 1 0 1
6 0 0 1c ff 0 1 0 1
6 0 0 1c ff 0 1 0 1
6 0 0 1c ff 0 1 0 1
6 0 0 1c ff 0 1 0 1
6 0 0 1c ff 0 1 0 1
6 0 0 1c ff 0 1 0 1
6 0 0 1c ff 0 1 0 1
6 0 0 1c ff 0 1 0 1
6 0 0 1c ff 0 1 0 1
6 0 0 1c ff 0 1 0 1
6 0 0 1c ff 0 1 0 1
6 0 0 1c ff 0 1 0 1
6 0 0 1c ff 0 1 0 1
6 0 0 1c ff 0 1 0 1
6 0 0 1c ff 0 1 0 1
6 0 0 1c ff 0 1 0 1
6 0 0 1c ff 0 1 0 1
6 0 0 1c ff 0 1 0 1
6 0 0 1c ff 0 1 0 1
6 0 0 1c ff 0 1 0 1
6 0 0 1c ff 0 1 0 1
6 0 0 1c ff 0 1 0 1
6 0 0 1c ff 0 1 0 1
6 0 0 1c ff 0 1 0 1
6 0 0 1c ff 0 1 0 1
6 0 0 1c ff 0 1 0 1
6 0 0 1c ff 0 1 0 1
6 0 0 1c ff 0 1 0 1
6 0 0 1c ff 0 1 0 1
6 0 0 1c ff 0 1 0 1
6 0 0 1c ff 0 1 0 1
6 0 0 1c ff 0 1 0 1
6 0 1 1c ff 0 1 0 1
6 0 1 1c ff 0 1 0 1
6 0 1 1c ff 0 1 0 1
6 0 1 1c ff 0 1 0 1
6 0 1 1c ff 0 1 0 1
6 0 1 1c ff 0 1 0 1
6 0 1 1c ff 0 1 0 1
6 0 1 1c ff 0 1 0 1
6 0 0 1c ff 0 1 0 1
6 0 0 1c ff 0 1 0 1
6 0 0 1c ff 0 1 0 1
6 0 0 1c ff 0 1 0 1
6 0 0 1c ff 0 1 0 1
6 0 0 1c ff 0 1 0 1
6 0 0 1c ff 0 1 0 1
6 0 0 1c ff 0 1 0 1
6 0 0 1c ff 0 1 0 1
6 0 0 1c ff 0 1 0 1
6 0 0 1c ff 0 1 0 1
6 0 0 1c ff 0 1 0 1
6 0 0 1c ff 0 1 0 1
6 0 0 1c ff 0 1 0 1
6 0 0 1c ff 0 1 0 1
6 0 0 1c ff 0 1 0 1
6 0 0 1c ff 0 1 0 1
6 0 0 1c ff 0 1 0 1
6 0 0 1c ff 0 1 0 1
6 0 0 1c ff 0 1 0 1
6 0 0 1c ff 0 1 0 1
6 0 0 1c ff 0 1 0 1
6 0 0 1c ff 0 1 0 1
6 0 0 1c ff 0 1 0 1
6 0 0 1c ff 0 1 0 1
6 0 0 1c ff 0 1 0 1
6 0 0 1c ff 0 1 0 1
6 0 0 1c ff 0 1 0 1
6 0 0 1c ff 0 1 0 1
6 0 0 1c ff 0 1 0 1
6 0 0 1c ff 0 1 0 1
6 0 0 1c ff 0 1 0 1
6 0 1 1c ff 0 1 0 1
6 0 1 1c ff 0 1 0 1
6 0 1 1c ff 0 1 0 1
6 0 1 1c ff 0 1 0 1
6 0 1 08 ff 1 1 0 1
6 0 1 08 ff 0 1 0 1
6 0 1 08 ff 0 1 0 1
6 0 1 08 ff 0 1 0 1
6 0 1 08 ff 0 1 0 1
6 0 0 08 ff 0 1 0 1
6 0 0 08 ff 0 1 0 1
6 0 0 08 ff 0 1 0 1
6 0 0 08 ff 0 1 0 1
6 0 0 08 ff 0 1 0 1
6 0 0 08 ff 0 1 0 1
6 0 0 08 ff 0 1 0 1
6 0 0 08 ff 0 1 0 1
6 0 1 08 ff 0 1 0 1
6 0 1 08 ff 0 1 0 1
6 0 1 08 ff 0 1 0 1
6 0 1 08 ff 0 1 0 1
6 0 1 08 ff 0 1 0 1
6 0 1 08 ff 0 1 0 1
6 0 1 08 ff 0 1 0 1
6 0 1 08 ff 0 1 0 1
6 0 0 08 ff 0 1 0 1
6 0 0 08 ff 0 1 0 1
6 0 0 08 ff 0 1 0 1
6 0 0 08 ff 0 1 0 1
6 0 0 08 ff 0 1 0 1
6 0 0 08 ff 0 1 0 1
6 0 0 08 ff 0 1 0 1
6 0 0 08 ff 0 1 0 1
6 0 0 08 ff 0 1 0 1
6 0 0 08 ff 0 1 0 1
6 0 0 08 ff 0 1 0 1
6 0 0 08 ff 0 1 0 1
6 0 0 08 ff 0 1 0 1
6 0 0 08 ff 0 1 0 1
6 0 0 08 ff 0 1 0 1
6 0 0 08 ff 0 1 0 1
6 0 0 08 ff 0 1 0 1
6 0 0 08 ff 0 1 0 1
6 0 0 08 ff 0 1 0 1
6 0 0 08 ff 0 1 0 1
6 0 0 08 ff 0 1 0 1
6 0 0 08 ff 0 1 0 1
6 0 0 08 ff 0 1 0 1
6 0 0 08 ff 0 1 0 1
6 0 1 08 ff 0 1 0 1
6 0 1 08 ff 0 1 0 1
6 0 1 08 ff 0 1 0 1
6 0 1 08 ff 0 1 0 1
6 0 1 08 ff 0 1 0 1
6 0 1 08 ff 0 1 0 1
6 0 1 08 ff 0 1 0 1
6 0 1 08 ff 0 1 0 1
6 0 1 08 ff 0 1 0 1
6 0 1 08 ff 0 1 0 1
6 0 1 08 ff 0 1 0 1
6 0 1 08 ff 0 1 0 1
6 0 1 08 ff 0 1 0 1
6 0 1 08 ff 0 1 0 1
6 0 1 08 ff 0 1 0 1
6 0 1 08 ff 0 1 0 1
6 0 0 08 ff 0 1 0 1
6 0 0 08 ff 0 1 0 1
6 0 0 08 ff 0 1 0 1
6 0 0 08 ff 0 1 0 1
6 0 0 08 ff 0 1 0 1
6 0 0 08 ff 0 1 0 1
6 0 0 08 ff 0 1 0 1
6 0 0 08 ff 0 1 0 1
6 0 1 08 ff 0 1 0 1
6 0 1 08 ff 0 1 0 1
6 0 1 08 ff 0 1 0 1
6 0 1 08 ff 0 1 0 1
6 0 1 08 ff 0 1 0 1
6 0 1 08 ff 0 1 0 1
6 0 1 08 ff 0 1 0 1
6 0 1 08 ff 0 1 0 1
6 0 0 08 ff 0 1 0 1
6 0 0 08 ff 0 1 0 1
6 0 0 08 ff 0 1 0 1
6 0 0 08 ff 0 1 0 1
6 0 0 08 ff 0 1 1 1
6 0 0 08 ff 0 1 0 1
6 0 0 08 ff 0 1 0 1
6 0 0 08 ff 0 1 0 1
6 0 1 08 ff 0 1 0 1
6 0 1 08 ff 0 1 0 1
6 0 1 08 ff 0 1 0 1
6 0 1 08 ff 0 1 0 1
6 0 1 08 ff 0 1 0 1
6 0 1 08 ff 0 1 0 1
6 0 1 08 ff 0 1 0 1
6 0 1 08 ff 0 1 0 1
6 0 1 08 ff 0 1 0 1
6 0 0 08 ff 0 1 0 1
6 0 0 08 ff 0 1 0 1
6 0 0 08 ff 0 1 0 1
6 0 0 08 ff 0 1 0 1
6 0 0 08 ff 0 1 0 1
6 0 0 08 ff 0 1 0 1
6 0 0 08 ff 0 1 0 1
6 0 0 08 ff 0 1 0 1
6 0 0 08 ff 0 1 0 1
6 0 0 08 ff 0 1 0 1
6 0 0 08 ff 0 1 0 1
6 0 0 08 ff 0 1 0 1
6 0 0 08 ff 0 1 0 1
6 0 0 08 ff 0 1 0 1
6 0 0 08 ff 0 1 0 1
6 0 0 08 ff 0 1 0 1
6 0 0 08 ff 0 1 0 1
6 0 0 08 ff 0 1 0 1
6 0 0 08 ff 0 1 0 1
6 0 0 08 ff 0 1 0 1
6 0 0 08 ff 0 1 0 1
6 0 0 08 ff 0 1 0 1
6 0 0 08 ff 0 1 0 1
6 0 0 08 ff 0 1 0 1
6 0 0 08 ff 0 1 0 1
6 0 0 08 ff 0 1 0 1
6 0 0 08 ff 0 1 0 1
6 0 0 08 ff 0 1 0 1
6 0 0 08 ff 0 1 0 1
6 0 0 08 ff 0 1 0 1
6 0 0 08 ff 0 1 0 1
6 0 0 08 ff 0 1 0 1
6 0 1 08 ff 0 1 0 1
6 0 1 08 ff 0 1 0 1
6 0 1 08 ff 0 1 0 1
6 0 1 08 ff 0 1 0 1
6 0 1 08 ff 0 1 0 1
6 0 1 08 ff 0 1 0 1
6 0 1 08 ff 0 1 0 1
6 0 1 08 ff 0 1 0 1
6 0 1 08 ff 0 1 0 1
6 0 1 08 ff 0 1 0 1
6 0 1 08 ff 0 1 0 1
6 0 1 08 ff 0 1 0 1
6 0 1 08 ff 0 1 0 1
6 0 1 08 ff 0 1 0 1
6 0 1 08 ff 0 1 0 1
6 0 1 08 ff 0 1 0 1
6 0 1 08 ff 0 1 0 1
6 0 1 08 ff 0 1 0 1
6 0 1 08 ff 0 1 0 1
6 0 1 08 ff 0 1 0 1
6 0 1 08 ff 0 1 0 1
6 0 1 08 ff 0 1 0 1
6 0 1 08 ff 0 1 0 1
6 0 1 08 ff 0 1 0 1
6 0 1 08 ff 0 1 0 1
6 0 1 08 ff 0 1 0 1
6 0 1 08 ff 0 1 0 1
6 0 1 08 ff 0 1 0 1
6 0 1 08 ff 0 1 0 1
6 0 1 08 ff 0 1 0 1
6 0 1 08 ff 0 1 0 1
6 0 1 08 ff 0 1 0 1
6 0 1 08 ff 0 1 0 1
6 0 1 08 ff 0 1 0 1
6 0 1 08 ff 0 1 0 1
6 0 1 08 ff 0 1 0 1
6 0 1 08 ff 0 1 0 1
6 0 1 08 ff 0 1 0 1
6 0 1 08 ff 0 1 0 1
6 0 1 08 ff 0 1 0 1
6 0 1 08 ff 0 1 0 1
6 0 1 08 ff 0 1 0 1
6 0 1 08 ff 0 1 0 1
6 0 1 08 ff 0 1 0 1
6 0 1 f8 ff 1 1 0 1
6 0 1 f8 ff 0 1 0 1
6 0 1 f8 ff 0 1 0 1
6 0 1 f8 ff 0 1 0 1
6 0 1 f8 ff 0 1 0 1
6 0 1 f8 ff 0 1 0 1
6 0 1 f8 ff 0 1 0 1
6 0 0 f8 ff 0 1 0 1
6 0 1 f8 ff 0 1 0 1
6 0 1 f8 ff 0 1 0 1
6 0 1 f8 ff 0 1 0 1
6 0 1 f8 ff 0 1 0 1
6 0 1 f8 ff 0 1 0 1
6 0 1 f8 ff 0 1 0 1
6 0 0 f8 ff 0 1 0 1
6 0 0 f8 ff 0 1 0 1
6 0 0 f8 ff 0 1 0 1
6 0 0 f8 ff 0 1 0 1
6 0 0 f8 ff 0 1 0 1
6 0 0 f8 ff 0 1 0 1
6 0 0 f8 ff 0 1 0 1
6 0 0 f8 ff 0 1 0 1
6 0 1 f8 ff 0 1 0 1
6 0 1 f8 ff 0 1 0 1
6 0 1 f8 ff 0 1 0 1
6 0 1 f8 ff 0 1 0 1
6 0 1 f8 ff 0 1 0 1
6 0 1 f8 ff 0 1 0 1
6 0 1 f8 ff 0 1 0 1
6 0 1 f8 ff 0 1 0 1
6 0 0 f8 ff 0 1 0 1
6 0 0 f8 ff 0 1 0 1
6 0 0 f8 ff 0 1 0 1
6 0 0 f8 ff 0 1 0 1
6 0 0 f8 ff 0 1 0 1
6 0 0 f8 ff 0 1 0 1
6 0 0 f8 ff 0 1 0 1
6 0 0 f8 ff 0 1 0 1
6 0 0 f8 ff 0 1 0 1
6 0 0 f8 ff 0 1 0 1
6 0 0 f8 ff 0 1 0 1
6 0 0 f8 ff 0 1 0 1
6 0 0 f8 ff 0 1 0 1
6 0 0 f8 ff 0 1 0 1
6 0 0 f8 ff 0 1 0 1
6 0 0 f8 ff 0 1 0 1
6 0 0 f8 ff 0 1 0 1
6 0 0 f8 ff 0 1 0 1
6 0 0 f8 ff 0 1 0 1
6 0 0 f8 ff 0 1 0 1
6 0 0 f8 ff 0 1 0 1
6 0 0 f8 ff 0 1 0 1
6 0 0 f8 ff 0 1 0 1
6 0 0 f8 ff 0 1 0 1
6 0 1 f8 ff 0 1 0 1
6 0 1 f8 ff 0 1 0 1
6 0 1 f8 ff 0 1 0 1
6 0 1 f8 ff 0 1 0 1
6 0 1 f8 ff 0 1 0 1
6 0 1 f8 ff 0 1 0 1
6 0 1 f8 ff 0 1 0 1
6 0 1 f8 ff 0 1 0 1
6 0 0 f8 ff 0 1 0 1
6 0 0 f8 ff 0 1 0 1
6 0 0 f8 ff 0 1 0 1
6 0 0 f8 ff 0 1 0 1
6 0 0 f8 ff 0 1 0 1
6 0 0 f8 ff 0 1 0 1
6 0 0 f8 ff 0 1 0 1
6 0 0 f8 ff 0 1 0 1
6 0 0 f8 ff 0 1 0 1
6 0 0 f8 ff 0 1 0 1
6 0 0 f8 ff 0 1 0 1
6 0 0 f8 ff 0 1 0 1
6 0 0 f8 ff 0 1 0 1
6 0 0 f8 ff 0 1 0 1
6 0 0 f8 ff 0 1 0 1
6 0 0 f8 ff 0 1 0 1
6 0 0 f8 ff 0 1 0 1
6 0 0 f8 ff 0 1 0 1
6 0 0 f8 ff 0 1 0 1
6 0 0 f8 ff 0 1 0 1
6 0 0 f8 ff 0 1 0 1
6 0 0 f8 ff 0 1 0 1
6 0 0 f8 ff 0 1 0 1
6 0 0 f8 ff 0 1 0 1
6 0 1 f8 ff 0 1 0 1
6 0 1 f8 ff 0 1 0 1
6 0 1 f8 ff 0 1 0 1
6 0 1 f8 ff 0 1 0 1
6 0 1 11 ff 1 1 0 1
6 0 1 11 ff 0 1 0 1
6 0 1 11 ff 0 1 0 1
6 0 1 11 ff 0 1 0 1
6 0 1 11 ff 0 1 0 1
6 0 1 11 ff 0 1 0 1
6 0 1 11 ff 0 1 0 1
6 0 0 11 ff 0 1 0 1
6 0 1 11 ff 0 1 0 1
6 0 1 11 ff 0 1 0 1
6 0 1 11 ff 0 1 0 1
6 0 1 11 ff 0 1 0 1
6 0 1 11 ff 0 1 0 1
6 0 1 11 ff 0 1 0 1
6 0 1 11 ff 0 1 0 1
6 0 1 11 ff 0 1 0 1
6 0 1 11 ff 0 1 0 1
6 0 1 11 ff 0 1 0 1
6 0 1 11 ff 0 1 0 1
6 0 1 11 ff 0 1 0 1
6 0 1 11 ff 0 1 0 1
6 0 1 11 ff 0 1 0 1
6 0 1 11 ff 0 1 0 1
6 0 1 11 ff 0 1 0 1
6 0 0 11 ff 0 1 0 1
6 0 0 11 ff 0 1 0 1
6 0 0 11 ff 0 1 0 1
6 0 0 11 ff 0 1 0 1
6 0 0 11 ff 0 1 0 1
6 0 0 11 ff 0 1 0 1
6 0 0 11 ff 0 1 0 1
6 0 0 11 ff 0 1 0 1
6 0 1 11 ff 0 1 0 1
6 0 1 11 ff 0 1 0 1
6 0 1 11 ff 0 1 0 1
6 0 1 11 ff 0 1 0 1
6 0 1 11 ff 0 1 0 1
6 0 1 11 ff 0 1 0 1
6 0 1 11 ff 0 1 0 1
6 0 1 11 ff 0 1 0 1
6 0 1 11 ff 0 1 0 1
6 0 1 11 ff 0 1 0 1
6 0 1 11 ff 0 1 0 1
6 0 1 11 ff 0 1 0 1
6 0 1 11 ff 0 1 0 1
6 0 1 11 ff 0 1 0 1
6 0 1 11 ff 0 1 0 1
6 0 1 11 ff 0 1 0 1
6 0 0 11 ff 0 1 0 1
6 0 0 11 ff 0 1 0 1
6 0 0 11 ff 0 1 0 1
6 0 0 11 ff 0 1 0 1
6 0 0 11 ff 0 1 0 1
6 0 0 11 ff 0 1 0 1
6 0 0 11 ff 0 1 0 1
6 0 0 11 ff 0 1 0 1
6 0 1 11 ff 0 1 0 1
6 0 1 11 ff 0 1 0 1
6 0 1 11 ff 0 1 0 1
6 0 1 11 ff 0 1 0 1
6 0 1 11 ff 0 1 0 1
6 0 1 11 ff 0 1 0 1
6 0 1 11 ff 0 1 0 1
6 0 1 11 ff 0 1 0 1
6 0 0 11 ff 0 1 0 1
6 0 0 11 ff 0 1 0 1
6 0 0 11 ff 0 1 0 1
6 0 0 11 ff 0 1 0 1
6 0 0 11 ff 0 1 0 1
6 0 0 11 ff 0 1 0 1
6 0 0 11 ff 0 1 0 1
6 0 0 11 ff 0 1 0 1
6 0 0 11 ff 0 1 0 1
6 0 0 11 ff 0 1 0 1
6 0 0 11 ff 0 1 0 1
6 0 0 11 ff 0 1 0 1
6 0 0 11 ff 0 1 0 1
6 0 0 11 ff 0 1 0 1
6 0 0 11 ff 0 1 0 1
6 0 0 11 ff 0 1 0 1
6 0 0 11 ff 0 1 0 1
6 0 0 11 ff 0 1 0 1
6 0 0 11 ff 0 1 0 1
6 0 0 11 ff 0 1 0 1
6 0 0 11 ff 0 1 0 1
6 0 0 11 ff 0 1 0 1
6 0 0 11 ff 0 1 0 1
6 0 0 11 ff 0 1 0 1
6 0 1 11 ff 0 1 0 1
6 0 1 11 ff 0 1 0 1
6 0 1 11 ff 0 1 0 1
6 0 1 11 ff 0 1 0 1
6 0 1 11 ff 0 1 0 1
6 0 1 11 ff 0 1 0 1
6 0 1 11 ff 0 1 0 1
6 0 1 11 ff 0 1 0 1
6 0 0 11 ff 0 1 0 1
6 0 0 11 ff 0 1 0 1
6 0 0 11 ff 0 1 0 1
6 0 0 11 ff 0 1 0 1
6 0 0 11 ff 0 1 1 1
6 0 0 11 ff 0 1 0 1
6 0 0 11 ff 0 1 0 1
6 0 0 11 ff 0 1 0 1
6 0 1 11 ff 0 1 0 1
6 0 1 11 ff 0 1 0 1
6 0 1 11 ff 0 1 0 1
6 0 1 11 ff 0 1 0 1
6 0 1 11 ff 0 1 0 1
6 0 1 11 ff 0 1 0 1
6 0 1 11 ff 0 1 0 1
6 0 1 11 ff 0 1 0 1
6 0 1 11 ff 0 1 0 1
6 0 1 11 ff 0 1 0 1
6 0 1 11 ff 0 1 0 1
6 0 1 11 ff 0 1 0 1
6 0 1 11 ff 0 1 0 1
6 0 1 11 ff 0 1 0 1
6 0 1 11 ff 0 1 0 1
6 0 0 11 ff 0 1 0 1
6 0 0 11 ff 0 1 0 1
6 0 0 11 ff 0 1 0 1
6 0 0 11 ff 0 1 0 1
6 0 0 11 ff 0 1 0 1
6 0 0 11 ff 0 1 0 1
6 0 0 11 ff 0 1 0 1
6 0 0 11 ff 0 1 0 1
6 0 1 11 ff 0 1 0 1
6 0 1 11 ff 0 1 0 1
6 0 1 11 ff 0 1 0 1
6 0 1 11 ff 0 1 0 1
6 0 1 11 ff 0 1 0 1
6 0 1 11 ff 0 1 0 1
6 0 1 11 ff 0 1 0 1
6 0 1 11 ff 0 1 0 1
6 0 0 11 ff 0 1 0 1
6 0 0 11 ff 0 1 0 1
6 0 0 11 ff 0 1 0 1
6 0 0 11 ff 0 1 0 1
6 0 0 11 ff 0 1 0 1
6 0 0 11 ff 0 1 0 1
6 0 0 11 ff 0 1 0 1
6 0 0 11 ff 0 1 0 1
6 0 0 11 ff 0 1 0 1
6 0 0 11 ff 0 1 0 1
6 0 0 11 ff 0 1 0 1
6 0 0 11 ff 0 1 0 1
6 0 0 11 ff 0 1 0 1
6 0 0 11 ff 0 1 0 1
6 0 0 11 ff 0 1 0 1
6 0 0 11 ff 0 1 0 1
6 0 0 11 ff 0 1 0 1
6 0 0 11 ff 0 1 0 1
6 0 0 11 ff 0 1 0 1
6 0 0 11 ff 0 1 0 1
6 0 0 11 ff 0 1 0 1
6 0 0 11 ff 0 1 0 1
6 0 0 11 ff 0 1 0 1
6 0 0 11 ff 0 1 0 1
6 0 1 11 ff 0 1 0 1
6 0 1 11 ff 0 1 0 1
6 0 1 11 ff 0 1 0 1
6 0 1 11 ff 0 1 0 1
6 0 1 11 ff 0 1 0 1
6 0 1 11 ff 0 1 0 1
6 0 1 11 ff 0 1 0 1
6 0 1 11 ff 0 1 0 1
6 0 0 11 ff 0 1 0 1
6 0 0 11 ff 0 1 0 1
6 0 0 11 ff 0 1 0 1
6 0 0 11 ff 0 1 0 1
6 0 0 11 ff 0 1 0 1
6 0 0 11 ff 0 1 0 1
6 0 0 11 ff 0 1 0 1
6 0 0 11 ff 0 1 0 1
6 0 1 11 ff 0 1 0 1
6 0 1 11 ff 0 1 0 1
6 0 1 11 ff 0 1 0 1
6 0 1 11 ff 0 1 0 1
6 0 1 11 ff 0 1 0 1
6 0 1 11 ff 0 1 0 1
6 0 1 11 ff 0 1 0 1
6 0 1 11 ff 0 1 0 1
6 0 1 11 ff 0 1 0 1
6 0 1 11 ff 0 1 0 1
6 0 1 11 ff 0 1 0 1
6 0 1 11 ff 0 1 0 1
6 0 1 11 ff 0 1 0 1
6 0 1 11 ff 0 1 0 1
6 0 1 11 ff 0 1 0 1
6 0 1 11 ff 0 1 0 1
6 0 1 11 ff 0 1 0 1
6 0 1 11 ff 0 1 0 1
6 0 1 11 ff 0 1 0 1
6 0 1 11 ff 0 1 0 1
6 0 1 d1 ff 1 1 0 1
6 0 1 d1 ff 0 1 0 1
6 0 1 d1 ff 0 1 0 1
6 0 1 d1 ff 0 1 0 1
6 0 1 d1 ff 0 1 0 1
6 0 1 d1 ff 0 1 0 1
6 0 1 d1 ff 0 1 0 1
6 0 1 d1 ff 0 1 0 1
6 0 1 d1 ff 0 1 0 1
6 0 1 d1 ff 0 1 0 1
6 0 1 d1 ff 0 1 0 1
6 0 1 d1 ff 0 1 0 1
6 0 1 d1 ff 0 1 0 1
6 0 1 d1 ff 0 1 0 1
6 0 1 d1 ff 0 1 0 1
6 0 1 d1 ff 0 1 0 1
6 0 1 d1 ff 0 1 0 1
6 0 1 d1 ff 0 1 0 1
6 0 1 d1 ff 0 1 0 1
6 0 1 d1 ff 0 1 0 1
6 0 1 d1 ff 0 1 0 1
6 0 0 d1 ff 0 1 0 1
6 0 0 d1 ff 0 1 0 1
6 0 0 d1 ff 0 1 0 1
6 0 0 d1 ff 0 1 0 1
6 0 0 d1 ff 0 1 0 1
6 0 0 d1 ff 0 1 0 1
6 0 0 d1 ff 0 1 0 1
6 0 0 d1 ff 0 1 0 1
6 0 0 d1 ff 0 1 0 1
6 0 0 d1 ff 0 1 0 1
6 0 0 d1 ff 0 1 0 1
6 0 0 d1 ff 0 1 0 1
6 0 0 d1 ff 0 1 0 1
6 0 0 d1 ff 0 1 0 1
6 0 0 d1 ff 0 1 0 1
6 0 0 d1 ff 0 1 0 1
6 0 0 d1 ff 0 1 0 1
6 0 0 d1 ff 0 1 0 1
6 0 0 d1 ff 0 1 0 1
6 0 0 d1 ff 0 1 0 1
6 0 0 d1 ff 0 1 0 1
6 0 0 d1 ff 0 1 0 1
6 0 0 d1 ff 0 1 0 1
6 0 0 d1 ff 0 1 0 1
6 0 0 d1 ff 0 1 0 1
6 0 0 d1 ff 0 1 0 1
6 0 0 d1 ff 0 1 0 1
6 0 0 d1 ff 0 1 0 1
6 0 0 d1 ff 0 1 0 1
6 0 0 d1 ff 0 1 0 1
6 0 0 d1 ff 0 1 0 1
6 0 0 d1 ff 0 1 0 1
6 0 1 d1 ff 0 1 0 1
6 0 1 d1 ff 0 1 0 1
6 0 1 d1 ff 0 1 0 1
6 0 1 d1 ff 0 1 0 1
6 0 1 d1 ff 0 1 0 1
6 0 1 d1 ff 0 1 0 1
6 0 1 d1 ff 0 1 0 1
6 0 1 d1 ff 0 1 0 1
6 0 1 d1 ff 0 1 0 1
6 0 1 d1 ff 0 1 0 1
6 0 1 d1 ff 0 1 0 1
6 0 1 d1 ff 0 1 0 1
6 0 1 d1 ff 0 1 0 1
6 0 1 d1 ff 0 1 0 1
6 0 1 d1 ff 0 1 0 1
6 0 1 d1 ff 0 1 0 1
6 0 1 d1 ff 0 1 0 1
6 0 1 d1 ff 0 1 0 1
6 0 1 d1 ff 0 1 0 1
6 0 1 d1 ff 0 1 0 1
6 0 1 d1 ff 0 1 0 1
6 0 1 d1 ff 0 1 0 1
6 0 1 d1 ff 0 1 0 1
6 0 1 d1 ff 0 1 0 1
6 0 0 d1 ff 0 1 0 1
6 0 0 d1 ff 0 1 0 1
6 0 0 d1 ff 0 1 0 1
6 0 0 d1 ff 0 1 0 1
6 0 0 d1 ff 0 1 0 1
6 0 0 d1 ff 0 1 0 1
6 0 0 d1 ff 0 1 0 1
6 0 0 d1 ff 0 1 0 1
6 0 1 d1 ff 0 1 0 1
6 0 1 d1 ff 0 1 0 1
6 0 1 d1 ff 0 1 0 1
6 0 1 d1 ff 0 1 0 1
6 0 1 d1 ff 0 1 0 1
6 0 1 d1 ff 0 1 0 1
6 0 1 d1 ff 0 1 0 1
6 0 1 d1 ff 0 1 0 1
6 0 1 d1 ff 0 1 0 1
6 0 1 d1 ff 0 1 0 1
6 0 1 d1 ff 0 1 0 1
6 0 1 d1 ff 0 1 0 1
6 0 1 b8 ff 1 1 0 1
6 0 1 b8 ff 0 1 0 1
6 0 1 b8 ff 0 1 0 1
6 0 1 b8 ff 0 1 0 1
6 0 1 b8 ff 0 1 0 1
6 0 1 b8 ff 0 1 0 1
6 0 1 b8 ff 0 1 0 1
6 0 0 b8 ff 0 1 0 1
6 0 1 b8 ff 0 1 0 1
6 0 1 b8 ff 0 1 0 1
6 0 1 b8 ff 0 1 0 1
6 0 1 b8 ff 0 1 0 1
6 0 1 b8 ff 0 1 0 1
6 0 1 b8 ff 0 1 0 1
6 0 1 b8 ff 0 1 0 1
6 0 1 b8 ff 0 1 0 1
6 0 1 b8 ff 0 1 0 1
6 0 1 b8 ff 0 1 0 1
6 0 1 b8 ff 0 1 0 1
6 0 1 b8 ff 0 1 0 1
6 0 1 b8 ff 0 1 0 1
6 0 1 b8 ff 0 1 0 1
6 0 1 b8 ff 0 1 0 1
6 0 1 b8 ff 0 1 0 1
6 0 1 b8 ff 0 1 0 1
6 0 0 b8 ff 0 1 0 1
6 0 0 b8 ff 0 1 0 1
6 0 0 b8 ff 0 1 0 1
6 0 0 b8 ff 0 1 0 1
6 0 0 b8 ff 0 1 0 1
6 0 0 b8 ff 0 1 0 1
6 0 0 b8 ff 0 1 0 1
6 0 0 b8 ff 0 1 0 1
6 0 0 b8 ff 0 1 0 1
6 0 0 b8 ff 0 1 0 1
6 0 0 b8 ff 0 1 0 1
6 0 0 b8 ff 0 1 0 1
6 0 0 b8 ff 0 1 0 1
6 0 0 b8 ff 0 1 0 1
6 0 0 b8 ff 0 1 0 1
6 0 0 b8 ff 0 1 0 1
6 0 0 b8 ff 0 1 0 1
6 0 0 b8 ff 0 1 0 1
6 0 0 b8 ff 0 1 0 1
6 0 0 b8 ff 0 1 0 1
6 0 0 b8 ff 0 1 0 1
6 0 0 b8 ff 0 1 0 1
6 0 0 b8 ff 0 1 0 1
6 0 0 b8 ff 0 1 0 1
6 0 1 b8 ff 0 1 0 1
6 0 1 b8 ff 0 1 0 1
6 0 1 b8 ff 0 1 0 1
6 0 1 b8 ff 0 1 0 1
6 0 1 b8 ff 0 1 0 1
6 0 1 b8 ff 0 1 0 1
6 0 1 b8 ff 0 1 0 1
6 0 1 b8 ff 0 1 0 1
6 0 1 b8 ff 0 1 0 1
6 0 1 b8 ff 0 1 0 1
6 0 1 b8 ff 0 1 0 1
6 0 1 b8 ff 0 1 0 1
6 0 1 b8 ff 0 1 0 1
6 0 1 b8 ff 0 1 0 1
6 0 1 b8 ff 0 1 0 1
6 0 1 b8 ff 0 1 0 1
6 0 1 b8 ff 0 1 0 1
6 0 1 b8 ff 0 1 0 1
6 0 1 b8 ff 0 1 0 1
6 0 1 b8 ff 0 1 0 1
6 0 1 b8 ff 0 1 0 1
6 0 1 b8 ff 0 1 0 1
6 0 1 b8 ff 0 1 0 1
6 0 1 b8 ff 0 1 0 1
6 0 1 b8 ff 0 1 0 1
6 0 1 b8 ff 0 1 0 1
6 0 1 b8 ff 0 1 0 1
6 0 1 b8 ff 0 1 0 1
6 0 1 b8 ff 0 1 0 1
6 0 1 b8 ff 0 1 0 1
6 0 1 b8 ff 0 1 0 1
6 0 1 b8 ff 0 1 0 1
6 0 0 b8 ff 0 1 0 1
6 0 0 b8 ff 0 1 0 1
6 0 0 b8 ff 0 1 0 1
6 0 0 b8 ff 0 1 0 1
6 0 0 b8 ff 0 1 0 1
6 0 0 b8 ff 0 1 0 1
6 0 0 b8 ff 0 1 0 1
6 0 0 b8 ff 0 1 0 1
6 0 0 b8 ff 0 1 0 1
6 0 0 b8 ff 0 1 0 1
6 0 0 b8 ff 0 1 0 1
6 0 0 b8 ff 0 1 0 1
6 0 0 b8 ff 0 1 0 1
6 0 0 b8 ff 0 1 0 1
6 0 0 b8 ff 0 1 0 1
6 0 0 b8 ff 0 1 0 1
6 0 1 b8 ff 0 1 0 1
6 0 1 b8 ff 0 1 0 1
6 0 1 b8 ff 0 1 0 1
6 0 1 b8 ff 0 1 0 1
6 0 1 3c ff 1 1 0 1
6 0 1 3c ff 0 1 0 1
6 0 1 3c ff 0 1 0 1
6 0 1 3c ff 0 1 0 1
6 0 1 3c ff 0 1 0 1
6 0 1 3c ff 0 1 0 1
6 0 1 3c ff 0 1 0 1
6 0 0 3c ff 0 1 0 1
6 0 0 3c ff 0 1 0 1
6 0 0 3c ff 0 1 0 1
6 0 1 3c ff 0 1 0 1
6 0 1 3c ff 0 1 0 1
6 0 1 3c ff 0 1 0 1
6 0 1 3c ff 0 1 0 1
6 0 1 3c ff 0 1 0 1
6 0 1 3c ff 0 1 0 1
6 0 1 3c ff 0 1 0 1
6 0 1 3c ff 0 1 0 1
6 0 1 3c ff 0 1 0 1
6 0 1 3c ff 0 1 0 1
6 0 1 3c ff 0 1 0 1
6 0 1 3c ff 0 1 0 1
6 0 1 3c ff 0 1 0 1
6 0 1 3c ff 0 1 0 1
6 0 1 3c ff 0 1 0 1
6 0 1 3c ff 0 1 0 1
6 0 1 3c ff 0 1 0 1
6 0 1 3c ff 0 1 0 1
6 0 1 3c ff 0 1 0 1
6 0 0 3c ff 0 1 0 1
6 0 0 3c ff 0 1 0 1
6 0 0 3c ff 0 1 0 1
6 0 0 3c ff 0 1 0 1
6 0 0 3c ff 0 1 0 1
6 0 0 3c ff 0 1 0 1
6 0 0 3c ff 0 1 0 1
6 0 0 3c ff 0 1 0 1
6 0 1 3c ff 0 1 0 1
6 0 1 3c ff 0 1 0 1
6 0 1 3c ff 0 1 0 1
6 0 1 3c ff 0 1 0 1
6 0 1 3c ff 0 1 0 1
6 0 1 3c ff 0 1 0 1
6 0 1 3c ff 0 1 0 1
6 0 1 3c ff 0 1 0 1
6 0 1 3c ff 0 1 0 1
6 0 1 3c ff 0 1 0 1
6 0 1 3c ff 0 1 0 1
6 0 1 3c ff 0 1 0 1
6 0 1 3c ff 0 1 0 1
6 0 1 3c ff 0 1 0 1
6 0 1 3c ff 0 1 0 1
6 0 1 3c ff 0 1 0 1
6 0 0 3c ff 0 1 0 1
6 0 0 3c ff 0 1 0 1
6 0 0 3c ff 0 1 0 1
6 0 0 3c ff 0 1 0 1
6 0 0 3c ff 0 1 0 1
6 0 0 3c ff 0 1 0 1
6 0 0 3c ff 0 1 0 1
6 0 0 3c ff 0 1 0 1
6 0 1 3c ff 0 1 0 1
6 0 1 3c ff 0 1 0 1
6 0 1 3c ff 0 1 0 1
6 0 1 3c ff 0 1 0 1
6 0 1 3c ff 0 1 0 1
6 0 1 3c ff 0 1 0 1
6 0 1 3c ff 0 1 0 1
6 0 1 3c ff 0 1 0 1
6 0 1 3c ff 0 1 0 1
6 0 1 3c ff 0 1 0 1
6 0 1 3c ff 0 1 0 1
6 0 1 3c ff 0 1 0 1
6 0 1 3c ff 0 1 0 1
6 0 1 3c ff 0 1 0 1
6 0 1 3c ff 0 1 0 1
6 0 1 3c ff 0 1 0 1
6 0 1 3c ff 0 1 0 1
6 0 1 3c ff 0 1 0 1
6 0 1 3c ff 0 1 0 1
6 0 1 3c ff 0 1 0 1
6 0 1 3c ff 0 1 0 1
6 0 1 3c ff 0 1 0 1
6 0 1 3c ff 0 1 0 1
6 0 1 3c ff 0 1 0 1
6 0 1 3c ff 0 1 0 1
6 0 1 3c ff 0 1 0 1
6 0 1 3c ff 0 1 0 1
6 0 1 3c ff 0 1 0 1
6 0 1 3c ff 0 1 0 1
6 0 1 3c ff 0 1 0 1
6 0 1 3c ff 0 1 0 1
6 0 1 3c ff 0 1 0 1
6 0 1 3c ff 0 1 0 1
6 0 1 3c ff 0 1 0 1
6 0 1 3c ff 0 1 0 1
6 0 1 3c ff 0 1 0 1
6 0 1 3c ff 0 1 0 1
6 0 1 3c ff 0 1 0 1
6 0 1 3c ff 0 1 0 1
6 0 1 3c ff 0 1 0 1
6 0 1 3c ff 0 1 0 1
6 0 1 3c ff 0 1 0 1
6 0 1 3c ff 0 1 0 1
6 0 1 3c ff 0 1 0 1
6 0 1 fb ff 1 1 0 1
6 0 1 fb ff 0 1 0 1
6 0 1 fb ff 0 1 0 1
6 0 1 fb ff 0 1 0 1
6 0 1 fb ff 0 1 0 1
6 0 1 fb ff 0 1 0 1
6 0 1 fb ff 0 1 0 1
6 0 1 fb ff 0 1 0 1
6 0 1 fb ff 0 1 0 1
6 0 1 fb ff 0 1 0 1
6 0 1 fb ff 0 1 0 1
6 0 1 fb ff 0 1 0 1
6 0 1 fb ff 0 1 0 1
6 0 1 fb ff 0 1 0 1
6 0 0 fb ff 0 1 0 1
6 0 0 fb ff 0 1 0 1
6 0 0 fb ff 0 1 0 1
6 0 0 fb ff 0 1 0 1
6 0 0 fb ff 0 1 0 1
6 0 0 fb ff 0 1 0 1
6 0 0 fb ff 0 1 0 1
6 0 0 fb ff 0 1 0 1
6 0 1 fb ff 0 1 0 1
6 0 1 fb ff 0 1 0 1
6 0 1 fb ff 0 1 0 1
6 0 1 fb ff 0 1 0 1
6 0 1 fb ff 0 1 0 1
6 0 1 fb ff 0 1 0 1
6 0 1 fb ff 0 1 0 1
6 0 1 fb ff 0 1 0 1
6 0 1 fb ff 0 1 0 1
6 0 1 fb ff 0 1 0 1
6 0 1 fb ff 0 1 0 1
6 0 1 fb ff 0 1 0 1
6 0 1 fb ff 0 1 0 1
6 0 1 fb ff 0 1 0 1
6 0 1 fb ff 0 1 0 1
6 0 1 fb ff 0 1 0 1
6 0 0 fb ff 0 1 0 1
6 0 0 fb ff 0 1 0 1
6 0 0 fb ff 0 1 0 1
6 0 0 fb ff 0 1 0 1
6 0 0 fb ff 0 1 0 1
6 0 0 fb ff 0 1 0 1
6 0 0 fb ff 0 1 0 1
6 0 0 fb ff 0 1 0 1
6 0 0 fb ff 0 1 0 1
6 0 0 fb ff 0 1 0 1
6 0 0 fb ff 0 1 0 1
6 0 0 fb ff 0 1 0 1
6 0 0 fb ff 0 1 0 1
6 0 0 fb ff 0 1 0 1
6 0 0 fb ff 0 1 0 1
6 0 0 fb ff 0 1 0 1
6 0 1 fb ff 0 1 0 1
6 0 1 fb ff 0 1 0 1
6 0 1 fb ff 0 1 0 1
6 0 1 fb ff 0 1 0 1
6 0 1 fb ff 0 1 0 1
6 0 1 fb ff 0 1 0 1
6 0 1 fb ff 0 1 0 1
6 0 1 fb ff 0 1 0 1
6 0 1 fb ff 0 1 0 1
6 0 1 fb ff 0 1 0 1
6 0 1 fb ff 0 1 0 1
6 0 1 fb ff 0 1 0 1
6 0 1 fb ff 0 1 0 1
6 0 1 fb ff 0 1 0 1
6 0 1 fb ff 0 1 0 1
6 0 1 fb ff 0 1 0 1
6 0 0 fb ff 0 1 0 1
6 0 0 fb ff 0 1 0 1
6 0 0 fb ff 0 1 0 1
6 0 0 fb ff 0 1 0 1
6 0 0 fb ff 0 1 0 1
6 0 0 fb ff 0 1 0 1
6 0 0 fb ff 0 1 0 1
6 0 0 fb ff 0 1 0 1
6 0 1 fb ff 0 1 0 1
6 0 1 fb ff 0 1 0 1
6 0 1 fb ff 0 1 0 1
6 0 1 fb ff 0 1 0 1
6 0 1 fb ff 0 1 0 1
6 0 1 fb ff 0 1 0 1
6 0 1 fb ff 0 1 0 1
6 0 1 fb ff 0 1 0 1
6 0 0 fb ff 0 1 0 1
6 0 0 fb ff 0 1 0 1
6 0 0 fb ff 0 1 0 1
6 0 0 fb ff 0 1 0 1
6 0 0 fb ff 0 1 1 1
6 0 0 fb ff 0 1 0 1
6 0 0 fb ff 0 1 0 1
6 0 0 fb ff 0 1 0 1
6 0 1 fb ff 0 1 0 1
6 0 1 fb ff 0 1 0 1
6 0 0 fb ff 0 1 0 1
6 0 0 fb ff 0 1 0 1
6 0 0 fb ff 0 1 0 1
6 0 0 fb ff 0 1 0 1
6 0 0 fb ff 0 1 0 1
6 0 0 fb ff 0 1 0 1
6 0 0 fb ff 0 1 0 1
6 0 0 fb ff 0 1 0 1
6 0 1 fb ff 0 1 0 1
6 0 1 fb ff 0 1 0 1
6 0 1 fb ff 0 1 0 1
6 0 1 fb ff 0 1 0 1
6 0 1 fb ff 0 1 0 1
6 0 1 fb ff 0 1 0 1
6 0 1 fb ff 0 1 0 1
6 0 1 fb ff 0 1 0 1
6 0 1 fb ff 0 1 0 1
6 0 1 fb ff 0 1 0 1
6 0 1 fb ff 0 1 0 1
6 0 1 fb ff 0 1 0 1
6 0 1 fb ff 0 1 0 1
6 0 1 fb ff 0 1 0 1
6 0 1 fb ff 0 1 0 1
6 0 1 fb ff 0 1 0 1
6 0 0 fb ff 0 1 0 1
6 0 0 fb ff 0 1 0 1
6 0 0 fb ff 0 1 0 1
6 0 0 fb ff 0 1 0 1
6 0 0 fb ff 0 1 0 1
6 0 0 fb ff 0 1 0 1
6 0 0 fb ff 0 1 0 1
6 0 0 fb ff 0 1 0 1
6 0 1 fb ff 0 1 0 1
6 0 1 fb ff 0 1 0 1
6 0 1 fb ff 0 1 0 1
6 0 1 fb ff 0 1 0 1
6 0 1 fb ff 0 1 0 1
6 0 1 fb ff 0 1 0 1
6 0 1 fb ff 0 1 0 1
6 0 1 fb ff 0 1 0 1
6 0 1 fb ff 0 1 0 1
6 0 1 fb ff 0 1 0 1
6 0 1 fb ff 0 1 0 1
6 0 1 fb ff 0 1 0 1
6 0 1 fb ff 0 1 0 1
6 0 1 fb ff 0 1 0 1
6 0 1 fb ff 0 1 0 1
6 0 1 fb ff 0 1 0 1
6 0 1 fb ff 0 1 0 1
6 0 1 fb ff 0 1 0 1
6 0 1 fb ff 0 1 0 1
6 0 1 fb ff 0 1 0 1
6 0 1 fb ff 0 1 0 1
6 0 1 fb ff 0 1 0 1
6 0 1 fb ff 0 1 0 1
6 0 1 fb ff 0 1 0 1
6 0 0 fb ff 0 1 0 1
6 0 0 fb ff 0 1 0 1
6 0 0 fb ff 0 1 0 1
6 0 0 fb ff 0 1 0 1
6 0 0 fb ff 0 1 0 1
6 0 0 fb ff 0 1 0 1
6 0 0 fb ff 0 1 0 1
6 0 0 fb ff 0 1 0 1
6 0 1 fb ff 0 1 0 1
6 0 1 fb ff 0 1 0 1
6 0 1 fb ff 0 1 0 1
6 0 1 fb ff 0 1 0 1
6 0 1 fb ff 0 1 0 1
6 0 1 fb ff 0 1 0 1
6 0 1 fb ff 0 1 0 1
6 0 1 fb ff 0 1 0 1
6 0 1 fb ff 0 1 0 1
6 0 1 fb ff 0 1 0 1
6 0 1 fb ff 0 1 0 1
6 0 1 fb ff 0 1 0 1
6 0 1 bb ff 1 1 0 1
6 0 1 bb ff 0 1 0 1
6 0 1 bb ff 0 1 0 1
6 0 1 bb ff 0 1 0 1
6 0 0 bb ff 0 1 0 1
6 0 0 bb ff 0 1 0 1
6 0 0 bb ff 0 1 0 1
6 0 0 bb ff 0 1 0 1
6 0 0 bb ff 0 1 0 1
6 0 0 bb ff 0 1 0 1
6 0 0 bb ff 0 1 0 1
6 0 0 bb ff 0 1 0 1
6 0 0 bb ff 0 1 0 1
6 0 0 bb ff 0 1 0 1
6 0 0 bb ff 0 1 0 1
6 0 0 bb ff 0 1 0 1
6 0 0 bb ff 0 1 0 1
6 0 0 bb ff 0 1 0 1
6 0 0 bb ff 0 1 0 1
6 0 0 bb ff 0 1 0 1
6 0 0 bb ff 0 1 0 1
6 0 0 bb ff 0 1 0 1
6 0 0 bb ff 0 1 0 1
6 0 0 bb ff 0 1 0 1
6 0 0 bb ff 0 1 0 1
6 0 0 bb ff 0 1 0 1
6 0 0 bb ff 0 1 0 1
6 0 0 bb ff 0 1 0 1
6 0 1 bb ff 0 1 0 1
6 0 1 bb ff 0 1 0 1
6 0 1 bb ff 0 1 0 1
6 0 1 bb ff 0 1 0 1
6 0 1 bb ff 0 1 0 1
6 0 1 bb ff 0 1 0 1
6 0 1 bb ff 0 1 0 1
6 0 1 bb ff 0 1 0 1
6 0 0 bb ff 0 1 0 1
6 0 0 bb ff 0 1 0 1
6 0 0 bb ff 0 1 0 1
6 0 0 bb ff 0 1 0 1
6 0 0 bb ff 0 1 0 1
6 0 0 bb ff 0 1 0 1
6 0 0 bb ff 0 1 0 1
6 0 0 bb ff 0 1 0 1
6 0 0 bb ff 0 1 0 1
6 0 0 bb ff 0 1 0 1
6 0 0 bb ff 0 1 0 1
6 0 0 bb ff 0 1 0 1
6 0 0 bb ff 0 1 0 1
6 0 0 bb ff 0 1 0 1
6 0 0 bb ff 0 1 0 1
6 0 0 bb ff 0 1 0 1
6 0 1 bb ff 0 1 0 1
6 0 1 bb ff 0 1 0 1
6 0 1 bb ff 0 1 0 1
6 0 1 bb ff 0 1 0 1
6 0 1 bb ff 0 1 0 1
6 0 1 bb ff 0 1 0 1
6 0 1 bb ff 0 1 0 1
6 0 1 bb ff 0 1 0 1
6 0 0 bb ff 0 1 0 1
6 0 0 bb ff 0 1 0 1
6 0 0 bb ff 0 1 0 1
6 0 0 bb ff 0 1 0 1
6 0 0 bb ff 0 1 0 1
6 0 0 bb ff 0 1 0 1
6 0 0 bb ff 0 1 0 1
6 0 0 bb ff 0 1 0 1
6 0 0 bb ff 0 1 0 1
6 0 0 bb ff 0 1 0 1
6 0 0 bb ff 0 1 0 1
6 0 0 bb ff 0 1 0 1
6 0 0 bb ff 0 1 0 1
6 0 0 bb ff 0 1 0 1
6 0 0 bb ff 0 1 0 1
6 0 0 bb ff 0 1 0 1
6 0 1 bb ff 0 1 0 1
6 0 1 bb ff 0 1 0 1
6 0 1 bb ff 0 1 0 1
6 0 1 bb ff 0 1 0 1
6 0 1 24 ff 1 1 0 1
6 0 1 24 ff 0 1 0 1
6 0 1 24 ff 0 1 0 1
6 0 1 24 ff 0 1 0 1
6 0 1 24 ff 0 1 0 1
6 0 1 24 ff 0 1 0 1
6 0 1 24 ff 0 1 0 1
6 0 1 24 ff 0 1 0 1
6 0 1 24 ff 0 1 0 1
6 0 1 24 ff 0 1 0 1
6 0 0 24 ff 0 1 0 1
6 0 0 24 ff 0 1 0 1
6 0 0 24 ff 0 1 0 1
6 0 0 24 ff 0 1 0 1
6 0 0 24 ff 0 1 0 1
6 0 0 24 ff 0 1 0 1
6 0 0 24 ff 0 1 0 1
6 0 0 24 ff 0 1 0 1
6 0 1 24 ff 0 1 0 1
6 0 1 24 ff 0 1 0 1
6 0 1 24 ff 0 1 0 1
6 0 1 24 ff 0 1 0 1
6 0 1 24 ff 0 1 0 1
6 0 1 24 ff 0 1 0 1
6 0 1 24 ff 0 1 0 1
6 0 1 24 ff 0 1 0 1
6 0 1 24 ff 0 1 0 1
6 0 1 24 ff 0 1 0 1
6 0 1 24 ff 0 1 0 1
6 0 1 24 ff 0 1 0 1
6 0 1 24 ff 0 1 0 1
6 0 1 24 ff 0 1 0 1
6 0 1 24 ff 0 1 0 1
6 0 1 24 ff 0 1 0 1
6 0 1 24 ff 0 1 0 1
6 0 1 24 ff 0 1 0 1
6 0 1 24 ff 0 1 0 1
6 0 1 24 ff 0 1 0 1
6 0 1 24 ff 0 1 0 1
6 0 1 24 ff 0 1 0 1
6 0 1 24 ff 0 1 0 1
6 0 1 24 ff 0 1 0 1
6 0 0 24 ff 0 1 0 1
6 0 0 24 ff 0 1 0 1
6 0 0 24 ff 0 1 0 1
6 0 0 24 ff 0 1 0 1
6 0 0 24 ff 0 1 0 1
6 0 0 24 ff 0 1 0 1
6 0 0 24 ff 0 1 0 1
6 0 0 24 ff 0 1 0 1
6 0 0 24 ff 0 1 0 1
6 0 0 24 ff 0 1 0 1
6 0 0 24 ff 0 1 0 1
6 0 0 24 ff 0 1 0 1
6 0 0 24 ff 0 1 0 1
6 0 0 24 ff 0 1 0 1
6 0 0 24 ff 0 1 0 1
6 0 0 24 ff 0 1 0 1
6 0 0 24 ff 0 1 0 1
6 0 0 24 ff 0 1 0 1
6 0 0 24 ff 0 1 0 1
6 0 0 24 ff 0 1 0 1
6 0 0 24 ff 0 1 0 1
6 0 0 24 ff 0 1 0 1
6 0 0 24 ff 0 1 0 1
6 0 0 24 ff 0 1 0 1
6 0 1 24 ff 0 1 0 1
6 0 1 24 ff 0 1 0 1
6 0 1 24 ff 0 1 0 1
6 0 1 24 ff 0 1 0 1
6 0 1 24 ff 0 1 0 1
6 0 1 24 ff 0 1 0 1
6 0 1 24 ff 0 1 0 1
6 0 1 24 ff 0 1 0 1
6 0 0 24 ff 0 1 0 1
6 0 0 24 ff 0 1 0 1
6 0 0 24 ff 0 1 0 1
6 0 0 24 ff 0 1 0 1
6 0 0 24 ff 0 1 0 1
6 0 0 24 ff 0 1 0 1
6 0 0 24 ff 0 1 0 1
6 0 0 24 ff 0 1 0 1
6 0 1 24 ff 0 1 0 1
6 0 1 24 ff 0 1 0 1
6 0 1 24 ff 0 1 0 1
6 0 1 24 ff 0 1 0 1
6 0 1 47 ff 1 1 0 1
6 0 1 47 ff 0 1 0 1
6 0 1 47 ff 0 1 0 1
6 0 1 47 ff 0 1 0 1
6 0 1 47 ff 0 1 0 1
6 0 1 47 ff 0 1 0 1
6 0 1 47 ff 0 1 0 1
6 0 1 47 ff 0 1 0 1
6 0 1 47 ff 0 1 0 1
6 0 1 47 ff 0 1 0 1
6 0 1 47 ff 0 1 0 1
6 0 1 47 ff 0 1 0 1
6 0 1 47 ff 0 1 0 1
6 0 1 47 ff 0 1 0 1
6 0 1 47 ff 0 1 0 1
6 0 1 47 ff 0 1 0 1
6 0 1 47 ff 0 1 0 1
6 0 1 47 ff 0 1 0 1
6 0 1 47 ff 0 1 0 1
6 0 0 47 ff 0 1 0 1
6 0 0 47 ff 0 1 0 1
6 0 0 47 ff 0 1 0 1
6 0 0 47 ff 0 1 0 1
6 0 0 47 ff 0 1 0 1
6 0 0 47 ff 0 1 0 1
6 0 0 47 ff 0 1 0 1
6 0 0 47 ff 0 1 0 1
6 0 1 47 ff 0 1 0 1
6 0 1 47 ff 0 1 0 1
6 0 1 47 ff 0 1 0 1
6 0 1 47 ff 0 1 0 1
6 0 1 47 ff 0 1 0 1
6 0 1 47 ff 0 1 0 1
6 0 1 47 ff 0 1 0 1
6 0 1 47 ff 0 1 0 1
6 0 0 47 ff 0 1 0 1
6 0 0 47 ff 0 1 0 1
6 0 0 47 ff 0 1 0 1
6 0 0 47 ff 0 1 0 1
6 0 0 47 ff 0 1 0 1
6 0 0 47 ff 0 1 0 1
6 0 0 47 ff 0 1 0 1
6 0 0 47 ff 0 1 0 1
6 0 1 47 ff 0 1 0 1
6 0 1 47 ff 0 1 0 1
6 0 1 47 ff 0 1 0 1
6 0 1 47 ff 0 1 0 1
6 0 1 47 ff 0 1 0 1
6 0 1 47 ff 0 1 0 1
6 0 1 47 ff 0 1 0 1
6 0 1 47 ff 0 1 0 1
6 0 1 47 ff 0 1 0 1
6 0 1 47 ff 0 1 0 1
6 0 1 47 ff 0 1 0 1
6 0 1 47 ff 0 1 0 1
6 0 1 47 ff 0 1 0 1
6 0 1 47 ff 0 1 0 1
6 0 1 47 ff 0 1 0 1
6 0 1 47 ff 0 1 0 1
6 0 1 47 ff 0 1 0 1
6 0 1 47 ff 0 1 0 1
6 0 1 47 ff 0 1 0 1
6 0 1 47 ff 0 1 0 1
6 0 1 47 ff 0 1 0 1
6 0 1 47 ff 0 1 0 1
6 0 1 47 ff 0 1 0 1
6 0 1 47 ff 0 1 0 1
6 0 1 47 ff 0 1 0 1
6 0 1 47 ff 0 1 0 1
6 0 1 47 ff 0 1 0 1
6 0 1 47 ff 0 1 0 1
6 0 1 47 ff 0 1 0 1
6 0 1 47 ff 0 1 0 1
6 0 1 47 ff 0 1 0 1
6 0 1 47 ff 0 1 0 1
6 0 0 47 ff 0 1 0 1
6 0 0 47 ff 0 1 0 1
6 0 0 47 ff 0 1 0 1
6 0 0 47 ff 0 1 0 1
6 0 0 47 ff 0 1 0 1
6 0 0 47 ff 0 1 0 1
6 0 0 47 ff 0 1 0 1
6 0 0 47 ff 0 1 0 1
6 0 0 47 ff 0 1 0 1
6 0 0 47 ff 0 1 0 1
6 0 0 47 ff 0 1 0 1
6 0 0 47 ff 0 1 0 1
6 0 0 47 ff 0 1 0 1
6 0 0 47 ff 0 1 0 1
6 0 0 47 ff 0 1 0 1
6 0 0 47 ff 0 1 0 1
6 0 0 47 ff 0 1 0 1
6 0 0 47 ff 0 1 0 1
6 0 0 47 ff 0 1 0 1
6 0 0 47 ff 0 1 0 1
6 0 0 47 ff 0 1 1 1
6 0 0 47 ff 0 1 0 1
6 0 0 47 ff 0 1 0 1
6 0 0 47 ff 0 1 0 1
6 0 1 47 ff 0 1 0 1
6 0 1 47 ff 0 1 0 1
6 0 1 47 ff 0 1 0 1
6 0 0 47 ff 0 1 0 1
6 0 0 47 ff 0 1 0 1
6 0 0 47 ff 0 1 0 1
6 0 0 47 ff 0 1 0 1
6 0 0 47 ff 0 1 0 1
6 0 0 47 ff 0 1 0 1
6 0 0 47 ff 0 1 0 1
6 0 0 47 ff 0 1 0 1
6 0 0 47 ff 0 1 0 1
6 0 0 47 ff 0 1 0 1
6 0 0 47 ff 0 1 0 1
6 0 0 47 ff 0 1 0 1
6 0 0 47 ff 0 1 0 1
6 0 0 47 ff 0 1 0 1
6 0 0 47 ff 0 1 0 1
6 0 0 47 ff 0 1 0 1
6 0 1 47 ff 0 1 0 1
6 0 1 47 ff 0 1 0 1
6 0 1 47 ff 0 1 0 1
6 0 1 47 ff 0 1 0 1
6 0 1 47 ff 0 1 0 1
6 0 1 47 ff 0 1 0 1
6 0 1 47 ff 0 1 0 1
6 0 1 47 ff 0 1 0 1
6 0 0 47 ff 0 1 0 1
6 0 0 47 ff 0 1 0 1
6 0 0 47 ff 0 1 0 1
6 0 0 47 ff 0 1 0 1
6 0 0 47 ff 0 1 0 1
6 0 0 47 ff 0 1 0 1
6 0 0 47 ff 0 1 0 1
6 0 0 47 ff 0 1 0 1
6 0 1 47 ff 0 1 0 1
6 0 1 47 ff 0 1 0 1
6 0 1 47 ff 0 1 0 1
6 0 1 47 ff 0 1 0 1
6 0 1 47 ff 0 1 0 1
6 0 1 47 ff 0 1 0 1
6 0 1 47 ff 0 1 0 1
6 0 1 47 ff 0 1 0 1
6 0 1 47 ff 0 1 0 1
6 0 1 47 ff 0 1 0 1
6 0 1 47 ff 0 1 0 1
6 0 1 47 ff 0 1 0 1
6 0 1 47 ff 0 1 0 1
6 0 1 47 ff 0 1 0 1
6 0 1 47 ff 0 1 0 1
6 0 1 47 ff 0 1 0 1
6 0 0 47 ff 0 1 0 1
6 0 0 47 ff 0 1 0 1
6 0 0 47 ff 0 1 0 1
6 0 0 47 ff 0 1 0 1
6 0 0 47 ff 0 1 0 1
6 0 0 47 ff 0 1 0 1
6 0 0 47 ff 0 1 0 1
6 0 0 47 ff 0 1 0 1
6 0 0 47 ff 0 1 0 1
6 0 0 47 ff 0 1 0 1
6 0 0 47 ff 0 1 0 1
6 0 0 47 ff 0 1 0 1
6 0 0 47 ff 0 1 0 1
6 0 0 47 ff 0 1 0 1
6 0 0 47 ff 0 1 0 1
6 0 0 47 ff 0 1 0 1
6 0 0 47 ff 0 1 0 1
6 0 0 47 ff 0 1 0 1
6 0 0 47 ff 0 1 0 1
6 0 0 47 ff 0 1 0 1
6 0 0 47 ff 0 1 0 1
6 0 0 47 ff 0 1 0 1
6 0 0 47 ff 0 1 0 1
6 0 0 47 ff 0 1 0 1
6 0 0 47 ff 0 1 0 1
6 0 0 47 ff 0 1 0 1
6 0 0 47 ff 0 1 0 1
6 0 0 47 ff 0 1 0 1
6 0 0 47 ff 0 1 1 1
6 0 0 47 ff 0 1 0 1
6 0 0 47 ff 0 1 0 1
6 0 0 47 ff 0 1 0 1
6 0 1 47 ff 0 1 0 1
6 0 1 47 ff 0 1 0 1
6 0 1 47 ff 0 1 0 1
6 0 0 47 ff 0 1 0 1
6 0 0 47 ff 0 1 0 1
6 0 0 47 ff 0 1 0 1
6 0 0 47 ff 0 1 0 1
6 0 0 47 ff 0 1 0 1
6 0 0 47 ff 0 1 0 1
6 0 0 47 ff 0 1 0 1
6 0 0 47 ff 0 1 0 1
6 0 0 47 ff 0 1 0 1
6 0 0 47 ff 0 1 0 1
6 0 0 47 ff 0 1 0 1
6 0 0 47 ff 0 1 0 1
6 0 0 47 ff 0 1 0 1
6 0 0 47 ff 0 1 0 1
6 0 0 47 ff 0 1 0 1
6 0 0 47 ff 0 1 0 1
6 0 0 47 ff 0 1 0 1
6 0 0 47 ff 0 1 0 1
6 0 0 47 ff 0 1 0 1
6 0 0 47 ff 0 1 0 1
6 0 0 47 ff 0 1 0 1
6 0 0 47 ff 0 1 0 1
6 0 0 47 ff 0 1 0 1
6 0 0 47 ff 0 1 0 1
6 0 1 47 ff 0 1 0 1
6 0 1 47 ff 0 1 0 1
6 0 1 47 ff 0 1 0 1
6 0 1 47 ff 0 1 0 1
6 0 1 47 ff 0 1 0 1
6 0 1 47 ff 0 1 0 1
6 0 1 47 ff 0 1 0 1
6 0 1 47 ff 0 1 0 1
6 0 0 47 ff 0 1 0 1
6 0 0 47 ff 0 1 0 1
6 0 0 47 ff 0 1 0 1
6 0 0 47 ff 0 1 0 1
6 0 0 47 ff 0 1 0 1
6 0 0 47 ff 0 1 0 1
6 0 0 47 ff 0 1 0 1
6 0 0 47 ff 0 1 0 1
6 0 0 47 ff 0 1 0 1
6 0 0 47 ff 0 1 0 1
6 0 0 47 ff 0 1 0 1
6 0 0 47 ff 0 1 0 1
6 0 0 47 ff 0 1 0 1
6 0 0 47 ff 0 1 0 1
6 0 0 47 ff 0 1 0 1
6 0 0 47 ff 0 1 0 1
6 0 1 47 ff 0 1 0 1
6 0 1 47 ff 0 1 0 1
6 0 1 47 ff 0 1 0 1
6 0 1 47 ff 0 1 0 1
6 0 1 47 ff 0 1 0 1
6 0 1 47 ff 0 1 0 1
6 0 1 47 ff 0 1 0 1
6 0 1 47 ff 0 1 0 1
6 0 0 47 ff 0 1 0 1
6 0 0 47 ff 0 1 0 1
6 0 0 47 ff 0 1 0 1
6 0 0 47 ff 0 1 0 1
6 0 0 47 ff 0 1 0 1
6 0 0 47 ff 0 1 0 1
6 0 0 47 ff 0 1 0 1
6 0 0 47 ff 0 1 0 1
6 0 0 47 ff 0 1 0 1
6 0 0 47 ff 0 1 0 1
6 0 0 47 ff 0 1 0 1
6 0 0 47 ff 0 1 0 1
6 0 0 47 ff 0 1 0 1
6 0 0 47 ff 0 1 0 1
6 0 0 47 ff 0 1 0 1
6 0 0 47 ff 0 1 0 1
6 0 1 47 ff 0 1 0 1
6 0 1 47 ff 0 1 0 1
6 0 1 47 ff 0 1 0 1
6 0 1 47 ff 0 1 0 1
6 0 1 24 ff 1 1 0 1
6 0 1 24 ff 0 1 0 1
6 0 1 24 ff 0 1 0 1
6 0 1 24 ff 0 1 0 1
6 0 1 24 ff 0 1 0 1
6 0 1 24 ff 0 1 0 1
6 0 1 24 ff 0 1 0 1
6 0 0 24 ff 0 1 0 1
6 0 0 24 ff 0 1 0 1
6 0 0 24 ff 0 1 0 1
6 0 1 24 ff 0 1 0 1
6 0 1 24 ff 0 1 0 1
6 0 1 24 ff 0 1 0 1
6 0 1 24 ff 0 1 0 1
6 0 1 24 ff 0 1 0 1
6 0 1 24 ff 0 1 0 1
6 0 1 24 ff 0 1 0 1
6 0 1 24 ff 0 1 0 1
6 0 1 24 ff 0 1 0 1
6 0 1 24 ff 0 1 0 1
6 0 1 24 ff 0 1 0 1
6 0 1 24 ff 0 1 0 1
6 0 1 24 ff 0 1 0 1
6 0 1 24 ff 0 1 0 1
6 0 1 24 ff 0 1 0 1
6 0 1 24 ff 0 1 0 1
6 0 1 24 ff 0 1 0 1
6 0 1 24 ff 0 1 0 1
6 0 1 24 ff 0 1 0 1
6 0 1 24 ff 0 1 0 1
6 0 0 24 ff 0 1 0 1
6 0 0 24 ff 0 1 0 1
6 0 0 24 ff 0 1 0 1
6 0 0 24 ff 0 1 0 1
6 0 0 24 ff 0 1 0 1
6 0 0 24 ff 0 1 0 1
6 0 0 24 ff 0 1 0 1
6 0 0 24 ff 0 1 0 1
6 0 0 24 ff 0 1 0 1
6 0 0 24 ff 0 1 0 1
6 0 0 24 ff 0 1 0 1
6 0 0 24 ff 0 1 0 1
6 0 0 24 ff 0 1 0 1
6 0 0 24 ff 0 1 0 1
6 0 0 24 ff 0 1 0 1
6 0 0 24 ff 0 1 0 1
6 0 1 24 ff 0 1 0 1
6 0 1 24 ff 0 1 0 1
6 0 1 24 ff 0 1 0 1
6 0 1 24 ff 0 1 0 1
6 0 1 24 ff 0 1 0 1
6 0 1 24 ff 0 1 0 1
6 0 1 24 ff 0 1 0 1
6 0 1 24 ff 0 1 0 1
6 0 0 24 ff 0 1 0 1
6 0 0 24 ff 0 1 0 1
6 0 0 24 ff 0 1 0 1
6 0 0 24 ff 0 1 0 1
6 0 0 24 ff 0 1 0 1
6 0 0 24 ff 0 1 0 1
6 0 0 24 ff 0 1 0 1
6 0 0 24 ff 0 1 0 1
6 0 1 24 ff 0 1 0 1
6 0 1 24 ff 0 1 0 1
6 0 1 24 ff 0 1 0 1
6 0 1 24 ff 0 1 0 1
6 0 1 24 ff 0 1 0 1
6 0 1 24 ff 0 1 0 1
6 0 1 24 ff 0 1 0 1
6 0 1 24 ff 0 1 0 1
6 0 0 24 ff 0 1 0 1
6 0 0 24 ff 0 1 0 1
6 0 0 24 ff 0 1 0 1
6 0 0 24 ff 0 1 0 1
6 0 0 24 ff 0 1 0 1
6 0 0 24 ff 0 1 0 1
6 0 0 24 ff 0 1 0 1
6 0 0 24 ff 0 1 0 1
6 0 1 24 ff 0 1 0 1
6 0 1 24 ff 0 1 0 1
6 0 1 24 ff 0 1 0 1
6 0 1 24 ff 0 1 0 1
6 0 1 24 ff 0 1 0 1
6 0 1 24 ff 0 1 0 1
6 0 1 24 ff 0 1 0 1
6 0 1 24 ff 0 1 0 1
6 0 0 24 ff 0 1 0 1
6 0 0 24 ff 0 1 0 1
6 0 0 24 ff 0 1 0 1
6 0 0 24 ff 0 1 0 1
6 0 0 24 ff 0 1 0 1
6 0 0 24 ff 0 1 0 1
6 0 0 24 ff 0 1 0 1
6 0 0 24 ff 0 1 0 1
6 0 0 24 ff 0 1 0 1
6 0 0 24 ff 0 1 0 1
6 0 0 24 ff 0 1 0 1
6 0 0 24 ff 0 1 0 1
6 0 0 24 ff 0 1 0 1
6 0 0 24 ff 0 1 0 1
6 0 0 24 ff 0 1 0 1
6 0 0 24 ff 0 1 0 1
6 0 1 24 ff 0 1 0 1
6 0 1 24 ff 0 1 0 1
6 0 1 24 ff 0 1 0 1
6 0 1 24 ff 0 1 0 1
6 0 1 2a ff 1 1 0 1
6 0 1 2a ff 0 1 0 1
6 0 1 2a ff 0 1 0 1
6 0 1 2a ff 0 1 0 1
6 0 1 2a ff 0 1 0 1
6 0 1 2a ff 0 1 0 1
6 0 1 2a ff 0 1 0 1
6 0 1 2a ff 0 1 0 1
6 0 1 2a ff 0 1 0 1
6 0 1 2a ff 0 1 0 1
6 0 1 2a ff 0 1 0 1
6 0 1 2a ff 0 1 0 1
6 0 1 2a ff 0 1 0 1
6 0 1 2a ff 0 1 0 1
6 0 1 2a ff 0 1 0 1
6 0 1 2a ff 0 1 0 1
6 0 1 2a ff 0 1 0 1
6 0 1 2a ff 0 1 0 1
6 0 1 2a ff 0 1 0 1
6 0 1 2a ff 0 1 0 1
6 0 1 2a ff 0 1 0 1
6 0 1 2a ff 0 1 0 1
6 0 1 2a ff 0 1 0 1
6 0 1 2a ff 0 1 0 1
