0 00 0 f 0 1 0 1
0 87 1 f 0 1 0 1
0 99 2 f 0 1 0 1
0 1e 3 f 0 1 0 1
0 aa 4 f 0 1 0 1
0 2d 5 f 0 1 0 1
0 33 6 f 0 1 0 1
0 b4 7 f 0 1 0 1
0 4b 8 f 0 1 0 1
0 cc 9 f 0 1 0 1
0 d2 a f 0 1 0 1
0 55 b f 0 1 0 1
0 e1 c f 0 1 0 1
0 66 d f 0 1 0 1
0 78 e f 0 1 0 1
0 ff f f 0 1 0 1
1 01 0 f 1 1 0 1
1 02 0 f 1 1 0 1
1 04 0 f 1 1 0 1
1 08 0 f 1 1 0 1
1 10 0 f 1 1 0 1
1 20 0 f 1 1 0 1
1 40 0 f 1 1 0 1
1 80 0 f 1 1 0 1
1 86 1 f 1 1 0 1
1 85 1 f 1 1 0 1
1 83 1 f 1 1 0 1
1 8f 1 f 1 1 0 1
1 97 1 f 1 1 0 1
1 a7 1 f 1 1 0 1
1 c7 1 f 1 1 0 1
1 07 1 f 1 1 0 1
1 98 2 f 1 1 0 1
1 9b 2 f 1 1 0 1
1 9d 2 f 1 1 0 1
1 91 2 f 1 1 0 1
1 89 2 f 1 1 0 1
1 b9 2 f 1 1 0 1
1 d9 2 f 1 1 0 1
1 19 2 f 1 1 0 1
1 1f 3 f 1 1 0 1
1 1c 3 f 1 1 0 1
1 1a 3 f 1 1 0 1
1 16 3 f 1 1 0 1
1 0e 3 f 1 1 0 1
1 3e 3 f 1 1 0 1
1 5e 3 f 1 1 0 1
1 9e 3 f 1 1 0 1
1 ab 4 f 1 1 0 1
1 a8 4 f 1 1 0 1
1 ae 4 f 1 1 0 1
1 a2 4 f 1 1 0 1
1 ba 4 f 1 1 0 1
1 8a 4 f 1 1 0 1
1 ea 4 f 1 1 0 1
1 2a 4 f 1 1 0 1
1 2c 5 f 1 1 0 1
1 2f 5 f 1 1 0 1
1 29 5 f 1 1 0 1
1 25 5 f 1 1 0 1
1 3d 5 f 1 1 0 1
1 0d 5 f 1 1 0 1
1 6d 5 f 1 1 0 1
1 ad 5 f 1 1 0 1
1 32 6 f 1 1 0 1
1 31 6 f 1 1 0 1
1 37 6 f 1 1 0 1
1 3b 6 f 1 1 0 1
1 23 6 f 1 1 0 1
1 13 6 f 1 1 0 1
1 73 6 f 1 1 0 1
1 b3 6 f 1 1 0 1
1 b5 7 f 1 1 0 1
1 b6 7 f 1 1 0 1
1 b0 7 f 1 1 0 1
1 bc 7 f 1 1 0 1
1 a4 7 f 1 1 0 1
1 94 7 f 1 1 0 1
1 f4 7 f 1 1 0 1
1 34 7 f 1 1 0 1
1 4a 8 f 1 1 0 1
1 49 8 f 1 1 0 1
1 4f 8 f 1 1 0 1
1 43 8 f 1 1 0 1
1 5b 8 f 1 1 0 1
1 6b 8 f 1 1 0 1
1 0b 8 f 1 1 0 1
1 cb 8 f 1 1 0 1
1 cd 9 f 1 1 0 1
1 ce 9 f 1 1 0 1
1 c8 9 f 1 1 0 1
1 c4 9 f 1 1 0 1
1 dc 9 f 1 1 0 1
1 ec 9 f 1 1 0 1
1 8c 9 f 1 1 0 1
1 4c 9 f 1 1 0 1
1 d3 a f 1 1 0 1
1 d0 a f 1 1 0 1
1 d6 a f 1 1 0 1
1 da a f 1 1 0 1
1 c2 a f 1 1 0 1
1 f2 a f 1 1 0 1
1 92 a f 1 1 0 1
1 52 a f 1 1 0 1
1 54 b f 1 1 0 1
1 57 b f 1 1 0 1
1 51 b f 1 1 0 1
1 5d b f 1 1 0 1
1 45 b f 1 1 0 1
1 75 b f 1 1 0 1
1 15 b f 1 1 0 1
1 d5 b f 1 1 0 1
1 e0 c f 1 1 0 1
1 e3 c f 1 1 0 1
1 e5 c f 1 1 0 1
1 e9 c f 1 1 0 1
1 f1 c f 1 1 0 1
1 c1 c f 1 1 0 1
1 a1 c f 1 1 0 1
1 61 c f 1 1 0 1
1 67 d f 1 1 0 1
1 64 d f 1 1 0 1
1 62 d f 1 1 0 1
1 6e d f 1 1 0 1
1 76 d f 1 1 0 1
1 46 d f 1 1 0 1
1 26 d f 1 1 0 1
1 e6 d f 1 1 0 1
1 79 e f 1 1 0 1
1 7a e f 1 1 0 1
1 7c e f 1 1 0 1
1 70 e f 1 1 0 1
1 68 e f 1 1 0 1
1 58 e f 1 1 0 1
1 38 e f 1 1 0 1
1 f8 e f 1 1 0 1
1 fe f f 1 1 0 1
1 fd f f 1 1 0 1
1 fb f f 1 1 0 1
1 f7 f f 1 1 0 1
1 ef f f 1 1 0 1
1 df f f 1 1 0 1
1 bf f f 1 1 0 1
1 7f f f 1 1 0 1
2 03 0 f 0 1 1 1
2 05 1 f 0 1 1 1
2 09 0 f 0 1 1 1
2 11 2 f 0 1 1 1
2 21 4 f 0 1 1 1
2 41 8 f 0 1 1 1
2 81 0 f 0 1 1 1
2 06 1 f 0 1 1 1
2 0a 0 f 0 1 1 1
2 12 2 f 0 1 1 1
2 22 4 f 0 1 1 1
2 42 8 f 0 1 1 1
2 82 0 f 0 1 1 1
2 0c 1 f 0 1 1 1
2 14 3 f 0 1 1 1
2 24 5 f 0 1 1 1
2 44 9 f 0 1 1 1
2 84 1 f 0 1 1 1
2 18 2 f 0 1 1 1
2 28 4 f 0 1 1 1
2 48 8 f 0 1 1 1
2 88 0 f 0 1 1 1
2 30 6 f 0 1 1 1
2 50 a f 0 1 1 1
2 90 2 f 0 1 1 1
2 60 c f 0 1 1 1
2 a0 4 f 0 1 1 1
2 c0 8 f 0 1 1 1
2 84 1 f 0 1 1 1
2 82 0 f 0 1 1 1
2 8e 1 f 0 1 1 1
2 96 3 f 0 1 1 1
2 a6 5 f 0 1 1 1
2 c6 9 f 0 1 1 1
2 06 1 f 0 1 1 1
2 81 0 f 0 1 1 1
2 8d 1 f 0 1 1 1
2 95 3 f 0 1 1 1
2 a5 5 f 0 1 1 1
2 c5 9 f 0 1 1 1
2 05 1 f 0 1 1 1
2 8b 0 f 0 1 1 1
2 93 2 f 0 1 1 1
2 a3 4 f 0 1 1 1
2 c3 8 f 0 1 1 1
2 03 0 f 0 1 1 1
2 9f 3 f 0 1 1 1
2 af 5 f 0 1 1 1
2 cf 9 f 0 1 1 1
2 0f 1 f 0 1 1 1
2 b7 7 f 0 1 1 1
2 d7 b f 0 1 1 1
2 17 3 f 0 1 1 1
2 e7 d f 0 1 1 1
2 27 5 f 0 1 1 1
2 47 9 f 0 1 1 1
2 9a 2 f 0 1 1 1
2 9c 3 f 0 1 1 1
2 90 2 f 0 1 1 1
2 88 0 f 0 1 1 1
2 b8 6 f 0 1 1 1
2 d8 a f 0 1 1 1
2 18 2 f 0 1 1 1
2 9f 3 f 0 1 1 1
2 93 2 f 0 1 1 1
2 8b 0 f 0 1 1 1
2 bb 6 f 0 1 1 1
2 db a f 0 1 1 1
2 1b 2 f 0 1 1 1
2 95 3 f 0 1 1 1
2 8d 1 f 0 1 1 1
2 bd 7 f 0 1 1 1
2 dd b f 0 1 1 1
2 1d 3 f 0 1 1 1
2 81 0 f 0 1 1 1
2 b1 6 f 0 1 1 1
2 d1 a f 0 1 1 1
2 11 2 f 0 1 1 1
2 a9 4 f 0 1 1 1
2 c9 8 f 0 1 1 1
2 09 0 f 0 1 1 1
2 f9 e f 0 1 1 1
2 39 6 f 0 1 1 1
2 59 a f 0 1 1 1
2 1d 3 f 0 1 1 1
2 1b 2 f 0 1 1 1
2 17 3 f 0 1 1 1
2 0f 1 f 0 1 1 1
2 3f 7 f 0 1 1 1
2 5f b f 0 1 1 1
2 9f 3 f 0 1 1 1
2 18 2 f 0 1 1 1
2 14 3 f 0 1 1 1
2 0c 1 f 0 1 1 1
2 3c 7 f 0 1 1 1
2 5c b f 0 1 1 1
2 9c 3 f 0 1 1 1
2 12 2 f 0 1 1 1
2 0a 0 f 0 1 1 1
2 3a 6 f 0 1 1 1
2 5a a f 0 1 1 1
2 9a 2 f 0 1 1 1
2 06 1 f 0 1 1 1
2 36 7 f 0 1 1 1
2 56 b f 0 1 1 1
2 96 3 f 0 1 1 1
2 2e 5 f 0 1 1 1
2 4e 9 f 0 1 1 1
2 8e 1 f 0 1 1 1
2 7e f f 0 1 1 1
2 be 7 f 0 1 1 1
2 de b f 0 1 1 1
2 a9 4 f 0 1 1 1
2 af 5 f 0 1 1 1
2 a3 4 f 0 1 1 1
2 bb 6 f 0 1 1 1
2 8b 0 f 0 1 1 1
2 eb c f 0 1 1 1
2 2b 4 f 0 1 1 1
2 ac 5 f 0 1 1 1
2 a0 4 f 0 1 1 1
2 b8 6 f 0 1 1 1
2 88 0 f 0 1 1 1
2 e8 c f 0 1 1 1
2 28 4 f 0 1 1 1
2 a6 5 f 0 1 1 1
2 be 7 f 0 1 1 1
2 8e 1 f 0 1 1 1
2 ee d f 0 1 1 1
2 2e 5 f 0 1 1 1
2 b2 6 f 0 1 1 1
2 82 0 f 0 1 1 1
2 e2 c f 0 1 1 1
2 22 4 f 0 1 1 1
2 9a 2 f 0 1 1 1
2 fa e f 0 1 1 1
2 3a 6 f 0 1 1 1
2 ca 8 f 0 1 1 1
2 0a 0 f 0 1 1 1
2 6a c f 0 1 1 1
2 2e 5 f 0 1 1 1
2 28 4 f 0 1 1 1
2 24 5 f 0 1 1 1
2 3c 7 f 0 1 1 1
2 0c 1 f 0 1 1 1
2 6c d f 0 1 1 1
2 ac 5 f 0 1 1 1
2 2b 4 f 0 1 1 1
2 27 5 f 0 1 1 1
2 3f 7 f 0 1 1 1
2 0f 1 f 0 1 1 1
2 6f d f 0 1 1 1
2 af 5 f 0 1 1 1
2 21 4 f 0 1 1 1
2 39 6 f 0 1 1 1
2 09 0 f 0 1 1 1
2 69 c f 0 1 1 1
2 a9 4 f 0 1 1 1
2 35 7 f 0 1 1 1
2 05 1 f 0 1 1 1
2 65 d f 0 1 1 1
2 a5 5 f 0 1 1 1
2 1d 3 f 0 1 1 1
2 7d f f 0 1 1 1
2 bd 7 f 0 1 1 1
2 4d 9 f 0 1 1 1
2 8d 1 f 0 1 1 1
2 ed d f 0 1 1 1
2 30 6 f 0 1 1 1
2 36 7 f 0 1 1 1
2 3a 6 f 0 1 1 1
2 22 4 f 0 1 1 1
2 12 2 f 0 1 1 1
2 72 e f 0 1 1 1
2 b2 6 f 0 1 1 1
2 35 7 f 0 1 1 1
2 39 6 f 0 1 1 1
2 21 4 f 0 1 1 1
2 11 2 f 0 1 1 1
2 71 e f 0 1 1 1
2 b1 6 f 0 1 1 1
2 3f 7 f 0 1 1 1
2 27 5 f 0 1 1 1
2 17 3 f 0 1 1 1
2 77 f f 0 1 1 1
2 b7 7 f 0 1 1 1
2 2b 4 f 0 1 1 1
2 1b 2 f 0 1 1 1
2 7b e f 0 1 1 1
2 bb 6 f 0 1 1 1
2 03 0 f 0 1 1 1
2 63 c f 0 1 1 1
2 a3 4 f 0 1 1 1
2 53 a f 0 1 1 1
2 93 2 f 0 1 1 1
2 f3 e f 0 1 1 1
2 b7 7 f 0 1 1 1
2 b1 6 f 0 1 1 1
2 bd 7 f 0 1 1 1
2 a5 5 f 0 1 1 1
2 95 3 f 0 1 1 1
2 f5 f f 0 1 1 1
2 35 7 f 0 1 1 1
2 b2 6 f 0 1 1 1
2 be 7 f 0 1 1 1
2 a6 5 f 0 1 1 1
2 96 3 f 0 1 1 1
2 f6 f f 0 1 1 1
2 36 7 f 0 1 1 1
2 b8 6 f 0 1 1 1
2 a0 4 f 0 1 1 1
2 90 2 f 0 1 1 1
2 f0 e f 0 1 1 1
2 30 6 f 0 1 1 1
2 ac 5 f 0 1 1 1
2 9c 3 f 0 1 1 1
2 fc f f 0 1 1 1
2 3c 7 f 0 1 1 1
2 84 1 f 0 1 1 1
2 e4 d f 0 1 1 1
2 24 5 f 0 1 1 1
2 d4 b f 0 1 1 1
2 14 3 f 0 1 1 1
2 74 f f 0 1 1 1
2 48 8 f 0 1 1 1
2 4e 9 f 0 1 1 1
2 42 8 f 0 1 1 1
2 5a a f 0 1 1 1
2 6a c f 0 1 1 1
2 0a 0 f 0 1 1 1
2 ca 8 f 0 1 1 1
2 4d 9 f 0 1 1 1
2 41 8 f 0 1 1 1
2 59 a f 0 1 1 1
2 69 c f 0 1 1 1
2 09 0 f 0 1 1 1
2 c9 8 f 0 1 1 1
2 47 9 f 0 1 1 1
2 5f b f 0 1 1 1
2 6f d f 0 1 1 1
2 0f 1 f 0 1 1 1
2 cf 9 f 0 1 1 1
2 53 a f 0 1 1 1
2 63 c f 0 1 1 1
2 03 0 f 0 1 1 1
2 c3 8 f 0 1 1 1
2 7b e f 0 1 1 1
2 1b 2 f 0 1 1 1
2 db a f 0 1 1 1
2 2b 4 f 0 1 1 1
2 eb c f 0 1 1 1
2 8b 0 f 0 1 1 1
2 cf 9 f 0 1 1 1
2 c9 8 f 0 1 1 1
2 c5 9 f 0 1 1 1
2 dd b f 0 1 1 1
2 ed d f 0 1 1 1
2 8d 1 f 0 1 1 1
2 4d 9 f 0 1 1 1
2 ca 8 f 0 1 1 1
2 c6 9 f 0 1 1 1
2 de b f 0 1 1 1
2 ee d f 0 1 1 1
2 8e 1 f 0 1 1 1
2 4e 9 f 0 1 1 1
2 c0 8 f 0 1 1 1
2 d8 a f 0 1 1 1
2 e8 c f 0 1 1 1
2 88 0 f 0 1 1 1
2 48 8 f 0 1 1 1
2 d4 b f 0 1 1 1
2 e4 d f 0 1 1 1
2 84 1 f 0 1 1 1
2 44 9 f 0 1 1 1
2 fc f f 0 1 1 1
2 9c 3 f 0 1 1 1
2 5c b f 0 1 1 1
2 ac 5 f 0 1 1 1
2 6c d f 0 1 1 1
2 0c 1 f 0 1 1 1
2 d1 a f 0 1 1 1
2 d7 b f 0 1 1 1
2 db a f 0 1 1 1
2 c3 8 f 0 1 1 1
2 f3 e f 0 1 1 1
2 93 2 f 0 1 1 1
2 53 a f 0 1 1 1
2 d4 b f 0 1 1 1
2 d8 a f 0 1 1 1
2 c0 8 f 0 1 1 1
2 f0 e f 0 1 1 1
2 90 2 f 0 1 1 1
2 50 a f 0 1 1 1
2 de b f 0 1 1 1
2 c6 9 f 0 1 1 1
2 f6 f f 0 1 1 1
2 96 3 f 0 1 1 1
2 56 b f 0 1 1 1
2 ca 8 f 0 1 1 1
2 fa e f 0 1 1 1
2 9a 2 f 0 1 1 1
2 5a a f 0 1 1 1
2 e2 c f 0 1 1 1
2 82 0 f 0 1 1 1
2 42 8 f 0 1 1 1
2 b2 6 f 0 1 1 1
2 72 e f 0 1 1 1
2 12 2 f 0 1 1 1
2 56 b f 0 1 1 1
2 50 a f 0 1 1 1
2 5c b f 0 1 1 1
2 44 9 f 0 1 1 1
2 74 f f 0 1 1 1
2 14 3 f 0 1 1 1
2 d4 b f 0 1 1 1
2 53 a f 0 1 1 1
2 5f b f 0 1 1 1
2 47 9 f 0 1 1 1
2 77 f f 0 1 1 1
2 17 3 f 0 1 1 1
2 d7 b f 0 1 1 1
2 59 a f 0 1 1 1
2 41 8 f 0 1 1 1
2 71 e f 0 1 1 1
2 11 2 f 0 1 1 1
2 d1 a f 0 1 1 1
2 4d 9 f 0 1 1 1
2 7d f f 0 1 1 1
2 1d 3 f 0 1 1 1
2 dd b f 0 1 1 1
2 65 d f 0 1 1 1
2 05 1 f 0 1 1 1
2 c5 9 f 0 1 1 1
2 35 7 f 0 1 1 1
2 f5 f f 0 1 1 1
2 95 3 f 0 1 1 1
2 e2 c f 0 1 1 1
2 e4 d f 0 1 1 1
2 e8 c f 0 1 1 1
2 f0 e f 0 1 1 1
2 c0 8 f 0 1 1 1
2 a0 4 f 0 1 1 1
2 60 c f 0 1 1 1
2 e7 d f 0 1 1 1
2 eb c f 0 1 1 1
2 f3 e f 0 1 1 1
2 c3 8 f 0 1 1 1
2 a3 4 f 0 1 1 1
2 63 c f 0 1 1 1
2 ed d f 0 1 1 1
2 f5 f f 0 1 1 1
2 c5 9 f 0 1 1 1
2 a5 5 f 0 1 1 1
2 65 d f 0 1 1 1
2 f9 e f 0 1 1 1
2 c9 8 f 0 1 1 1
2 a9 4 f 0 1 1 1
2 69 c f 0 1 1 1
2 d1 a f 0 1 1 1
2 b1 6 f 0 1 1 1
2 71 e f 0 1 1 1
2 81 0 f 0 1 1 1
2 41 8 f 0 1 1 1
2 21 4 f 0 1 1 1
2 65 d f 0 1 1 1
2 63 c f 0 1 1 1
2 6f d f 0 1 1 1
2 77 f f 0 1 1 1
2 47 9 f 0 1 1 1
2 27 5 f 0 1 1 1
2 e7 d f 0 1 1 1
2 60 c f 0 1 1 1
2 6c d f 0 1 1 1
2 74 f f 0 1 1 1
2 44 9 f 0 1 1 1
2 24 5 f 0 1 1 1
2 e4 d f 0 1 1 1
2 6a c f 0 1 1 1
2 72 e f 0 1 1 1
2 42 8 f 0 1 1 1
2 22 4 f 0 1 1 1
2 e2 c f 0 1 1 1
2 7e f f 0 1 1 1
2 4e 9 f 0 1 1 1
2 2e 5 f 0 1 1 1
2 ee d f 0 1 1 1
2 56 b f 0 1 1 1
2 36 7 f 0 1 1 1
2 f6 f f 0 1 1 1
2 06 1 f 0 1 1 1
2 c6 9 f 0 1 1 1
2 a6 5 f 0 1 1 1
2 7b e f 0 1 1 1
2 7d f f 0 1 1 1
2 71 e f 0 1 1 1
2 69 c f 0 1 1 1
2 59 a f 0 1 1 1
2 39 6 f 0 1 1 1
2 f9 e f 0 1 1 1
2 7e f f 0 1 1 1
2 72 e f 0 1 1 1
2 6a c f 0 1 1 1
2 5a a f 0 1 1 1
2 3a 6 f 0 1 1 1
2 fa e f 0 1 1 1
2 74 f f 0 1 1 1
2 6c d f 0 1 1 1
2 5c b f 0 1 1 1
2 3c 7 f 0 1 1 1
2 fc f f 0 1 1 1
2 60 c f 0 1 1 1
2 50 a f 0 1 1 1
2 30 6 f 0 1 1 1
2 f0 e f 0 1 1 1
2 48 8 f 0 1 1 1
2 28 4 f 0 1 1 1
2 e8 c f 0 1 1 1
2 18 2 f 0 1 1 1
2 d8 a f 0 1 1 1
2 b8 6 f 0 1 1 1
2 fc f f 0 1 1 1
2 fa e f 0 1 1 1
2 f6 f f 0 1 1 1
2 ee d f 0 1 1 1
2 de b f 0 1 1 1
2 be 7 f 0 1 1 1
2 7e f f 0 1 1 1
2 f9 e f 0 1 1 1
2 f5 f f 0 1 1 1
2 ed d f 0 1 1 1
2 dd b f 0 1 1 1
2 bd 7 f 0 1 1 1
2 7d f f 0 1 1 1
2 f3 e f 0 1 1 1
2 eb c f 0 1 1 1
2 db a f 0 1 1 1
2 bb 6 f 0 1 1 1
2 7b e f 0 1 1 1
2 e7 d f 0 1 1 1
2 d7 b f 0 1 1 1
2 b7 7 f 0 1 1 1
2 77 f f 0 1 1 1
2 cf 9 f 0 1 1 1
2 af 5 f 0 1 1 1
2 6f d f 0 1 1 1
2 9f 3 f 0 1 1 1
2 5f b f 0 1 1 1
2 3f 7 f 0 1 1 1
