0 03 09 03 1 00 0 2 3 0 3
0 09 03 03 1 00 0 0 3 2 3
0 03 03 03 1 07 1 2 3 2 3
1 03 09 08 1 03 1 1 3 0 3
1 09 03 08 0 03 1 0 3 1 3
1 03 09 03 0 03 1 1 3 0 3
2 04 04 04 1 04 1 2 3 2 3
2 04 01 04 1 04 1 2 3 0 3
3 00 00 00 1 00 1 0 3 0 3
3 00 05 00 1 05 0 0 3 0 3
3 06 07 06 0 07 0 0 3 0 3
4 01 02 00 1 02 0 0 3 0 3
4 03 03 0c 0 03 1 1 3 1 3
4 00 02 01 1 00 1 0 3 0 3
4 01 03 00 1 03 0 0 3 0 3
4 01 01 02 1 00 1 0 3 0 3
4 03 02 0b 0 03 0 0 3 0 3
4 01 02 01 0 02 1 0 3 1 3
4 03 03 12 1 03 1 1 3 1 3
4 00 00 02 0 02 0 0 3 0 3
4 02 03 03 0 02 1 1 3 0 3
4 00 01 0c 0 0f 0 0 3 0 3
4 02 01 02 1 02 1 2 3 0 3
4 0b 00 02 1 01 0 0 3 0 3
4 03 02 1e 0 03 0 0 3 0 3
4 01 05 02 0 03 0 0 3 0 3
4 00 00 13 0 03 0 0 3 0 3
4 03 00 01 0 01 1 0 3 0 3
4 00 01 0f 0 01 1 0 3 1 3
4 00 03 00 0 03 1 0 3 1 3
4 02 00 01 0 00 0 0 3 0 3
4 18 00 02 1 02 0 0 3 0 3
4 1b 03 01 1 00 0 0 3 0 3
4 00 03 00 1 0d 1 0 3 0 3
4 01 01 04 1 02 1 0 3 0 3
4 10 02 00 0 0f 0 0 3 0 3
4 00 10 03 0 02 0 0 3 0 3
4 01 00 03 0 00 1 0 3 0 3
4 03 02 03 0 02 1 0 3 1 3
4 00 00 02 1 1a 1 0 3 0 3
4 00 02 02 0 18 0 0 3 0 3
4 00 01 02 0 02 0 0 3 0 3
4 01 02 03 1 02 1 0 3 1 3
4 00 00 12 1 03 0 0 3 0 3
4 08 02 03 1 02 1 0 3 1 3
4 01 03 01 0 03 0 0 3 0 3
4 10 01 03 0 02 1 0 3 0 3
4 00 01 00 0 02 0 0 3 0 3
4 0d 03 02 0 01 1 0 3 0 3
4 02 0f 1f 0 00 1 0 3 0 3
4 02 03 10 0 02 0 0 3 0 3
4 02 00 02 0 19 1 0 3 0 3
4 01 02 02 0 02 0 0 3 0 3
4 03 01 02 1 01 1 0 3 1 3
4 03 01 03 1 02 0 2 3 0 3
4 03 02 00 1 02 0 0 3 0 3
4 00 16 0a 0 02 1 0 3 0 3
4 01 02 02 0 02 0 0 3 0 3
4 1f 02 00 1 01 0 0 3 0 3
4 02 0f 02 0 1f 1 0 3 0 3
4 03 03 0c 0 0c 1 0 3 0 3
4 02 02 03 0 03 1 0 3 0 3
4 03 03 12 0 01 0 0 3 0 3
4 01 00 00 0 01 1 1 3 0 3
4 02 10 04 1 13 1 0 3 0 3
4 01 03 02 0 09 0 0 3 0 3
4 02 0a 02 1 07 0 2 3 0 3
4 01 03 00 0 02 1 0 3 0 3
4 01 03 03 1 02 0 0 3 2 3
4 03 01 16 0 02 1 0 3 0 3
4 03 00 02 0 03 1 1 3 0 3
4 01 02 01 1 02 1 2 3 1 3
4 02 01 00 0 13 0 0 3 0 3
4 01 01 03 1 00 1 0 3 0 3
4 03 01 1b 1 00 0 0 3 0 3
4 01 12 02 0 03 0 0 3 0 3
4 00 01 00 1 03 0 0 3 0 3
4 01 00 01 1 00 1 2 3 0 3
4 1a 01 02 1 01 0 0 3 0 3
4 02 02 13 1 02 1 1 3 1 3
4 02 00 01 0 03 0 0 3 0 3
4 01 00 00 0 18 1 0 3 0 3
4 01 03 01 1 02 0 2 3 0 3
4 03 00 03 0 03 0 0 3 0 3
4 00 01 03 0 03 1 0 3 0 3
4 02 00 03 0 01 1 0 3 0 3
4 02 11 01 1 01 0 0 3 0 3
4 02 02 03 1 04 0 0 3 0 3
4 00 03 01 0 03 1 0 3 1 3
4 02 10 02 0 02 0 0 3 0 3
4 0b 03 03 1 02 1 0 3 2 3
4 01 01 16 0 00 1 0 3 0 3
4 01 02 03 1 06 0 0 3 0 3
4 03 16 18 0 02 0 0 3 0 3
4 00 19 12 1 01 0 0 3 0 3
4 02 03 03 1 03 1 0 3 2 3
4 01 17 03 1 08 1 0 3 0 3
4 01 02 13 0 02 0 0 3 0 3
4 00 08 01 0 03 0 0 3 0 3
4 00 00 01 1 01 0 0 3 0 3
4 01 02 01 1 01 0 2 3 0 3
4 03 05 00 0 00 1 0 3 0 3
4 06 01 02 1 03 1 0 3 0 3
4 10 01 12 1 01 1 0 3 1 3
4 02 03 00 1 02 0 0 3 0 3
4 00 12 17 0 19 0 0 3 0 3
4 00 02 02 1 0f 1 0 3 2 3
4 1b 03 02 1 03 0 0 3 0 3
4 06 01 01 0 02 1 0 3 0 3
4 01 03 00 0 02 0 0 3 0 3
4 1f 01 03 1 18 0 0 3 0 3
4 02 00 02 1 1f 0 2 3 0 3
4 01 03 01 1 03 0 2 3 0 3
4 02 00 01 0 01 1 0 3 0 3
4 03 03 00 0 07 0 0 3 0 3
4 01 03 00 1 01 0 0 3 0 3
4 18 01 00 0 01 1 0 3 1 3
4 03 1c 00 0 01 1 0 3 0 3
4 00 01 03 0 1b 1 0 3 0 3
4 01 02 01 0 01 1 1 3 0 3
4 0c 02 10 0 00 1 0 3 0 3
4 12 17 01 1 03 0 0 3 0 3
4 03 03 02 1 00 1 0 3 0 3
4 02 1d 0f 1 00 1 0 3 0 3
4 18 01 00 1 00 1 0 3 0 3
4 0b 03 01 0 03 0 0 3 0 3
4 01 03 0f 1 00 0 0 3 0 3
4 03 03 01 1 00 0 0 3 0 3
4 15 00 01 1 00 1 0 3 0 3
4 00 01 00 1 00 0 0 3 0 3
4 03 03 01 1 02 0 0 3 0 3
4 03 01 03 0 03 1 1 3 0 3
4 00 01 02 1 01 1 0 3 1 3
4 01 03 00 1 02 0 0 3 0 3
4 01 03 03 0 00 0 0 3 0 3
4 01 00 02 1 01 0 0 3 0 3
4 01 03 03 1 00 1 0 3 2 3
4 03 1f 00 1 03 0 0 3 0 3
4 03 01 03 0 00 1 0 3 0 3
4 00 01 02 1 01 0 0 3 0 3
4 15 03 02 1 1e 1 0 3 0 3
4 02 03 00 1 02 1 1 3 0 3
4 00 01 01 1 1f 1 0 3 2 3
4 12 00 02 1 03 0 0 3 0 3
4 03 0c 03 1 01 1 2 3 0 3
4 00 03 02 0 03 0 0 3 0 3
4 0a 01 01 1 02 1 0 3 2 3
4 01 02 01 0 17 1 0 3 0 3
4 00 01 09 0 00 1 0 3 0 3
4 03 03 03 1 01 0 2 3 2 3
4 01 00 06 1 01 0 0 3 0 3
4 03 03 13 1 01 1 0 3 0 3
4 0e 10 01 0 00 0 0 3 0 3
4 02 03 03 0 00 1 0 3 0 3
4 01 0a 02 0 11 0 0 3 0 3
4 02 00 02 0 03 1 0 3 0 3
4 00 1d 02 0 01 0 0 3 0 3
4 02 09 03 1 00 0 0 3 0 3
4 02 03 02 0 01 0 0 3 0 3
4 00 03 00 0 14 0 0 3 0 3
4 03 06 03 0 02 1 0 3 0 3
4 12 03 03 1 00 0 0 3 2 3
4 03 01 01 1 02 1 0 3 2 3
4 01 01 02 1 03 1 0 3 0 3
4 00 02 18 1 02 0 0 3 0 3
4 00 00 03 1 00 1 0 3 0 3
4 00 01 05 1 02 0 0 3 0 3
4 02 02 01 0 00 1 0 3 0 3
4 02 03 02 0 02 1 1 3 0 3
4 03 01 01 1 01 1 0 3 2 3
4 02 01 01 1 02 1 1 3 2 3
4 11 1f 02 1 1b 1 0 3 0 3
4 02 01 02 1 03 0 2 3 0 3
4 06 02 01 1 0b 0 0 3 0 3
4 03 01 03 0 03 1 1 3 0 3
4 03 00 01 1 01 1 0 3 0 3
4 00 01 00 1 0b 0 0 3 0 3
4 02 02 01 1 18 0 0 3 0 3
4 03 02 02 0 01 0 0 3 0 3
4 00 00 03 1 0d 1 0 3 0 3
4 01 03 03 0 03 0 0 3 0 3
4 00 1c 02 1 01 1 0 3 0 3
4 01 01 03 1 00 1 0 3 0 3
4 00 02 14 0 00 0 0 3 0 3
4 02 01 01 1 00 1 0 3 2 3
4 00 02 18 0 03 1 0 3 0 3
4 01 03 02 1 03 1 0 3 1 3
4 01 02 01 0 02 0 0 3 0 3
4 01 00 02 0 13 1 0 3 0 3
4 01 02 03 1 1e 0 0 3 0 3
4 01 03 0a 0 01 1 1 3 0 3
4 02 1a 02 1 01 0 2 3 0 3
4 03 00 03 0 00 1 0 3 0 3
4 00 05 10 1 00 1 0 3 0 3
4 03 02 01 1 01 0 0 3 0 3
4 0f 00 03 0 03 1 0 3 0 3
4 14 01 03 1 02 0 0 3 0 3
4 0d 01 03 0 1f 1 0 3 0 3
4 03 03 03 0 02 0 0 3 0 3
4 00 1d 16 0 03 1 0 3 0 3
4 00 1d 03 1 09 0 0 3 0 3
4 00 12 02 0 01 0 0 3 0 3
4 10 03 0f 1 02 1 0 3 0 3
4 01 03 03 0 03 1 0 3 1 3
4 01 1f 0b 0 03 0 0 3 0 3
4 03 1a 02 1 15 0 0 3 0 3
4 01 02 00 0 03 0 0 3 0 3
4 1d 03 12 1 00 1 0 3 0 3
4 1a 03 01 0 15 0 0 3 0 3
4 03 00 03 1 18 0 2 3 0 3
4 00 03 03 0 03 1 0 3 1 3
4 02 03 00 1 01 1 0 3 0 3
4 01 00 00 1 14 0 0 3 0 3
4 00 13 12 0 02 1 0 3 0 3
4 16 01 03 0 03 1 0 3 0 3
4 02 18 00 0 00 1 0 3 0 3
4 03 02 0c 1 03 0 0 3 0 3
4 03 02 05 0 01 0 0 3 0 3
4 00 03 1f 1 02 1 0 3 0 3
4 03 02 03 1 15 0 2 3 0 3
4 07 03 02 1 06 0 0 3 0 3
4 02 00 0e 1 03 1 0 3 0 3
4 01 04 02 0 03 1 0 3 0 3
4 03 00 01 0 03 1 1 3 0 3
4 01 01 0c 1 13 0 0 3 0 3
4 0d 02 01 0 03 1 0 3 0 3
4 00 03 03 1 02 0 0 3 2 3
4 00 01 13 1 00 1 0 3 0 3
4 14 00 02 0 02 1 0 3 0 3
4 00 01 00 1 02 0 0 3 0 3
4 02 06 03 0 01 0 0 3 0 3
4 00 01 01 0 06 1 0 3 0 3
4 00 00 01 1 02 0 0 3 0 3
4 02 01 03 0 00 0 0 3 0 3
4 00 03 01 0 00 0 0 3 0 3
4 02 01 0d 0 00 1 0 3 0 3
4 1a 03 03 0 00 1 0 3 0 3
4 00 0e 02 0 03 1 0 3 0 3
4 00 03 00 0 00 0 0 3 0 3
4 03 01 03 0 07 1 0 3 0 3
4 00 01 01 1 01 0 0 3 2 3
4 00 03 02 0 1d 1 0 3 0 3
4 01 03 02 1 03 1 0 3 1 3
4 02 01 03 1 03 0 0 3 0 3
4 0c 01 03 0 03 1 0 3 0 3
4 00 00 1a 1 1a 1 0 3 0 3
4 02 01 01 1 03 0 0 3 2 3
4 03 00 00 0 01 1 0 3 0 3
4 01 02 03 1 03 0 0 3 0 3
4 1b 00 0e 0 02 0 0 3 0 3
4 01 0a 01 1 00 1 2 3 0 3
4 1d 01 00 0 1e 0 0 3 0 3
4 0f 0a 02 0 00 1 0 3 0 3
4 01 02 01 1 01 0 2 3 0 3
4 03 01 00 1 09 1 0 3 0 3
4 13 00 03 0 03 0 0 3 0 3
4 00 00 02 1 02 0 0 3 0 3
4 03 14 00 1 13 0 0 3 0 3
4 00 09 03 1 05 1 0 3 0 3
4 01 00 01 1 01 0 2 3 0 3
4 02 01 02 1 01 0 2 3 0 3
4 01 00 01 1 02 1 2 3 0 3
4 01 02 02 0 03 1 0 3 0 3
4 02 00 00 0 03 0 0 3 0 3
4 02 02 03 0 02 1 1 3 1 3
4 03 03 01 0 1d 0 0 3 0 3
4 02 03 01 0 01 0 0 3 0 3
4 01 02 00 1 1d 1 0 3 0 3
4 02 08 00 0 00 1 0 3 0 3
4 01 0e 07 0 03 1 0 3 0 3
4 03 00 02 0 01 0 0 3 0 3
4 00 01 01 1 03 1 0 3 2 3
4 03 03 03 0 00 1 0 3 0 3
4 19 03 01 0 1a 1 0 3 0 3
4 05 03 17 1 14 0 0 3 0 3
4 01 01 00 1 03 1 0 3 0 3
4 02 02 13 1 01 1 0 3 0 3
4 01 00 11 1 01 0 0 3 0 3
4 1a 03 01 1 02 1 0 3 0 3
4 08 02 03 0 18 0 0 3 0 3
4 03 00 01 0 03 1 1 3 0 3
4 01 03 00 0 10 0 0 3 0 3
4 02 03 00 1 02 0 0 3 0 3
4 00 02 00 0 00 1 0 3 0 3
4 00 02 01 0 00 0 0 3 0 3
4 03 02 02 1 03 1 1 3 2 3
4 00 0f 00 1 00 0 0 3 0 3
4 02 00 14 1 00 0 0 3 0 3
4 1c 03 03 0 01 1 0 3 0 3
4 01 00 00 0 00 1 0 3 0 3
4 02 03 01 1 02 0 0 3 0 3
4 03 01 1f 1 17 1 0 3 0 3
4 00 02 00 0 00 1 0 3 0 3
4 14 02 00 0 03 1 0 3 0 3
4 03 01 02 0 0e 0 0 3 0 3
4 01 01 19 0 03 0 0 3 0 3
4 10 00 02 1 00 1 0 3 0 3
4 02 00 00 1 03 1 0 3 0 3
4 11 06 01 0 02 1 0 3 0 3
4 03 03 00 1 02 1 0 3 0 3
4 03 00 02 1 05 1 0 3 0 3
4 01 02 14 0 02 1 0 3 1 3
4 00 03 02 0 00 0 0 3 0 3
4 01 00 01 0 01 0 0 3 0 3
4 00 02 03 0 00 1 0 3 0 3
4 00 02 02 0 02 0 0 3 0 3
4 02 03 01 1 03 0 0 3 0 3
4 03 03 02 1 0a 0 0 3 0 3
4 03 03 02 0 15 0 0 3 0 3
4 00 01 1e 0 07 1 0 3 0 3
4 00 02 00 1 18 1 0 3 0 3
4 00 02 00 1 00 1 0 3 0 3
4 0f 02 03 1 02 0 0 3 0 3
4 0e 14 00 0 02 0 0 3 0 3
4 02 02 01 1 03 1 0 3 0 3
4 07 02 03 0 00 0 0 3 0 3
4 02 00 02 0 00 0 0 3 0 3
4 02 01 18 1 01 0 0 3 0 3
4 03 03 0b 1 0f 1 0 3 0 3
4 01 03 01 1 00 0 2 3 0 3
4 01 03 03 1 01 1 1 3 2 3
4 0c 1f 0b 1 01 1 0 3 0 3
4 11 01 02 1 00 0 0 3 0 3
4 03 01 00 0 01 0 0 3 0 3
4 00 07 00 1 03 1 0 3 0 3
4 1f 01 03 0 10 1 0 3 0 3
4 02 01 01 1 00 0 0 3 2 3
4 01 1a 03 1 03 0 0 3 0 3
4 02 03 02 0 00 0 0 3 0 3
4 02 02 02 1 1f 0 2 3 2 3
4 03 02 03 1 11 0 2 3 0 3
4 01 06 02 0 01 1 1 3 0 3
4 13 00 13 0 01 0 0 3 0 3
4 01 02 01 0 03 0 0 3 0 3
4 0f 02 02 0 01 1 0 3 0 3
4 1d 03 01 0 01 0 0 3 0 3
4 02 03 02 0 01 1 0 3 0 3
4 00 03 1f 0 1b 0 0 3 0 3
4 1d 03 01 0 01 0 0 3 0 3
4 01 03 00 1 00 0 0 3 0 3
4 13 01 01 1 10 1 0 3 2 3
4 02 00 01 0 1b 1 0 3 0 3
4 10 02 02 1 00 1 0 3 2 3
4 00 01 01 1 18 0 0 3 2 3
4 14 03 03 1 03 0 0 3 2 3
4 02 03 01 0 00 0 0 3 0 3
4 00 01 06 1 00 0 0 3 0 3
4 01 02 02 0 02 0 0 3 0 3
4 00 08 00 0 1e 1 0 3 0 3
4 01 01 01 1 03 0 2 3 2 3
4 01 01 03 1 0d 1 0 3 0 3
4 01 0a 01 0 03 0 0 3 0 3
4 03 01 01 0 02 0 0 3 0 3
4 1d 1e 02 0 02 0 0 3 0 3
4 03 1e 03 1 00 1 2 3 0 3
4 05 01 17 0 00 0 0 3 0 3
4 03 0e 02 0 02 0 0 3 0 3
4 00 01 02 0 03 0 0 3 0 3
4 0d 00 1e 0 03 0 0 3 0 3
4 00 02 03 1 00 0 0 3 0 3
4 03 00 02 1 01 0 0 3 0 3
4 12 02 08 1 00 0 0 3 0 3
4 02 02 18 0 03 1 0 3 0 3
4 01 01 03 0 19 1 0 3 0 3
4 18 00 0e 1 03 0 0 3 0 3
4 02 0c 03 1 01 0 0 3 0 3
4 01 02 01 0 02 1 0 3 1 3
4 02 1d 00 1 02 1 1 3 0 3
4 02 00 00 0 02 0 0 3 0 3
4 03 00 1a 1 02 1 0 3 0 3
4 03 03 1a 0 03 0 0 3 0 3
4 02 01 00 0 01 0 0 3 0 3
4 01 1d 00 1 02 1 0 3 0 3
4 08 03 01 1 0c 1 0 3 0 3
4 01 00 01 0 02 1 0 3 0 3
4 17 03 03 0 12 1 0 3 0 3
4 14 02 02 1 03 1 0 3 2 3
4 03 02 00 0 02 0 0 3 0 3
4 13 02 01 0 02 1 0 3 1 3
4 1c 13 02 0 1e 0 0 3 0 3
4 02 02 02 1 02 1 2 3 2 3
4 01 01 00 0 03 0 0 3 0 3
4 00 01 1c 0 01 0 0 3 0 3
4 08 02 02 1 01 1 0 3 2 3
4 03 01 03 1 03 0 2 3 0 3
4 02 01 00 1 1e 1 0 3 0 3
4 03 02 00 1 03 1 1 3 0 3
4 02 01 00 0 01 0 0 3 0 3
4 00 00 01 0 00 1 0 3 0 3
4 01 00 03 0 01 0 0 3 0 3
4 02 02 17 1 00 0 0 3 0 3
4 02 03 01 0 02 1 1 3 0 3
4 03 03 14 1 00 1 0 3 0 3
4 02 02 02 0 03 0 0 3 0 3
4 03 02 01 0 03 0 0 3 0 3
4 01 01 00 1 03 0 0 3 0 3
4 03 01 1b 0 02 1 0 3 0 3
4 03 03 01 1 08 0 0 3 0 3
4 01 03 00 0 02 0 0 3 0 3
4 03 03 01 1 0e 1 0 3 0 3
4 00 01 02 1 03 1 0 3 0 3
4 03 00 02 0 03 1 1 3 0 3
4 00 00 00 1 00 0 0 3 0 3
4 1b 1b 01 1 00 0 0 3 0 3
4 03 01 01 1 03 1 1 3 2 3
4 01 17 00 1 01 0 0 3 0 3
4 00 00 02 0 02 0 0 3 0 3
4 02 03 01 1 03 0 0 3 0 3
4 00 01 01 1 02 0 0 3 2 3
4 00 10 02 0 03 0 0 3 0 3
4 01 1e 01 1 02 0 2 3 0 3
4 03 01 01 0 01 0 0 3 0 3
4 08 01 01 1 01 0 0 3 2 3
4 01 01 0f 1 00 0 0 3 0 3
4 03 0e 01 0 11 1 0 3 0 3
4 14 01 03 1 02 1 0 3 0 3
4 02 01 0d 0 01 1 0 3 1 3
4 00 03 01 1 03 1 0 3 1 3
4 02 01 03 1 1f 1 0 3 0 3
4 03 01 00 1 09 0 0 3 0 3
4 01 02 00 0 00 0 0 3 0 3
4 00 03 03 0 01 1 0 3 0 3
4 13 01 00 0 03 1 0 3 0 3
4 01 02 02 0 1a 0 0 3 0 3
4 01 01 01 1 00 0 2 3 2 3
4 00 03 02 1 00 0 0 3 0 3
4 16 00 02 0 1e 1 0 3 0 3
4 00 02 00 0 02 1 0 3 1 3
4 02 02 03 0 02 1 1 3 1 3
4 01 01 01 0 00 1 0 3 0 3
4 12 01 00 1 03 1 0 3 0 3
4 03 01 03 0 02 0 0 3 0 3
4 02 0a 00 1 00 0 0 3 0 3
4 01 00 02 0 00 1 0 3 0 3
4 01 02 01 0 03 0 0 3 0 3
4 02 03 00 1 03 0 0 3 0 3
4 19 01 02 1 02 0 0 3 0 3
4 03 02 02 0 00 0 0 3 0 3
4 02 01 02 0 02 1 1 3 0 3
4 03 19 03 0 03 0 0 3 0 3
4 01 1a 00 1 03 0 0 3 0 3
4 00 02 00 0 03 1 0 3 0 3
4 00 00 00 0 02 1 0 3 0 3
4 02 03 00 0 00 0 0 3 0 3
4 03 00 01 0 03 1 1 3 0 3
4 02 00 02 1 03 1 2 3 0 3
4 02 03 01 0 09 0 0 3 0 3
4 02 00 03 1 03 0 0 3 0 3
4 02 01 00 0 0a 0 0 3 0 3
4 02 1c 01 1 00 0 0 3 0 3
4 03 02 00 1 02 1 0 3 1 3
4 01 11 01 1 03 1 2 3 0 3
4 03 02 00 0 00 0 0 3 0 3
4 01 16 03 0 01 0 0 3 0 3
4 14 03 08 1 01 1 0 3 0 3
4 03 00 00 1 03 0 0 3 0 3
4 03 1b 1c 0 00 0 0 3 0 3
4 00 00 02 0 00 0 0 3 0 3
4 00 00 00 0 03 1 0 3 0 3
4 02 02 02 0 01 1 0 3 0 3
4 03 02 0f 0 02 0 0 3 0 3
4 01 01 01 1 01 1 2 3 2 3
4 00 00 00 1 02 1 0 3 0 3
4 03 02 00 0 03 1 1 3 0 3
4 03 00 07 0 02 0 0 3 0 3
4 03 00 01 1 03 0 0 3 0 3
4 02 00 00 1 02 0 0 3 0 3
4 03 02 02 0 02 1 0 3 1 3
4 02 01 02 0 00 1 0 3 0 3
4 00 19 00 1 03 1 0 3 0 3
4 02 00 02 1 03 1 2 3 0 3
4 00 02 1f 1 01 1 0 3 0 3
4 01 04 01 1 02 0 2 3 0 3
4 01 01 03 0 03 0 0 3 0 3
4 14 04 19 1 00 1 0 3 0 3
4 00 02 03 1 00 0 0 3 0 3
4 02 0e 03 1 00 0 0 3 0 3
4 01 11 03 0 02 1 0 3 0 3
4 03 01 02 1 03 1 1 3 0 3
4 02 01 01 0 03 1 0 3 0 3
4 03 02 00 0 1a 0 0 3 0 3
4 00 02 03 1 03 0 0 3 0 3
4 02 17 02 0 00 0 0 3 0 3
4 01 08 00 1 02 0 0 3 0 3
4 02 09 11 1 03 1 0 3 0 3
4 03 02 01 0 00 0 0 3 0 3
4 01 01 00 0 01 1 1 3 1 3
4 1b 01 00 1 11 0 0 3 0 3
4 03 01 01 0 1b 1 0 3 0 3
4 01 03 00 1 02 1 0 3 0 3
4 03 03 01 1 03 1 1 3 1 3
4 03 0c 03 1 02 0 2 3 0 3
4 03 02 00 1 01 1 0 3 0 3
4 00 03 1e 1 02 0 0 3 0 3
4 02 00 01 1 00 0 0 3 0 3
4 11 1d 01 1 03 0 0 3 0 3
4 07 00 01 0 17 0 0 3 0 3
4 00 02 00 1 03 0 0 3 0 3
4 03 00 02 0 01 1 0 3 0 3
4 03 18 1a 1 1d 1 0 3 0 3
4 02 02 03 0 02 0 0 3 0 3
4 02 03 00 0 01 0 0 3 0 3
4 02 15 02 1 01 1 2 3 0 3
4 02 01 01 1 00 0 0 3 2 3
4 02 01 06 1 1a 1 0 3 0 3
4 02 01 01 1 03 0 0 3 2 3
4 01 01 02 1 02 1 0 3 0 3
4 01 07 01 0 00 0 0 3 0 3
4 03 03 13 0 01 1 0 3 0 3
4 02 05 03 1 01 0 0 3 0 3
4 01 02 03 1 07 0 0 3 0 3
4 03 02 03 0 07 0 0 3 0 3
4 03 03 02 1 01 1 0 3 0 3
4 07 01 02 0 00 1 0 3 0 3
4 01 00 02 1 02 0 0 3 0 3
4 01 16 02 0 03 0 0 3 0 3
4 06 02 02 0 00 0 0 3 0 3
4 01 15 1e 0 02 1 0 3 0 3
4 00 01 02 1 01 1 0 3 1 3
4 01 00 02 1 16 0 0 3 0 3
4 01 05 01 1 02 1 2 3 0 3
4 01 11 01 0 02 1 0 3 0 3
4 00 00 01 0 01 1 0 3 0 3
4 00 02 02 0 02 0 0 3 0 3
4 00 00 02 1 03 0 0 3 0 3
4 07 00 02 1 11 1 0 3 0 3
4 00 03 01 1 01 0 0 3 0 3
4 00 02 01 0 00 1 0 3 0 3
4 00 00 01 1 00 0 0 3 0 3
4 09 00 01 1 01 0 0 3 0 3
4 01 02 00 1 00 1 0 3 0 3
4 02 07 00 1 03 1 0 3 0 3
4 00 00 03 0 02 0 0 3 0 3
4 00 03 02 1 03 0 0 3 0 3
4 03 02 02 1 18 0 0 3 2 3
4 00 00 0e 1 06 0 0 3 0 3
4 00 00 03 1 01 1 0 3 0 3
4 01 02 02 1 01 0 0 3 2 3
4 01 03 00 1 02 1 0 3 0 3
4 02 1d 00 1 09 1 0 3 0 3
4 03 01 03 0 00 0 0 3 0 3
4 03 1e 15 1 00 1 0 3 0 3
4 0f 00 01 0 02 1 0 3 0 3
4 02 1b 02 0 03 1 0 3 0 3
4 01 01 04 1 02 1 0 3 0 3
4 01 00 04 1 03 1 0 3 0 3
4 02 00 11 1 02 1 1 3 0 3
4 09 01 03 1 0d 0 0 3 0 3
4 01 01 01 1 03 0 2 3 2 3
4 01 00 02 0 01 0 0 3 0 3
4 02 01 0b 1 00 0 0 3 0 3
4 00 01 00 1 02 0 0 3 0 3
4 00 00 00 0 00 0 0 3 0 3
4 01 02 03 0 00 0 0 3 0 3
4 03 00 03 0 18 0 0 3 0 3
4 01 02 03 0 00 1 0 3 0 3
4 03 03 03 1 00 0 2 3 2 3
4 01 01 00 1 02 1 0 3 0 3
4 02 01 02 1 00 1 2 3 0 3
4 03 02 03 0 02 0 0 3 0 3
4 03 01 03 0 02 0 0 3 0 3
4 00 00 03 1 00 1 0 3 0 3
4 15 03 06 0 01 0 0 3 0 3
4 03 18 00 0 00 0 0 3 0 3
4 02 19 00 1 1f 1 0 3 0 3
4 00 02 03 1 02 1 0 3 1 3
4 02 01 03 0 00 1 0 3 0 3
4 00 01 02 0 00 1 0 3 0 3
4 00 01 03 1 02 1 0 3 0 3
4 02 02 00 0 01 1 0 3 0 3
4 01 00 01 0 00 1 0 3 0 3
4 00 02 00 1 02 1 0 3 1 3
4 02 01 02 0 19 1 0 3 0 3
4 00 00 02 1 02 0 0 3 0 3
4 00 03 03 0 00 1 0 3 0 3
4 0b 03 03 1 01 1 0 3 2 3
4 01 01 00 0 0f 0 0 3 0 3
4 0e 00 01 0 0f 0 0 3 0 3
4 02 03 13 1 02 0 0 3 0 3
4 00 00 01 0 19 0 0 3 0 3
4 19 0c 01 1 00 0 0 3 0 3
4 00 03 01 0 02 1 0 3 0 3
4 00 02 00 0 00 1 0 3 0 3
4 00 03 02 1 03 1 0 3 1 3
4 03 02 01 0 00 0 0 3 0 3
4 0a 02 01 0 03 1 0 3 0 3
4 01 03 1d 0 01 0 0 3 0 3
4 02 03 00 0 01 0 0 3 0 3
4 05 03 01 0 0e 1 0 3 0 3
4 02 02 02 0 01 0 0 3 0 3
4 0f 01 01 1 0f 1 1 3 2 3
4 03 03 03 0 01 1 0 3 0 3
4 01 03 01 1 0c 0 2 3 0 3
4 19 01 02 0 10 0 0 3 0 3
4 00 02 02 1 03 1 0 3 2 3
4 03 03 03 1 0c 0 2 3 2 3
4 03 01 03 1 01 1 2 3 1 3
4 00 00 02 1 01 1 0 3 0 3
4 02 00 01 1 00 1 0 3 0 3
4 00 01 02 0 02 0 0 3 0 3
4 02 02 01 1 03 1 0 3 0 3
4 1f 08 03 0 01 1 0 3 0 3
4 02 03 03 0 02 0 0 3 0 3
4 02 1f 15 0 03 1 0 3 0 3
4 01 00 00 0 01 0 0 3 0 3
4 02 02 03 1 01 0 0 3 0 3
4 00 02 00 0 03 0 0 3 0 3
4 00 02 1c 0 03 0 0 3 0 3
4 00 02 01 1 02 0 0 3 0 3
4 00 01 02 1 03 1 0 3 0 3
4 0b 00 01 1 03 1 0 3 0 3
4 01 01 02 1 00 1 0 3 0 3
4 03 00 10 1 01 0 0 3 0 3
4 01 03 02 1 02 1 0 3 0 3
4 03 03 07 0 00 0 0 3 0 3
4 03 04 0e 0 02 0 0 3 0 3
4 00 01 02 1 02 0 0 3 0 3
4 09 03 01 1 02 0 0 3 0 3
4 03 00 00 0 01 0 0 3 0 3
4 02 02 01 0 03 1 0 3 0 3
4 00 1f 02 0 01 0 0 3 0 3
4 02 03 03 1 00 1 0 3 2 3
4 02 10 0f 0 02 1 1 3 0 3
4 01 00 02 1 03 1 0 3 0 3
4 01 00 02 1 03 0 0 3 0 3
4 02 04 00 1 00 1 0 3 0 3
4 02 04 03 0 1d 1 0 3 0 3
4 03 02 03 0 02 0 0 3 0 3
4 02 03 02 0 03 0 0 3 0 3
4 00 01 01 0 03 0 0 3 0 3
4 02 00 03 1 01 0 0 3 0 3
4 02 1d 00 0 01 0 0 3 0 3
4 15 08 00 0 03 1 0 3 0 3
4 02 06 00 0 02 1 1 3 0 3
4 01 00 01 1 06 1 2 3 0 3
4 02 01 00 0 1c 0 0 3 0 3
4 01 18 02 0 03 0 0 3 0 3
4 01 02 01 0 19 1 0 3 0 3
4 00 02 01 0 1f 1 0 3 0 3
4 00 02 1b 0 0b 0 0 3 0 3
4 00 00 00 1 0e 1 0 3 0 3
4 03 01 00 1 01 1 0 3 1 3
4 07 17 03 1 02 1 0 3 0 3
4 02 15 01 0 01 0 0 3 0 3
4 00 00 1a 1 00 0 0 3 0 3
4 00 03 03 0 02 1 0 3 0 3
4 01 02 03 1 0d 0 0 3 0 3
4 03 01 03 1 00 0 2 3 0 3
4 03 03 02 0 03 1 1 3 1 3
4 03 00 02 0 01 1 0 3 0 3
4 02 03 02 1 03 1 2 3 1 3
4 01 01 1d 0 02 1 0 3 0 3
4 02 18 0f 1 00 0 0 3 0 3
4 00 02 02 1 01 0 0 3 2 3
4 03 01 0e 1 02 1 0 3 0 3
4 00 01 02 0 01 1 0 3 1 3
4 02 03 0b 1 03 1 0 3 1 3
4 01 03 00 0 00 0 0 3 0 3
4 00 03 1b 0 03 0 0 3 0 3
4 01 00 01 0 03 1 0 3 0 3
4 01 03 02 1 03 0 0 3 0 3
4 15 00 00 0 1e 1 0 3 0 3
4 02 07 02 0 01 0 0 3 0 3
4 02 01 01 0 00 0 0 3 0 3
4 03 02 03 1 01 1 2 3 0 3
4 00 02 05 0 0c 0 0 3 0 3
4 03 03 00 0 01 1 0 3 0 3
4 02 00 02 0 03 1 0 3 0 3
4 03 01 01 0 00 0 0 3 0 3
4 02 01 13 0 01 1 0 3 1 3
4 03 01 07 1 14 1 0 3 0 3
4 02 03 01 0 03 1 0 3 1 3
4 09 0b 02 0 01 1 0 3 0 3
4 02 00 01 0 00 1 0 3 0 3
4 03 01 01 0 1e 1 0 3 0 3
4 01 03 01 0 01 0 0 3 0 3
4 01 02 01 1 00 1 2 3 0 3
4 02 00 02 1 00 0 2 3 0 3
4 01 00 01 0 1a 1 0 3 0 3
4 02 00 02 0 00 0 0 3 0 3
4 01 18 03 1 02 1 0 3 0 3
4 03 01 00 1 00 0 0 3 0 3
4 02 00 01 1 01 1 0 3 0 3
4 02 00 03 0 15 0 0 3 0 3
4 02 18 01 0 01 0 0 3 0 3
4 02 16 01 1 00 0 0 3 0 3
4 02 03 02 0 03 1 0 3 1 3
4 00 12 02 1 00 0 0 3 0 3
4 03 03 00 1 00 0 0 3 0 3
4 03 01 02 1 03 1 1 3 0 3
4 00 03 1c 0 02 0 0 3 0 3
4 08 03 00 1 02 0 0 3 0 3
4 03 0a 01 1 1e 0 0 3 0 3
4 0e 00 01 1 02 1 0 3 0 3
4 09 02 02 0 0e 0 0 3 0 3
4 02 0d 03 1 03 1 0 3 0 3
4 0a 02 00 1 02 1 0 3 1 3
4 03 0e 18 0 02 0 0 3 0 3
4 15 00 02 0 03 0 0 3 0 3
4 00 10 00 1 03 1 0 3 0 3
4 02 03 01 0 01 1 0 3 0 3
4 07 09 19 0 00 0 0 3 0 3
4 00 02 02 1 00 1 0 3 2 3
4 02 03 03 0 01 0 0 3 0 3
4 0f 0c 00 0 0e 1 0 3 0 3
4 01 00 00 0 02 0 0 3 0 3
4 02 02 01 0 03 0 0 3 0 3
4 00 03 02 1 18 0 0 3 0 3
4 03 00 03 0 00 0 0 3 0 3
4 03 02 02 0 00 0 0 3 0 3
4 00 1f 03 0 02 0 0 3 0 3
4 01 00 01 1 00 0 2 3 0 3
4 03 00 00 1 01 0 0 3 0 3
4 02 00 02 1 0e 1 2 3 0 3
4 12 03 00 0 03 1 0 3 1 3
4 02 03 02 1 01 1 2 3 0 3
4 01 03 03 0 01 0 0 3 0 3
4 01 1e 01 0 00 0 0 3 0 3
4 03 02 13 0 00 0 0 3 0 3
4 03 03 01 1 00 0 0 3 0 3
4 00 02 03 1 01 1 0 3 0 3
4 02 02 03 1 03 0 0 3 0 3
4 0b 01 02 1 02 1 0 3 0 3
4 03 02 01 1 02 0 0 3 0 3
4 01 00 01 1 01 1 2 3 0 3
4 00 00 00 0 01 0 0 3 0 3
4 16 00 0a 1 0a 1 0 3 0 3
4 00 03 01 1 02 0 0 3 0 3
4 03 00 01 0 10 0 0 3 0 3
4 02 03 02 0 17 0 0 3 0 3
4 05 01 06 1 0b 1 0 3 0 3
4 01 1e 01 0 00 1 0 3 0 3
4 03 03 01 0 02 1 0 3 0 3
4 00 02 02 0 04 0 0 3 0 3
4 00 01 01 0 03 0 0 3 0 3
4 03 02 0a 0 03 1 1 3 0 3
4 01 03 02 1 00 1 0 3 0 3
4 03 02 17 0 03 1 1 3 0 3
4 03 0a 02 0 03 0 0 3 0 3
4 00 03 01 1 1f 0 0 3 0 3
4 02 03 01 1 03 1 0 3 1 3
4 02 00 0b 1 03 1 0 3 0 3
4 02 00 00 0 01 1 0 3 0 3
4 02 00 03 0 0e 1 0 3 0 3
4 1e 03 00 1 00 1 0 3 0 3
4 01 18 01 0 03 0 0 3 0 3
4 03 05 02 1 03 1 1 3 0 3
4 03 01 01 0 01 0 0 3 0 3
4 00 00 01 1 03 1 0 3 0 3
4 00 01 01 1 03 1 0 3 2 3
4 02 0c 01 1 02 1 1 3 0 3
4 03 17 03 0 03 1 1 3 0 3
4 02 00 00 0 02 0 0 3 0 3
4 03 03 01 1 06 0 0 3 0 3
4 00 01 00 1 02 1 0 3 0 3
4 07 01 03 0 01 1 0 3 1 3
4 00 03 1f 0 00 0 0 3 0 3
4 02 01 02 0 00 1 0 3 0 3
4 02 06 07 0 1b 0 0 3 0 3
4 03 00 00 1 01 1 0 3 0 3
4 00 00 02 1 12 0 0 3 0 3
4 1b 02 01 1 00 1 0 3 0 3
4 01 00 01 0 00 0 0 3 0 3
4 02 03 04 0 03 0 0 3 0 3
4 02 00 04 1 00 1 0 3 0 3
4 01 01 09 0 01 0 0 3 0 3
4 02 02 03 1 01 1 0 3 0 3
4 02 19 00 1 01 0 0 3 0 3
4 00 00 1e 0 03 0 0 3 0 3
4 01 03 01 1 02 1 2 3 0 3
4 01 14 12 0 01 0 0 3 0 3
4 01 13 00 1 02 1 0 3 0 3
4 01 0c 01 1 03 1 2 3 0 3
4 01 02 00 0 01 1 1 3 0 3
4 01 02 00 0 00 0 0 3 0 3
4 02 03 00 0 00 0 0 3 0 3
4 03 02 03 1 10 1 2 3 0 3
4 00 00 00 1 00 0 0 3 0 3
4 00 02 02 1 03 1 0 3 2 3
4 00 03 02 1 00 1 0 3 0 3
4 00 02 00 0 01 0 0 3 0 3
4 02 01 02 1 0a 0 2 3 0 3
4 02 02 02 1 02 0 2 3 2 3
4 03 02 03 1 03 1 2 3 0 3
4 00 00 00 1 03 0 0 3 0 3
4 01 00 00 1 01 0 0 3 0 3
4 00 03 00 1 03 0 0 3 0 3
4 02 00 03 1 00 0 0 3 0 3
4 1f 16 02 0 0a 0 0 3 0 3
4 01 00 01 0 00 0 0 3 0 3
4 01 03 01 0 02 0 0 3 0 3
4 03 02 02 0 01 1 0 3 0 3
4 02 02 01 0 00 1 0 3 0 3
4 00 00 01 0 00 1 0 3 0 3
4 01 03 02 0 03 0 0 3 0 3
4 03 02 00 0 02 0 0 3 0 3
4 02 02 01 1 02 0 0 3 0 3
4 01 02 01 1 02 1 2 3 1 3
4 02 00 00 0 01 1 0 3 0 3
4 02 00 00 0 03 0 0 3 0 3
4 01 01 05 1 02 1 0 3 0 3
4 01 01 01 1 01 1 2 3 2 3
4 00 01 0b 0 00 1 0 3 0 3
4 00 01 02 1 02 1 0 3 0 3
4 03 01 03 0 05 1 0 3 0 3
4 03 02 02 1 03 1 1 3 2 3
4 00 00 03 0 1a 0 0 3 0 3
4 03 01 18 1 01 1 0 3 1 3
4 01 01 00 0 02 1 0 3 0 3
4 00 03 03 0 02 0 0 3 0 3
4 00 00 03 0 03 1 0 3 0 3
4 03 01 01 0 02 1 0 3 0 3
4 00 02 01 0 03 0 0 3 0 3
4 02 02 03 0 03 0 0 3 0 3
4 01 00 01 0 03 0 0 3 0 3
4 03 01 03 1 1b 1 2 3 0 3
4 12 02 02 0 00 1 0 3 0 3
4 03 00 01 1 03 1 1 3 0 3
4 02 03 02 1 01 0 2 3 0 3
4 00 00 00 0 19 0 0 3 0 3
4 02 01 03 0 00 0 0 3 0 3
4 1e 03 03 0 0a 0 0 3 0 3
4 03 00 0a 0 01 1 0 3 0 3
4 0c 01 02 1 01 0 0 3 0 3
4 03 11 01 1 03 1 1 3 0 3
4 03 02 1d 0 03 1 1 3 0 3
4 03 00 02 1 01 1 0 3 0 3
4 03 03 1f 0 02 1 0 3 0 3
4 01 02 02 1 11 0 0 3 2 3
4 09 00 0e 0 02 0 0 3 0 3
4 07 02 01 1 03 0 0 3 0 3
4 02 02 01 0 02 1 1 3 1 3
4 02 02 12 1 03 0 0 3 0 3
4 01 02 01 1 00 1 2 3 0 3
4 10 00 02 0 00 1 0 3 0 3
4 0a 02 02 1 01 0 0 3 2 3
4 1d 00 03 1 01 0 0 3 0 3
4 02 00 03 1 03 1 0 3 0 3
4 0f 00 02 1 00 1 0 3 0 3
4 02 00 03 0 00 0 0 3 0 3
4 00 03 18 1 03 0 0 3 0 3
4 1d 02 02 0 02 0 0 3 0 3
4 0a 02 02 0 02 1 0 3 1 3
4 02 12 03 1 01 1 0 3 0 3
4 03 02 03 1 03 0 2 3 0 3
4 1c 01 00 1 01 0 0 3 0 3
4 02 03 0d 1 1d 1 0 3 0 3
4 02 02 03 1 01 1 0 3 0 3
4 02 01 03 0 03 0 0 3 0 3
4 00 03 00 0 03 1 0 3 1 3
4 02 02 01 0 02 0 0 3 0 3
4 00 00 01 1 11 1 0 3 0 3
4 02 01 02 1 02 0 2 3 0 3
4 01 00 01 0 12 1 0 3 0 3
4 03 02 18 0 1f 1 0 3 0 3
4 11 02 02 0 00 1 0 3 0 3
4 02 02 03 1 02 0 0 3 0 3
4 03 03 02 0 03 1 1 3 1 3
4 02 01 01 1 01 1 0 3 2 3
4 01 01 02 0 00 0 0 3 0 3
4 02 03 03 1 00 1 0 3 2 3
4 00 00 01 1 00 1 0 3 0 3
4 03 02 08 1 02 1 0 3 1 3
4 02 00 08 0 19 0 0 3 0 3
4 0c 03 02 0 00 0 0 3 0 3
4 02 01 1d 1 1e 0 0 3 0 3
4 00 02 01 1 03 1 0 3 0 3
4 0f 0e 01 1 01 1 0 3 0 3
4 03 0c 02 1 0b 0 0 3 0 3
4 03 02 14 0 01 1 0 3 0 3
4 02 03 03 0 05 0 0 3 0 3
4 03 02 02 0 02 0 0 3 0 3
4 01 03 02 1 02 0 0 3 0 3
4 03 1b 03 0 1e 0 0 3 0 3
4 00 01 02 0 00 0 0 3 0 3
4 00 03 00 1 03 1 0 3 1 3
4 01 03 03 1 02 1 0 3 2 3
4 02 01 01 0 00 1 0 3 0 3
4 03 00 01 0 02 0 0 3 0 3
4 03 02 01 0 02 0 0 3 0 3
4 02 03 02 1 01 0 2 3 0 3
4 02 00 03 1 00 0 0 3 0 3
4 0e 01 01 1 01 1 0 3 2 3
4 07 03 01 0 1c 0 0 3 0 3
4 01 06 03 1 1e 1 0 3 0 3
4 14 1a 01 0 1e 1 0 3 0 3
4 03 03 03 1 00 1 2 3 2 3
4 01 1e 03 1 01 0 0 3 0 3
4 01 1a 00 0 01 1 1 3 0 3
4 00 09 02 0 02 1 0 3 0 3
4 02 02 01 1 1d 1 0 3 0 3
4 02 01 00 0 00 1 0 3 0 3
4 02 02 03 1 19 0 0 3 0 3
4 03 03 06 0 03 0 0 3 0 3
4 00 03 00 1 00 1 0 3 0 3
4 02 02 03 0 00 1 0 3 0 3
4 03 01 0c 1 1a 0 0 3 0 3
4 03 01 02 1 02 1 0 3 0 3
4 1d 00 01 0 00 0 0 3 0 3
4 02 02 02 1 01 1 2 3 2 3
4 00 02 1d 0 05 1 0 3 0 3
4 02 02 1c 1 01 0 0 3 0 3
4 02 02 16 0 02 1 1 3 1 3
4 00 03 01 0 01 1 0 3 0 3
4 00 03 03 1 00 0 0 3 2 3
4 02 02 03 1 00 0 0 3 0 3
4 00 01 1c 1 02 0 0 3 0 3
4 00 0f 00 0 01 1 0 3 0 3
4 1f 00 01 1 03 0 0 3 0 3
4 00 00 03 0 01 1 0 3 0 3
4 1f 01 1e 1 00 0 0 3 0 3
4 18 01 02 0 02 1 0 3 0 3
4 02 01 00 1 0c 0 0 3 0 3
4 16 00 03 1 0c 1 0 3 0 3
4 02 10 01 0 13 1 0 3 0 3
4 01 02 00 1 02 0 0 3 0 3
4 00 01 02 0 00 0 0 3 0 3
4 01 08 00 1 00 0 0 3 0 3
4 00 00 08 0 0b 1 0 3 0 3
4 02 03 03 0 01 1 0 3 0 3
4 02 03 1f 1 01 0 0 3 0 3
4 17 00 03 0 00 1 0 3 0 3
4 03 02 00 1 04 1 0 3 0 3
4 14 03 19 1 03 1 0 3 1 3
4 00 04 03 0 07 0 0 3 0 3
4 00 03 03 0 03 1 0 3 1 3
4 0f 00 02 0 01 0 0 3 0 3
4 01 02 01 1 02 0 2 3 0 3
4 02 03 02 1 05 1 2 3 0 3
4 0a 00 05 1 01 0 0 3 0 3
4 03 0e 02 1 03 1 1 3 0 3
4 0e 03 01 0 02 0 0 3 0 3
4 00 01 17 1 01 0 0 3 0 3
4 02 06 02 0 03 0 0 3 0 3
4 01 02 00 1 00 1 0 3 0 3
4 03 09 03 0 02 0 0 3 0 3
4 00 03 10 1 02 0 0 3 0 3
4 03 01 01 1 06 1 0 3 2 3
4 00 01 00 0 03 1 0 3 0 3
4 03 00 01 0 00 1 0 3 0 3
4 00 01 03 1 14 1 0 3 0 3
4 02 03 02 0 00 1 0 3 0 3
4 02 00 00 0 02 0 0 3 0 3
4 00 07 01 0 03 1 0 3 0 3
4 03 01 03 0 00 1 0 3 0 3
4 01 02 03 0 02 0 0 3 0 3
4 1a 01 03 0 03 0 0 3 0 3
4 02 00 03 0 03 1 0 3 0 3
4 03 02 02 0 01 0 0 3 0 3
4 00 02 03 1 02 0 0 3 0 3
4 03 02 01 1 03 0 0 3 0 3
4 00 01 03 1 03 0 0 3 0 3
4 00 01 0e 0 01 0 0 3 0 3
4 02 02 03 0 12 1 0 3 0 3
4 00 01 1f 0 02 1 0 3 0 3
4 06 02 01 0 03 1 0 3 0 3
4 0b 03 03 1 01 0 0 3 2 3
4 00 00 02 1 00 1 0 3 0 3
4 03 01 03 0 1f 1 0 3 0 3
4 02 06 01 0 02 0 0 3 0 3
4 00 00 02 0 02 1 0 3 0 3
4 02 02 1c 0 01 0 0 3 0 3
4 00 03 0e 0 03 1 0 3 1 3
4 01 01 17 1 07 1 0 3 0 3
4 00 03 03 1 02 0 0 3 2 3
4 01 03 00 1 10 1 0 3 0 3
4 00 01 01 0 02 0 0 3 0 3
4 02 01 00 0 03 0 0 3 0 3
4 00 02 00 1 01 0 0 3 0 3
4 01 01 01 1 03 0 2 3 2 3
4 03 00 01 0 02 1 0 3 0 3
4 1c 01 03 1 02 0 0 3 0 3
4 01 02 04 1 01 1 1 3 0 3
4 14 03 01 0 02 1 0 3 0 3
4 03 01 0c 0 00 0 0 3 0 3
4 02 02 1b 1 00 1 0 3 0 3
4 02 01 01 1 03 1 0 3 2 3
4 03 02 03 1 01 0 2 3 0 3
4 02 01 03 0 02 1 1 3 0 3
4 01 01 0e 0 00 1 0 3 0 3
4 03 01 00 1 01 0 0 3 0 3
4 19 02 02 1 0d 1 0 3 2 3
4 03 01 02 0 03 1 1 3 0 3
4 00 00 03 1 03 0 0 3 0 3
4 01 00 03 1 00 1 0 3 0 3
4 02 00 02 0 00 0 0 3 0 3
4 03 0f 08 0 02 0 0 3 0 3
4 02 02 00 1 00 0 0 3 0 3
4 00 07 01 1 00 1 0 3 0 3
4 15 03 03 1 03 0 0 3 2 3
4 00 01 00 1 1e 0 0 3 0 3
4 01 00 01 1 03 1 2 3 0 3
4 00 1e 03 1 01 0 0 3 0 3
4 02 00 03 1 0e 0 0 3 0 3
4 03 03 00 1 19 0 0 3 0 3
4 01 01 03 1 01 1 1 3 1 3
4 00 07 18 1 03 0 0 3 0 3
4 03 00 02 1 06 1 0 3 0 3
4 14 0a 03 0 00 0 0 3 0 3
4 16 02 02 0 14 1 0 3 0 3
4 02 02 02 1 03 1 2 3 2 3
4 02 02 18 1 01 1 0 3 0 3
4 15 18 03 0 02 0 0 3 0 3
4 02 01 01 1 00 0 0 3 2 3
4 0e 01 01 0 12 0 0 3 0 3
4 00 03 01 1 02 0 0 3 0 3
4 1b 01 03 1 02 1 0 3 0 3
4 00 00 01 0 01 0 0 3 0 3
4 13 02 07 0 00 1 0 3 0 3
4 03 03 01 0 02 1 0 3 0 3
4 03 00 00 1 00 1 0 3 0 3
4 01 03 03 1 1e 1 0 3 2 3
4 01 02 01 1 03 1 2 3 0 3
4 01 00 0e 0 0a 1 0 3 0 3
4 02 12 02 0 00 0 0 3 0 3
4 01 03 1f 1 03 1 0 3 1 3
4 1a 00 02 1 00 0 0 3 0 3
4 00 01 00 0 00 1 0 3 0 3
4 01 08 03 1 1e 0 0 3 0 3
4 01 06 1e 1 05 1 0 3 0 3
4 01 02 03 0 1e 1 0 3 0 3
4 02 01 00 0 1c 1 0 3 0 3
4 02 03 00 0 03 0 0 3 0 3
4 17 00 00 1 02 0 0 3 0 3
4 02 01 03 0 01 0 0 3 0 3
4 02 02 00 0 00 0 0 3 0 3
4 01 0f 02 0 01 1 1 3 0 3
4 02 00 00 1 0c 0 0 3 0 3
4 02 02 02 1 00 1 2 3 2 3
4 01 10 02 0 03 1 0 3 0 3
4 01 01 02 0 01 1 1 3 1 3
4 02 01 10 1 03 0 0 3 0 3
4 03 01 01 1 01 1 0 3 2 3
4 00 00 03 0 01 0 0 3 0 3
4 02 00 00 0 00 0 0 3 0 3
4 00 05 03 0 00 1 0 3 0 3
4 02 01 05 0 01 0 0 3 0 3
4 03 01 02 1 00 1 0 3 0 3
4 00 03 01 1 00 1 0 3 0 3
4 03 08 03 0 01 1 0 3 0 3
4 01 09 1f 0 03 1 0 3 0 3
4 03 03 02 1 02 0 0 3 0 3
4 02 01 02 1 01 0 2 3 0 3
4 00 01 01 1 03 0 0 3 2 3
4 09 01 03 0 00 1 0 3 0 3
4 03 01 01 1 0d 0 0 3 2 3
4 1f 02 03 1 02 1 0 3 1 3
4 0e 03 00 0 03 1 0 3 1 3
4 1a 02 01 1 00 0 0 3 0 3
4 01 0a 03 0 03 1 0 3 0 3
4 03 00 01 1 03 0 0 3 0 3
4 08 03 00 1 03 1 0 3 1 3
4 03 02 02 1 02 0 0 3 2 3
4 0b 04 08 0 02 0 0 3 0 3
4 01 02 04 1 03 1 0 3 0 3
4 03 00 02 1 07 0 0 3 0 3
4 00 01 12 0 00 1 0 3 0 3
4 02 03 00 0 03 1 0 3 1 3
4 1b 02 02 0 03 1 0 3 0 3
4 01 01 01 0 03 1 0 3 0 3
4 00 02 03 1 02 0 0 3 0 3
4 01 00 0f 0 00 0 0 3 0 3
4 01 00 01 1 01 0 2 3 0 3
4 03 01 00 0 02 1 0 3 0 3
4 02 02 00 0 00 1 0 3 0 3
4 02 08 03 1 02 1 1 3 0 3
4 01 02 02 0 11 1 0 3 0 3
4 01 02 02 0 02 0 0 3 0 3
4 02 02 01 0 11 0 0 3 0 3
4 01 01 01 0 01 1 1 3 1 3
4 03 00 00 1 00 1 0 3 0 3
4 00 00 01 1 00 1 0 3 0 3
4 02 02 03 0 06 0 0 3 0 3
4 00 00 10 1 03 0 0 3 0 3
4 03 02 03 0 00 0 0 3 0 3
4 00 00 02 0 1a 0 0 3 0 3
4 02 19 01 1 02 1 1 3 0 3
4 02 01 00 1 19 1 0 3 0 3
4 00 00 01 1 01 0 0 3 0 3
4 03 03 02 1 03 1 1 3 1 3
4 01 02 10 0 01 0 0 3 0 3
4 00 01 09 0 03 1 0 3 0 3
4 03 02 01 1 03 0 0 3 0 3
4 03 03 01 0 02 1 0 3 0 3
4 01 03 02 0 00 1 0 3 0 3
4 00 01 02 1 15 0 0 3 0 3
4 01 01 01 0 00 0 0 3 0 3
4 00 00 01 1 18 0 0 3 0 3
4 03 01 02 0 03 1 1 3 0 3
4 03 00 01 1 00 1 0 3 0 3
4 00 01 03 1 00 0 0 3 0 3
4 00 18 02 1 1e 1 0 3 0 3
4 02 03 01 0 01 1 0 3 0 3
4 03 02 00 0 02 0 0 3 0 3
4 01 03 00 0 03 0 0 3 0 3
4 02 01 03 1 12 0 0 3 0 3
4 1a 03 00 0 03 0 0 3 0 3
4 08 02 0e 0 03 1 0 3 0 3
4 02 12 02 1 03 1 2 3 0 3
4 00 05 03 0 00 0 0 3 0 3
4 14 0a 02 1 00 1 0 3 0 3
4 01 01 00 0 01 0 0 3 0 3
4 01 00 02 0 00 1 0 3 0 3
4 03 03 00 0 0f 0 0 3 0 3
4 01 03 00 1 00 0 0 3 0 3
4 1a 03 0d 1 04 1 0 3 0 3
4 01 03 00 1 03 0 0 3 0 3
4 01 1e 03 0 02 0 0 3 0 3
4 01 01 1a 0 02 1 0 3 0 3
4 02 02 02 1 03 0 2 3 2 3
4 00 02 05 1 00 0 0 3 0 3
4 01 02 01 0 0e 1 0 3 0 3
4 03 01 03 0 03 0 0 3 0 3
4 02 02 03 1 03 0 0 3 0 3
4 00 01 00 1 06 1 0 3 0 3
4 02 03 01 0 01 0 0 3 0 3
4 00 01 02 0 18 0 0 3 0 3
4 01 15 02 1 01 1 1 3 0 3
4 01 01 02 1 0b 1 0 3 0 3
4 1c 01 03 0 00 1 0 3 0 3
4 02 01 00 1 03 0 0 3 0 3
4 01 02 02 1 01 0 0 3 2 3
4 00 01 02 1 02 0 0 3 0 3
4 02 0a 02 1 00 0 2 3 0 3
4 03 14 07 0 00 1 0 3 0 3
4 00 02 00 1 03 0 0 3 0 3
4 03 01 02 0 02 0 0 3 0 3
4 03 02 03 0 00 1 0 3 0 3
4 00 02 00 1 02 0 0 3 0 3
4 02 01 02 1 17 0 2 3 0 3
4 03 00 03 0 11 1 0 3 0 3
4 01 03 03 1 02 0 0 3 2 3
4 03 00 00 1 02 0 0 3 0 3
4 01 03 01 0 02 0 0 3 0 3
4 01 02 00 0 00 0 0 3 0 3
4 01 00 02 0 01 1 1 3 0 3
4 07 01 01 1 03 1 0 3 2 3
4 02 03 01 0 00 0 0 3 0 3
4 03 15 02 1 02 1 0 3 0 3
4 1c 02 03 1 00 0 0 3 0 3
4 01 02 03 1 01 1 1 3 0 3
4 00 03 11 1 02 1 0 3 0 3
4 01 05 01 0 03 1 0 3 0 3
4 03 03 03 1 09 0 2 3 2 3
4 02 02 1a 1 00 1 0 3 0 3
4 0b 03 01 1 01 0 0 3 0 3
4 02 03 03 0 03 0 0 3 0 3
4 00 03 00 1 01 0 0 3 0 3
4 03 01 03 0 00 0 0 3 0 3
4 00 01 03 0 01 0 0 3 0 3
4 00 02 03 0 00 1 0 3 0 3
4 01 03 10 0 03 1 0 3 1 3
4 02 03 00 0 01 1 0 3 0 3
4 03 03 11 1 02 1 0 3 0 3
4 03 07 02 0 03 0 0 3 0 3
4 03 02 03 0 02 1 0 3 1 3
4 03 02 00 1 08 1 0 3 0 3
4 03 11 1a 1 16 1 0 3 0 3
4 00 03 02 0 02 1 0 3 0 3
4 19 03 00 1 1a 1 0 3 0 3
4 04 01 01 1 02 0 0 3 2 3
4 01 02 02 0 02 1 0 3 1 3
4 03 02 01 1 02 1 0 3 1 3
4 05 02 02 1 00 1 0 3 2 3
4 03 01 03 0 01 1 0 3 1 3
4 03 15 03 1 03 1 2 3 0 3
4 01 02 17 0 00 1 0 3 0 3
4 00 02 00 0 02 1 0 3 1 3
4 00 07 00 0 03 1 0 3 0 3
4 03 00 0f 1 03 0 0 3 0 3
4 01 19 00 0 01 0 0 3 0 3
4 02 02 00 1 02 1 1 3 1 3
4 10 00 03 1 00 1 0 3 0 3
4 02 1f 00 1 06 1 0 3 0 3
4 02 19 03 1 02 1 1 3 0 3
4 02 1f 02 1 15 1 2 3 0 3
4 00 02 12 0 01 0 0 3 0 3
4 01 01 02 0 01 0 0 3 0 3
4 00 00 02 1 03 0 0 3 0 3
4 01 1c 00 0 00 1 0 3 0 3
4 01 08 03 0 19 1 0 3 0 3
4 00 00 02 0 00 1 0 3 0 3
4 01 01 18 1 02 1 0 3 0 3
4 0e 00 03 1 03 1 0 3 0 3
4 02 00 02 0 18 0 0 3 0 3
4 12 03 03 0 03 1 0 3 1 3
4 03 02 02 1 01 0 0 3 2 3
4 03 03 01 1 02 0 0 3 0 3
4 00 0a 1a 1 02 0 0 3 0 3
4 01 00 02 0 10 1 0 3 0 3
4 02 01 01 1 06 1 0 3 2 3
4 02 02 02 0 1b 1 0 3 0 3
4 02 03 01 1 0d 0 0 3 0 3
4 00 00 02 1 00 0 0 3 0 3
4 03 00 03 1 03 0 2 3 0 3
4 01 00 1b 1 02 1 0 3 0 3
4 00 02 01 1 00 1 0 3 0 3
4 09 00 01 0 00 0 0 3 0 3
4 00 01 03 0 03 0 0 3 0 3
4 16 01 0d 0 0d 1 0 3 0 3
4 03 00 03 0 02 0 0 3 0 3
4 00 02 00 0 00 0 0 3 0 3
4 11 02 14 0 02 1 0 3 1 3
4 01 01 03 1 00 1 0 3 0 3
4 1c 03 03 0 0d 0 0 3 0 3
4 03 00 02 1 03 0 0 3 0 3
4 09 02 03 0 01 1 0 3 0 3
4 00 02 03 0 12 0 0 3 0 3
4 17 03 01 1 0a 1 0 3 0 3
4 00 1b 01 0 01 0 0 3 0 3
4 11 02 02 0 00 0 0 3 0 3
4 01 02 02 0 03 0 0 3 0 3
4 03 03 02 0 00 1 0 3 0 3
4 01 02 00 1 1c 1 0 3 0 3
4 03 03 01 0 00 1 0 3 0 3
4 03 02 00 1 01 0 0 3 0 3
4 01 0a 00 0 00 1 0 3 0 3
4 00 03 03 0 00 0 0 3 0 3
4 02 02 02 1 03 0 2 3 2 3
4 00 03 03 1 03 0 0 3 2 3
4 00 01 02 0 01 0 0 3 0 3
4 02 02 01 1 01 1 0 3 0 3
4 08 00 02 0 0f 1 0 3 0 3
4 02 02 02 0 03 1 0 3 0 3
4 16 00 03 0 1d 0 0 3 0 3
4 14 02 01 1 11 1 0 3 0 3
4 03 02 02 0 02 1 0 3 1 3
4 02 03 00 0 03 0 0 3 0 3
4 01 1d 1e 0 01 1 1 3 0 3
4 00 03 14 0 0a 1 0 3 0 3
4 02 1d 03 1 01 0 0 3 0 3
4 01 16 00 0 03 0 0 3 0 3
4 00 01 03 1 02 1 0 3 0 3
4 10 00 01 1 02 1 0 3 0 3
4 02 00 01 0 1d 0 0 3 0 3
4 02 03 01 1 02 0 0 3 0 3
4 02 01 03 0 02 0 0 3 0 3
4 01 0a 02 1 00 1 0 3 0 3
4 1a 01 00 1 00 0 0 3 0 3
4 03 03 01 1 03 1 1 3 1 3
4 03 03 03 1 02 1 2 3 2 3
4 02 03 03 1 03 1 0 3 2 3
4 02 03 00 0 02 0 0 3 0 3
4 00 02 1e 0 00 0 0 3 0 3
4 03 02 03 1 01 1 2 3 0 3
4 00 03 02 0 03 1 0 3 1 3
4 01 1c 03 1 02 0 0 3 0 3
4 0f 00 03 0 00 1 0 3 0 3
4 00 03 09 1 05 0 0 3 0 3
4 03 01 00 0 15 1 0 3 0 3
4 01 02 00 0 02 1 0 3 1 3
4 02 1c 01 1 01 1 0 3 0 3
4 14 10 03 0 02 1 0 3 0 3
4 01 00 03 1 00 0 0 3 0 3
4 15 02 03 1 01 1 0 3 0 3
4 03 06 00 0 03 1 1 3 0 3
4 03 03 14 1 00 0 0 3 0 3
4 02 05 00 1 00 1 0 3 0 3
4 02 14 00 1 01 1 0 3 0 3
4 03 02 00 1 03 1 1 3 0 3
4 03 00 00 0 00 1 0 3 0 3
4 01 00 03 1 01 0 0 3 0 3
4 02 02 00 1 19 0 0 3 0 3
4 0b 03 1e 0 02 0 0 3 0 3
4 03 00 00 0 00 0 0 3 0 3
4 03 01 03 1 01 1 2 3 1 3
4 00 03 02 0 02 0 0 3 0 3
4 01 03 10 0 02 0 0 3 0 3
4 01 00 1c 1 03 0 0 3 0 3
4 00 03 0f 0 03 1 0 3 1 3
4 03 02 01 0 01 0 0 3 0 3
4 01 03 00 1 00 0 0 3 0 3
4 09 01 00 0 02 1 0 3 0 3
4 03 01 01 1 03 0 0 3 2 3
4 01 00 02 1 03 1 0 3 0 3
4 00 15 02 1 00 0 0 3 0 3
4 00 01 18 0 01 1 0 3 1 3
4 03 15 02 1 03 0 0 3 0 3
4 03 01 02 0 01 1 0 3 1 3
4 03 00 00 0 06 0 0 3 0 3
4 00 03 03 0 00 0 0 3 0 3
4 03 02 02 1 01 1 0 3 2 3
4 02 0b 02 0 01 0 0 3 0 3
4 03 01 02 0 00 1 0 3 0 3
4 00 02 01 0 03 1 0 3 0 3
4 03 01 01 0 02 1 0 3 0 3
4 0d 01 1a 0 00 0 0 3 0 3
4 01 02 02 0 03 1 0 3 0 3
4 03 00 02 1 1e 1 0 3 0 3
4 03 00 02 0 01 0 0 3 0 3
4 04 00 00 1 02 0 0 3 0 3
4 02 02 02 0 01 0 0 3 0 3
4 02 00 00 1 03 0 0 3 0 3
4 02 02 01 0 00 0 0 3 0 3
4 00 00 00 1 16 0 0 3 0 3
4 03 00 13 0 02 0 0 3 0 3
4 01 01 00 0 01 1 1 3 1 3
4 03 02 00 1 02 1 0 3 1 3
4 02 03 00 1 02 0 0 3 0 3
4 02 00 03 0 01 0 0 3 0 3
4 02 02 02 1 02 0 2 3 2 3
4 03 02 00 1 03 1 1 3 0 3
4 02 00 00 1 00 1 0 3 0 3
4 02 03 02 1 0d 0 2 3 0 3
4 03 0f 01 1 1b 0 0 3 0 3
4 03 02 00 0 00 1 0 3 0 3
4 0f 01 02 1 02 1 0 3 0 3
4 00 05 0b 1 01 1 0 3 0 3
4 00 00 12 0 13 1 0 3 0 3
4 03 01 01 0 01 1 0 3 1 3
4 00 00 03 1 01 1 0 3 0 3
4 02 01 01 1 02 0 0 3 2 3
4 00 00 00 0 01 0 0 3 0 3
4 01 00 10 1 17 0 0 3 0 3
4 00 03 00 0 19 1 0 3 0 3
4 0b 03 02 1 0b 1 1 3 0 3
4 01 1e 01 0 01 0 0 3 0 3
4 01 03 00 0 03 1 0 3 1 3
4 03 0d 01 0 0a 0 0 3 0 3
4 19 04 02 0 00 1 0 3 0 3
4 00 1d 02 0 1c 0 0 3 0 3
4 02 00 01 1 03 1 0 3 0 3
4 01 01 02 1 02 0 0 3 0 3
4 00 03 03 1 08 1 0 3 2 3
4 01 01 01 0 03 0 0 3 0 3
4 03 03 08 1 01 1 0 3 0 3
4 01 02 01 1 00 0 2 3 0 3
4 10 01 01 0 03 1 0 3 0 3
4 09 13 00 0 03 1 0 3 0 3
4 03 02 03 1 02 1 2 3 1 3
4 02 01 10 0 00 0 0 3 0 3
4 02 02 02 0 00 0 0 3 0 3
4 03 02 03 1 1f 1 2 3 0 3
4 00 01 01 1 14 1 0 3 2 3
4 01 01 02 0 01 1 1 3 1 3
4 03 03 01 0 00 0 0 3 0 3
4 02 1f 02 1 01 1 2 3 0 3
4 03 03 03 0 00 0 0 3 0 3
4 02 02 00 1 00 0 0 3 0 3
4 02 16 00 1 03 0 0 3 0 3
4 00 0f 02 0 02 1 0 3 0 3
4 01 01 03 0 01 1 1 3 1 3
4 00 00 1c 1 00 1 0 3 0 3
4 02 02 02 0 02 0 0 3 0 3
4 00 03 02 1 02 1 0 3 0 3
4 02 01 1f 0 00 0 0 3 0 3
4 03 01 03 1 00 1 2 3 0 3
4 01 01 02 0 01 1 1 3 1 3
4 02 03 1c 0 19 1 0 3 0 3
4 00 10 02 1 01 0 0 3 0 3
4 1f 04 03 0 00 1 0 3 0 3
4 03 0c 02 0 03 1 1 3 0 3
4 01 02 01 1 03 0 2 3 0 3
4 04 03 02 1 00 1 0 3 0 3
4 01 01 01 1 1e 0 2 3 2 3
4 01 02 00 0 02 1 0 3 1 3
4 03 01 00 0 02 0 0 3 0 3
4 02 00 03 1 03 1 0 3 0 3
4 03 03 10 0 00 1 0 3 0 3
4 1f 01 01 0 00 0 0 3 0 3
4 02 0f 03 0 02 0 0 3 0 3
4 01 09 02 0 00 1 0 3 0 3
4 01 01 03 0 00 0 0 3 0 3
4 02 00 02 1 01 1 2 3 0 3
4 01 17 13 0 03 0 0 3 0 3
4 13 03 00 1 03 0 0 3 0 3
4 01 00 14 1 02 0 0 3 0 3
4 01 0e 01 1 16 1 2 3 0 3
4 06 00 03 1 01 1 0 3 0 3
4 03 00 0e 1 00 0 0 3 0 3
4 19 02 02 1 02 0 0 3 2 3
4 00 07 02 0 00 0 0 3 0 3
4 03 11 02 0 00 0 0 3 0 3
4 10 00 0c 1 14 1 0 3 0 3
4 11 00 0e 0 00 1 0 3 0 3
4 00 02 1c 0 02 0 0 3 0 3
4 14 08 03 0 01 0 0 3 0 3
4 02 0b 1f 0 01 1 0 3 0 3
4 0f 00 1c 0 02 0 0 3 0 3
4 02 14 03 1 01 1 0 3 0 3
4 02 02 02 1 00 0 2 3 2 3
4 19 00 00 0 01 0 0 3 0 3
4 02 01 02 0 00 1 0 3 0 3
4 02 02 02 1 03 0 2 3 2 3
4 00 02 02 1 02 0 0 3 2 3
4 1a 01 00 0 02 0 0 3 0 3
4 01 02 03 1 18 1 0 3 0 3
4 0c 06 03 0 03 0 0 3 0 3
4 01 1e 01 1 03 1 2 3 0 3
4 03 02 1a 1 01 0 0 3 0 3
4 02 01 00 1 07 1 0 3 0 3
4 02 00 01 0 03 0 0 3 0 3
4 03 01 0e 1 01 0 0 3 0 3
4 00 01 01 1 1a 1 0 3 2 3
4 00 01 03 0 01 1 0 3 1 3
4 00 0e 03 0 11 1 0 3 0 3
4 01 00 03 0 00 0 0 3 0 3
4 00 03 01 0 0f 1 0 3 0 3
4 00 03 01 0 00 0 0 3 0 3
4 02 00 00 1 00 1 0 3 0 3
4 01 00 0d 1 00 1 0 3 0 3
4 03 03 1f 0 01 0 0 3 0 3
4 02 02 02 0 02 1 1 3 1 3
4 00 03 03 0 01 0 0 3 0 3
4 00 01 01 1 02 1 0 3 2 3
4 03 12 01 1 1c 0 0 3 0 3
4 01 1a 03 1 02 1 0 3 0 3
4 0e 01 02 1 03 0 0 3 0 3
4 03 07 00 0 03 1 1 3 0 3
4 03 02 01 1 02 0 0 3 0 3
4 02 0e 03 0 01 1 0 3 0 3
4 03 02 03 1 02 0 2 3 0 3
4 1b 03 02 0 02 1 0 3 0 3
4 15 1e 00 0 0b 1 0 3 0 3
4 01 02 02 1 07 0 0 3 2 3
4 02 03 0a 1 01 0 0 3 0 3
4 02 00 1c 0 1c 0 0 3 0 3
4 00 03 03 0 01 1 0 3 0 3
4 01 03 01 0 01 1 1 3 0 3
4 03 1e 14 0 02 1 0 3 0 3
4 02 00 03 1 08 0 0 3 0 3
4 00 03 01 0 01 0 0 3 0 3
4 1e 05 05 1 01 0 0 3 2 3
4 03 1a 08 1 00 1 0 3 0 3
4 01 01 00 0 03 1 0 3 0 3
4 14 01 03 0 01 0 0 3 0 3
4 00 03 01 1 01 0 0 3 0 3
4 0f 1f 00 1 02 1 0 3 0 3
4 01 02 02 1 02 1 0 3 2 3
4 03 03 03 1 03 0 2 3 2 3
4 02 02 02 1 02 1 2 3 2 3
4 02 01 00 1 02 0 0 3 0 3
4 00 02 01 1 01 0 0 3 0 3
4 03 01 01 1 01 0 0 3 2 3
4 10 02 02 0 01 0 0 3 0 3
4 1d 01 01 0 00 0 0 3 0 3
4 03 1b 03 0 06 1 0 3 0 3
4 08 04 0f 0 03 1 0 3 0 3
4 00 03 01 0 01 1 0 3 0 3
4 03 01 00 1 01 1 0 3 1 3
4 00 03 03 0 01 1 0 3 0 3
4 03 01 09 1 01 0 0 3 0 3
4 03 01 01 1 01 0 0 3 2 3
4 1c 01 03 1 01 1 0 3 1 3
4 02 01 00 1 02 0 0 3 0 3
4 02 07 01 1 03 0 0 3 0 3
4 06 00 02 0 00 1 0 3 0 3
4 01 02 0f 1 10 0 0 3 0 3
4 03 03 14 0 02 0 0 3 0 3
4 02 00 02 1 12 1 2 3 0 3
4 03 1c 00 1 03 1 1 3 0 3
4 03 03 02 0 01 1 0 3 0 3
4 00 1e 03 0 03 1 0 3 0 3
4 1c 03 01 1 01 0 0 3 0 3
4 19 00 02 1 02 1 0 3 0 3
4 07 00 02 1 17 1 0 3 0 3
4 00 1e 01 1 01 0 0 3 0 3
4 02 01 00 0 03 1 0 3 0 3
4 02 00 01 1 1a 1 0 3 0 3
4 03 02 0e 0 01 1 0 3 0 3
4 10 08 03 0 17 0 0 3 0 3
4 00 01 00 1 00 1 0 3 0 3
4 03 01 01 0 19 1 0 3 0 3
4 01 01 02 0 02 1 0 3 0 3
4 03 06 02 0 02 1 0 3 0 3
4 03 03 02 0 01 1 0 3 0 3
4 02 03 04 0 04 1 0 3 0 3
4 03 00 02 0 00 1 0 3 0 3
4 01 0d 01 1 08 0 2 3 0 3
4 13 00 03 0 00 0 0 3 0 3
4 00 00 14 1 01 0 0 3 0 3
4 0c 02 03 0 03 1 0 3 0 3
4 1b 03 03 1 00 0 0 3 2 3
4 11 02 00 1 01 0 0 3 0 3
4 01 03 03 1 02 1 0 3 2 3
4 03 01 00 0 01 1 0 3 1 3
4 00 02 01 0 01 1 0 3 0 3
4 07 01 02 0 02 1 0 3 0 3
4 03 03 02 1 03 1 1 3 1 3
4 01 02 03 0 02 1 0 3 1 3
4 03 02 13 1 03 1 1 3 0 3
4 03 01 01 0 01 0 0 3 0 3
4 1c 00 02 0 0b 0 0 3 0 3
4 02 01 03 1 02 0 0 3 0 3
4 02 02 01 0 01 1 0 3 0 3
4 03 00 04 1 03 0 0 3 0 3
4 01 00 02 0 01 1 1 3 0 3
4 03 00 02 0 03 1 1 3 0 3
4 16 02 00 1 07 1 0 3 0 3
4 01 02 17 0 05 1 0 3 0 3
4 03 03 03 0 00 1 0 3 0 3
4 1c 00 02 1 01 1 0 3 0 3
4 03 17 03 0 17 1 0 3 1 3
4 03 03 02 0 02 1 0 3 0 3
4 03 00 00 1 0b 0 0 3 0 3
4 00 1c 00 0 03 0 0 3 0 3
4 02 02 02 0 01 0 0 3 0 3
4 01 00 02 1 01 1 1 3 0 3
4 1f 01 03 1 03 1 0 3 0 3
4 1c 03 03 1 02 0 0 3 2 3
4 14 01 02 1 03 1 0 3 0 3
4 02 03 02 0 01 1 0 3 0 3
4 00 02 01 0 02 0 0 3 0 3
4 00 00 03 0 00 0 0 3 0 3
4 01 03 00 0 00 0 0 3 0 3
4 02 08 01 0 03 1 0 3 0 3
4 02 00 02 1 03 0 2 3 0 3
4 01 00 03 1 01 1 1 3 0 3
4 02 01 01 1 00 1 0 3 2 3
4 03 02 1f 0 05 1 0 3 0 3
4 02 03 00 0 00 1 0 3 0 3
4 00 00 03 1 01 1 0 3 0 3
4 03 03 12 0 02 1 0 3 0 3
4 01 03 00 1 14 1 0 3 0 3
4 12 00 10 1 03 0 0 3 0 3
4 02 02 00 0 02 1 1 3 1 3
4 02 00 00 0 00 0 0 3 0 3
4 01 06 00 0 03 1 0 3 0 3
4 00 01 02 0 12 0 0 3 0 3
4 03 03 03 1 03 1 2 3 2 3
4 02 03 03 1 01 1 0 3 2 3
4 02 02 00 1 00 1 0 3 0 3
4 03 00 02 1 03 1 1 3 0 3
4 08 02 00 0 02 0 0 3 0 3
4 00 00 03 0 00 0 0 3 0 3
4 00 02 03 0 02 1 0 3 1 3
4 00 1b 01 1 03 0 0 3 0 3
4 08 02 00 0 01 0 0 3 0 3
4 02 01 0e 1 03 1 0 3 0 3
4 1d 00 03 1 00 1 0 3 0 3
4 00 01 02 1 03 1 0 3 0 3
4 01 02 01 0 07 0 0 3 0 3
4 00 02 03 1 14 0 0 3 0 3
4 03 03 16 1 02 1 0 3 0 3
4 13 0e 03 0 03 0 0 3 0 3
4 03 02 00 1 02 1 0 3 1 3
4 01 0e 03 1 02 1 0 3 0 3
4 02 02 00 1 02 1 1 3 1 3
4 0f 02 01 1 01 0 0 3 0 3
4 00 01 03 1 02 1 0 3 0 3
4 01 02 02 0 00 1 0 3 0 3
4 00 01 03 1 03 0 0 3 0 3
4 03 01 00 1 03 1 1 3 0 3
4 17 03 03 1 01 0 0 3 2 3
4 03 00 00 1 03 0 0 3 0 3
4 1d 1f 00 0 02 0 0 3 0 3
4 01 01 15 1 00 0 0 3 0 3
4 03 05 03 0 01 0 0 3 0 3
4 01 00 03 0 00 1 0 3 0 3
4 0f 01 0d 1 00 1 0 3 0 3
4 02 00 00 0 02 1 1 3 0 3
4 03 00 01 0 03 0 0 3 0 3
4 03 03 00 1 03 0 0 3 0 3
4 00 1c 01 1 00 1 0 3 0 3
4 00 01 03 1 02 1 0 3 0 3
4 03 02 01 0 1a 0 0 3 0 3
4 0e 00 00 0 05 0 0 3 0 3
4 03 09 03 0 00 0 0 3 0 3
4 03 00 00 1 01 0 0 3 0 3
4 00 00 02 1 03 0 0 3 0 3
4 01 03 11 1 06 1 0 3 0 3
4 03 03 05 0 02 0 0 3 0 3
4 02 00 1f 1 02 0 0 3 0 3
4 05 01 00 0 01 0 0 3 0 3
4 00 00 03 1 01 0 0 3 0 3
4 00 02 00 0 03 1 0 3 0 3
4 00 02 03 0 1d 1 0 3 0 3
4 00 02 03 1 1f 1 0 3 0 3
4 03 03 02 0 00 0 0 3 0 3
4 00 02 03 0 18 0 0 3 0 3
4 02 02 0e 1 1c 0 0 3 0 3
4 00 14 01 0 03 0 0 3 0 3
4 03 02 01 0 0b 1 0 3 0 3
4 03 17 03 1 02 0 2 3 0 3
4 01 00 00 1 0e 0 0 3 0 3
4 03 02 00 1 03 1 1 3 0 3
4 11 02 00 1 01 1 0 3 0 3
4 01 00 00 1 00 0 0 3 0 3
4 01 08 02 1 00 1 0 3 0 3
4 03 02 01 0 02 0 0 3 0 3
4 03 03 00 1 02 1 0 3 0 3
4 01 01 00 1 03 0 0 3 0 3
4 09 01 01 1 0b 0 0 3 2 3
4 0f 02 01 1 01 0 0 3 0 3
4 00 02 01 1 14 0 0 3 0 3
4 02 02 00 0 15 1 0 3 0 3
4 01 00 03 1 03 0 0 3 0 3
4 02 01 03 1 00 0 0 3 0 3
4 0d 01 01 0 03 1 0 3 0 3
4 02 00 03 0 15 0 0 3 0 3
4 01 00 0d 1 00 0 0 3 0 3
4 01 00 01 1 00 1 2 3 0 3
4 02 02 09 0 08 0 0 3 0 3
4 1c 03 02 0 03 1 0 3 1 3
4 03 01 01 0 11 1 0 3 0 3
4 03 10 02 0 18 0 0 3 0 3
4 0d 01 14 1 00 0 0 3 0 3
4 01 03 03 0 00 0 0 3 0 3
4 01 08 03 1 16 1 0 3 0 3
4 03 02 03 1 02 1 2 3 1 3
4 00 02 00 0 03 0 0 3 0 3
4 01 17 00 1 01 0 0 3 0 3
4 00 02 02 1 03 0 0 3 2 3
4 00 00 02 0 18 1 0 3 0 3
4 00 01 0f 1 01 1 0 3 1 3
4 00 00 00 1 00 0 0 3 0 3
4 03 02 00 0 02 1 0 3 1 3
4 01 02 02 0 02 1 0 3 1 3
4 01 02 01 1 15 0 2 3 0 3
4 00 00 00 1 02 1 0 3 0 3
4 03 03 00 1 01 0 0 3 0 3
4 01 01 0c 0 00 0 0 3 0 3
4 00 02 02 0 00 1 0 3 0 3
4 00 02 02 0 10 0 0 3 0 3
4 01 00 05 1 03 1 0 3 0 3
4 03 00 03 0 01 1 0 3 0 3
4 00 00 00 1 00 1 0 3 0 3
4 00 00 02 1 01 0 0 3 0 3
4 02 01 01 0 01 0 0 3 0 3
4 03 01 00 1 00 0 0 3 0 3
4 00 02 03 1 00 0 0 3 0 3
4 0e 03 00 1 01 0 0 3 0 3
4 01 12 03 0 00 0 0 3 0 3
4 03 03 0a 1 04 0 0 3 0 3
4 01 1f 02 0 01 0 0 3 0 3
4 00 1a 02 1 00 1 0 3 0 3
4 02 1b 02 1 02 1 2 3 0 3
4 02 03 03 1 03 0 0 3 2 3
4 00 01 14 0 13 1 0 3 0 3
4 03 01 01 0 00 1 0 3 0 3
4 03 01 02 0 01 1 0 3 1 3
4 17 00 01 1 00 0 0 3 0 3
4 01 03 12 0 00 0 0 3 0 3
4 02 03 00 1 01 1 0 3 0 3
4 02 15 00 0 01 0 0 3 0 3
4 00 17 03 0 03 0 0 3 0 3
4 00 01 00 0 00 1 0 3 0 3
4 01 03 02 0 03 1 0 3 1 3
4 02 03 00 1 00 0 0 3 0 3
4 01 02 00 0 02 0 0 3 0 3
4 03 03 02 0 03 0 0 3 0 3
4 00 00 00 1 03 1 0 3 0 3
4 13 01 1a 0 03 0 0 3 0 3
4 02 01 02 0 01 0 0 3 0 3
4 00 02 03 1 00 0 0 3 0 3
4 00 02 15 0 02 0 0 3 0 3
4 09 09 01 0 02 1 0 3 0 3
4 03 03 00 0 03 0 0 3 0 3
4 02 03 02 0 1a 0 0 3 0 3
4 01 02 15 0 01 1 1 3 0 3
4 02 03 01 1 02 0 0 3 0 3
4 01 00 03 1 01 0 0 3 0 3
4 12 00 03 1 03 1 0 3 0 3
4 00 00 01 0 02 0 0 3 0 3
4 01 00 00 1 10 0 0 3 0 3
4 02 00 01 1 1f 0 0 3 0 3
4 01 02 03 0 02 0 0 3 0 3
4 01 02 02 1 01 0 0 3 2 3
4 01 02 02 0 02 0 0 3 0 3
4 1b 01 03 0 0b 0 0 3 0 3
4 00 00 03 0 00 0 0 3 0 3
4 00 03 00 0 01 0 0 3 0 3
4 03 02 02 0 02 1 0 3 1 3
4 03 00 01 1 01 0 0 3 0 3
4 0b 02 00 1 00 0 0 3 0 3
4 17 01 01 1 02 0 0 3 2 3
4 03 07 01 1 02 1 0 3 0 3
4 00 00 0b 0 03 1 0 3 0 3
4 10 01 03 0 01 1 0 3 1 3
4 00 02 00 1 14 1 0 3 0 3
4 01 03 01 0 02 0 0 3 0 3
4 15 00 03 0 02 0 0 3 0 3
4 0d 02 03 1 00 1 0 3 0 3
4 00 12 00 1 00 1 0 3 0 3
4 02 03 03 0 00 1 0 3 0 3
4 02 02 01 1 01 1 0 3 0 3
4 02 03 00 1 02 1 1 3 0 3
4 02 02 00 1 01 0 0 3 0 3
4 01 00 03 0 03 1 0 3 0 3
4 00 03 03 0 0c 1 0 3 0 3
4 01 00 03 1 08 0 0 3 0 3
4 01 00 03 1 02 0 0 3 0 3
4 1d 02 01 0 17 1 0 3 0 3
4 02 02 03 1 02 1 1 3 1 3
4 00 05 01 0 00 0 0 3 0 3
4 1c 02 02 1 02 0 0 3 2 3
4 03 01 00 0 03 0 0 3 0 3
4 03 01 01 0 00 1 0 3 0 3
4 1b 00 00 1 03 1 0 3 0 3
4 01 03 03 1 02 0 0 3 2 3
4 03 03 14 0 03 1 1 3 1 3
4 03 00 02 0 03 0 0 3 0 3
4 03 05 16 0 01 1 0 3 0 3
4 01 02 03 1 01 0 0 3 0 3
4 01 02 02 0 02 0 0 3 0 3
4 01 02 16 0 00 1 0 3 0 3
4 02 03 00 1 03 1 0 3 1 3
4 18 01 00 0 01 0 0 3 0 3
4 00 01 00 1 01 1 0 3 1 3
4 02 01 1e 0 02 1 1 3 0 3
4 00 01 02 1 01 1 0 3 1 3
4 02 05 01 1 00 1 0 3 0 3
4 03 03 02 1 12 0 0 3 0 3
4 00 0f 02 1 00 1 0 3 0 3
4 1b 0e 03 0 00 0 0 3 0 3
4 03 03 01 0 1a 1 0 3 0 3
4 03 02 02 0 01 0 0 3 0 3
4 1b 03 01 1 1a 0 0 3 0 3
4 00 08 02 0 00 1 0 3 0 3
4 02 1a 02 1 02 1 2 3 0 3
4 04 00 03 1 00 0 0 3 0 3
4 01 03 01 0 00 0 0 3 0 3
4 00 00 00 0 01 1 0 3 0 3
4 00 01 00 1 03 0 0 3 0 3
4 03 03 03 1 03 1 2 3 2 3
4 00 00 03 0 02 1 0 3 0 3
4 00 00 00 1 0f 1 0 3 0 3
4 00 02 03 0 19 0 0 3 0 3
4 11 02 01 1 01 0 0 3 0 3
4 00 01 16 0 00 1 0 3 0 3
4 14 00 03 1 00 1 0 3 0 3
4 02 02 01 1 02 1 1 3 1 3
4 02 01 00 1 02 0 0 3 0 3
4 12 03 1f 1 09 1 0 3 0 3
4 00 02 00 0 00 0 0 3 0 3
4 00 0a 00 1 01 1 0 3 0 3
4 02 02 03 0 03 1 0 3 0 3
4 03 1b 02 1 16 0 0 3 0 3
4 00 04 03 1 02 1 0 3 0 3
4 02 01 03 1 03 0 0 3 0 3
4 00 0e 01 1 02 0 0 3 0 3
4 01 02 01 1 16 0 2 3 0 3
4 00 02 11 0 00 0 0 3 0 3
4 02 02 02 0 03 1 0 3 0 3
4 02 00 02 1 02 0 2 3 0 3
4 00 03 16 1 02 0 0 3 0 3
4 0c 01 03 0 00 1 0 3 0 3
4 02 01 11 0 03 0 0 3 0 3
4 03 16 00 1 00 1 0 3 0 3
4 03 12 0b 1 01 1 0 3 0 3
4 17 00 03 0 01 1 0 3 0 3
4 03 02 03 0 00 1 0 3 0 3
4 04 0d 02 1 00 0 0 3 0 3
4 03 10 02 1 01 0 0 3 0 3
4 02 01 00 0 00 0 0 3 0 3
4 02 01 03 1 00 0 0 3 0 3
4 15 03 02 0 02 0 0 3 0 3
4 1f 02 00 1 1e 1 0 3 0 3
4 0e 03 01 0 02 1 0 3 0 3
4 00 00 02 1 00 0 0 3 0 3
4 1b 03 00 0 00 0 0 3 0 3
4 02 03 03 1 01 1 0 3 2 3
4 00 02 03 1 01 0 0 3 0 3
4 01 01 01 0 00 1 0 3 0 3
4 00 02 00 0 00 1 0 3 0 3
4 11 02 01 0 03 0 0 3 0 3
4 02 03 17 0 03 0 0 3 0 3
4 00 02 03 0 12 1 0 3 0 3
4 03 00 03 0 09 1 0 3 0 3
4 00 00 0e 1 02 1 0 3 0 3
4 12 02 00 0 03 1 0 3 0 3
4 1b 02 00 0 01 0 0 3 0 3
4 1b 01 01 1 02 1 0 3 2 3
4 1f 03 03 0 00 1 0 3 0 3
4 00 1a 02 0 03 1 0 3 0 3
4 0a 01 00 1 1a 0 0 3 0 3
4 02 02 02 1 02 1 2 3 2 3
4 01 02 0d 0 01 1 1 3 0 3
4 00 00 0d 0 01 1 0 3 0 3
4 01 03 02 1 00 1 0 3 0 3
4 03 03 00 1 03 0 0 3 0 3
4 00 03 00 1 00 1 0 3 0 3
4 00 03 01 0 17 1 0 3 0 3
4 03 0e 00 1 02 1 0 3 0 3
4 02 00 01 1 03 1 0 3 0 3
4 03 00 00 0 03 0 0 3 0 3
4 02 03 00 0 00 1 0 3 0 3
4 1f 02 02 0 02 1 0 3 1 3
4 01 01 00 1 03 0 0 3 0 3
4 02 09 05 0 01 1 0 3 0 3
4 01 03 07 1 03 0 0 3 0 3
4 01 16 01 0 0b 0 0 3 0 3
4 03 02 03 0 1f 0 0 3 0 3
4 1b 01 0c 1 01 0 0 3 0 3
4 00 01 12 0 03 1 0 3 0 3
4 17 00 02 0 16 1 0 3 0 3
4 03 18 02 0 00 0 0 3 0 3
4 15 00 03 0 11 0 0 3 0 3
4 00 01 01 1 01 1 0 3 2 3
4 01 02 02 0 01 1 1 3 0 3
4 00 02 02 1 01 0 0 3 2 3
4 0a 03 00 0 02 0 0 3 0 3
4 06 02 00 0 00 0 0 3 0 3
4 01 14 00 1 01 1 1 3 0 3
4 1d 02 03 1 00 0 0 3 0 3
4 02 03 1a 0 01 0 0 3 0 3
4 00 1e 02 1 03 1 0 3 0 3
4 04 01 00 1 01 0 0 3 0 3
4 13 01 03 1 15 1 0 3 0 3
4 02 00 01 0 13 0 0 3 0 3
4 03 01 01 1 01 0 0 3 2 3
4 02 03 01 0 03 1 0 3 1 3
4 02 02 00 1 00 0 0 3 0 3
4 1a 01 0c 0 02 1 0 3 0 3
4 03 03 00 1 00 1 0 3 0 3
4 03 00 01 1 00 1 0 3 0 3
4 01 02 01 1 02 0 2 3 0 3
4 01 0d 1b 1 11 0 0 3 0 3
4 05 00 00 1 01 1 0 3 0 3
4 02 02 01 0 03 1 0 3 0 3
4 00 03 00 0 03 0 0 3 0 3
4 00 02 02 0 00 0 0 3 0 3
4 03 03 00 0 0d 1 0 3 0 3
4 06 01 01 0 0c 1 0 3 0 3
4 02 02 09 1 02 1 1 3 1 3
4 01 12 02 1 02 1 0 3 0 3
4 0e 01 01 0 01 1 0 3 1 3
4 00 02 01 0 03 1 0 3 0 3
4 01 17 01 0 00 1 0 3 0 3
4 08 00 00 0 03 1 0 3 0 3
4 02 02 01 1 00 0 0 3 0 3
4 03 01 00 0 02 1 0 3 0 3
4 12 01 1a 1 01 0 0 3 0 3
4 01 03 02 0 02 1 0 3 0 3
4 03 05 03 0 01 0 0 3 0 3
4 12 07 03 1 01 1 0 3 0 3
4 03 01 03 0 02 1 0 3 0 3
4 00 01 1d 1 03 1 0 3 0 3
4 01 03 03 0 02 0 0 3 0 3
4 06 05 05 1 03 0 0 3 2 3
4 01 03 07 1 00 1 0 3 0 3
4 03 01 0f 0 01 0 0 3 0 3
4 03 03 02 0 03 1 1 3 1 3
4 02 1f 01 0 00 1 0 3 0 3
4 00 03 15 1 00 0 0 3 0 3
4 03 00 02 0 00 0 0 3 0 3
4 00 02 0c 1 01 1 0 3 0 3
4 02 00 03 1 01 0 0 3 0 3
4 18 01 02 0 03 1 0 3 0 3
4 02 01 1d 0 02 1 1 3 0 3
4 00 01 02 0 02 1 0 3 0 3
4 00 0f 01 0 00 0 0 3 0 3
4 00 01 03 0 03 0 0 3 0 3
4 01 01 16 0 0a 1 0 3 0 3
4 10 03 02 1 01 0 0 3 0 3
4 00 01 00 0 10 0 0 3 0 3
4 03 00 01 1 00 1 0 3 0 3
4 01 0f 01 0 03 0 0 3 0 3
4 03 03 02 0 0b 1 0 3 0 3
4 1f 01 02 1 03 1 0 3 0 3
4 00 03 03 0 02 0 0 3 0 3
4 03 01 01 1 02 0 0 3 2 3
4 02 01 01 1 01 1 0 3 2 3
4 00 0c 02 0 02 0 0 3 0 3
4 03 02 03 1 03 0 2 3 0 3
4 02 00 01 1 01 1 0 3 0 3
4 00 01 00 0 00 0 0 3 0 3
4 03 03 02 0 14 0 0 3 0 3
4 01 00 01 1 04 0 2 3 0 3
4 02 00 02 1 19 0 2 3 0 3
4 03 01 01 0 04 0 0 3 0 3
4 03 01 00 1 07 0 0 3 0 3
4 02 00 03 0 00 0 0 3 0 3
4 07 03 0e 1 02 1 0 3 0 3
4 10 00 02 1 02 0 0 3 0 3
4 03 01 03 1 01 1 2 3 1 3
4 02 01 02 1 00 1 2 3 0 3
4 02 03 02 1 00 1 2 3 0 3
4 01 00 02 0 02 1 0 3 0 3
4 03 02 03 0 00 0 0 3 0 3
4 0f 00 00 1 09 1 0 3 0 3
4 02 02 00 0 01 0 0 3 0 3
4 00 03 00 1 00 1 0 3 0 3
4 00 0f 02 0 10 0 0 3 0 3
4 01 03 01 1 03 0 2 3 0 3
4 03 02 00 1 01 0 0 3 0 3
4 02 02 1f 0 03 0 0 3 0 3
4 08 0a 03 1 02 1 0 3 0 3
4 01 00 01 1 03 1 2 3 0 3
4 00 00 00 0 00 1 0 3 0 3
4 02 03 02 0 01 0 0 3 0 3
4 06 00 03 1 03 0 0 3 0 3
4 02 18 02 1 02 1 2 3 0 3
4 0f 02 01 0 01 1 0 3 0 3
4 03 03 02 0 02 1 0 3 0 3
4 02 01 02 1 03 1 2 3 0 3
4 02 02 03 0 02 0 0 3 0 3
4 01 01 0d 0 00 1 0 3 0 3
4 02 14 03 1 13 1 0 3 0 3
4 01 00 01 0 0b 0 0 3 0 3
4 01 15 01 1 01 1 2 3 0 3
4 03 17 00 0 19 1 0 3 0 3
4 03 01 1e 0 03 1 1 3 0 3
4 12 02 0c 1 00 0 0 3 0 3
4 00 01 03 1 02 1 0 3 0 3
4 1f 03 03 1 02 0 0 3 2 3
4 07 10 1a 0 02 0 0 3 0 3
4 00 03 1a 0 02 0 0 3 0 3
4 00 18 02 0 01 0 0 3 0 3
4 00 01 18 1 01 1 0 3 1 3
4 10 01 03 1 03 1 0 3 0 3
4 03 03 02 1 03 0 0 3 0 3
4 00 01 02 0 02 1 0 3 0 3
4 03 03 03 1 01 0 2 3 2 3
4 00 03 08 0 01 1 0 3 0 3
4 00 01 08 0 00 1 0 3 0 3
4 02 01 14 1 13 0 0 3 0 3
4 03 02 01 1 01 1 0 3 0 3
4 0f 00 09 1 01 0 0 3 0 3
4 01 01 1a 0 03 0 0 3 0 3
4 03 01 01 0 02 1 0 3 0 3
4 00 02 00 0 02 1 0 3 1 3
4 07 03 02 1 09 1 0 3 0 3
4 00 02 01 1 02 0 0 3 0 3
4 00 03 01 1 00 0 0 3 0 3
4 01 02 00 1 00 0 0 3 0 3
4 00 02 01 1 00 0 0 3 0 3
4 02 03 03 1 00 1 0 3 2 3
4 02 00 00 1 0c 0 0 3 0 3
4 0f 03 06 0 02 1 0 3 0 3
4 01 04 01 1 02 0 2 3 0 3
4 00 02 03 1 0b 0 0 3 0 3
4 02 02 01 1 0c 0 0 3 0 3
4 03 02 02 0 02 1 0 3 1 3
4 02 02 00 1 02 1 1 3 1 3
4 01 00 01 0 01 1 1 3 0 3
4 03 1c 02 0 03 1 1 3 0 3
4 00 02 02 1 01 1 0 3 2 3
4 14 03 02 1 00 1 0 3 0 3
4 05 01 01 1 14 1 0 3 2 3
4 01 09 03 0 03 1 0 3 0 3
4 03 02 03 0 01 1 0 3 0 3
4 02 02 17 1 00 0 0 3 0 3
4 00 01 02 1 00 0 0 3 0 3
4 00 00 15 1 01 1 0 3 0 3
4 01 00 00 0 02 0 0 3 0 3
4 03 10 02 1 03 1 1 3 0 3
4 00 1c 03 1 00 1 0 3 0 3
4 02 00 02 1 01 1 2 3 0 3
4 00 02 05 1 03 1 0 3 0 3
4 01 01 02 1 01 1 1 3 1 3
4 00 02 03 0 00 1 0 3 0 3
4 03 00 03 0 02 0 0 3 0 3
4 01 03 0f 1 10 0 0 3 0 3
4 02 00 00 0 03 1 0 3 0 3
4 18 03 03 0 03 0 0 3 0 3
4 02 03 00 0 1e 1 0 3 0 3
4 16 03 03 1 01 0 0 3 2 3
4 00 02 03 1 02 1 0 3 1 3
4 09 00 03 0 02 0 0 3 0 3
4 14 00 12 0 09 1 0 3 0 3
4 02 0b 00 1 00 1 0 3 0 3
4 02 01 00 0 03 0 0 3 0 3
4 02 02 03 0 02 0 0 3 0 3
4 02 02 00 1 03 0 0 3 0 3
4 03 0e 03 0 00 1 0 3 0 3
4 02 01 01 0 02 0 0 3 0 3
4 00 13 01 1 00 1 0 3 0 3
4 03 01 02 1 03 1 1 3 0 3
4 01 03 00 0 01 1 1 3 0 3
4 11 01 01 0 03 1 0 3 0 3
4 01 02 03 1 00 1 0 3 0 3
4 02 00 00 0 01 0 0 3 0 3
4 00 01 00 0 02 1 0 3 0 3
4 03 02 10 1 00 1 0 3 0 3
4 03 16 03 0 00 0 0 3 0 3
4 03 00 06 1 01 1 0 3 0 3
4 01 11 02 1 00 0 0 3 0 3
4 03 00 0b 0 11 0 0 3 0 3
4 01 02 01 1 02 0 2 3 0 3
4 01 01 00 1 03 0 0 3 0 3
4 00 02 00 1 02 0 0 3 0 3
4 00 03 01 0 06 1 0 3 0 3
4 00 03 0b 0 01 0 0 3 0 3
4 00 02 08 0 00 1 0 3 0 3
4 01 01 00 0 00 1 0 3 0 3
4 00 03 04 0 02 0 0 3 0 3
4 01 02 01 1 01 1 2 3 0 3
4 00 01 04 0 02 1 0 3 0 3
4 01 04 03 0 03 0 0 3 0 3
4 01 03 03 0 02 0 0 3 0 3
4 18 00 01 1 1d 0 0 3 0 3
4 05 01 02 1 01 1 0 3 1 3
4 02 01 1f 1 02 0 0 3 0 3
4 03 02 0e 0 00 1 0 3 0 3
4 01 0b 18 1 03 1 0 3 0 3
4 1d 01 01 1 02 0 0 3 2 3
4 03 01 02 0 01 1 0 3 1 3
4 01 01 03 1 02 1 0 3 0 3
4 02 02 02 1 02 0 2 3 2 3
4 03 00 02 1 01 0 0 3 0 3
4 00 03 02 0 01 0 0 3 0 3
4 02 02 01 1 03 1 0 3 0 3
4 01 09 03 0 01 1 1 3 0 3
4 02 1b 03 1 03 0 0 3 0 3
4 00 01 01 0 03 1 0 3 0 3
4 0d 02 03 0 03 0 0 3 0 3
4 02 02 02 0 01 0 0 3 0 3
4 00 02 02 0 02 0 0 3 0 3
4 01 01 00 0 00 0 0 3 0 3
4 02 03 09 0 03 1 0 3 1 3
4 00 0d 01 0 02 1 0 3 0 3
4 02 14 02 0 00 0 0 3 0 3
4 01 02 03 0 03 1 0 3 0 3
4 02 00 00 1 01 0 0 3 0 3
4 01 01 00 0 03 0 0 3 0 3
4 01 14 00 0 01 1 1 3 0 3
4 00 03 00 1 02 0 0 3 0 3
4 01 0b 02 1 00 1 0 3 0 3
4 00 01 02 0 01 1 0 3 1 3
4 01 00 03 0 01 0 0 3 0 3
4 02 02 01 0 02 1 1 3 1 3
4 03 0c 00 1 17 1 0 3 0 3
4 00 01 01 0 00 1 0 3 0 3
4 00 00 01 1 02 0 0 3 0 3
4 01 02 01 1 03 0 2 3 0 3
4 1f 03 03 1 01 0 0 3 2 3
4 00 03 03 1 04 0 0 3 2 3
4 03 03 0a 0 00 0 0 3 0 3
4 02 01 03 0 00 0 0 3 0 3
4 03 03 00 0 00 1 0 3 0 3
4 02 02 03 1 03 1 0 3 0 3
4 03 01 03 1 02 1 2 3 0 3
4 00 00 00 0 00 1 0 3 0 3
4 01 02 1b 0 0d 1 0 3 0 3
4 00 17 03 1 0d 0 0 3 0 3
4 02 02 1d 1 02 1 1 3 1 3
4 02 05 02 1 01 1 2 3 0 3
4 01 10 03 1 02 1 0 3 0 3
4 02 03 02 0 01 1 0 3 0 3
4 15 02 02 0 02 1 0 3 1 3
4 00 02 01 1 01 0 0 3 0 3
4 03 02 02 1 13 1 0 3 2 3
4 03 02 00 0 01 0 0 3 0 3
4 03 13 03 1 00 0 2 3 0 3
4 01 08 01 0 00 1 0 3 0 3
4 00 03 01 0 00 0 0 3 0 3
4 02 03 00 1 00 0 0 3 0 3
4 02 01 02 1 00 1 2 3 0 3
4 01 02 01 0 00 1 0 3 0 3
4 00 01 03 0 00 0 0 3 0 3
4 02 01 00 1 01 1 0 3 1 3
4 01 02 00 1 0d 0 0 3 0 3
4 01 01 03 0 00 1 0 3 0 3
4 18 03 03 0 03 0 0 3 0 3
4 03 03 00 0 03 0 0 3 0 3
4 09 00 01 1 03 1 0 3 0 3
4 02 02 02 0 03 0 0 3 0 3
4 03 03 03 1 02 1 2 3 2 3
4 02 00 03 1 02 0 0 3 0 3
4 14 02 02 0 01 1 0 3 0 3
4 12 02 00 0 01 1 0 3 0 3
4 00 00 00 1 02 0 0 3 0 3
4 00 00 03 1 00 1 0 3 0 3
4 00 01 00 1 03 1 0 3 0 3
4 03 03 01 0 01 0 0 3 0 3
4 00 03 03 0 01 1 0 3 0 3
4 03 03 03 1 03 0 2 3 2 3
4 03 00 01 0 03 1 1 3 0 3
4 00 01 00 0 01 1 0 3 1 3
4 03 03 00 0 02 1 0 3 0 3
4 00 01 06 1 0b 1 0 3 0 3
4 06 03 0f 1 05 0 0 3 0 3
4 01 02 03 0 0d 1 0 3 0 3
4 01 00 01 0 17 1 0 3 0 3
4 00 03 01 1 01 1 0 3 0 3
4 03 03 19 0 01 0 0 3 0 3
4 01 02 03 1 03 0 0 3 0 3
4 00 11 02 1 14 1 0 3 0 3
4 1f 00 02 0 02 1 0 3 0 3
4 09 03 00 0 00 0 0 3 0 3
4 03 01 00 0 03 0 0 3 0 3
4 03 00 01 1 01 0 0 3 0 3
4 00 00 0a 1 03 0 0 3 0 3
4 00 18 1a 0 01 1 0 3 0 3
4 00 00 01 1 01 1 0 3 0 3
4 03 02 03 1 03 0 2 3 0 3
4 10 02 01 1 12 1 0 3 0 3
4 05 03 00 0 03 0 0 3 0 3
4 03 03 03 1 02 1 2 3 2 3
4 02 11 03 1 03 1 0 3 0 3
4 00 02 16 0 03 0 0 3 0 3
4 01 03 00 0 0a 0 0 3 0 3
4 02 03 00 1 03 0 0 3 0 3
4 00 02 02 0 01 0 0 3 0 3
4 02 03 07 1 01 0 0 3 0 3
4 00 00 1a 0 03 1 0 3 0 3
4 01 03 01 0 02 0 0 3 0 3
4 00 01 01 1 11 1 0 3 2 3
4 02 01 1f 1 01 0 0 3 0 3
4 03 00 03 0 08 1 0 3 0 3
4 01 00 02 1 04 0 0 3 0 3
4 03 00 02 0 00 0 0 3 0 3
4 02 01 0c 0 02 0 0 3 0 3
4 02 01 02 0 02 0 0 3 0 3
4 02 00 01 1 16 1 0 3 0 3
4 02 01 01 1 1f 1 0 3 2 3
4 17 02 03 1 03 1 0 3 0 3
4 03 00 17 1 03 1 1 3 0 3
4 1d 0d 03 1 02 0 0 3 0 3
4 02 1e 01 1 0b 0 0 3 0 3
4 02 00 00 1 01 0 0 3 0 3
4 02 01 02 0 03 1 0 3 0 3
4 02 00 01 1 00 1 0 3 0 3
4 03 00 13 1 19 1 0 3 0 3
4 03 07 1a 0 00 0 0 3 0 3
4 00 02 03 0 02 1 0 3 1 3
4 03 03 00 1 00 1 0 3 0 3
4 01 02 02 1 00 1 0 3 2 3
4 02 03 02 1 00 1 2 3 0 3
4 03 02 02 1 01 0 0 3 2 3
4 01 16 0d 1 01 0 0 3 0 3
4 01 03 18 0 00 0 0 3 0 3
4 01 02 03 0 01 0 0 3 0 3
4 01 01 01 0 00 0 0 3 0 3
4 03 03 03 0 0f 1 0 3 0 3
4 00 03 02 1 03 0 0 3 0 3
4 01 02 01 1 01 1 2 3 0 3
4 03 03 00 0 01 1 0 3 0 3
4 00 02 02 1 01 1 0 3 2 3
4 04 01 01 1 00 1 0 3 2 3
4 01 06 01 0 13 0 0 3 0 3
4 00 00 03 1 01 1 0 3 0 3
4 03 00 02 1 00 0 0 3 0 3
4 03 04 00 1 00 1 0 3 0 3
4 03 0d 01 1 03 1 1 3 0 3
4 03 03 1c 0 11 1 0 3 0 3
4 00 02 01 0 03 1 0 3 0 3
4 18 03 11 0 01 1 0 3 0 3
4 07 03 09 0 01 1 0 3 0 3
4 02 01 02 1 01 0 2 3 0 3
4 01 07 1c 1 03 1 0 3 0 3
4 02 02 03 1 00 1 0 3 0 3
4 00 0e 03 1 06 1 0 3 0 3
4 03 00 01 0 01 0 0 3 0 3
4 01 01 00 1 02 0 0 3 0 3
4 12 03 00 0 0d 0 0 3 0 3
4 00 1c 02 0 00 0 0 3 0 3
4 01 01 03 1 03 0 0 3 0 3
4 01 01 00 0 01 1 1 3 1 3
4 00 1b 02 1 02 0 0 3 0 3
4 14 01 03 1 00 1 0 3 0 3
4 01 01 02 0 00 1 0 3 0 3
4 03 08 00 1 02 1 0 3 0 3
4 02 07 02 1 03 1 2 3 0 3
4 00 02 08 1 02 0 0 3 0 3
4 18 02 00 0 03 1 0 3 0 3
4 09 0f 03 1 01 0 0 3 0 3
4 03 02 03 1 03 1 2 3 0 3
4 0e 0b 01 0 03 1 0 3 0 3
4 00 02 17 1 00 0 0 3 0 3
4 01 02 03 1 01 1 1 3 0 3
4 03 00 1e 0 00 0 0 3 0 3
4 02 03 10 1 03 0 0 3 0 3
4 00 01 02 0 03 1 0 3 0 3
4 01 00 00 0 03 1 0 3 0 3
4 02 02 00 1 00 0 0 3 0 3
4 03 00 01 0 19 0 0 3 0 3
4 01 00 00 1 02 1 0 3 0 3
4 00 03 03 1 03 1 0 3 2 3
4 00 03 02 1 03 0 0 3 0 3
4 02 1a 00 1 01 0 0 3 0 3
4 01 03 05 0 01 1 1 3 0 3
4 01 00 01 0 03 1 0 3 0 3
4 03 00 02 1 03 1 1 3 0 3
4 00 01 0d 1 01 1 0 3 1 3
4 02 00 1d 0 02 0 0 3 0 3
4 00 02 00 1 02 0 0 3 0 3
4 08 02 03 0 00 0 0 3 0 3
4 15 0d 02 1 02 0 0 3 0 3
4 02 00 00 0 02 1 1 3 0 3
4 00 01 03 1 01 0 0 3 0 3
4 00 03 02 1 06 0 0 3 0 3
4 00 02 00 1 00 1 0 3 0 3
4 03 01 02 1 01 0 0 3 0 3
4 00 00 02 1 02 1 0 3 0 3
4 01 03 15 1 15 0 0 3 0 3
4 02 01 01 1 01 0 0 3 2 3
4 00 18 00 1 03 0 0 3 0 3
4 02 10 03 0 01 1 0 3 0 3
4 02 01 00 0 09 1 0 3 0 3
4 15 01 00 1 01 1 0 3 1 3
4 02 01 00 0 02 0 0 3 0 3
4 02 02 01 1 02 1 1 3 1 3
4 02 03 02 0 00 1 0 3 0 3
4 01 02 03 0 00 1 0 3 0 3
4 00 03 01 1 02 1 0 3 0 3
4 08 01 03 0 09 0 0 3 0 3
4 03 01 03 0 03 1 1 3 0 3
4 0b 03 02 0 02 0 0 3 0 3
4 01 01 02 0 00 1 0 3 0 3
4 0b 02 01 0 02 1 0 3 1 3
4 00 03 10 0 00 1 0 3 0 3
4 01 00 01 1 01 0 2 3 0 3
4 02 03 06 1 03 1 0 3 1 3
4 00 00 03 0 01 1 0 3 0 3
4 00 03 14 1 1c 1 0 3 0 3
4 00 1e 02 0 00 0 0 3 0 3
4 00 03 03 0 02 0 0 3 0 3
4 09 01 02 1 03 0 0 3 0 3
4 00 03 00 0 03 1 0 3 1 3
4 01 02 00 1 0c 1 0 3 0 3
4 07 00 03 0 00 1 0 3 0 3
4 00 00 03 0 15 0 0 3 0 3
4 02 02 03 0 02 0 0 3 0 3
4 03 00 02 1 01 1 0 3 0 3
4 02 03 00 0 01 0 0 3 0 3
4 1d 00 01 1 03 1 0 3 0 3
4 00 03 03 1 1b 1 0 3 2 3
4 01 03 09 1 01 0 0 3 0 3
4 10 00 02 1 01 0 0 3 0 3
4 00 01 02 1 00 0 0 3 0 3
4 0e 01 1d 0 01 0 0 3 0 3
4 00 02 02 0 00 0 0 3 0 3
4 01 00 03 0 03 1 0 3 0 3
4 02 0c 03 1 00 0 0 3 0 3
4 02 00 02 1 01 1 2 3 0 3
4 02 01 09 0 1c 0 0 3 0 3
4 03 0b 02 0 00 0 0 3 0 3
4 03 01 02 1 18 0 0 3 0 3
4 00 1e 02 0 03 1 0 3 0 3
4 03 03 00 0 06 0 0 3 0 3
4 03 07 02 0 03 1 1 3 0 3
4 00 1a 00 0 00 1 0 3 0 3
4 01 03 03 0 00 0 0 3 0 3
4 00 0b 02 1 01 0 0 3 0 3
4 02 00 03 1 01 0 0 3 0 3
4 00 02 15 1 00 0 0 3 0 3
4 00 03 01 1 01 0 0 3 0 3
4 03 00 03 1 01 0 2 3 0 3
4 03 00 00 0 00 1 0 3 0 3
4 00 01 01 0 00 1 0 3 0 3
4 02 00 01 0 02 0 0 3 0 3
4 03 00 03 0 00 0 0 3 0 3
4 03 01 03 1 03 1 2 3 0 3
4 03 00 00 1 00 0 0 3 0 3
4 03 02 02 0 19 0 0 3 0 3
4 17 03 02 0 13 1 0 3 0 3
4 03 03 00 0 02 1 0 3 0 3
4 01 00 01 1 00 0 2 3 0 3
4 01 02 00 0 02 0 0 3 0 3
4 00 01 03 0 03 1 0 3 0 3
4 01 02 00 0 01 0 0 3 0 3
4 01 03 16 1 0c 0 0 3 0 3
4 03 02 02 1 03 0 0 3 2 3
4 02 02 02 0 00 1 0 3 0 3
4 03 00 02 1 02 0 0 3 0 3
4 02 00 03 0 1a 0 0 3 0 3
4 02 01 0f 1 01 0 0 3 0 3
4 00 01 02 1 00 1 0 3 0 3
4 00 02 01 0 02 0 0 3 0 3
4 02 02 01 1 00 0 0 3 0 3
4 02 02 1a 0 02 1 1 3 1 3
4 01 01 00 0 03 1 0 3 0 3
4 03 00 00 1 00 1 0 3 0 3
4 00 00 0b 1 13 1 0 3 0 3
4 02 01 02 1 02 0 2 3 0 3
4 02 03 01 1 00 1 0 3 0 3
4 03 1c 02 0 03 0 0 3 0 3
4 00 00 01 0 00 1 0 3 0 3
4 08 01 03 1 05 1 0 3 0 3
4 03 03 19 1 01 1 0 3 0 3
4 0f 03 00 0 00 0 0 3 0 3
4 01 00 00 0 1a 0 0 3 0 3
4 02 01 03 0 00 0 0 3 0 3
4 03 1b 03 1 03 0 2 3 0 3
4 00 03 03 0 01 1 0 3 0 3
4 00 01 01 1 02 1 0 3 2 3
4 02 02 03 0 00 0 0 3 0 3
4 01 03 02 0 02 0 0 3 0 3
4 01 01 03 0 0f 1 0 3 0 3
4 00 00 1c 0 01 1 0 3 0 3
4 01 02 0a 1 14 0 0 3 0 3
4 02 02 01 0 01 0 0 3 0 3
4 03 01 07 1 02 1 0 3 0 3
4 01 00 02 0 05 1 0 3 0 3
4 00 01 00 0 03 1 0 3 0 3
4 01 01 03 1 01 0 0 3 0 3
4 1c 02 01 0 03 1 0 3 0 3
4 1e 03 00 0 03 1 0 3 1 3
4 03 04 03 0 01 1 0 3 0 3
4 02 1c 1b 0 00 0 0 3 0 3
4 03 02 01 1 03 0 0 3 0 3
4 1d 02 01 1 01 1 0 3 0 3
4 00 03 01 1 01 1 0 3 0 3
4 02 02 03 0 02 1 1 3 1 3
4 02 00 16 1 02 0 0 3 0 3
4 00 03 02 0 02 1 0 3 0 3
4 00 01 00 1 00 0 0 3 0 3
4 02 01 02 1 03 0 2 3 0 3
4 03 01 03 0 1d 0 0 3 0 3
4 03 00 03 0 0f 1 0 3 0 3
4 00 00 01 0 02 1 0 3 0 3
4 03 03 10 1 03 1 1 3 1 3
4 02 00 09 1 02 1 1 3 0 3
4 03 03 03 1 00 0 2 3 2 3
4 02 02 01 1 02 0 0 3 0 3
4 1c 00 02 0 01 1 0 3 0 3
4 02 00 03 1 00 1 0 3 0 3
4 00 0e 00 0 1a 1 0 3 0 3
4 1c 0e 03 1 00 0 0 3 0 3
4 02 02 01 1 03 1 0 3 0 3
4 03 03 0a 0 0b 1 0 3 0 3
4 19 02 03 1 01 1 0 3 0 3
4 00 02 02 1 02 1 0 3 2 3
4 01 01 00 0 00 0 0 3 0 3
4 00 01 03 1 03 1 0 3 0 3
4 02 01 02 0 02 0 0 3 0 3
4 00 08 02 0 1d 0 0 3 0 3
4 02 03 00 1 02 0 0 3 0 3
4 00 01 00 1 03 0 0 3 0 3
4 03 00 0d 1 02 0 0 3 0 3
4 00 02 02 1 02 1 0 3 2 3
4 02 00 03 0 01 1 0 3 0 3
4 03 01 16 0 01 1 0 3 1 3
4 1d 18 14 1 1f 1 0 3 0 3
4 02 0e 0c 0 03 0 0 3 0 3
4 01 00 01 1 02 1 2 3 0 3
4 13 00 00 1 1c 0 0 3 0 3
4 02 00 00 1 01 1 0 3 0 3
4 0f 01 00 1 00 0 0 3 0 3
4 0b 03 00 0 00 1 0 3 0 3
4 1e 02 03 0 01 1 0 3 0 3
4 01 01 01 1 03 0 2 3 2 3
4 03 02 03 0 02 0 0 3 0 3
4 12 02 01 0 02 0 0 3 0 3
4 0a 15 08 0 03 0 0 3 0 3
4 01 00 02 1 16 1 0 3 0 3
4 02 00 01 0 10 1 0 3 0 3
4 02 02 02 0 01 1 0 3 0 3
4 02 03 00 1 18 1 0 3 0 3
4 03 03 02 1 02 1 0 3 0 3
4 03 03 00 1 1b 0 0 3 0 3
4 12 02 01 1 02 0 0 3 0 3
4 01 02 02 0 02 0 0 3 0 3
4 02 02 03 1 02 1 1 3 1 3
4 01 03 03 1 0b 1 0 3 2 3
4 02 01 01 0 00 0 0 3 0 3
4 01 00 02 0 03 1 0 3 0 3
4 02 02 16 0 16 1 0 3 0 3
4 02 03 02 1 00 0 2 3 0 3
4 02 02 01 1 00 1 0 3 0 3
4 17 17 00 0 02 1 0 3 0 3
4 03 11 01 0 03 0 0 3 0 3
4 03 02 02 0 1d 0 0 3 0 3
4 03 03 02 1 00 0 0 3 0 3
4 01 01 01 1 00 0 2 3 2 3
4 02 02 00 1 01 0 0 3 0 3
4 03 03 00 1 02 0 0 3 0 3
4 03 03 01 0 03 1 1 3 1 3
4 00 03 03 0 01 1 0 3 0 3
4 03 01 02 0 03 0 0 3 0 3
4 03 03 12 0 02 1 0 3 0 3
4 03 1b 16 0 1a 0 0 3 0 3
4 02 02 03 1 03 0 0 3 0 3
4 04 00 03 0 00 1 0 3 0 3
4 16 02 02 1 03 0 0 3 2 3
4 00 03 01 0 01 0 0 3 0 3
4 03 02 15 0 1d 0 0 3 0 3
4 0e 00 02 1 00 0 0 3 0 3
4 01 03 00 0 00 1 0 3 0 3
4 02 03 02 1 00 0 2 3 0 3
4 00 02 00 0 02 1 0 3 1 3
4 1e 00 03 0 02 1 0 3 0 3
4 10 02 07 0 09 1 0 3 0 3
4 03 02 01 1 00 0 0 3 0 3
4 01 00 00 0 02 0 0 3 0 3
4 13 02 02 1 01 1 0 3 2 3
4 01 0d 00 1 03 1 0 3 0 3
4 01 00 00 0 01 0 0 3 0 3
4 02 01 01 0 00 1 0 3 0 3
4 01 01 01 1 00 1 2 3 2 3
4 14 01 03 0 03 1 0 3 0 3
4 01 01 03 0 00 0 0 3 0 3
4 02 03 0e 1 02 1 1 3 0 3
4 01 01 12 0 02 0 0 3 0 3
4 02 01 00 1 00 1 0 3 0 3
4 03 01 03 0 02 0 0 3 0 3
4 02 02 00 0 15 0 0 3 0 3
4 00 03 01 1 03 0 0 3 0 3
4 01 01 0f 1 16 0 0 3 0 3
4 03 03 01 0 00 1 0 3 0 3
4 02 03 00 1 1b 1 0 3 0 3
4 02 03 00 0 02 1 1 3 0 3
4 1e 03 01 1 02 0 0 3 0 3
4 01 03 01 0 0a 1 0 3 0 3
4 00 01 02 1 02 1 0 3 0 3
4 00 03 01 1 04 1 0 3 0 3
4 02 02 00 1 03 1 0 3 0 3
4 01 06 15 0 00 1 0 3 0 3
4 00 00 00 1 0b 1 0 3 0 3
4 02 00 02 0 00 1 0 3 0 3
4 00 00 00 0 00 1 0 3 0 3
4 00 00 01 0 06 0 0 3 0 3
4 00 00 03 0 00 0 0 3 0 3
4 03 01 00 0 00 1 0 3 0 3
4 03 01 01 1 00 0 0 3 2 3
4 03 02 03 1 03 1 2 3 0 3
4 02 00 03 0 03 1 0 3 0 3
4 00 01 03 1 01 0 0 3 0 3
4 03 01 00 1 03 1 1 3 0 3
4 02 08 01 1 0d 1 0 3 0 3
4 01 01 01 1 00 1 2 3 2 3
4 02 02 01 1 02 0 0 3 0 3
4 02 02 02 0 1b 0 0 3 0 3
4 02 02 03 0 02 1 1 3 1 3
4 0f 03 00 0 02 1 0 3 0 3
4 00 0d 16 1 03 0 0 3 0 3
4 00 01 03 1 01 1 0 3 1 3
4 00 02 02 1 01 1 0 3 2 3
4 06 0f 15 0 01 0 0 3 0 3
4 02 02 00 1 00 1 0 3 0 3
4 02 00 01 0 00 1 0 3 0 3
4 02 01 01 0 00 0 0 3 0 3
4 02 01 01 0 03 0 0 3 0 3
4 02 03 03 0 00 1 0 3 0 3
4 01 03 19 1 18 0 0 3 0 3
4 00 02 02 1 00 1 0 3 2 3
4 02 03 00 0 0f 0 0 3 0 3
4 02 0e 00 0 03 1 0 3 0 3
4 01 01 03 1 05 1 0 3 0 3
4 03 03 02 1 00 0 0 3 0 3
4 1a 02 03 0 03 1 0 3 0 3
4 00 01 01 1 00 1 0 3 2 3
4 00 1e 03 1 1b 0 0 3 0 3
4 01 03 01 0 01 0 0 3 0 3
4 01 03 00 0 03 0 0 3 0 3
4 02 00 18 1 00 1 0 3 0 3
4 0f 00 02 0 01 1 0 3 0 3
4 01 02 02 1 01 0 0 3 2 3
4 02 01 02 0 00 1 0 3 0 3
4 01 01 02 1 02 1 0 3 0 3
4 00 00 04 0 03 0 0 3 0 3
4 08 01 01 1 02 1 0 3 2 3
4 08 00 01 1 03 0 0 3 0 3
4 14 01 02 1 02 1 0 3 0 3
4 00 03 02 1 00 1 0 3 0 3
4 00 00 03 0 02 1 0 3 0 3
4 02 01 00 1 01 0 0 3 0 3
4 01 00 01 0 02 0 0 3 0 3
4 14 01 01 1 01 0 0 3 2 3
4 03 01 00 0 01 1 0 3 1 3
4 00 03 02 0 14 1 0 3 0 3
4 03 00 03 1 03 0 2 3 0 3
4 03 01 01 1 00 1 0 3 2 3
4 03 10 02 1 08 1 0 3 0 3
4 02 01 03 1 00 0 0 3 0 3
4 02 03 02 1 02 0 2 3 0 3
4 12 00 03 0 03 0 0 3 0 3
4 03 01 00 0 04 0 0 3 0 3
4 00 03 00 1 00 1 0 3 0 3
4 03 03 00 1 1d 1 0 3 0 3
4 03 01 03 1 02 1 2 3 0 3
4 07 02 03 0 0b 1 0 3 0 3
4 02 00 00 1 01 1 0 3 0 3
4 00 02 01 0 01 0 0 3 0 3
4 01 02 01 1 03 1 2 3 0 3
4 00 01 01 1 02 1 0 3 2 3
4 03 02 07 1 00 1 0 3 0 3
4 01 02 00 1 00 0 0 3 0 3
4 01 00 01 0 03 0 0 3 0 3
4 03 00 00 1 03 1 1 3 0 3
4 01 02 03 0 00 0 0 3 0 3
4 01 01 03 1 02 0 0 3 0 3
4 02 00 01 1 01 0 0 3 0 3
4 00 01 03 0 1a 0 0 3 0 3
4 02 03 00 0 02 1 1 3 0 3
4 1c 16 01 0 01 0 0 3 0 3
4 01 02 1c 0 01 0 0 3 0 3
4 15 00 01 0 02 0 0 3 0 3
4 01 02 00 0 13 0 0 3 0 3
4 1f 00 03 0 00 1 0 3 0 3
4 0c 1b 01 0 03 1 0 3 0 3
4 0b 03 0d 1 01 1 0 3 0 3
4 00 03 13 0 03 1 0 3 1 3
4 03 0a 02 0 01 1 0 3 0 3
4 19 00 03 1 02 0 0 3 0 3
4 00 1f 10 1 03 0 0 3 0 3
4 03 02 00 1 01 1 0 3 0 3
4 02 02 03 0 1a 0 0 3 0 3
4 02 00 00 0 00 1 0 3 0 3
4 02 1f 00 0 0a 0 0 3 0 3
4 0e 02 00 0 00 0 0 3 0 3
4 0d 03 02 1 00 1 0 3 0 3
4 02 06 00 0 01 1 0 3 0 3
4 01 00 02 1 02 0 0 3 0 3
4 01 03 07 0 03 1 0 3 1 3
4 03 03 01 0 02 1 0 3 0 3
4 02 02 00 1 01 1 0 3 0 3
4 02 01 00 0 02 0 0 3 0 3
4 01 03 03 1 03 1 0 3 2 3
4 02 03 02 1 00 0 2 3 0 3
4 01 1a 00 0 01 1 1 3 0 3
4 02 03 02 1 03 0 2 3 0 3
4 0e 00 1a 1 03 0 0 3 0 3
4 01 02 01 1 00 0 2 3 0 3
4 01 09 00 0 03 0 0 3 0 3
4 01 02 02 1 00 1 0 3 2 3
4 03 03 00 0 01 1 0 3 0 3
4 01 00 01 1 01 1 2 3 0 3
4 00 1f 01 1 03 0 0 3 0 3
4 0c 00 10 0 02 0 0 3 0 3
4 00 02 02 0 01 1 0 3 0 3
4 03 02 02 1 01 1 0 3 2 3
4 04 01 03 1 00 1 0 3 0 3
4 10 00 02 1 03 1 0 3 0 3
4 02 0b 00 0 02 1 1 3 0 3
4 00 02 03 1 02 1 0 3 1 3
4 01 01 00 0 03 1 0 3 0 3
4 00 00 02 0 10 0 0 3 0 3
4 01 02 01 0 01 1 1 3 0 3
4 03 03 03 0 03 1 1 3 1 3
4 00 02 0b 1 00 1 0 3 0 3
4 03 03 00 1 0b 1 0 3 0 3
4 01 00 00 1 01 0 0 3 0 3
4 00 02 01 1 0e 1 0 3 0 3
4 03 01 03 1 02 0 2 3 0 3
4 01 00 01 0 1a 1 0 3 0 3
4 01 02 03 0 01 0 0 3 0 3
4 01 01 06 1 00 0 0 3 0 3
4 10 03 02 1 03 1 0 3 1 3
4 01 03 03 0 03 1 0 3 1 3
4 02 03 00 0 00 1 0 3 0 3
4 10 02 01 1 05 0 0 3 0 3
4 00 01 00 0 01 0 0 3 0 3
4 02 01 03 1 1d 1 0 3 0 3
4 01 01 18 1 00 1 0 3 0 3
4 01 01 01 0 0b 0 0 3 0 3
4 00 03 01 1 03 1 0 3 1 3
4 03 13 03 0 01 1 0 3 0 3
4 03 02 03 0 1f 1 0 3 0 3
4 03 00 01 1 01 0 0 3 0 3
4 00 02 01 0 02 1 0 3 1 3
4 00 00 01 0 02 0 0 3 0 3
4 1b 11 11 1 03 0 0 3 2 3
4 01 00 01 0 03 0 0 3 0 3
4 00 02 03 1 1a 0 0 3 0 3
4 00 03 03 1 02 1 0 3 2 3
4 03 01 02 1 00 1 0 3 0 3
4 00 02 01 1 02 1 0 3 1 3
4 00 02 02 1 14 1 0 3 2 3
4 02 01 1c 1 18 0 0 3 0 3
4 03 00 1f 0 03 1 1 3 0 3
4 00 01 00 1 00 1 0 3 0 3
4 0b 01 01 0 02 0 0 3 0 3
4 0e 00 02 0 00 0 0 3 0 3
4 03 03 04 0 0a 1 0 3 0 3
4 01 01 03 1 08 0 0 3 0 3
4 03 01 02 0 02 1 0 3 0 3
4 00 1d 01 0 04 0 0 3 0 3
4 02 02 02 0 00 1 0 3 0 3
4 1d 01 00 1 01 0 0 3 0 3
4 03 18 02 1 03 0 0 3 0 3
4 00 00 18 1 02 0 0 3 0 3
4 00 04 03 0 01 0 0 3 0 3
4 04 01 01 0 01 0 0 3 0 3
4 02 00 03 1 11 1 0 3 0 3
4 0d 00 03 0 00 0 0 3 0 3
4 00 03 01 0 03 1 0 3 1 3
4 01 02 03 0 03 1 0 3 0 3
4 0a 03 02 1 01 1 0 3 0 3
4 03 00 03 0 01 1 0 3 0 3
4 02 01 02 0 03 1 0 3 0 3
4 02 00 03 1 01 1 0 3 0 3
4 02 00 02 1 01 1 2 3 0 3
4 02 00 00 1 02 0 0 3 0 3
4 00 00 0a 1 03 0 0 3 0 3
4 00 02 02 1 01 1 0 3 2 3
4 01 00 18 0 00 1 0 3 0 3
4 03 03 02 1 04 1 0 3 0 3
4 00 01 0d 0 01 0 0 3 0 3
4 02 0a 01 0 03 1 0 3 0 3
4 02 00 03 0 03 0 0 3 0 3
4 04 01 02 1 00 1 0 3 0 3
4 0d 02 01 0 15 0 0 3 0 3
4 00 12 01 0 00 0 0 3 0 3
4 01 19 02 0 0c 0 0 3 0 3
4 0c 02 02 1 01 1 0 3 2 3
4 01 03 19 1 03 1 0 3 1 3
4 18 03 01 0 19 1 0 3 0 3
4 01 17 01 0 02 1 0 3 0 3
4 02 02 00 1 00 1 0 3 0 3
4 16 00 01 1 19 0 0 3 0 3
4 03 11 03 0 01 0 0 3 0 3
4 03 00 01 0 1e 1 0 3 0 3
4 02 03 03 0 02 1 1 3 0 3
4 09 00 01 1 00 0 0 3 0 3
4 01 02 03 1 02 0 0 3 0 3
4 02 03 0a 1 01 1 0 3 0 3
4 02 01 0a 1 0e 0 0 3 0 3
4 03 00 02 0 02 1 0 3 0 3
4 01 00 02 0 03 0 0 3 0 3
4 03 01 01 0 03 1 1 3 0 3
4 00 03 00 1 04 1 0 3 0 3
4 02 01 01 1 01 0 0 3 2 3
4 01 00 03 0 01 1 1 3 0 3
4 03 13 02 0 00 1 0 3 0 3
4 01 00 03 0 00 1 0 3 0 3
4 03 02 01 0 03 0 0 3 0 3
4 03 02 01 0 00 1 0 3 0 3
4 02 01 10 0 02 1 1 3 0 3
4 01 02 03 1 01 1 1 3 0 3
4 00 02 1a 1 01 1 0 3 0 3
4 02 09 02 0 0d 1 0 3 0 3
4 00 03 00 0 00 0 0 3 0 3
4 03 01 16 0 00 1 0 3 0 3
4 00 02 01 0 18 1 0 3 0 3
4 03 02 01 1 01 1 0 3 0 3
4 1e 00 0f 0 03 0 0 3 0 3
4 00 00 02 0 03 0 0 3 0 3
4 02 00 03 0 03 1 0 3 0 3
4 00 02 03 1 02 0 0 3 0 3
4 03 03 00 1 02 1 0 3 0 3
4 01 01 01 0 02 1 0 3 0 3
4 19 00 03 0 00 1 0 3 0 3
4 00 01 0a 0 03 1 0 3 0 3
4 03 02 02 1 01 0 0 3 2 3
4 02 00 13 1 1a 0 0 3 0 3
4 03 02 18 1 00 1 0 3 0 3
4 02 00 03 1 00 1 0 3 0 3
4 00 01 01 0 01 1 0 3 1 3
4 0c 1d 0c 1 1b 0 2 3 0 3
4 03 00 02 1 02 0 0 3 0 3
4 00 01 03 1 00 1 0 3 0 3
4 17 03 01 1 02 0 0 3 0 3
4 1c 03 00 0 02 1 0 3 0 3
4 02 01 03 0 00 1 0 3 0 3
4 03 01 02 0 1d 1 0 3 0 3
4 02 00 01 1 00 1 0 3 0 3
4 01 00 02 1 01 1 1 3 0 3
4 02 00 00 0 03 0 0 3 0 3
4 01 02 00 1 03 1 0 3 0 3
4 02 02 02 1 00 0 2 3 2 3
4 01 03 02 1 01 0 0 3 0 3
4 03 02 00 0 01 1 0 3 0 3
4 02 01 0d 1 00 0 0 3 0 3
4 03 02 00 0 02 0 0 3 0 3
4 03 03 18 1 02 1 0 3 0 3
4 00 01 00 0 02 0 0 3 0 3
4 01 03 02 1 00 1 0 3 0 3
4 01 02 02 1 00 1 0 3 2 3
4 03 02 03 1 01 0 2 3 0 3
4 0a 01 03 1 02 1 0 3 0 3
4 00 19 01 0 01 1 0 3 0 3
4 02 03 03 0 02 0 0 3 0 3
4 01 01 00 0 00 1 0 3 0 3
4 08 02 02 0 00 0 0 3 0 3
4 0f 00 03 0 01 1 0 3 0 3
4 0d 02 03 1 00 1 0 3 0 3
4 00 08 08 0 02 1 0 3 0 3
4 03 01 11 1 0a 1 0 3 0 3
4 02 03 01 0 02 1 1 3 0 3
4 00 03 00 0 10 1 0 3 0 3
4 01 00 00 0 0e 1 0 3 0 3
4 00 01 17 0 12 1 0 3 0 3
4 00 01 01 1 02 0 0 3 2 3
4 00 06 03 1 00 1 0 3 0 3
4 01 00 00 1 00 0 0 3 0 3
4 02 1e 01 1 00 0 0 3 0 3
4 00 03 02 1 01 0 0 3 0 3
4 00 0d 03 0 0b 1 0 3 0 3
4 00 03 02 0 01 1 0 3 0 3
4 00 02 02 0 1e 0 0 3 0 3
4 07 01 03 1 02 0 0 3 0 3
4 00 01 03 1 00 1 0 3 0 3
4 0b 03 02 0 02 1 0 3 0 3
4 00 03 03 0 00 0 0 3 0 3
4 02 00 01 0 0e 0 0 3 0 3
4 07 03 17 1 1f 0 0 3 0 3
4 07 01 01 1 02 1 0 3 2 3
4 03 03 02 1 01 0 0 3 0 3
4 1a 03 03 0 02 1 0 3 0 3
4 03 00 03 0 03 1 1 3 0 3
4 02 03 00 1 02 0 0 3 0 3
4 01 02 00 1 01 1 1 3 0 3
4 01 02 00 0 00 0 0 3 0 3
4 03 03 03 0 00 0 0 3 0 3
4 00 11 12 0 03 0 0 3 0 3
4 03 08 08 0 00 1 0 3 0 3
4 06 01 03 0 02 1 0 3 0 3
4 03 01 01 1 01 1 0 3 2 3
4 15 00 03 1 02 1 0 3 0 3
4 01 02 00 1 03 0 0 3 0 3
4 01 08 02 1 02 1 0 3 0 3
4 00 00 0f 1 1a 1 0 3 0 3
4 01 03 02 1 01 0 0 3 0 3
4 0f 01 18 1 03 1 0 3 0 3
4 02 03 01 0 03 0 0 3 0 3
4 01 00 03 1 1f 1 0 3 0 3
4 03 01 02 0 0a 1 0 3 0 3
4 00 01 01 1 13 1 0 3 2 3
4 03 02 14 1 00 1 0 3 0 3
4 01 01 00 1 03 1 0 3 0 3
4 01 03 03 0 02 1 0 3 0 3
4 00 01 02 0 00 0 0 3 0 3
4 03 02 01 0 00 0 0 3 0 3
4 02 00 01 1 01 1 0 3 0 3
4 03 01 03 1 01 1 2 3 1 3
4 02 00 1d 0 02 0 0 3 0 3
4 01 03 00 0 02 1 0 3 0 3
4 08 02 03 0 01 0 0 3 0 3
4 01 03 01 0 04 0 0 3 0 3
4 02 1b 03 1 02 1 1 3 0 3
4 03 00 00 0 01 1 0 3 0 3
4 04 03 03 1 02 1 0 3 2 3
4 1e 1d 02 0 00 0 0 3 0 3
4 03 02 02 1 00 1 0 3 2 3
4 02 02 02 0 03 0 0 3 0 3
4 02 03 07 0 00 0 0 3 0 3
4 01 1c 01 1 09 0 2 3 0 3
4 0f 03 14 0 01 1 0 3 0 3
4 03 03 00 0 00 1 0 3 0 3
4 01 02 00 1 00 0 0 3 0 3
4 01 03 02 0 04 1 0 3 0 3
4 01 14 03 1 14 0 0 3 0 3
4 02 01 03 0 00 1 0 3 0 3
4 02 03 00 0 00 1 0 3 0 3
4 1d 02 01 1 02 1 0 3 1 3
4 0b 02 01 1 01 1 0 3 0 3
4 0e 01 02 0 01 0 0 3 0 3
4 02 0c 02 0 03 0 0 3 0 3
4 01 02 02 0 00 1 0 3 0 3
4 02 00 03 0 02 1 1 3 0 3
4 01 02 1a 1 0c 1 0 3 0 3
4 03 03 03 1 01 0 2 3 2 3
4 00 0d 11 0 0c 0 0 3 0 3
4 02 01 0a 1 01 1 0 3 1 3
4 01 00 02 0 00 1 0 3 0 3
4 12 03 00 1 03 1 0 3 1 3
4 00 03 02 1 13 0 0 3 0 3
4 03 02 00 1 01 1 0 3 0 3
4 01 13 00 1 03 1 0 3 0 3
4 02 00 03 1 1f 0 0 3 0 3
4 00 02 16 1 19 0 0 3 0 3
4 02 05 02 1 02 1 2 3 0 3
4 19 01 03 1 02 1 0 3 0 3
4 03 1a 01 1 02 0 0 3 0 3
4 19 08 01 0 00 0 0 3 0 3
4 0b 03 01 0 1b 0 0 3 0 3
4 10 11 12 1 07 1 0 3 0 3
4 05 01 00 1 02 1 0 3 0 3
4 01 00 09 1 00 0 0 3 0 3
4 03 03 01 1 02 1 0 3 0 3
4 03 02 02 0 00 0 0 3 0 3
4 02 02 00 1 1c 1 0 3 0 3
4 02 03 01 1 01 1 0 3 0 3
4 01 19 03 1 02 1 0 3 0 3
4 01 01 03 0 02 1 0 3 0 3
4 01 00 01 1 00 0 2 3 0 3
4 16 00 01 1 17 0 0 3 0 3
4 0c 02 01 0 13 1 0 3 0 3
4 00 06 11 0 01 1 0 3 0 3
4 01 01 0b 0 00 0 0 3 0 3
4 00 00 03 0 03 1 0 3 0 3
4 00 03 02 0 02 0 0 3 0 3
4 00 00 00 1 03 0 0 3 0 3
4 01 02 00 1 03 1 0 3 0 3
4 00 02 00 0 01 0 0 3 0 3
4 0b 00 03 0 01 1 0 3 0 3
4 03 01 01 0 02 1 0 3 0 3
4 01 03 02 0 01 1 1 3 0 3
4 17 03 00 1 00 1 0 3 0 3
4 06 00 1b 0 00 0 0 3 0 3
4 03 00 03 0 1a 1 0 3 0 3
4 00 00 00 0 03 0 0 3 0 3
4 01 00 0c 1 0f 1 0 3 0 3
4 00 03 03 1 02 0 0 3 2 3
4 11 02 00 1 01 1 0 3 0 3
4 00 01 03 1 03 1 0 3 0 3
4 03 03 01 1 16 1 0 3 0 3
4 03 02 00 1 00 0 0 3 0 3
4 01 02 02 1 01 0 0 3 2 3
4 1b 02 01 1 03 1 0 3 0 3
4 02 00 01 0 00 1 0 3 0 3
4 03 00 01 0 00 1 0 3 0 3
4 03 03 02 1 02 1 0 3 0 3
4 02 1e 00 1 03 0 0 3 0 3
4 00 02 02 0 02 0 0 3 0 3
4 00 03 00 0 03 0 0 3 0 3
4 0a 03 01 0 02 0 0 3 0 3
4 00 02 0c 0 13 1 0 3 0 3
4 00 00 18 1 02 0 0 3 0 3
4 0a 03 02 0 01 0 0 3 0 3
4 03 03 03 0 00 1 0 3 0 3
4 02 03 01 0 03 0 0 3 0 3
4 03 02 00 0 02 0 0 3 0 3
4 02 01 07 0 02 0 0 3 0 3
4 13 12 0b 0 00 0 0 3 0 3
4 01 02 01 0 03 1 0 3 0 3
4 02 01 00 0 00 0 0 3 0 3
4 1f 01 00 1 0e 0 0 3 0 3
4 03 00 02 1 01 0 0 3 0 3
4 02 00 11 0 02 0 0 3 0 3
4 00 02 01 1 06 0 0 3 0 3
4 02 06 03 0 03 0 0 3 0 3
4 00 02 02 1 03 0 0 3 2 3
4 00 01 07 1 02 1 0 3 0 3
4 01 03 03 0 03 0 0 3 0 3
4 14 0c 03 1 03 0 0 3 0 3
4 00 00 02 0 01 1 0 3 0 3
4 02 1e 00 1 02 1 1 3 0 3
4 01 01 01 1 02 1 2 3 2 3
4 03 03 01 0 1c 0 0 3 0 3
4 03 02 00 1 02 1 0 3 1 3
4 02 00 00 0 01 0 0 3 0 3
4 07 00 01 0 00 0 0 3 0 3
4 02 02 00 1 03 1 0 3 0 3
4 01 03 00 1 01 1 1 3 0 3
4 00 15 01 0 00 0 0 3 0 3
4 01 02 0a 1 00 1 0 3 0 3
4 01 01 01 0 01 1 1 3 1 3
4 00 15 00 0 02 0 0 3 0 3
4 02 01 00 1 02 0 0 3 0 3
4 01 00 01 1 03 0 2 3 0 3
4 00 00 02 1 01 0 0 3 0 3
4 01 02 00 1 03 0 0 3 0 3
4 03 00 0a 0 01 1 0 3 0 3
4 01 00 00 1 01 0 0 3 0 3
4 03 02 03 1 01 0 2 3 0 3
4 01 11 04 1 02 0 0 3 0 3
4 01 02 03 1 00 0 0 3 0 3
4 0b 01 04 0 13 0 0 3 0 3
4 03 0e 02 1 01 0 0 3 0 3
4 00 03 01 1 02 0 0 3 0 3
4 00 0b 0b 0 01 0 0 3 0 3
4 03 05 0c 0 02 1 0 3 0 3
4 00 02 00 0 01 0 0 3 0 3
4 03 01 03 0 02 0 0 3 0 3
4 00 00 01 0 01 1 0 3 0 3
4 00 01 00 1 07 0 0 3 0 3
4 03 07 0c 0 03 0 0 3 0 3
4 00 00 03 1 03 0 0 3 0 3
4 0a 0c 02 1 00 1 0 3 0 3
4 02 00 02 1 02 0 2 3 0 3
4 00 02 01 0 03 0 0 3 0 3
4 02 01 01 1 01 0 0 3 2 3
4 00 00 01 0 01 0 0 3 0 3
4 01 02 00 1 01 1 1 3 0 3
4 01 01 02 1 10 1 0 3 0 3
4 1a 01 01 1 17 0 0 3 2 3
4 1d 03 02 1 02 0 0 3 0 3
4 00 0f 13 0 01 1 0 3 0 3
4 1b 00 04 0 17 0 0 3 0 3
4 0d 03 00 1 02 1 0 3 0 3
4 01 01 0d 0 00 0 0 3 0 3
4 01 14 02 0 01 1 1 3 0 3
4 01 02 02 0 19 1 0 3 0 3
4 01 02 02 0 01 1 1 3 0 3
4 02 03 03 1 01 0 0 3 2 3
4 01 02 08 0 00 0 0 3 0 3
4 00 00 13 0 17 0 0 3 0 3
4 01 01 02 1 0c 0 0 3 0 3
4 00 01 00 0 03 0 0 3 0 3
4 02 03 03 1 02 1 1 3 2 3
4 1a 02 01 1 1c 0 0 3 0 3
4 01 05 03 0 01 0 0 3 0 3
4 02 02 1a 0 03 1 0 3 0 3
4 02 00 0e 0 03 0 0 3 0 3
4 00 01 02 0 01 1 0 3 1 3
4 00 03 00 1 03 1 0 3 1 3
4 01 00 02 1 00 0 0 3 0 3
4 03 02 01 0 02 0 0 3 0 3
4 02 1c 01 1 02 0 0 3 0 3
4 00 03 00 1 03 1 0 3 1 3
4 00 00 01 1 01 0 0 3 0 3
4 01 01 00 1 00 0 0 3 0 3
4 00 00 00 1 01 0 0 3 0 3
4 01 03 02 1 03 1 0 3 1 3
4 02 01 02 1 01 1 2 3 1 3
4 01 0a 03 0 02 0 0 3 0 3
4 03 00 01 0 02 0 0 3 0 3
4 00 03 07 1 03 1 0 3 1 3
4 01 03 03 1 02 0 0 3 2 3
4 01 02 00 0 01 1 1 3 0 3
4 02 01 00 0 03 0 0 3 0 3
4 02 02 03 1 01 0 0 3 0 3
4 00 01 03 0 01 1 0 3 1 3
4 00 06 01 1 03 0 0 3 0 3
4 02 02 00 1 01 1 0 3 0 3
4 19 05 02 1 03 0 0 3 0 3
4 03 03 01 0 02 0 0 3 0 3
4 00 01 02 0 01 1 0 3 1 3
4 14 1e 03 1 02 0 0 3 0 3
4 03 03 0a 1 03 0 0 3 0 3
4 02 01 02 1 02 1 2 3 0 3
4 03 00 02 1 17 0 0 3 0 3
4 00 02 01 0 00 0 0 3 0 3
4 0e 03 1b 0 03 0 0 3 0 3
4 1d 02 00 0 03 1 0 3 0 3
4 01 00 02 1 01 0 0 3 0 3
4 1b 1a 03 0 03 1 0 3 0 3
4 01 03 01 1 03 0 2 3 0 3
4 03 13 09 0 0e 1 0 3 0 3
4 0e 03 0a 0 03 1 0 3 1 3
4 00 02 02 1 01 0 0 3 2 3
4 03 03 10 0 06 1 0 3 0 3
4 01 03 02 1 01 0 0 3 0 3
4 03 01 03 1 01 1 2 3 1 3
4 00 01 03 0 13 0 0 3 0 3
4 07 02 02 1 11 0 0 3 2 3
4 1b 1f 01 0 03 1 0 3 0 3
4 18 02 07 1 01 0 0 3 0 3
4 00 0c 0d 1 02 1 0 3 0 3
4 03 00 03 1 12 1 2 3 0 3
4 03 02 01 0 03 1 1 3 0 3
4 02 1d 00 0 01 1 0 3 0 3
4 03 09 03 0 03 0 0 3 0 3
4 01 00 02 1 01 1 1 3 0 3
4 01 01 00 1 14 1 0 3 0 3
4 00 03 00 0 1f 0 0 3 0 3
4 02 00 00 0 02 1 1 3 0 3
4 03 01 1b 0 01 0 0 3 0 3
4 03 06 03 1 01 0 2 3 0 3
4 1b 03 04 0 02 0 0 3 0 3
4 03 03 00 0 02 0 0 3 0 3
4 00 14 00 0 0b 0 0 3 0 3
4 03 02 00 1 01 0 0 3 0 3
4 1d 01 02 0 01 1 0 3 1 3
4 02 02 13 0 02 0 0 3 0 3
4 00 02 00 1 01 0 0 3 0 3
4 02 03 0a 0 00 1 0 3 0 3
4 01 00 0c 0 01 0 0 3 0 3
4 02 02 00 0 01 1 0 3 0 3
4 1a 02 01 1 00 1 0 3 0 3
4 01 02 02 1 03 0 0 3 2 3
4 00 00 01 0 01 0 0 3 0 3
4 02 02 03 1 01 1 0 3 0 3
4 1d 00 00 0 03 0 0 3 0 3
4 02 00 05 0 02 1 1 3 0 3
4 01 02 02 0 03 1 0 3 0 3
4 03 01 02 1 00 0 0 3 0 3
4 02 02 03 1 03 1 0 3 0 3
4 01 01 01 0 01 1 1 3 1 3
4 03 00 02 1 03 1 1 3 0 3
4 02 00 02 1 00 0 2 3 0 3
4 02 00 02 0 01 0 0 3 0 3
4 01 0e 01 1 03 0 2 3 0 3
4 01 00 00 0 03 1 0 3 0 3
4 02 02 01 1 00 1 0 3 0 3
4 03 03 00 1 01 1 0 3 0 3
4 01 00 02 1 02 0 0 3 0 3
4 00 01 00 0 00 0 0 3 0 3
4 02 01 00 0 01 0 0 3 0 3
4 00 02 02 0 02 0 0 3 0 3
4 02 02 0a 1 03 0 0 3 0 3
4 02 01 03 1 00 0 0 3 0 3
4 03 01 00 1 00 0 0 3 0 3
4 02 02 01 0 02 1 1 3 1 3
4 06 01 00 1 1c 1 0 3 0 3
4 00 1a 01 1 0f 1 0 3 0 3
4 01 00 03 0 03 1 0 3 0 3
4 00 02 02 0 15 0 0 3 0 3
4 0e 00 03 0 03 0 0 3 0 3
4 02 00 03 0 03 0 0 3 0 3
4 00 01 03 0 03 1 0 3 0 3
4 13 00 1b 1 03 1 0 3 0 3
4 03 02 00 1 00 0 0 3 0 3
4 03 01 00 0 0c 0 0 3 0 3
4 02 00 02 0 00 0 0 3 0 3
4 02 02 07 1 02 1 1 3 1 3
4 00 00 01 0 12 0 0 3 0 3
4 01 00 01 1 03 0 2 3 0 3
4 03 02 00 1 00 1 0 3 0 3
4 03 02 00 0 02 0 0 3 0 3
4 03 02 00 1 00 0 0 3 0 3
4 03 00 03 0 01 1 0 3 0 3
4 00 02 02 1 0d 0 0 3 2 3
4 00 00 00 1 02 1 0 3 0 3
4 01 03 00 1 02 0 0 3 0 3
4 02 01 00 1 03 1 0 3 0 3
4 02 03 02 0 02 0 0 3 0 3
4 03 03 16 0 03 1 1 3 1 3
4 02 00 01 0 00 0 0 3 0 3
4 02 01 03 1 00 0 0 3 0 3
4 01 00 02 0 02 0 0 3 0 3
4 02 02 11 1 03 1 0 3 0 3
4 03 03 00 1 00 1 0 3 0 3
4 00 03 03 1 03 1 0 3 2 3
4 0c 03 02 1 02 0 0 3 0 3
4 1a 01 01 1 01 0 0 3 2 3
4 02 01 1d 1 19 0 0 3 0 3
4 03 03 02 0 00 1 0 3 0 3
4 02 1f 03 1 01 1 0 3 0 3
4 14 00 03 0 00 0 0 3 0 3
4 16 03 02 1 03 1 0 3 1 3
4 00 01 00 1 0b 1 0 3 0 3
4 00 01 00 1 03 0 0 3 0 3
4 02 0d 01 1 03 1 0 3 0 3
4 03 03 03 0 02 1 0 3 0 3
4 02 02 01 1 02 0 0 3 0 3
4 10 00 08 1 02 0 0 3 0 3
4 00 01 00 1 01 0 0 3 0 3
4 03 03 02 1 17 0 0 3 0 3
4 00 03 02 1 02 0 0 3 0 3
4 03 02 01 0 12 1 0 3 0 3
4 01 03 01 1 03 0 2 3 0 3
4 10 00 01 1 01 0 0 3 0 3
4 03 01 01 1 01 1 0 3 2 3
4 00 01 02 0 02 1 0 3 0 3
4 19 0f 1e 1 02 0 0 3 0 3
4 02 00 03 1 00 1 0 3 0 3
4 00 03 07 0 01 0 0 3 0 3
4 00 01 03 1 03 1 0 3 0 3
4 03 03 02 0 03 1 1 3 1 3
4 02 00 03 1 01 0 0 3 0 3
4 03 01 00 1 03 1 1 3 0 3
4 02 0b 02 0 02 0 0 3 0 3
4 1b 00 03 1 08 0 0 3 0 3
4 14 03 01 0 00 1 0 3 0 3
4 02 03 12 0 00 0 0 3 0 3
4 03 00 03 1 0d 0 2 3 0 3
