0 1 0 0 1 00 3f 00 3f
0 0 3 0 1 00 3f 19 3f
0 0 1 1 1 00 3f 00 3f
0 0 0 0 1 00 3f 00 3f
1 0 2 0 1 00 3f 0a 3f
1 0 2 0 1 00 3f 14 3f
1 0 3 1 1 0f 3f 00 3f
1 0 0 0 1 00 3f 00 3f
2 0 3 0 1 00 3f 19 3f
2 0 3 1 1 14 3f 00 3f
2 0 0 0 1 00 3f 00 3f
3 0 1 0 1 00 3f 05 3f
3 0 1 0 1 00 3f 0a 3f
3 0 1 0 1 00 3f 0f 3f
3 0 1 0 1 00 3f 14 3f
3 0 1 0 1 00 3f 19 3f
3 0 1 1 1 00 3f 00 3f
3 0 0 0 1 00 3f 00 3f
4 0 0 0 1 00 3f 00 3f
4 0 0 0 1 00 3f 00 3f
4 0 0 0 1 00 3f 00 3f
4 0 2 0 1 00 3f 0a 3f
4 0 0 0 1 00 3f 0a 3f
4 0 0 0 1 00 3f 0a 3f
4 0 0 0 1 00 3f 0a 3f
5 0 3 1 1 05 3f 00 3f
5 1 2 0 1 00 3f 00 3f
5 0 0 0 1 00 3f 00 3f
6 0 2 0 1 00 3f 0a 3f
6 0 0 0 1 00 3f 0a 3f
6 0 0 0 1 00 3f 0a 3f
6 0 0 0 1 00 3f 0a 3f
6 0 0 0 1 00 3f 0a 3f
6 0 1 0 1 00 3f 0f 3f
6 0 0 0 1 00 3f 0f 3f
6 0 0 0 1 00 3f 0f 3f
6 0 0 0 1 00 3f 0f 3f
6 0 2 0 1 00 3f 19 3f
6 0 2 1 1 05 3f 00 3f
6 0 0 0 1 00 3f 00 3f
6 0 1 0 1 00 3f 05 3f
6 0 0 0 1 00 3f 05 3f
6 0 1 0 1 00 3f 0a 3f
6 0 1 0 1 00 3f 0f 3f
6 0 0 0 1 00 3f 0f 3f
6 0 1 0 1 00 3f 14 3f
6 0 0 0 1 00 3f 14 3f
6 0 0 0 1 00 3f 14 3f
6 0 0 0 1 00 3f 14 3f
6 0 2 1 1 00 3f 00 3f
6 0 1 0 1 00 3f 05 3f
6 0 1 0 1 00 3f 0a 3f
6 0 0 0 1 00 3f 0a 3f
6 0 0 0 1 00 3f 0a 3f
6 0 1 0 1 00 3f 0f 3f
6 0 3 1 1 0a 3f 00 3f
6 0 0 0 1 00 3f 00 3f
6 0 1 0 1 00 3f 05 3f
6 0 0 0 1 00 3f 05 3f
6 0 0 0 1 00 3f 05 3f
6 0 0 0 1 00 3f 05 3f
6 0 3 1 1 00 3f 00 3f
6 0 2 0 1 00 3f 0a 3f
6 0 1 0 1 00 3f 0f 3f
6 0 2 0 1 00 3f 19 3f
6 0 1 1 1 00 3f 00 3f
6 0 0 0 1 00 3f 00 3f
6 0 2 0 1 00 3f 0a 3f
6 0 0 0 1 00 3f 0a 3f
6 0 0 0 1 00 3f 0a 3f
6 0 2 0 1 00 3f 14 3f
6 0 2 1 1 00 3f 00 3f
6 0 0 0 1 00 3f 00 3f
6 0 1 0 1 00 3f 05 3f
6 0 2 0 1 00 3f 0f 3f
6 0 3 1 1 0a 3f 00 3f
6 0 2 0 1 00 3f 0a 3f
6 0 1 0 1 00 3f 0f 3f
6 0 1 0 1 00 3f 14 3f
6 0 0 0 1 00 3f 14 3f
6 0 0 0 1 00 3f 14 3f
6 0 3 1 1 0f 3f 00 3f
6 0 2 0 1 00 3f 0a 3f
6 0 2 0 1 00 3f 14 3f
6 0 1 0 1 00 3f 19 3f
6 0 1 1 1 00 3f 00 3f
6 0 0 0 1 00 3f 00 3f
6 0 0 0 1 00 3f 00 3f
6 0 0 0 1 00 3f 00 3f
6 0 0 0 1 00 3f 00 3f
6 0 3 0 1 00 3f 19 3f
6 0 3 1 1 14 3f 00 3f
6 0 2 0 1 00 3f 0a 3f
6 0 0 0 1 00 3f 0a 3f
6 0 0 0 1 00 3f 0a 3f
6 0 0 0 1 00 3f 0a 3f
6 0 2 0 1 00 3f 14 3f
6 0 1 0 1 00 3f 19 3f
6 0 0 0 1 00 3f 19 3f
6 0 0 0 1 00 3f 19 3f
6 0 3 1 1 14 3f 00 3f
6 0 3 0 1 00 3f 19 3f
6 0 2 1 1 05 3f 00 3f
6 0 1 0 1 00 3f 05 3f
6 0 2 0 1 00 3f 0f 3f
6 0 2 0 1 00 3f 19 3f
6 0 0 0 1 00 3f 19 3f
6 0 0 0 1 00 3f 19 3f
6 0 0 0 1 00 3f 19 3f
6 0 1 1 1 00 3f 00 3f
6 0 0 0 1 00 3f 00 3f
6 0 0 0 1 00 3f 00 3f
6 0 1 0 1 00 3f 05 3f
6 0 3 1 1 00 3f 00 3f
6 0 0 0 1 00 3f 00 3f
6 0 2 0 1 00 3f 0a 3f
6 0 0 0 1 00 3f 0a 3f
6 0 3 1 1 05 3f 00 3f
6 0 2 0 1 00 3f 0a 3f
6 0 2 0 1 00 3f 14 3f
6 0 0 0 1 00 3f 14 3f
6 0 0 0 1 00 3f 14 3f
6 0 0 0 1 00 3f 14 3f
6 0 0 0 1 00 3f 14 3f
6 0 1 0 1 00 3f 19 3f
6 0 3 1 1 14 3f 00 3f
6 0 0 0 1 00 3f 00 3f
6 0 1 0 1 00 3f 05 3f
6 0 2 0 1 00 3f 0f 3f
6 0 0 0 1 00 3f 0f 3f
6 0 3 1 1 0a 3f 00 3f
6 0 0 0 1 00 3f 00 3f
6 0 0 0 1 00 3f 00 3f
6 0 3 0 1 00 3f 19 3f
6 0 0 0 1 00 3f 19 3f
6 0 2 1 1 05 3f 00 3f
6 0 2 0 1 00 3f 0a 3f
6 0 2 0 1 00 3f 14 3f
6 0 2 1 1 00 3f 00 3f
6 0 0 0 1 00 3f 00 3f
6 0 0 0 1 00 3f 00 3f
6 0 1 0 1 00 3f 05 3f
6 0 3 1 1 00 3f 00 3f
6 0 3 0 1 00 3f 19 3f
6 0 0 0 1 00 3f 19 3f
6 0 3 1 1 14 3f 00 3f
6 0 0 0 1 00 3f 00 3f
6 0 3 0 1 00 3f 19 3f
6 0 3 1 1 14 3f 00 3f
6 0 1 0 1 00 3f 05 3f
6 0 3 1 1 00 3f 00 3f
6 0 1 0 1 00 3f 05 3f
6 0 0 0 1 00 3f 05 3f
6 0 3 1 1 00 3f 00 3f
6 0 3 0 1 00 3f 19 3f
6 0 0 0 1 00 3f 19 3f
6 0 0 0 1 00 3f 19 3f
6 0 2 1 1 05 3f 00 3f
6 0 2 0 1 00 3f 0a 3f
6 0 3 1 1 05 3f 00 3f
6 0 3 0 1 00 3f 19 3f
6 0 0 0 1 00 3f 19 3f
6 0 0 0 1 00 3f 19 3f
6 0 0 0 1 00 3f 19 3f
6 0 0 0 1 00 3f 19 3f
6 0 0 0 1 00 3f 19 3f
6 0 3 1 1 14 3f 00 3f
6 0 1 0 1 00 3f 05 3f
6 0 2 0 1 00 3f 0f 3f
6 0 2 0 1 00 3f 19 3f
6 0 1 1 1 00 3f 00 3f
6 0 0 0 1 00 3f 00 3f
6 0 0 0 1 00 3f 00 3f
6 0 0 0 1 00 3f 00 3f
6 0 0 0 1 00 3f 00 3f
6 0 3 0 1 00 3f 19 3f
6 0 3 1 1 14 3f 00 3f
6 0 2 0 1 00 3f 0a 3f
6 0 1 0 1 00 3f 0f 3f
6 1 0 0 1 00 3f 00 3f
6 0 3 0 1 00 3f 19 3f
6 0 2 1 1 05 3f 00 3f
6 0 0 0 1 00 3f 00 3f
6 0 1 0 1 00 3f 05 3f
6 0 2 0 1 00 3f 0f 3f
6 0 0 0 1 00 3f 0f 3f
6 0 3 1 1 0a 3f 00 3f
6 0 0 0 1 00 3f 00 3f
6 0 0 0 1 00 3f 00 3f
6 0 2 0 1 00 3f 0a 3f
6 0 3 1 1 05 3f 00 3f
6 0 3 0 1 00 3f 19 3f
6 0 3 1 1 14 3f 00 3f
6 0 0 0 1 00 3f 00 3f
6 0 0 0 1 00 3f 00 3f
6 0 3 0 1 00 3f 19 3f
6 0 0 0 1 00 3f 19 3f
6 0 1 1 1 00 3f 00 3f
6 0 0 0 1 00 3f 00 3f
6 0 1 0 1 00 3f 05 3f
6 0 1 0 1 00 3f 0a 3f
6 0 0 0 1 00 3f 0a 3f
6 0 2 0 1 00 3f 14 3f
6 0 0 0 1 00 3f 14 3f
6 0 0 0 1 00 3f 14 3f
6 0 0 0 1 00 3f 14 3f
6 0 0 0 1 00 3f 14 3f
6 0 3 1 1 0f 3f 00 3f
6 0 0 0 1 00 3f 00 3f
6 0 0 0 1 00 3f 00 3f
6 0 1 0 1 00 3f 05 3f
6 0 2 0 1 00 3f 0f 3f
6 0 2 0 1 00 3f 19 3f
6 0 1 1 1 00 3f 00 3f
6 0 3 0 1 00 3f 19 3f
6 0 2 1 1 05 3f 00 3f
6 0 0 0 1 00 3f 00 3f
6 0 1 0 1 00 3f 05 3f
6 0 0 0 1 00 3f 05 3f
6 0 0 0 1 00 3f 05 3f
6 0 0 0 1 00 3f 05 3f
6 0 2 0 1 00 3f 0f 3f
6 0 0 0 1 00 3f 0f 3f
6 0 0 0 1 00 3f 0f 3f
6 0 3 1 1 0a 3f 00 3f
6 0 2 0 1 00 3f 0a 3f
6 0 0 0 1 00 3f 0a 3f
6 0 3 1 1 05 3f 00 3f
6 0 1 0 1 00 3f 05 3f
6 0 1 0 1 00 3f 0a 3f
6 0 3 1 1 05 3f 00 3f
6 0 1 0 1 00 3f 05 3f
6 0 0 0 1 00 3f 05 3f
6 0 3 1 1 00 3f 00 3f
6 0 0 0 1 00 3f 00 3f
6 0 0 0 1 00 3f 00 3f
6 0 2 0 1 00 3f 0a 3f
6 0 3 1 1 05 3f 00 3f
6 0 1 0 1 00 3f 05 3f
6 0 0 0 1 00 3f 05 3f
6 0 2 0 1 00 3f 0f 3f
6 0 2 0 1 00 3f 19 3f
6 0 1 1 1 00 3f 00 3f
6 0 2 0 1 00 3f 0a 3f
6 0 1 0 1 00 3f 0f 3f
6 0 3 1 1 0a 3f 00 3f
6 0 0 0 1 00 3f 00 3f
6 0 0 0 1 00 3f 00 3f
6 0 0 0 1 00 3f 00 3f
6 0 3 0 1 00 3f 19 3f
6 0 3 1 1 14 3f 00 3f
6 0 0 0 1 00 3f 00 3f
6 0 1 0 1 00 3f 05 3f
6 0 3 1 1 00 3f 00 3f
6 0 2 0 1 00 3f 0a 3f
6 0 2 0 1 00 3f 14 3f
6 0 1 0 1 00 3f 19 3f
6 0 0 0 1 00 3f 19 3f
6 0 3 1 1 14 3f 00 3f
6 0 2 0 1 00 3f 0a 3f
6 0 0 0 1 00 3f 0a 3f
6 0 1 0 1 00 3f 0f 3f
6 0 0 0 1 00 3f 0f 3f
6 0 2 0 1 00 3f 19 3f
6 0 0 0 1 00 3f 19 3f
6 0 1 1 1 00 3f 00 3f
6 0 2 0 1 00 3f 0a 3f
6 0 1 0 1 00 3f 0f 3f
6 0 0 0 1 00 3f 0f 3f
6 0 2 0 1 00 3f 19 3f
6 0 2 1 1 05 3f 00 3f
6 0 1 0 1 00 3f 05 3f
6 0 0 0 1 00 3f 05 3f
6 0 0 0 1 00 3f 05 3f
6 0 0 0 1 00 3f 05 3f
6 0 2 0 1 00 3f 0f 3f
6 0 2 0 1 00 3f 19 3f
6 0 0 0 1 00 3f 19 3f
6 0 0 0 1 00 3f 19 3f
6 0 0 0 1 00 3f 19 3f
6 0 0 0 1 00 3f 19 3f
6 0 0 0 1 00 3f 19 3f
6 0 0 0 1 00 3f 19 3f
6 0 3 1 1 14 3f 00 3f
6 0 0 0 1 00 3f 00 3f
6 0 2 0 1 00 3f 0a 3f
6 0 1 0 1 00 3f 0f 3f
6 0 1 0 1 00 3f 14 3f
6 0 0 0 1 00 3f 14 3f
6 0 1 0 1 00 3f 19 3f
6 0 0 0 1 00 3f 19 3f
6 0 0 0 1 00 3f 19 3f
6 0 0 0 1 00 3f 19 3f
6 0 1 1 1 00 3f 00 3f
6 0 1 0 1 00 3f 05 3f
6 0 1 0 1 00 3f 0a 3f
6 0 2 0 1 00 3f 14 3f
6 0 3 1 1 0f 3f 00 3f
6 0 0 0 1 00 3f 00 3f
6 0 0 0 1 00 3f 00 3f
6 0 1 0 1 00 3f 05 3f
6 0 2 0 1 00 3f 0f 3f
6 0 0 0 1 00 3f 0f 3f
6 0 0 0 1 00 3f 0f 3f
6 0 0 0 1 00 3f 0f 3f
6 0 0 0 1 00 3f 0f 3f
6 0 3 1 1 0a 3f 00 3f
6 0 2 0 1 00 3f 0a 3f
6 0 3 1 1 05 3f 00 3f
6 0 3 0 1 00 3f 19 3f
6 0 3 1 1 14 3f 00 3f
6 0 0 0 1 00 3f 00 3f
6 0 0 0 1 00 3f 00 3f
6 0 0 0 1 00 3f 00 3f
6 0 1 0 1 00 3f 05 3f
6 0 0 0 1 00 3f 05 3f
6 0 2 0 1 00 3f 0f 3f
6 0 0 0 1 00 3f 0f 3f
6 0 2 0 1 00 3f 19 3f
6 0 1 1 1 00 3f 00 3f
6 0 1 0 1 00 3f 05 3f
6 0 0 0 1 00 3f 05 3f
6 0 0 0 1 00 3f 05 3f
6 0 0 0 1 00 3f 05 3f
6 0 1 0 1 00 3f 0a 3f
6 0 1 0 1 00 3f 0f 3f
6 0 2 0 1 00 3f 19 3f
6 0 2 1 1 05 3f 00 3f
6 0 1 0 1 00 3f 05 3f
6 0 2 0 1 00 3f 0f 3f
6 0 2 0 1 00 3f 19 3f
6 0 0 0 1 00 3f 19 3f
6 0 1 1 1 00 3f 00 3f
6 0 3 0 1 00 3f 19 3f
6 0 0 0 1 00 3f 19 3f
6 0 3 1 1 14 3f 00 3f
6 0 3 0 1 00 3f 19 3f
6 0 1 1 1 00 3f 00 3f
6 0 3 0 1 00 3f 19 3f
6 0 0 0 1 00 3f 19 3f
6 0 3 1 1 14 3f 00 3f
6 0 1 0 1 00 3f 05 3f
6 0 2 0 1 00 3f 0f 3f
6 0 3 1 1 0a 3f 00 3f
6 0 0 0 1 00 3f 00 3f
6 0 2 0 1 00 3f 0a 3f
6 0 1 0 1 00 3f 0f 3f
6 0 1 0 1 00 3f 14 3f
6 0 3 1 1 0f 3f 00 3f
6 0 3 0 1 00 3f 19 3f
6 0 0 0 1 00 3f 19 3f
6 0 2 1 1 05 3f 00 3f
6 0 0 0 1 00 3f 00 3f
6 0 1 0 1 00 3f 05 3f
6 0 3 1 1 00 3f 00 3f
6 0 0 0 1 00 3f 00 3f
6 0 0 0 1 00 3f 00 3f
6 0 0 0 1 00 3f 00 3f
6 0 1 0 1 00 3f 05 3f
6 0 2 0 1 00 3f 0f 3f
6 0 0 0 1 00 3f 0f 3f
6 0 1 0 1 00 3f 14 3f
6 0 0 0 1 00 3f 14 3f
6 0 3 1 1 0f 3f 00 3f
6 0 1 0 1 00 3f 05 3f
6 0 2 0 1 00 3f 0f 3f
6 0 1 0 1 00 3f 14 3f
6 0 0 0 1 00 3f 14 3f
6 0 2 1 1 00 3f 00 3f
6 0 0 0 1 00 3f 00 3f
6 0 1 0 1 00 3f 05 3f
6 0 3 1 1 00 3f 00 3f
6 0 3 0 1 00 3f 19 3f
6 0 2 1 1 05 3f 00 3f
6 0 1 0 1 00 3f 05 3f
6 0 2 0 1 00 3f 0f 3f
6 0 0 0 1 00 3f 0f 3f
6 0 0 0 1 00 3f 0f 3f
6 0 3 1 1 0a 3f 00 3f
6 0 0 0 1 00 3f 00 3f
6 0 0 0 1 00 3f 00 3f
6 0 1 0 1 00 3f 05 3f
6 0 3 1 1 00 3f 00 3f
6 0 0 0 1 00 3f 00 3f
6 0 2 0 1 00 3f 0a 3f
6 0 2 0 1 00 3f 14 3f
6 0 2 1 1 00 3f 00 3f
6 0 3 0 1 00 3f 19 3f
6 0 0 0 1 00 3f 19 3f
6 0 0 0 1 00 3f 19 3f
6 0 2 1 1 05 3f 00 3f
6 0 1 0 1 00 3f 05 3f
6 0 2 0 1 00 3f 0f 3f
6 0 1 0 1 00 3f 14 3f
6 0 3 1 1 0f 3f 00 3f
6 0 1 0 1 00 3f 05 3f
6 0 3 1 1 00 3f 00 3f
6 0 2 0 1 00 3f 0a 3f
6 0 0 0 1 00 3f 0a 3f
6 0 2 0 1 00 3f 14 3f
6 0 0 0 1 00 3f 14 3f
6 0 0 0 1 00 3f 14 3f
6 0 1 0 1 00 3f 19 3f
6 0 0 0 1 00 3f 19 3f
6 0 2 1 1 05 3f 00 3f
6 0 0 0 1 00 3f 00 3f
6 0 3 0 1 00 3f 19 3f
6 0 3 1 1 14 3f 00 3f
6 0 0 0 1 00 3f 00 3f
6 0 0 0 1 00 3f 00 3f
6 0 1 0 1 00 3f 05 3f
6 0 2 0 1 00 3f 0f 3f
6 0 0 0 1 00 3f 0f 3f
6 0 0 0 1 00 3f 0f 3f
6 0 0 0 1 00 3f 0f 3f
6 0 0 0 1 00 3f 0f 3f
6 0 2 0 1 00 3f 19 3f
6 0 1 1 1 00 3f 00 3f
6 0 0 0 1 00 3f 00 3f
6 0 0 0 1 00 3f 00 3f
6 0 0 0 1 00 3f 00 3f
6 0 1 0 1 00 3f 05 3f
6 0 3 1 1 00 3f 00 3f
6 0 2 0 1 00 3f 0a 3f
6 0 3 1 1 05 3f 00 3f
6 0 1 0 1 00 3f 05 3f
6 0 0 0 1 00 3f 05 3f
6 0 1 0 1 00 3f 0a 3f
6 0 3 1 1 05 3f 00 3f
6 0 1 0 1 00 3f 05 3f
6 0 1 0 1 00 3f 0a 3f
6 0 2 0 1 00 3f 14 3f
6 0 1 0 1 00 3f 19 3f
6 0 2 1 1 05 3f 00 3f
6 0 2 0 1 00 3f 0a 3f
6 0 2 0 1 00 3f 14 3f
6 0 0 0 1 00 3f 14 3f
6 0 1 0 1 00 3f 19 3f
6 0 1 1 1 00 3f 00 3f
6 0 2 0 1 00 3f 0a 3f
6 0 1 0 1 00 3f 0f 3f
6 0 1 0 1 00 3f 14 3f
6 0 0 0 1 00 3f 14 3f
6 0 1 0 1 00 3f 19 3f
6 0 0 0 1 00 3f 19 3f
6 0 2 1 1 05 3f 00 3f
6 0 0 0 1 00 3f 00 3f
6 0 2 0 1 00 3f 0a 3f
6 0 0 0 1 00 3f 0a 3f
6 0 3 1 1 05 3f 00 3f
6 0 2 0 1 00 3f 0a 3f
6 0 1 0 1 00 3f 0f 3f
6 0 3 1 1 0a 3f 00 3f
6 0 0 0 1 00 3f 00 3f
6 0 1 0 1 00 3f 05 3f
6 0 3 1 1 00 3f 00 3f
6 0 0 0 1 00 3f 00 3f
6 0 0 0 1 00 3f 00 3f
6 0 0 0 1 00 3f 00 3f
6 0 1 0 1 00 3f 05 3f
6 0 3 1 1 00 3f 00 3f
6 0 0 0 1 00 3f 00 3f
6 0 2 0 1 00 3f 0a 3f
6 0 0 0 1 00 3f 0a 3f
6 0 2 0 1 00 3f 14 3f
6 0 2 1 1 00 3f 00 3f
6 0 0 0 1 00 3f 00 3f
6 0 2 0 1 00 3f 0a 3f
6 0 0 0 1 00 3f 0a 3f
6 0 2 0 1 00 3f 14 3f
6 0 0 0 1 00 3f 14 3f
6 0 1 0 1 00 3f 19 3f
6 0 2 1 1 05 3f 00 3f
6 0 1 0 1 00 3f 05 3f
6 0 0 0 1 00 3f 05 3f
6 0 0 0 1 00 3f 05 3f
6 0 1 0 1 00 3f 0a 3f
6 0 0 0 1 00 3f 0a 3f
6 0 2 0 1 00 3f 14 3f
6 0 2 1 1 00 3f 00 3f
6 0 3 0 1 00 3f 19 3f
6 0 3 1 1 14 3f 00 3f
6 0 2 0 1 00 3f 0a 3f
6 0 2 0 1 00 3f 14 3f
6 0 1 0 1 00 3f 19 3f
6 0 3 1 1 14 3f 00 3f
6 0 2 0 1 00 3f 0a 3f
6 0 1 0 1 00 3f 0f 3f
6 0 2 0 1 00 3f 19 3f
6 0 0 0 1 00 3f 19 3f
6 0 1 1 1 00 3f 00 3f
6 0 0 0 1 00 3f 00 3f
6 0 3 0 1 00 3f 19 3f
6 0 0 0 1 00 3f 19 3f
6 0 2 1 1 05 3f 00 3f
6 0 0 0 1 00 3f 00 3f
6 0 1 0 1 00 3f 05 3f
6 0 0 0 1 00 3f 05 3f
6 0 2 0 1 00 3f 0f 3f
6 0 1 0 1 00 3f 14 3f
6 0 1 0 1 00 3f 19 3f
6 0 0 0 1 00 3f 19 3f
6 0 3 1 1 14 3f 00 3f
6 0 3 0 1 00 3f 19 3f
6 0 3 1 1 14 3f 00 3f
6 0 1 0 1 00 3f 05 3f
6 0 0 0 1 00 3f 05 3f
6 0 1 0 1 00 3f 0a 3f
6 0 1 0 1 00 3f 0f 3f
6 0 1 0 1 00 3f 14 3f
6 0 2 1 1 00 3f 00 3f
6 0 3 0 1 00 3f 19 3f
6 0 0 0 1 00 3f 19 3f
6 0 3 1 1 14 3f 00 3f
6 0 0 0 1 00 3f 00 3f
6 0 1 0 1 00 3f 05 3f
6 0 1 0 1 00 3f 0a 3f
6 0 1 0 1 00 3f 0f 3f
6 0 1 0 1 00 3f 14 3f
6 0 2 1 1 00 3f 00 3f
6 0 0 0 1 00 3f 00 3f
6 0 3 0 1 00 3f 19 3f
6 0 3 1 1 14 3f 00 3f
6 0 0 0 1 00 3f 00 3f
6 0 0 0 1 00 3f 00 3f
6 0 2 0 1 00 3f 0a 3f
6 0 1 0 1 00 3f 0f 3f
6 0 1 0 1 00 3f 14 3f
6 0 2 1 1 00 3f 00 3f
6 0 0 0 1 00 3f 00 3f
6 0 0 0 1 00 3f 00 3f
6 0 3 0 1 00 3f 19 3f
6 0 2 1 1 05 3f 00 3f
6 0 0 0 1 00 3f 00 3f
6 0 3 0 1 00 3f 19 3f
6 0 2 1 1 05 3f 00 3f
6 0 0 0 1 00 3f 00 3f
6 0 0 0 1 00 3f 00 3f
6 0 0 0 1 00 3f 00 3f
6 0 2 0 1 00 3f 0a 3f
6 0 1 0 1 00 3f 0f 3f
6 0 1 0 1 00 3f 14 3f
6 0 0 0 1 00 3f 14 3f
6 0 0 0 1 00 3f 14 3f
6 0 1 0 1 00 3f 19 3f
6 0 1 1 1 00 3f 00 3f
6 0 3 0 1 00 3f 19 3f
6 0 0 0 1 00 3f 19 3f
6 0 0 0 1 00 3f 19 3f
6 0 0 0 1 00 3f 19 3f
6 0 2 1 1 05 3f 00 3f
6 0 3 0 1 00 3f 19 3f
6 0 0 0 1 00 3f 19 3f
6 0 0 0 1 00 3f 19 3f
6 0 1 1 1 00 3f 00 3f
6 0 1 0 1 00 3f 05 3f
6 0 2 0 1 00 3f 0f 3f
6 0 0 0 1 00 3f 0f 3f
6 0 3 1 1 0a 3f 00 3f
6 0 1 0 1 00 3f 05 3f
6 0 1 0 1 00 3f 0a 3f
6 0 0 0 1 00 3f 0a 3f
6 0 0 0 1 00 3f 0a 3f
6 0 2 0 1 00 3f 14 3f
6 0 0 0 1 00 3f 14 3f
6 0 0 0 1 00 3f 14 3f
6 0 0 0 1 00 3f 14 3f
6 0 0 0 1 00 3f 14 3f
6 0 3 1 1 0f 3f 00 3f
6 0 2 0 1 00 3f 0a 3f
6 0 1 0 1 00 3f 0f 3f
6 0 1 0 1 00 3f 14 3f
6 0 2 1 1 00 3f 00 3f
6 0 3 0 1 00 3f 19 3f
6 0 0 0 1 00 3f 19 3f
6 0 0 0 1 00 3f 19 3f
6 0 3 1 1 14 3f 00 3f
6 0 3 0 1 00 3f 19 3f
6 0 0 0 1 00 3f 19 3f
6 0 2 1 1 05 3f 00 3f
6 0 1 0 1 00 3f 05 3f
6 0 3 1 1 00 3f 00 3f
6 0 3 0 1 00 3f 19 3f
6 0 3 1 1 14 3f 00 3f
6 0 0 0 1 00 3f 00 3f
6 0 0 0 1 00 3f 00 3f
6 0 2 0 1 00 3f 0a 3f
6 0 2 0 1 00 3f 14 3f
6 0 0 0 1 00 3f 14 3f
6 0 0 0 1 00 3f 14 3f
6 0 1 0 1 00 3f 19 3f
6 0 1 1 1 00 3f 00 3f
6 0 0 0 1 00 3f 00 3f
6 0 0 0 1 00 3f 00 3f
6 0 0 0 1 00 3f 00 3f
6 0 0 0 1 00 3f 00 3f
6 0 0 0 1 00 3f 00 3f
6 0 0 0 1 00 3f 00 3f
6 0 3 0 1 00 3f 19 3f
6 0 2 1 1 05 3f 00 3f
6 0 2 0 1 00 3f 0a 3f
6 0 3 1 1 05 3f 00 3f
6 0 0 0 1 00 3f 00 3f
6 0 0 0 1 00 3f 00 3f
6 0 0 0 1 00 3f 00 3f
6 0 2 0 1 00 3f 0a 3f
6 0 1 0 1 00 3f 0f 3f
6 0 0 0 1 00 3f 0f 3f
6 0 3 1 1 0a 3f 00 3f
6 0 1 0 1 00 3f 05 3f
6 0 3 1 1 00 3f 00 3f
6 0 3 0 1 00 3f 19 3f
6 0 2 1 1 05 3f 00 3f
6 0 0 0 1 00 3f 00 3f
6 0 1 0 1 00 3f 05 3f
6 0 2 0 1 00 3f 0f 3f
6 0 0 0 1 00 3f 0f 3f
6 0 0 0 1 00 3f 0f 3f
6 0 0 0 1 00 3f 0f 3f
6 0 0 0 1 00 3f 0f 3f
6 0 0 0 1 00 3f 0f 3f
6 0 2 0 1 00 3f 19 3f
6 0 0 0 1 00 3f 19 3f
6 0 0 0 1 00 3f 19 3f
6 0 1 1 1 00 3f 00 3f
6 0 2 0 1 00 3f 0a 3f
6 0 0 0 1 00 3f 0a 3f
6 0 2 0 1 00 3f 14 3f
6 0 0 0 1 00 3f 14 3f
6 0 1 0 1 00 3f 19 3f
6 0 0 0 1 00 3f 19 3f
6 0 0 0 1 00 3f 19 3f
6 0 3 1 1 14 3f 00 3f
6 0 3 0 1 00 3f 19 3f
6 0 0 0 1 00 3f 19 3f
6 0 2 1 1 05 3f 00 3f
6 0 0 0 1 00 3f 00 3f
6 0 3 0 1 00 3f 19 3f
6 0 3 1 1 14 3f 00 3f
6 0 3 0 1 00 3f 19 3f
6 0 2 1 1 05 3f 00 3f
6 0 3 0 1 00 3f 19 3f
6 0 2 1 1 05 3f 00 3f
6 0 1 0 1 00 3f 05 3f
6 0 0 0 1 00 3f 05 3f
6 0 2 0 1 00 3f 0f 3f
6 0 1 0 1 00 3f 14 3f
6 0 2 1 1 00 3f 00 3f
6 0 1 0 1 00 3f 05 3f
6 0 0 0 1 00 3f 05 3f
6 0 0 0 1 00 3f 05 3f
6 0 0 0 1 00 3f 05 3f
6 0 1 0 1 00 3f 0a 3f
6 0 0 0 1 00 3f 0a 3f
6 0 3 1 1 05 3f 00 3f
6 0 0 0 1 00 3f 00 3f
6 0 3 0 1 00 3f 19 3f
6 0 2 1 1 05 3f 00 3f
6 0 0 0 1 00 3f 00 3f
6 0 3 0 1 00 3f 19 3f
6 0 0 0 1 00 3f 19 3f
6 0 3 1 1 14 3f 00 3f
6 0 0 0 1 00 3f 00 3f
6 0 2 0 1 00 3f 0a 3f
6 0 2 0 1 00 3f 14 3f
6 0 0 0 1 00 3f 14 3f
6 0 0 0 1 00 3f 14 3f
6 0 2 1 1 00 3f 00 3f
6 0 1 0 1 00 3f 05 3f
6 0 0 0 1 00 3f 05 3f
6 0 0 0 1 00 3f 05 3f
6 0 0 0 1 00 3f 05 3f
6 0 3 1 1 00 3f 00 3f
6 0 0 0 1 00 3f 00 3f
6 0 0 0 1 00 3f 00 3f
6 0 1 0 1 00 3f 05 3f
6 0 2 0 1 00 3f 0f 3f
6 0 0 0 1 00 3f 0f 3f
6 0 3 1 1 0a 3f 00 3f
6 0 0 0 1 00 3f 00 3f
6 0 0 0 1 00 3f 00 3f
6 0 1 0 1 00 3f 05 3f
6 0 0 0 1 00 3f 05 3f
6 0 2 0 1 00 3f 0f 3f
6 0 3 1 1 0a 3f 00 3f
6 0 2 0 1 00 3f 0a 3f
6 0 1 0 1 00 3f 0f 3f
6 0 0 0 1 00 3f 0f 3f
6 0 2 0 1 00 3f 19 3f
6 0 0 0 1 00 3f 19 3f
6 0 0 0 1 00 3f 19 3f
6 0 0 0 1 00 3f 19 3f
6 0 3 1 1 14 3f 00 3f
6 0 2 0 1 00 3f 0a 3f
6 0 3 1 1 05 3f 00 3f
6 0 1 0 1 00 3f 05 3f
6 0 1 0 1 00 3f 0a 3f
6 0 2 0 1 00 3f 14 3f
6 0 0 0 1 00 3f 14 3f
6 0 0 0 1 00 3f 14 3f
6 0 0 0 1 00 3f 14 3f
6 0 0 0 1 00 3f 14 3f
6 0 2 1 1 00 3f 00 3f
6 0 3 0 1 00 3f 19 3f
6 0 3 1 1 14 3f 00 3f
6 0 0 0 1 00 3f 00 3f
6 0 2 0 1 00 3f 0a 3f
6 0 0 0 1 00 3f 0a 3f
6 0 3 1 1 05 3f 00 3f
6 0 1 0 1 00 3f 05 3f
6 0 0 0 1 00 3f 05 3f
6 0 2 0 1 00 3f 0f 3f
6 0 0 0 1 00 3f 0f 3f
6 0 1 0 1 00 3f 14 3f
6 0 1 0 1 00 3f 19 3f
6 0 0 0 1 00 3f 19 3f
6 0 0 0 1 00 3f 19 3f
6 0 3 1 1 14 3f 00 3f
6 0 2 0 1 00 3f 0a 3f
6 0 3 1 1 05 3f 00 3f
6 0 3 0 1 00 3f 19 3f
6 0 3 1 1 14 3f 00 3f
6 0 0 0 1 00 3f 00 3f
6 0 0 0 1 00 3f 00 3f
6 0 0 0 1 00 3f 00 3f
6 0 1 0 1 00 3f 05 3f
6 0 0 0 1 00 3f 05 3f
6 1 3 0 1 00 3f 00 3f
6 0 0 0 1 00 3f 00 3f
6 0 1 0 1 00 3f 05 3f
6 0 2 0 1 00 3f 0f 3f
6 0 3 1 1 0a 3f 00 3f
6 0 2 0 1 00 3f 0a 3f
6 0 1 0 1 00 3f 0f 3f
6 0 1 0 1 00 3f 14 3f
6 0 2 1 1 00 3f 00 3f
6 0 1 0 1 00 3f 05 3f
6 0 0 0 1 00 3f 05 3f
6 0 3 1 1 00 3f 00 3f
6 0 0 0 1 00 3f 00 3f
6 0 3 0 1 00 3f 19 3f
6 0 0 0 1 00 3f 19 3f
6 0 2 1 1 05 3f 00 3f
6 0 3 0 1 00 3f 19 3f
6 0 1 1 1 00 3f 00 3f
6 0 0 0 1 00 3f 00 3f
6 0 2 0 1 00 3f 0a 3f
6 0 1 0 1 00 3f 0f 3f
6 0 2 0 1 00 3f 19 3f
6 0 2 1 1 05 3f 00 3f
6 0 3 0 1 00 3f 19 3f
6 0 0 0 1 00 3f 19 3f
6 0 0 0 1 00 3f 19 3f
6 0 1 1 1 00 3f 00 3f
6 0 1 0 1 00 3f 05 3f
6 0 0 0 1 00 3f 05 3f
6 0 1 0 1 00 3f 0a 3f
6 0 0 0 1 00 3f 0a 3f
6 0 0 0 1 00 3f 0a 3f
6 0 0 0 1 00 3f 0a 3f
6 0 0 0 1 00 3f 0a 3f
6 0 0 0 1 00 3f 0a 3f
6 0 2 0 1 00 3f 14 3f
6 0 3 1 1 0f 3f 00 3f
6 0 3 0 1 00 3f 19 3f
6 0 3 1 1 14 3f 00 3f
6 0 3 0 1 00 3f 19 3f
6 0 0 0 1 00 3f 19 3f
6 0 3 1 1 14 3f 00 3f
6 0 1 0 1 00 3f 05 3f
6 0 2 0 1 00 3f 0f 3f
6 0 1 0 1 00 3f 14 3f
6 0 2 1 1 00 3f 00 3f
6 0 0 0 1 00 3f 00 3f
6 0 1 0 1 00 3f 05 3f
6 0 0 0 1 00 3f 05 3f
6 0 3 1 1 00 3f 00 3f
6 0 3 0 1 00 3f 19 3f
6 0 1 1 1 00 3f 00 3f
6 0 1 0 1 00 3f 05 3f
6 0 0 0 1 00 3f 05 3f
6 0 0 0 1 00 3f 05 3f
6 0 3 1 1 00 3f 00 3f
6 0 0 0 1 00 3f 00 3f
6 0 3 0 1 00 3f 19 3f
6 0 1 1 1 00 3f 00 3f
6 0 2 0 1 00 3f 0a 3f
6 0 3 1 1 05 3f 00 3f
6 0 2 0 1 00 3f 0a 3f
6 0 0 0 1 00 3f 0a 3f
6 0 3 1 1 05 3f 00 3f
6 0 2 0 1 00 3f 0a 3f
6 0 0 0 1 00 3f 0a 3f
6 0 3 1 1 05 3f 00 3f
6 0 0 0 1 00 3f 00 3f
6 0 0 0 1 00 3f 00 3f
6 0 0 0 1 00 3f 00 3f
6 0 3 0 1 00 3f 19 3f
6 0 2 1 1 05 3f 00 3f
6 0 2 0 1 00 3f 0a 3f
6 0 0 0 1 00 3f 0a 3f
6 0 1 0 1 00 3f 0f 3f
6 0 0 0 1 00 3f 0f 3f
6 0 1 0 1 00 3f 14 3f
6 0 0 0 1 00 3f 14 3f
6 0 3 1 1 0f 3f 00 3f
6 0 1 0 1 00 3f 05 3f
6 0 0 0 1 00 3f 05 3f
6 0 0 0 1 00 3f 05 3f
6 0 3 1 1 00 3f 00 3f
6 0 0 0 1 00 3f 00 3f
6 0 0 0 1 00 3f 00 3f
6 0 1 0 1 00 3f 05 3f
6 0 3 1 1 00 3f 00 3f
6 0 0 0 1 00 3f 00 3f
6 0 3 0 1 00 3f 19 3f
6 0 0 0 1 00 3f 19 3f
6 0 2 1 1 05 3f 00 3f
6 0 3 0 1 00 3f 19 3f
6 0 3 1 1 14 3f 00 3f
6 0 0 0 1 00 3f 00 3f
6 0 2 0 1 00 3f 0a 3f
6 0 0 0 1 00 3f 0a 3f
6 0 3 1 1 05 3f 00 3f
6 0 2 0 1 00 3f 0a 3f
6 0 1 0 1 00 3f 0f 3f
6 0 3 1 1 0a 3f 00 3f
6 0 2 0 1 00 3f 0a 3f
6 0 0 0 1 00 3f 0a 3f
6 0 2 0 1 00 3f 14 3f
6 0 1 0 1 00 3f 19 3f
6 0 2 1 1 05 3f 00 3f
6 0 1 0 1 00 3f 05 3f
6 0 3 1 1 00 3f 00 3f
6 0 1 0 1 00 3f 05 3f
6 0 0 0 1 00 3f 05 3f
6 0 3 1 1 00 3f 00 3f
6 0 3 0 1 00 3f 19 3f
6 0 0 0 1 00 3f 19 3f
6 0 0 0 1 00 3f 19 3f
6 0 2 1 1 05 3f 00 3f
6 0 2 0 1 00 3f 0a 3f
6 0 0 0 1 00 3f 0a 3f
6 0 1 0 1 00 3f 0f 3f
6 0 3 1 1 0a 3f 00 3f
6 0 3 0 1 00 3f 19 3f
6 0 1 1 1 00 3f 00 3f
6 0 3 0 1 00 3f 19 3f
6 0 2 1 1 05 3f 00 3f
6 0 0 0 1 00 3f 00 3f
6 0 3 0 1 00 3f 19 3f
6 0 2 1 1 05 3f 00 3f
6 0 1 0 1 00 3f 05 3f
6 0 0 0 1 00 3f 05 3f
6 0 0 0 1 00 3f 05 3f
6 0 3 1 1 00 3f 00 3f
6 0 3 0 1 00 3f 19 3f
6 0 3 1 1 14 3f 00 3f
6 0 1 0 1 00 3f 05 3f
6 0 3 1 1 00 3f 00 3f
6 0 0 0 1 00 3f 00 3f
6 0 0 0 1 00 3f 00 3f
6 0 1 0 1 00 3f 05 3f
6 0 1 0 1 00 3f 0a 3f
6 0 0 0 1 00 3f 0a 3f
6 0 2 0 1 00 3f 14 3f
6 0 0 0 1 00 3f 14 3f
6 0 0 0 1 00 3f 14 3f
6 0 3 1 1 0f 3f 00 3f
6 0 3 0 1 00 3f 19 3f
6 0 3 1 1 14 3f 00 3f
6 0 0 0 1 00 3f 00 3f
6 0 0 0 1 00 3f 00 3f
6 0 0 0 1 00 3f 00 3f
6 0 2 0 1 00 3f 0a 3f
6 0 3 1 1 05 3f 00 3f
6 0 3 0 1 00 3f 19 3f
6 0 3 1 1 14 3f 00 3f
6 0 3 0 1 00 3f 19 3f
6 0 2 1 1 05 3f 00 3f
6 0 2 0 1 00 3f 0a 3f
6 0 1 0 1 00 3f 0f 3f
6 0 2 0 1 00 3f 19 3f
6 0 2 1 1 05 3f 00 3f
6 0 3 0 1 00 3f 19 3f
6 0 3 1 1 14 3f 00 3f
6 0 3 0 1 00 3f 19 3f
6 0 0 0 1 00 3f 19 3f
6 0 3 1 1 14 3f 00 3f
6 0 1 0 1 00 3f 05 3f
6 0 0 0 1 00 3f 05 3f
6 0 2 0 1 00 3f 0f 3f
6 0 0 0 1 00 3f 0f 3f
6 0 2 0 1 00 3f 19 3f
6 0 0 0 1 00 3f 19 3f
6 0 0 0 1 00 3f 19 3f
6 0 3 1 1 14 3f 00 3f
6 0 0 0 1 00 3f 00 3f
6 0 0 0 1 00 3f 00 3f
6 0 2 0 1 00 3f 0a 3f
6 0 2 0 1 00 3f 14 3f
6 0 1 0 1 00 3f 19 3f
6 0 0 0 1 00 3f 19 3f
6 0 3 1 1 14 3f 00 3f
6 0 1 0 1 00 3f 05 3f
6 0 0 0 1 00 3f 05 3f
6 0 0 0 1 00 3f 05 3f
6 0 3 1 1 00 3f 00 3f
6 0 3 0 1 00 3f 19 3f
6 0 1 1 1 00 3f 00 3f
6 0 1 0 1 00 3f 05 3f
6 0 2 0 1 00 3f 0f 3f
6 0 0 0 1 00 3f 0f 3f
6 0 1 0 1 00 3f 14 3f
6 0 2 1 1 00 3f 00 3f
6 0 0 0 1 00 3f 00 3f
6 0 1 0 1 00 3f 05 3f
6 0 0 0 1 00 3f 05 3f
6 0 0 0 1 00 3f 05 3f
6 0 3 1 1 00 3f 00 3f
6 0 1 0 1 00 3f 05 3f
6 0 2 0 1 00 3f 0f 3f
6 0 0 0 1 00 3f 0f 3f
6 0 0 0 1 00 3f 0f 3f
6 0 3 1 1 0a 3f 00 3f
6 0 1 0 1 00 3f 05 3f
6 0 1 0 1 00 3f 0a 3f
6 0 1 0 1 00 3f 0f 3f
6 0 1 0 1 00 3f 14 3f
6 0 0 0 1 00 3f 14 3f
6 0 3 1 1 0f 3f 00 3f
6 0 0 0 1 00 3f 00 3f
6 0 2 0 1 00 3f 0a 3f
6 0 0 0 1 00 3f 0a 3f
6 0 3 1 1 05 3f 00 3f
6 0 1 0 1 00 3f 05 3f
6 0 0 0 1 00 3f 05 3f
6 0 3 1 1 00 3f 00 3f
6 0 0 0 1 00 3f 00 3f
6 0 3 0 1 00 3f 19 3f
6 0 2 1 1 05 3f 00 3f
6 0 1 0 1 00 3f 05 3f
6 0 2 0 1 00 3f 0f 3f
6 0 3 1 1 0a 3f 00 3f
6 0 2 0 1 00 3f 0a 3f
6 0 0 0 1 00 3f 0a 3f
6 0 1 0 1 00 3f 0f 3f
6 0 2 0 1 00 3f 19 3f
6 0 0 0 1 00 3f 19 3f
6 0 1 1 1 00 3f 00 3f
6 0 0 0 1 00 3f 00 3f
6 0 2 0 1 00 3f 0a 3f
6 0 0 0 1 00 3f 0a 3f
6 0 2 0 1 00 3f 14 3f
6 0 3 1 1 0f 3f 00 3f
6 0 1 0 1 00 3f 05 3f
6 0 2 0 1 00 3f 0f 3f
6 0 0 0 1 00 3f 0f 3f
6 0 3 1 1 0a 3f 00 3f
6 0 3 0 1 00 3f 19 3f
6 0 2 1 1 05 3f 00 3f
6 0 1 0 1 00 3f 05 3f
6 0 0 0 1 00 3f 05 3f
6 0 0 0 1 00 3f 05 3f
6 0 0 0 1 00 3f 05 3f
6 0 1 0 1 00 3f 0a 3f
6 0 0 0 1 00 3f 0a 3f
6 0 2 0 1 00 3f 14 3f
6 0 1 0 1 00 3f 19 3f
6 0 0 0 1 00 3f 19 3f
6 0 1 1 1 00 3f 00 3f
6 0 2 0 1 00 3f 0a 3f
6 0 3 1 1 05 3f 00 3f
6 0 3 0 1 00 3f 19 3f
6 0 2 1 1 05 3f 00 3f
6 0 2 0 1 00 3f 0a 3f
6 0 1 0 1 00 3f 0f 3f
6 0 2 0 1 00 3f 19 3f
6 0 3 1 1 14 3f 00 3f
6 0 1 0 1 00 3f 05 3f
6 0 2 0 1 00 3f 0f 3f
6 0 3 1 1 0a 3f 00 3f
6 0 0 0 1 00 3f 00 3f
6 0 2 0 1 00 3f 0a 3f
6 0 0 0 1 00 3f 0a 3f
6 0 3 1 1 05 3f 00 3f
6 0 2 0 1 00 3f 0a 3f
6 0 0 0 1 00 3f 0a 3f
6 0 2 0 1 00 3f 14 3f
6 0 0 0 1 00 3f 14 3f
6 0 0 0 1 00 3f 14 3f
6 0 1 0 1 00 3f 19 3f
6 0 0 0 1 00 3f 19 3f
6 0 3 1 1 14 3f 00 3f
6 0 0 0 1 00 3f 00 3f
6 0 3 0 1 00 3f 19 3f
6 0 0 0 1 00 3f 19 3f
6 0 0 0 1 00 3f 19 3f
6 0 0 0 1 00 3f 19 3f
6 0 3 1 1 14 3f 00 3f
6 0 3 0 1 00 3f 19 3f
6 0 1 1 1 00 3f 00 3f
6 0 0 0 1 00 3f 00 3f
6 0 0 0 1 00 3f 00 3f
6 0 2 0 1 00 3f 0a 3f
6 0 0 0 1 00 3f 0a 3f
6 0 2 0 1 00 3f 14 3f
6 0 1 0 1 00 3f 19 3f
6 0 0 0 1 00 3f 19 3f
6 0 0 0 1 00 3f 19 3f
6 0 1 1 1 00 3f 00 3f
6 0 3 0 1 00 3f 19 3f
6 0 1 1 1 00 3f 00 3f
6 0 1 0 1 00 3f 05 3f
6 0 2 0 1 00 3f 0f 3f
6 0 0 0 1 00 3f 0f 3f
6 0 0 0 1 00 3f 0f 3f
6 0 3 1 1 0a 3f 00 3f
6 0 0 0 1 00 3f 00 3f
6 0 3 0 1 00 3f 19 3f
6 0 3 1 1 14 3f 00 3f
6 0 0 0 1 00 3f 00 3f
6 0 2 0 1 00 3f 0a 3f
6 0 3 1 1 05 3f 00 3f
6 0 1 0 1 00 3f 05 3f
6 0 0 0 1 00 3f 05 3f
6 0 3 1 1 00 3f 00 3f
6 0 1 0 1 00 3f 05 3f
6 0 2 0 1 00 3f 0f 3f
6 0 0 0 1 00 3f 0f 3f
6 0 0 0 1 00 3f 0f 3f
6 0 0 0 1 00 3f 0f 3f
6 0 0 0 1 00 3f 0f 3f
6 0 1 0 1 00 3f 14 3f
6 0 1 0 1 00 3f 19 3f
6 0 0 0 1 00 3f 19 3f
6 0 3 1 1 14 3f 00 3f
6 0 3 0 1 00 3f 19 3f
6 0 2 1 1 05 3f 00 3f
6 0 3 0 1 00 3f 19 3f
6 0 3 1 1 14 3f 00 3f
6 0 0 0 1 00 3f 00 3f
6 0 1 0 1 00 3f 05 3f
6 0 1 0 1 00 3f 0a 3f
6 0 0 0 1 00 3f 0a 3f
6 0 3 1 1 05 3f 00 3f
6 0 2 0 1 00 3f 0a 3f
6 0 3 1 1 05 3f 00 3f
6 0 2 0 1 00 3f 0a 3f
6 0 3 1 1 05 3f 00 3f
6 0 0 0 1 00 3f 00 3f
6 0 2 0 1 00 3f 0a 3f
6 0 2 0 1 00 3f 14 3f
6 0 2 1 1 00 3f 00 3f
6 0 2 0 1 00 3f 0a 3f
6 0 1 0 1 00 3f 0f 3f
6 0 0 0 1 00 3f 0f 3f
6 0 3 1 1 0a 3f 00 3f
6 0 0 0 1 00 3f 00 3f
6 0 2 0 1 00 3f 0a 3f
6 0 0 0 1 00 3f 0a 3f
6 0 0 0 1 00 3f 0a 3f
6 0 2 0 1 00 3f 14 3f
6 0 2 1 1 00 3f 00 3f
6 0 0 0 1 00 3f 00 3f
6 0 1 0 1 00 3f 05 3f
6 0 1 0 1 00 3f 0a 3f
6 0 0 0 1 00 3f 0a 3f
6 0 1 0 1 00 3f 0f 3f
6 0 1 0 1 00 3f 14 3f
6 0 0 0 1 00 3f 14 3f
6 0 0 0 1 00 3f 14 3f
6 0 1 0 1 00 3f 19 3f
6 0 3 1 1 14 3f 00 3f
6 0 0 0 1 00 3f 00 3f
6 0 0 0 1 00 3f 00 3f
6 0 2 0 1 00 3f 0a 3f
6 0 1 0 1 00 3f 0f 3f
6 0 0 0 1 00 3f 0f 3f
6 0 1 0 1 00 3f 14 3f
6 0 3 1 1 0f 3f 00 3f
6 0 0 0 1 00 3f 00 3f
6 0 0 0 1 00 3f 00 3f
6 0 1 0 1 00 3f 05 3f
6 0 0 0 1 00 3f 05 3f
6 0 1 0 1 00 3f 0a 3f
6 0 0 0 1 00 3f 0a 3f
6 0 2 0 1 00 3f 14 3f
6 0 2 1 1 00 3f 00 3f
6 0 2 0 1 00 3f 0a 3f
6 0 2 0 1 00 3f 14 3f
6 0 1 0 1 00 3f 19 3f
6 0 1 1 1 00 3f 00 3f
6 0 2 0 1 00 3f 0a 3f
6 0 0 0 1 00 3f 0a 3f
6 0 0 0 1 00 3f 0a 3f
6 0 0 0 1 00 3f 0a 3f
6 0 3 1 1 05 3f 00 3f
6 0 0 0 1 00 3f 00 3f
6 0 1 0 1 00 3f 05 3f
6 0 0 0 1 00 3f 05 3f
6 0 2 0 1 00 3f 0f 3f
6 0 1 0 1 00 3f 14 3f
6 0 0 0 1 00 3f 14 3f
6 0 3 1 1 0f 3f 00 3f
6 0 0 0 1 00 3f 00 3f
6 0 2 0 1 00 3f 0a 3f
6 0 3 1 1 05 3f 00 3f
6 0 2 0 1 00 3f 0a 3f
6 0 3 1 1 05 3f 00 3f
6 0 2 0 1 00 3f 0a 3f
6 0 2 0 1 00 3f 14 3f
6 0 2 1 1 00 3f 00 3f
6 0 2 0 1 00 3f 0a 3f
6 0 0 0 1 00 3f 0a 3f
6 0 1 0 1 00 3f 0f 3f
6 0 2 0 1 00 3f 19 3f
6 0 2 1 1 05 3f 00 3f
6 0 3 0 1 00 3f 19 3f
6 0 0 0 1 00 3f 19 3f
6 0 0 0 1 00 3f 19 3f
6 0 0 0 1 00 3f 19 3f
6 0 2 1 1 05 3f 00 3f
6 0 3 0 1 00 3f 19 3f
6 0 2 1 1 05 3f 00 3f
6 0 3 0 1 00 3f 19 3f
6 0 1 1 1 00 3f 00 3f
6 0 3 0 1 00 3f 19 3f
6 0 1 1 1 00 3f 00 3f
6 0 0 0 1 00 3f 00 3f
6 0 0 0 1 00 3f 00 3f
6 0 3 0 1 00 3f 19 3f
6 0 3 1 1 14 3f 00 3f
6 0 2 0 1 00 3f 0a 3f
6 0 2 0 1 00 3f 14 3f
6 0 1 0 1 00 3f 19 3f
6 0 1 1 1 00 3f 00 3f
6 0 0 0 1 00 3f 00 3f
6 0 0 0 1 00 3f 00 3f
6 0 1 0 1 00 3f 05 3f
6 0 2 0 1 00 3f 0f 3f
6 0 2 0 1 00 3f 19 3f
6 0 3 1 1 14 3f 00 3f
6 0 0 0 1 00 3f 00 3f
6 0 2 0 1 00 3f 0a 3f
6 0 3 1 1 05 3f 00 3f
6 0 0 0 1 00 3f 00 3f
6 0 0 0 1 00 3f 00 3f
6 0 0 0 1 00 3f 00 3f
6 0 1 0 1 00 3f 05 3f
6 0 0 0 1 00 3f 05 3f
6 0 3 1 1 00 3f 00 3f
6 0 0 0 1 00 3f 00 3f
6 0 0 0 1 00 3f 00 3f
6 0 2 0 1 00 3f 0a 3f
6 0 1 0 1 00 3f 0f 3f
6 0 2 0 1 00 3f 19 3f
6 0 1 1 1 00 3f 00 3f
6 0 0 0 1 00 3f 00 3f
6 0 3 0 1 00 3f 19 3f
6 0 3 1 1 14 3f 00 3f
6 0 3 0 1 00 3f 19 3f
6 0 0 0 1 00 3f 19 3f
6 0 0 0 1 00 3f 19 3f
6 0 0 0 1 00 3f 19 3f
6 0 2 1 1 05 3f 00 3f
6 0 1 0 1 00 3f 05 3f
6 0 3 1 1 00 3f 00 3f
6 0 2 0 1 00 3f 0a 3f
6 0 1 0 1 00 3f 0f 3f
6 0 0 0 1 00 3f 0f 3f
6 0 1 0 1 00 3f 14 3f
6 0 0 0 1 00 3f 14 3f
6 0 0 0 1 00 3f 14 3f
6 0 0 0 1 00 3f 14 3f
6 0 0 0 1 00 3f 14 3f
6 0 1 0 1 00 3f 19 3f
6 0 2 1 1 05 3f 00 3f
6 0 3 0 1 00 3f 19 3f
6 0 0 0 1 00 3f 19 3f
6 0 0 0 1 00 3f 19 3f
6 0 2 1 1 05 3f 00 3f
6 0 0 0 1 00 3f 00 3f
6 0 3 0 1 00 3f 19 3f
6 0 2 1 1 05 3f 00 3f
6 0 0 0 1 00 3f 00 3f
6 0 0 0 1 00 3f 00 3f
6 0 0 0 1 00 3f 00 3f
6 0 1 0 1 00 3f 05 3f
6 0 3 1 1 00 3f 00 3f
6 0 3 0 1 00 3f 19 3f
6 0 1 1 1 00 3f 00 3f
6 0 0 0 1 00 3f 00 3f
6 0 2 0 1 00 3f 0a 3f
6 0 3 1 1 05 3f 00 3f
6 0 2 0 1 00 3f 0a 3f
6 0 0 0 1 00 3f 0a 3f
6 0 2 0 1 00 3f 14 3f
6 0 0 0 1 00 3f 14 3f
6 0 3 1 1 0f 3f 00 3f
6 0 2 0 1 00 3f 0a 3f
6 0 3 1 1 05 3f 00 3f
6 0 2 0 1 00 3f 0a 3f
6 0 0 0 1 00 3f 0a 3f
6 0 2 0 1 00 3f 14 3f
6 0 2 1 1 00 3f 00 3f
6 0 2 0 1 00 3f 0a 3f
6 0 0 0 1 00 3f 0a 3f
6 0 3 1 1 05 3f 00 3f
6 0 3 0 1 00 3f 19 3f
6 0 1 1 1 00 3f 00 3f
6 0 0 0 1 00 3f 00 3f
6 0 0 0 1 00 3f 00 3f
6 0 1 0 1 00 3f 05 3f
6 0 0 0 1 00 3f 05 3f
6 0 3 1 1 00 3f 00 3f
6 0 2 0 1 00 3f 0a 3f
6 0 0 0 1 00 3f 0a 3f
6 0 3 1 1 05 3f 00 3f
6 0 3 0 1 00 3f 19 3f
6 0 3 1 1 14 3f 00 3f
6 0 2 0 1 00 3f 0a 3f
6 0 1 0 1 00 3f 0f 3f
6 0 0 0 1 00 3f 0f 3f
6 0 3 1 1 0a 3f 00 3f
6 0 0 0 1 00 3f 00 3f
6 0 2 0 1 00 3f 0a 3f
6 0 0 0 1 00 3f 0a 3f
6 0 1 0 1 00 3f 0f 3f
6 0 0 0 1 00 3f 0f 3f
6 0 2 0 1 00 3f 19 3f
6 0 0 0 1 00 3f 19 3f
6 0 0 0 1 00 3f 19 3f
6 0 1 1 1 00 3f 00 3f
6 0 3 0 1 00 3f 19 3f
6 0 1 1 1 00 3f 00 3f
6 0 3 0 1 00 3f 19 3f
6 0 0 0 1 00 3f 19 3f
6 0 0 0 1 00 3f 19 3f
6 0 1 1 1 00 3f 00 3f
6 0 3 0 1 00 3f 19 3f
6 0 1 1 1 00 3f 00 3f
6 0 3 0 1 00 3f 19 3f
6 0 0 0 1 00 3f 19 3f
6 0 0 0 1 00 3f 19 3f
6 0 2 1 1 05 3f 00 3f
6 0 1 0 1 00 3f 05 3f
6 0 1 0 1 00 3f 0a 3f
6 0 0 0 1 00 3f 0a 3f
6 0 2 0 1 00 3f 14 3f
6 0 3 1 1 0f 3f 00 3f
6 0 3 0 1 00 3f 19 3f
6 0 2 1 1 05 3f 00 3f
6 0 0 0 1 00 3f 00 3f
6 0 0 0 1 00 3f 00 3f
6 0 0 0 1 00 3f 00 3f
6 0 2 0 1 00 3f 0a 3f
6 0 1 0 1 00 3f 0f 3f
6 0 0 0 1 00 3f 0f 3f
6 0 3 1 1 0a 3f 00 3f
6 0 2 0 1 00 3f 0a 3f
6 0 0 0 1 00 3f 0a 3f
6 0 1 0 1 00 3f 0f 3f
6 0 1 0 1 00 3f 14 3f
6 0 2 1 1 00 3f 00 3f
6 0 3 0 1 00 3f 19 3f
6 0 0 0 1 00 3f 19 3f
6 0 1 1 1 00 3f 00 3f
6 0 3 0 1 00 3f 19 3f
6 0 0 0 1 00 3f 19 3f
6 0 0 0 1 00 3f 19 3f
6 0 2 1 1 05 3f 00 3f
6 0 0 0 1 00 3f 00 3f
6 0 2 0 1 00 3f 0a 3f
6 0 3 1 1 05 3f 00 3f
6 0 0 0 1 00 3f 00 3f
6 0 0 0 1 00 3f 00 3f
6 0 1 0 1 00 3f 05 3f
6 0 3 1 1 00 3f 00 3f
6 0 0 0 1 00 3f 00 3f
6 0 3 0 1 00 3f 19 3f
6 0 0 0 1 00 3f 19 3f
6 0 2 1 1 05 3f 00 3f
6 0 2 0 1 00 3f 0a 3f
6 0 2 0 1 00 3f 14 3f
6 0 0 0 1 00 3f 14 3f
6 0 2 1 1 00 3f 00 3f
6 0 3 0 1 00 3f 19 3f
6 0 0 0 1 00 3f 19 3f
6 0 1 1 1 00 3f 00 3f
6 0 2 0 1 00 3f 0a 3f
6 0 0 0 1 00 3f 0a 3f
6 0 2 0 1 00 3f 14 3f
6 0 3 1 1 0f 3f 00 3f
6 0 0 0 1 00 3f 00 3f
6 0 0 0 1 00 3f 00 3f
6 0 0 0 1 00 3f 00 3f
6 0 0 0 1 00 3f 00 3f
6 0 0 0 1 00 3f 00 3f
6 0 2 0 1 00 3f 0a 3f
6 0 1 0 1 00 3f 0f 3f
6 0 3 1 1 0a 3f 00 3f
6 0 3 0 1 00 3f 19 3f
6 0 0 0 1 00 3f 19 3f
6 0 0 0 1 00 3f 19 3f
6 0 0 0 1 00 3f 19 3f
6 0 1 1 1 00 3f 00 3f
6 0 0 0 1 00 3f 00 3f
6 0 0 0 1 00 3f 00 3f
6 0 1 0 1 00 3f 05 3f
6 0 3 1 1 00 3f 00 3f
6 0 0 0 1 00 3f 00 3f
6 0 2 0 1 00 3f 0a 3f
6 0 3 1 1 05 3f 00 3f
6 0 1 0 1 00 3f 05 3f
6 0 2 0 1 00 3f 0f 3f
6 0 0 0 1 00 3f 0f 3f
6 0 3 1 1 0a 3f 00 3f
6 0 0 0 1 00 3f 00 3f
6 0 1 0 1 00 3f 05 3f
6 0 2 0 1 00 3f 0f 3f
6 0 0 0 1 00 3f 0f 3f
6 0 0 0 1 00 3f 0f 3f
6 0 3 1 1 0a 3f 00 3f
6 0 3 0 1 00 3f 19 3f
6 0 2 1 1 05 3f 00 3f
6 0 3 0 1 00 3f 19 3f
6 0 1 1 1 00 3f 00 3f
6 0 0 0 1 00 3f 00 3f
6 0 0 0 1 00 3f 00 3f
6 0 1 0 1 00 3f 05 3f
6 0 0 0 1 00 3f 05 3f
6 0 3 1 1 00 3f 00 3f
6 0 3 0 1 00 3f 19 3f
6 0 2 1 1 05 3f 00 3f
6 0 0 0 1 00 3f 00 3f
6 0 0 0 1 00 3f 00 3f
6 0 0 0 1 00 3f 00 3f
6 0 2 0 1 00 3f 0a 3f
6 0 3 1 1 05 3f 00 3f
6 0 0 0 1 00 3f 00 3f
6 0 1 0 1 00 3f 05 3f
6 0 1 0 1 00 3f 0a 3f
6 0 2 0 1 00 3f 14 3f
6 0 0 0 1 00 3f 14 3f
6 0 0 0 1 00 3f 14 3f
6 0 1 0 1 00 3f 19 3f
6 0 0 0 1 00 3f 19 3f
6 0 0 0 1 00 3f 19 3f
6 0 1 1 1 00 3f 00 3f
6 0 0 0 1 00 3f 00 3f
6 0 3 0 1 00 3f 19 3f
6 0 0 0 1 00 3f 19 3f
6 0 1 1 1 00 3f 00 3f
6 0 1 0 1 00 3f 05 3f
6 0 2 0 1 00 3f 0f 3f
6 0 3 1 1 0a 3f 00 3f
6 0 3 0 1 00 3f 19 3f
6 0 3 1 1 14 3f 00 3f
6 0 3 0 1 00 3f 19 3f
6 0 0 0 1 00 3f 19 3f
6 0 0 0 1 00 3f 19 3f
6 0 2 1 1 05 3f 00 3f
6 0 0 0 1 00 3f 00 3f
6 0 2 0 1 00 3f 0a 3f
6 0 1 0 1 00 3f 0f 3f
6 0 3 1 1 0a 3f 00 3f
6 0 3 0 1 00 3f 19 3f
6 0 2 1 1 05 3f 00 3f
6 0 1 0 1 00 3f 05 3f
6 0 2 0 1 00 3f 0f 3f
6 0 3 1 1 0a 3f 00 3f
6 0 2 0 1 00 3f 0a 3f
6 0 3 1 1 05 3f 00 3f
6 0 1 0 1 00 3f 05 3f
6 0 2 0 1 00 3f 0f 3f
6 0 0 0 1 00 3f 0f 3f
6 0 2 0 1 00 3f 19 3f
6 0 2 1 1 05 3f 00 3f
6 0 3 0 1 00 3f 19 3f
6 0 0 0 1 00 3f 19 3f
6 0 3 1 1 14 3f 00 3f
6 0 0 0 1 00 3f 00 3f
6 0 3 0 1 00 3f 19 3f
6 0 1 1 1 00 3f 00 3f
6 0 3 0 1 00 3f 19 3f
6 0 3 1 1 14 3f 00 3f
6 0 1 0 1 00 3f 05 3f
6 0 2 0 1 00 3f 0f 3f
6 0 3 1 1 0a 3f 00 3f
6 0 2 0 1 00 3f 0a 3f
6 0 3 1 1 05 3f 00 3f
6 0 0 0 1 00 3f 00 3f
6 0 0 0 1 00 3f 00 3f
6 0 1 0 1 00 3f 05 3f
6 0 0 0 1 00 3f 05 3f
6 0 3 1 1 00 3f 00 3f
6 0 0 0 1 00 3f 00 3f
6 0 1 0 1 00 3f 05 3f
6 0 2 0 1 00 3f 0f 3f
6 0 0 0 1 00 3f 0f 3f
6 0 0 0 1 00 3f 0f 3f
6 0 0 0 1 00 3f 0f 3f
6 0 0 0 1 00 3f 0f 3f
6 0 3 1 1 0a 3f 00 3f
6 0 3 0 1 00 3f 19 3f
6 0 2 1 1 05 3f 00 3f
6 0 1 0 1 00 3f 05 3f
6 0 0 0 1 00 3f 05 3f
6 0 1 0 1 00 3f 0a 3f
6 0 0 0 1 00 3f 0a 3f
6 0 0 0 1 00 3f 0a 3f
6 0 1 0 1 00 3f 0f 3f
6 0 0 0 1 00 3f 0f 3f
6 0 2 0 1 00 3f 19 3f
6 0 1 1 1 00 3f 00 3f
6 0 0 0 1 00 3f 00 3f
6 0 2 0 1 00 3f 0a 3f
6 0 0 0 1 00 3f 0a 3f
6 0 3 1 1 05 3f 00 3f
6 0 0 0 1 00 3f 00 3f
6 0 0 0 1 00 3f 00 3f
6 0 0 0 1 00 3f 00 3f
6 0 0 0 1 00 3f 00 3f
6 0 1 0 1 00 3f 05 3f
6 0 2 0 1 00 3f 0f 3f
6 0 2 0 1 00 3f 19 3f
6 0 2 1 1 05 3f 00 3f
6 0 0 0 1 00 3f 00 3f
6 0 2 0 1 00 3f 0a 3f
6 0 1 0 1 00 3f 0f 3f
6 0 0 0 1 00 3f 0f 3f
6 0 0 0 1 00 3f 0f 3f
6 0 0 0 1 00 3f 0f 3f
6 0 0 0 1 00 3f 0f 3f
6 0 1 0 1 00 3f 14 3f
6 0 0 0 1 00 3f 14 3f
6 0 1 0 1 00 3f 19 3f
6 0 2 1 1 05 3f 00 3f
6 0 2 0 1 00 3f 0a 3f
6 0 1 0 1 00 3f 0f 3f
6 0 3 1 1 0a 3f 00 3f
6 0 0 0 1 00 3f 00 3f
6 1 0 0 1 00 3f 00 3f
6 0 0 0 1 00 3f 00 3f
6 0 0 0 1 00 3f 00 3f
6 0 1 0 1 00 3f 05 3f
6 0 2 0 1 00 3f 0f 3f
6 0 0 0 1 00 3f 0f 3f
6 0 0 0 1 00 3f 0f 3f
6 0 3 1 1 0a 3f 00 3f
6 0 2 0 1 00 3f 0a 3f
6 0 0 0 1 00 3f 0a 3f
6 0 1 0 1 00 3f 0f 3f
6 0 3 1 1 0a 3f 00 3f
6 0 0 0 1 00 3f 00 3f
6 0 1 0 1 00 3f 05 3f
6 0 2 0 1 00 3f 0f 3f
6 0 3 1 1 0a 3f 00 3f
6 0 0 0 1 00 3f 00 3f
6 0 3 0 1 00 3f 19 3f
6 0 3 1 1 14 3f 00 3f
6 0 1 0 1 00 3f 05 3f
6 0 3 1 1 00 3f 00 3f
6 0 3 0 1 00 3f 19 3f
6 0 2 1 1 05 3f 00 3f
6 0 3 0 1 00 3f 19 3f
6 0 2 1 1 05 3f 00 3f
6 0 0 0 1 00 3f 00 3f
6 0 1 0 1 00 3f 05 3f
6 0 1 0 1 00 3f 0a 3f
6 0 2 0 1 00 3f 14 3f
6 0 0 0 1 00 3f 14 3f
6 0 3 1 1 0f 3f 00 3f
6 0 0 0 1 00 3f 00 3f
6 0 1 0 1 00 3f 05 3f
6 0 0 0 1 00 3f 05 3f
6 0 1 0 1 00 3f 0a 3f
6 0 0 0 1 00 3f 0a 3f
6 0 1 0 1 00 3f 0f 3f
6 0 3 1 1 0a 3f 00 3f
6 0 2 0 1 00 3f 0a 3f
6 0 2 0 1 00 3f 14 3f
6 0 3 1 1 0f 3f 00 3f
6 0 2 0 1 00 3f 0a 3f
6 0 2 0 1 00 3f 14 3f
6 0 2 1 1 00 3f 00 3f
6 0 0 0 1 00 3f 00 3f
6 0 0 0 1 00 3f 00 3f
6 0 1 0 1 00 3f 05 3f
6 0 0 0 1 00 3f 05 3f
6 1 3 0 1 00 3f 00 3f
6 0 0 0 1 00 3f 00 3f
6 0 0 0 1 00 3f 00 3f
6 0 0 0 1 00 3f 00 3f
6 0 1 0 1 00 3f 05 3f
6 0 0 0 1 00 3f 05 3f
6 0 1 0 1 00 3f 0a 3f
6 0 1 0 1 00 3f 0f 3f
6 0 0 0 1 00 3f 0f 3f
6 0 0 0 1 00 3f 0f 3f
6 0 0 0 1 00 3f 0f 3f
6 0 3 1 1 0a 3f 00 3f
6 0 1 0 1 00 3f 05 3f
6 0 0 0 1 00 3f 05 3f
6 0 1 0 1 00 3f 0a 3f
6 0 1 0 1 00 3f 0f 3f
6 0 0 0 1 00 3f 0f 3f
6 0 0 0 1 00 3f 0f 3f
6 0 2 0 1 00 3f 19 3f
6 0 3 1 1 14 3f 00 3f
6 0 0 0 1 00 3f 00 3f
6 0 0 0 1 00 3f 00 3f
6 0 3 0 1 00 3f 19 3f
6 0 0 0 1 00 3f 19 3f
6 0 1 1 1 00 3f 00 3f
6 0 2 0 1 00 3f 0a 3f
6 0 0 0 1 00 3f 0a 3f
6 0 1 0 1 00 3f 0f 3f
6 0 1 0 1 00 3f 14 3f
6 0 0 0 1 00 3f 14 3f
6 0 2 1 1 00 3f 00 3f
6 0 0 0 1 00 3f 00 3f
6 0 0 0 1 00 3f 00 3f
6 0 1 0 1 00 3f 05 3f
6 0 3 1 1 00 3f 00 3f
6 0 1 0 1 00 3f 05 3f
6 0 1 0 1 00 3f 0a 3f
