0 1 1 0 0 0 00 00 ff
0 0 1 0 0 1 5a 5a ff
0 0 1 0 0 0 11 5a ff
1 0 1 1 0 0 00 5a ff
1 0 1 0 0 1 77 77 ff
1 0 0 0 0 1 33 00 ff
1 0 0 0 0 1 33 00 ff
1 0 0 0 0 1 33 00 ff
1 0 0 0 0 1 33 00 ff
1 0 1 0 0 0 00 00 ff
1 0 1 0 1 1 44 5a ff
1 0 1 0 0 0 00 5a ff
2 0 0 0 0 0 00 00 ff
2 0 0 0 0 0 00 00 ff
2 0 0 0 0 0 00 00 ff
2 0 1 0 0 0 00 00 ff
3 0 0 1 0 0 00 00 ff
3 0 1 0 1 0 00 5a ff
4 0 1 0 0 0 38 5a ff
4 0 0 0 0 1 cb 00 ff
4 0 1 0 1 1 5b 5a ff
4 0 1 1 0 1 57 57 ff
4 0 1 0 0 1 48 48 ff
4 0 1 0 0 1 00 00 ff
4 0 1 0 0 1 60 60 ff
4 0 1 0 0 1 e1 e1 ff
4 0 1 0 1 1 76 5a ff
4 0 1 0 0 0 46 5a ff
4 0 1 0 0 1 60 60 ff
4 0 1 0 0 0 66 60 ff
4 0 0 0 1 1 e0 00 ff
4 0 1 0 0 1 f3 f3 ff
4 0 1 0 0 0 98 f3 ff
4 0 1 0 0 1 76 76 ff
4 0 1 0 0 1 4a 4a ff
4 0 1 1 1 0 a2 5a ff
4 0 1 0 0 1 48 48 ff
4 0 1 1 0 1 92 92 ff
4 0 0 0 0 1 95 00 ff
4 0 1 0 0 1 41 41 ff
4 0 0 0 0 1 91 00 ff
4 0 1 0 0 0 c6 00 ff
4 0 1 0 0 1 85 85 ff
4 0 1 0 1 1 87 48 ff
4 0 1 0 0 1 8e 8e ff
4 0 0 0 0 1 43 00 ff
4 0 1 0 0 0 8d 00 ff
4 0 1 0 0 0 fd 00 ff
4 0 1 0 0 1 54 54 ff
4 0 0 0 0 1 f6 00 ff
4 0 1 0 0 1 f6 f6 ff
4 0 1 0 0 0 aa f6 ff
4 0 1 0 0 0 de f6 ff
4 0 0 1 0 1 db 00 ff
4 0 1 0 0 1 ac ac ff
4 0 1 0 1 1 11 48 ff
4 0 1 0 0 0 33 48 ff
4 0 1 0 1 1 b2 48 ff
4 0 0 0 0 0 29 00 ff
4 0 1 0 0 1 c9 c9 ff
4 0 1 0 0 0 1a c9 ff
4 0 1 0 0 0 2a c9 ff
4 0 1 0 0 1 5a 5a ff
4 0 0 0 0 1 e2 00 ff
4 0 1 0 0 1 cc cc ff
4 0 1 1 0 1 ed ed ff
4 0 1 0 0 0 23 ed ff
4 0 1 0 0 1 1d 1d ff
4 0 0 0 0 1 77 00 ff
4 0 0 0 0 1 f3 00 ff
4 0 1 0 0 1 b6 b6 ff
4 0 1 0 0 1 e6 e6 ff
4 0 1 1 0 0 7d e6 ff
4 0 1 0 0 1 a4 a4 ff
4 0 1 0 0 0 ef a4 ff
4 0 0 0 0 0 36 00 ff
4 0 1 0 0 1 f9 f9 ff
4 0 1 0 0 1 f0 f0 ff
4 0 1 0 0 1 ca ca ff
4 0 1 0 0 0 d3 ca ff
4 0 0 0 0 0 d9 00 ff
4 0 1 1 0 1 8b 8b ff
4 0 1 0 0 0 0c 8b ff
4 0 1 0 0 1 26 26 ff
4 0 1 0 0 1 9b 9b ff
4 0 1 0 0 1 43 43 ff
4 0 1 0 0 1 c0 c0 ff
4 0 1 0 0 1 12 12 ff
4 0 1 0 0 0 a2 12 ff
4 0 1 1 1 0 c0 00 ff
4 0 1 0 0 1 c6 c6 ff
4 0 1 0 0 0 37 c6 ff
4 0 1 0 0 0 4b c6 ff
4 0 1 0 0 0 f1 c6 ff
4 0 1 0 0 1 c0 c0 ff
4 0 1 0 1 1 81 12 ff
4 0 0 0 0 1 81 00 ff
4 0 0 0 0 0 1e 00 ff
4 0 0 0 0 1 f1 00 ff
4 0 1 0 0 1 ef ef ff
4 0 0 0 0 0 8e 00 ff
4 0 1 0 1 1 f1 12 ff
4 0 0 0 0 1 1d 00 ff
4 0 1 0 0 0 82 00 ff
4 0 1 0 0 0 a0 00 ff
4 0 1 0 0 0 8d 00 ff
4 0 1 0 0 1 dd dd ff
4 0 0 0 0 0 93 00 ff
4 0 1 0 0 0 12 00 ff
4 0 1 0 0 0 06 00 ff
4 0 1 0 0 0 f9 00 ff
4 0 1 0 0 1 6f 6f ff
4 0 1 0 0 0 aa 6f ff
4 0 1 0 0 0 b9 6f ff
4 0 0 0 0 1 e4 00 ff
4 0 1 0 0 0 d0 00 ff
4 0 1 0 0 1 eb eb ff
4 0 1 0 0 1 74 74 ff
4 0 1 0 1 1 74 12 ff
4 0 0 1 0 1 2e 00 ff
4 0 1 0 0 0 7b 00 ff
4 0 1 0 1 0 19 12 ff
4 0 1 0 0 1 42 42 ff
4 0 1 0 0 1 20 20 ff
4 0 1 1 0 0 37 20 ff
4 0 1 0 0 0 fa 20 ff
4 0 1 0 0 1 06 06 ff
4 0 1 0 0 1 d7 d7 ff
4 0 1 1 0 0 c1 d7 ff
4 0 0 0 0 0 7d 00 ff
4 0 1 0 0 0 b4 00 ff
4 0 1 0 0 1 9e 9e ff
4 0 0 0 1 1 fe 00 ff
4 0 1 0 0 1 b0 b0 ff
4 0 0 0 0 1 94 00 ff
4 0 1 0 0 1 0c 0c ff
4 0 0 0 0 0 69 00 ff
4 0 1 0 0 0 03 00 ff
4 0 1 0 0 0 94 00 ff
4 0 1 0 1 1 49 d7 ff
4 0 1 0 0 0 a0 d7 ff
4 0 1 0 1 0 2d d7 ff
4 0 1 0 0 0 8d d7 ff
4 0 1 0 0 1 5d 5d ff
4 0 1 0 0 0 4f 5d ff
4 0 1 0 0 0 ed 5d ff
4 0 0 0 0 0 14 00 ff
4 0 1 0 0 1 98 98 ff
4 0 1 0 0 0 6a 98 ff
4 0 1 0 0 0 9e 98 ff
4 0 1 0 0 1 85 85 ff
4 0 1 0 0 0 7b 85 ff
4 0 1 0 0 1 8a 8a ff
4 0 1 0 1 1 39 d7 ff
4 0 1 0 0 0 a4 d7 ff
4 0 1 0 0 0 ad d7 ff
4 0 1 0 1 0 f5 d7 ff
4 0 1 0 0 1 e3 e3 ff
4 0 0 0 0 1 c5 00 ff
4 0 1 0 0 0 b3 00 ff
4 0 1 1 0 0 fe 00 ff
4 0 1 1 1 0 f5 00 ff
4 0 0 0 0 1 b0 00 ff
4 0 1 0 1 1 63 00 ff
4 0 1 0 0 0 e6 00 ff
4 0 1 0 0 1 6e 6e ff
4 0 1 0 0 0 5b 6e ff
4 0 1 0 0 1 91 91 ff
4 0 1 0 0 0 04 91 ff
4 0 0 1 0 1 8e 00 ff
4 0 1 0 0 1 e9 e9 ff
4 0 0 0 0 0 ed 00 ff
4 0 1 0 0 1 20 20 ff
4 0 1 0 0 0 fe 20 ff
4 0 0 0 0 0 20 00 ff
4 0 1 0 0 1 79 79 ff
4 0 0 0 0 1 0d 00 ff
4 0 1 0 0 0 8d 00 ff
4 0 1 0 0 1 e1 e1 ff
4 0 1 0 0 0 04 e1 ff
4 0 1 0 1 1 ac 00 ff
4 0 1 0 0 1 4d 4d ff
4 0 1 0 0 1 4f 4f ff
4 0 1 0 0 1 b3 b3 ff
4 0 1 0 0 1 6f 6f ff
4 0 1 0 0 0 1f 6f ff
4 0 1 0 0 0 5a 6f ff
4 0 1 0 0 0 be 6f ff
4 0 1 1 0 0 6c 6f ff
4 0 0 0 1 1 e5 00 ff
4 0 0 0 0 0 af 00 ff
4 0 1 0 0 1 ed ed ff
4 0 1 0 0 0 7b ed ff
4 0 0 0 0 1 ec 00 ff
4 0 1 0 0 0 6c 00 ff
4 0 1 0 0 0 54 00 ff
4 0 1 0 0 0 45 00 ff
4 0 1 0 0 1 57 57 ff
4 0 1 0 0 1 0f 0f ff
4 0 1 0 0 1 de de ff
4 0 1 0 0 0 e6 de ff
4 0 1 0 0 1 b3 b3 ff
4 0 1 0 0 1 e2 e2 ff
4 0 0 0 0 0 80 00 ff
4 0 0 0 0 1 a3 00 ff
4 0 1 0 0 1 16 16 ff
4 0 0 0 0 1 a4 00 ff
4 0 1 0 0 1 20 20 ff
4 0 1 0 0 0 9f 20 ff
4 0 1 0 0 1 de de ff
4 0 0 0 0 1 44 00 ff
4 0 0 0 0 1 7d 00 ff
4 0 0 0 0 0 1e 00 ff
4 0 1 0 0 0 fe 00 ff
4 0 1 1 0 0 2c 00 ff
4 0 1 0 0 0 64 00 ff
4 0 1 0 0 1 f4 f4 ff
4 0 1 0 0 0 7f f4 ff
4 0 1 0 0 1 82 82 ff
4 0 1 0 0 0 cd 82 ff
4 0 1 0 0 0 64 82 ff
4 0 1 0 0 1 09 09 ff
4 0 1 0 1 1 05 00 ff
4 0 1 0 0 1 43 43 ff
4 0 1 0 0 0 31 43 ff
4 0 1 0 0 0 8b 43 ff
4 0 1 0 0 1 23 23 ff
4 0 1 0 1 1 76 00 ff
4 0 0 0 0 0 f7 00 ff
4 0 0 0 0 1 fe 00 ff
4 0 1 0 0 1 82 82 ff
4 0 1 1 0 0 8f 82 ff
4 0 1 0 0 0 69 82 ff
4 0 1 0 0 1 d1 d1 ff
4 0 1 0 0 1 dc dc ff
4 0 1 0 0 1 33 33 ff
4 0 1 0 0 0 c2 33 ff
4 0 1 0 0 0 62 33 ff
4 0 0 1 0 1 31 00 ff
4 0 0 1 0 1 a5 00 ff
4 0 1 0 0 1 e1 e1 ff
4 0 0 0 0 0 84 00 ff
4 0 0 0 0 1 d3 00 ff
4 0 1 0 0 1 84 84 ff
4 0 1 0 0 0 8c 84 ff
4 0 0 0 0 1 e1 00 ff
4 0 1 0 0 1 38 38 ff
4 0 1 0 0 0 af 38 ff
4 0 1 0 0 1 4c 4c ff
4 0 1 0 0 1 02 02 ff
4 0 0 0 0 1 6b 00 ff
4 0 1 0 0 0 97 00 ff
4 0 0 0 1 1 96 00 ff
4 0 1 0 0 0 d6 00 ff
4 0 1 0 0 1 56 56 ff
4 0 0 0 0 1 f4 00 ff
4 0 1 0 0 1 bf bf ff
4 0 1 0 0 1 a7 a7 ff
4 0 1 0 0 0 8b a7 ff
4 0 0 0 0 0 e8 00 ff
4 0 0 0 1 0 02 00 ff
4 0 1 0 0 1 4b 4b ff
4 0 1 1 0 0 02 4b ff
4 0 0 0 1 0 70 00 ff
4 0 1 0 0 0 fa 00 ff
4 0 1 0 0 1 5b 5b ff
4 0 1 0 0 0 44 5b ff
4 0 1 0 0 0 37 5b ff
4 0 1 1 0 1 c2 c2 ff
4 0 1 0 1 1 1e 5b ff
4 0 0 0 0 1 74 00 ff
4 0 1 0 0 0 a1 00 ff
4 0 1 0 0 0 e7 00 ff
4 0 1 0 1 1 e8 5b ff
4 0 1 0 0 0 2a 5b ff
4 0 1 0 0 0 8e 5b ff
4 0 1 0 0 1 c9 c9 ff
4 0 0 0 0 1 68 00 ff
4 0 0 0 0 0 86 00 ff
4 0 1 0 0 1 a7 a7 ff
4 0 1 0 0 1 e8 e8 ff
4 0 1 0 0 1 f8 f8 ff
4 0 1 0 0 1 24 24 ff
4 0 1 0 0 1 79 79 ff
4 0 1 0 0 0 d6 79 ff
4 0 1 0 0 0 b8 79 ff
4 0 1 0 0 1 98 98 ff
4 0 1 0 0 1 7c 7c ff
4 0 0 0 0 0 78 00 ff
4 0 1 0 1 0 19 5b ff
4 0 1 0 0 0 ff 5b ff
4 0 1 0 0 1 31 31 ff
4 0 0 0 0 0 a2 00 ff
4 0 1 0 0 1 65 65 ff
4 0 0 0 1 1 fb 00 ff
4 0 0 0 0 1 c0 00 ff
4 0 1 0 0 1 4d 4d ff
4 0 1 0 0 1 66 66 ff
4 0 1 0 0 1 ac ac ff
4 0 1 0 0 1 70 70 ff
4 0 1 0 0 1 36 36 ff
4 0 1 0 0 0 80 36 ff
4 0 1 1 0 1 49 49 ff
4 0 0 0 0 1 61 00 ff
4 0 1 0 1 0 74 36 ff
4 0 1 0 0 0 02 36 ff
4 0 1 0 0 0 e5 36 ff
4 0 1 0 0 1 2a 2a ff
4 0 1 0 0 1 2f 2f ff
4 0 1 0 0 1 16 16 ff
4 0 1 0 0 1 61 61 ff
4 0 1 0 0 0 7d 61 ff
4 0 1 0 0 0 04 61 ff
4 0 1 0 0 1 46 46 ff
4 0 1 0 0 1 ce ce ff
4 0 1 0 0 0 32 ce ff
4 0 1 0 0 1 bf bf ff
4 0 1 0 0 0 42 bf ff
4 0 1 0 0 0 8a bf ff
4 0 1 1 0 0 b3 bf ff
4 0 1 0 0 0 c3 bf ff
4 0 1 0 0 1 ca ca ff
4 0 0 0 0 1 d7 00 ff
4 0 1 0 0 1 23 23 ff
4 0 1 0 0 1 8a 8a ff
4 0 0 0 1 1 1d 00 ff
4 0 1 0 0 0 bd 00 ff
4 0 1 0 1 1 87 bf ff
4 0 0 0 0 0 fb 00 ff
4 0 1 0 0 0 56 00 ff
4 0 0 1 0 0 26 00 ff
4 0 1 0 0 1 55 55 ff
4 0 1 0 0 1 c5 c5 ff
4 0 1 1 0 1 3b 3b ff
4 0 1 0 0 1 53 53 ff
4 0 1 0 0 1 5c 5c ff
4 0 0 0 0 1 2a 00 ff
4 0 1 0 1 1 7f c5 ff
4 0 1 1 0 0 4f c5 ff
4 0 1 0 0 1 7a 7a ff
4 0 1 0 0 0 b6 7a ff
4 0 1 0 0 0 d6 7a ff
4 0 0 1 0 0 8c 00 ff
4 0 1 0 0 0 44 00 ff
4 0 1 0 0 0 92 00 ff
4 0 1 0 0 0 03 00 ff
4 0 0 0 0 1 c2 00 ff
4 0 1 0 0 0 00 00 ff
4 0 1 0 0 0 00 00 ff
4 0 1 0 0 0 90 00 ff
4 0 1 0 0 1 87 87 ff
4 0 1 0 0 1 f6 f6 ff
4 0 1 0 0 0 80 f6 ff
4 0 1 0 0 0 71 f6 ff
4 1 1 0 0 1 70 00 ff
4 0 1 0 1 1 bd 00 ff
4 0 1 0 0 0 e2 00 ff
4 0 1 0 0 1 84 84 ff
4 0 1 0 0 1 47 47 ff
4 0 1 1 0 0 b0 47 ff
4 0 1 0 0 0 6b 47 ff
4 0 1 0 0 1 43 43 ff
4 0 1 0 0 1 00 00 ff
4 0 1 0 0 0 13 00 ff
4 0 1 0 0 0 b7 00 ff
4 0 1 0 0 1 60 60 ff
4 0 1 0 0 0 76 60 ff
4 0 1 0 0 0 ae 60 ff
4 0 1 0 0 0 69 60 ff
4 0 1 0 0 1 66 66 ff
4 0 1 0 0 1 ec ec ff
4 0 1 0 0 0 5c ec ff
4 0 1 0 0 0 94 ec ff
4 0 1 0 0 1 56 56 ff
4 0 1 0 0 0 a6 56 ff
4 0 1 0 0 1 b2 b2 ff
4 0 1 0 0 1 6b 6b ff
4 0 1 0 0 0 a2 6b ff
4 0 1 0 0 1 41 41 ff
4 0 0 0 0 1 ac 00 ff
4 0 1 0 0 1 f3 f3 ff
4 0 1 0 0 0 10 f3 ff
4 0 1 0 0 0 4d f3 ff
4 0 1 0 0 0 ec f3 ff
4 0 0 0 0 0 86 00 ff
4 0 1 0 1 1 da 47 ff
4 0 1 0 0 1 26 26 ff
4 0 1 0 0 1 23 23 ff
4 0 1 0 0 1 ba ba ff
4 0 1 0 0 0 0d ba ff
4 0 1 0 0 1 b9 b9 ff
4 0 1 0 0 1 ef ef ff
4 0 1 0 0 1 6a 6a ff
4 0 1 0 1 0 20 47 ff
4 0 1 0 0 1 5f 5f ff
4 0 1 0 0 0 04 5f ff
4 0 1 0 0 1 e5 e5 ff
4 0 1 0 0 0 72 e5 ff
4 0 1 0 0 1 0a 0a ff
4 0 1 0 0 0 85 0a ff
4 0 1 0 0 0 7d 0a ff
4 0 1 0 0 0 f0 0a ff
4 0 1 0 0 0 b5 0a ff
4 0 0 0 0 1 03 00 ff
4 0 1 0 0 1 d7 d7 ff
4 0 1 0 0 0 b4 d7 ff
4 0 0 0 0 1 60 00 ff
4 0 1 0 0 0 b7 00 ff
4 0 1 0 0 0 3a 00 ff
4 0 1 0 0 0 39 00 ff
4 0 1 0 0 1 ee ee ff
4 0 0 0 0 0 10 00 ff
4 0 1 0 0 0 0f 00 ff
4 0 1 0 0 1 0d 0d ff
4 0 1 0 0 1 2f 2f ff
4 0 0 1 0 0 f6 00 ff
4 0 0 0 1 1 7d 00 ff
4 0 1 1 0 1 3f 3f ff
4 0 1 0 0 0 fc 3f ff
4 0 1 0 0 1 c6 c6 ff
4 0 1 0 0 1 1a 1a ff
4 0 1 0 0 1 a9 a9 ff
4 0 1 0 0 1 b1 b1 ff
4 0 1 0 0 1 5a 5a ff
4 0 0 1 0 1 da 00 ff
4 0 0 1 0 1 69 00 ff
4 0 1 0 0 0 bc 00 ff
4 0 1 0 0 0 40 00 ff
4 0 1 1 0 0 e9 00 ff
4 0 1 0 0 1 72 72 ff
4 0 0 1 0 1 9d 00 ff
4 0 1 0 0 0 a2 00 ff
4 0 1 0 0 0 53 00 ff
4 0 1 0 0 1 1f 1f ff
4 0 1 0 0 1 0d 0d ff
4 0 1 1 0 1 9a 9a ff
4 0 0 0 0 1 34 00 ff
4 0 1 0 0 1 9b 9b ff
4 0 1 0 0 0 ee 9b ff
4 0 0 0 0 1 56 00 ff
4 0 0 0 0 1 43 00 ff
4 0 0 0 0 0 0c 00 ff
4 0 1 0 0 1 8e 8e ff
4 0 1 0 0 1 3e 3e ff
4 0 1 0 0 0 d5 3e ff
4 0 1 0 0 1 22 22 ff
4 0 1 1 0 1 87 87 ff
4 0 1 0 0 0 65 87 ff
4 0 1 0 0 0 e9 87 ff
4 0 1 0 0 1 e9 e9 ff
4 0 0 0 0 0 c6 00 ff
4 0 1 0 0 0 e1 00 ff
4 0 1 0 0 1 66 66 ff
4 0 0 0 0 1 21 00 ff
4 0 0 0 0 1 f9 00 ff
4 0 1 0 0 0 2f 00 ff
4 0 1 0 0 0 f6 00 ff
4 0 1 0 1 0 b1 22 ff
4 0 0 0 0 0 9e 00 ff
4 0 1 0 1 1 e9 22 ff
4 0 1 0 0 0 c0 22 ff
4 0 1 0 0 1 42 42 ff
4 0 1 0 0 1 fc fc ff
4 0 1 0 0 0 45 fc ff
4 0 1 0 0 0 5e fc ff
4 0 1 0 0 0 94 fc ff
4 0 1 0 1 1 66 22 ff
4 0 1 0 0 1 cc cc ff
4 0 1 0 0 0 39 cc ff
4 0 0 0 0 1 06 00 ff
4 0 1 0 1 1 43 22 ff
4 0 1 0 0 0 e0 22 ff
4 0 1 0 0 1 3c 3c ff
4 0 1 0 0 1 a9 a9 ff
4 0 0 0 0 0 89 00 ff
4 0 0 0 0 0 7a 00 ff
4 0 1 0 0 0 c7 00 ff
4 0 1 0 0 0 ea 00 ff
4 0 1 0 0 1 db db ff
4 0 1 0 0 1 7c 7c ff
4 0 1 0 0 0 c3 7c ff
4 0 1 0 0 1 0b 0b ff
4 0 1 0 1 0 53 22 ff
4 0 1 0 0 0 d9 22 ff
4 0 1 0 0 1 c7 c7 ff
4 0 1 0 0 0 62 c7 ff
4 0 1 0 0 1 51 51 ff
4 0 1 0 0 1 eb eb ff
4 0 1 0 0 1 15 15 ff
4 0 1 0 0 0 e5 15 ff
4 0 1 0 0 1 de de ff
4 0 1 0 0 1 67 67 ff
4 0 1 0 0 0 5d 67 ff
4 0 1 0 0 1 bd bd ff
4 0 1 0 0 1 df df ff
4 0 0 0 0 1 4c 00 ff
4 0 1 0 0 1 55 55 ff
4 0 1 0 0 0 6b 55 ff
4 0 0 0 0 0 3e 00 ff
4 0 0 1 0 1 4d 00 ff
4 0 1 0 0 1 a9 a9 ff
4 0 1 0 0 0 9e a9 ff
4 0 1 0 0 0 0a a9 ff
4 0 1 0 0 1 f3 f3 ff
4 0 1 0 0 1 11 11 ff
4 0 0 0 1 1 cb 00 ff
4 0 1 0 0 1 14 14 ff
4 0 1 0 0 1 99 99 ff
4 0 1 1 0 1 f4 f4 ff
4 0 1 0 0 1 4e 4e ff
4 0 1 0 0 1 90 90 ff
4 0 1 0 0 0 10 90 ff
4 0 1 0 0 1 27 27 ff
4 0 1 0 0 1 d0 d0 ff
4 0 1 0 0 1 61 61 ff
4 0 0 1 0 1 05 00 ff
4 0 1 0 1 0 27 99 ff
4 0 1 0 0 1 d4 d4 ff
4 0 1 0 0 0 85 d4 ff
4 0 1 0 0 0 fc d4 ff
4 0 1 0 0 0 3b d4 ff
4 0 1 0 1 0 26 99 ff
4 0 1 0 0 1 a9 a9 ff
4 0 1 0 0 0 94 a9 ff
4 0 1 0 0 0 f2 a9 ff
4 0 0 0 0 0 c7 00 ff
4 0 1 0 0 0 bd 00 ff
4 0 1 1 0 0 8d 00 ff
4 0 1 1 1 0 3b 00 ff
4 0 0 0 0 1 74 00 ff
4 0 1 0 0 1 f1 f1 ff
4 0 1 1 0 0 03 f1 ff
4 0 1 0 0 1 4d 4d ff
4 0 1 1 0 1 e1 e1 ff
4 0 1 0 0 1 08 08 ff
4 0 1 0 0 0 9a 08 ff
4 0 1 1 1 0 b2 4d ff
4 0 1 0 0 1 76 76 ff
4 0 1 0 0 1 30 30 ff
4 0 1 0 0 0 74 30 ff
4 0 1 0 0 0 57 30 ff
4 0 0 0 0 0 72 00 ff
4 0 1 0 0 1 38 38 ff
4 0 1 0 0 0 c9 38 ff
4 0 1 0 0 1 e8 e8 ff
4 0 1 0 0 1 ad ad ff
4 0 1 0 0 0 77 ad ff
4 0 1 0 1 1 7a 08 ff
4 0 1 0 0 1 25 25 ff
4 0 1 1 0 1 f9 f9 ff
4 0 1 0 0 1 f2 f2 ff
4 0 1 0 0 1 47 47 ff
4 0 1 1 0 0 92 47 ff
4 0 1 0 0 1 ae ae ff
4 0 0 0 0 0 b3 00 ff
4 0 1 0 0 0 bb 00 ff
4 0 1 0 0 0 fd 00 ff
4 0 1 0 0 1 f1 f1 ff
4 0 1 0 0 0 a8 f1 ff
4 0 1 0 1 1 36 47 ff
4 0 0 0 0 1 6c 00 ff
4 0 1 0 0 0 dd 00 ff
4 0 1 0 0 1 41 41 ff
4 0 1 0 0 1 f8 f8 ff
4 0 1 0 0 1 59 59 ff
4 0 0 0 0 0 53 00 ff
4 0 1 0 0 1 a4 a4 ff
4 0 1 0 0 1 ac ac ff
4 0 1 0 0 1 6d 6d ff
4 0 0 1 0 0 f0 00 ff
4 0 1 0 0 0 d7 00 ff
4 0 1 0 0 0 a0 00 ff
4 0 1 0 0 1 22 22 ff
4 0 1 1 0 1 05 05 ff
4 0 0 0 0 0 3b 00 ff
4 0 0 0 0 1 38 00 ff
4 0 1 1 0 1 fb fb ff
4 0 1 0 1 0 4b 00 ff
4 0 1 1 0 0 c6 00 ff
4 0 1 0 0 0 4a 00 ff
4 0 1 0 0 1 54 54 ff
4 0 1 0 0 0 e2 54 ff
4 0 0 0 0 1 55 00 ff
4 0 1 1 0 1 b6 b6 ff
4 0 0 0 0 1 2d 00 ff
4 0 1 0 0 0 14 00 ff
4 0 1 0 0 1 c2 c2 ff
4 0 1 0 0 1 51 51 ff
4 0 1 1 0 1 98 98 ff
4 0 1 0 0 0 f9 98 ff
4 0 0 0 0 1 50 00 ff
4 0 1 0 0 1 1f 1f ff
4 0 0 1 0 1 ae 00 ff
4 0 0 0 0 0 a1 00 ff
4 0 1 0 1 1 55 51 ff
4 0 1 1 0 0 e6 51 ff
4 0 1 0 0 1 86 86 ff
4 0 1 1 0 0 af 86 ff
4 0 0 0 0 0 4b 00 ff
4 0 1 0 0 1 dc dc ff
4 0 1 0 0 1 be be ff
4 0 1 0 0 1 db db ff
4 0 1 0 0 0 14 db ff
4 0 1 1 0 1 c3 c3 ff
4 0 1 0 0 0 d1 c3 ff
4 0 1 0 0 1 06 06 ff
4 0 1 0 0 0 ff 06 ff
4 0 1 0 0 1 93 93 ff
4 0 0 0 0 1 64 00 ff
4 0 1 0 0 1 2f 2f ff
4 0 1 0 0 0 7d 2f ff
4 0 1 0 0 0 f0 2f ff
4 0 0 0 0 0 c8 00 ff
4 0 1 0 0 1 a1 a1 ff
4 0 1 0 0 1 ad ad ff
4 0 1 0 0 1 a9 a9 ff
4 0 1 0 0 1 5a 5a ff
4 0 0 0 0 1 5f 00 ff
4 0 0 0 0 1 78 00 ff
4 0 1 0 0 1 e4 e4 ff
4 0 1 0 0 1 08 08 ff
4 0 1 0 0 1 61 61 ff
4 0 1 1 0 1 50 50 ff
4 0 1 0 1 0 9c 61 ff
4 0 0 0 0 1 19 00 ff
4 0 1 0 1 0 c6 61 ff
4 0 1 0 0 0 ee 61 ff
4 0 1 0 0 0 c9 61 ff
4 0 1 0 0 0 31 61 ff
4 0 1 0 0 0 91 61 ff
4 0 1 1 0 0 06 61 ff
4 0 1 0 0 1 be be ff
4 0 1 0 0 0 38 be ff
4 0 1 0 0 1 e2 e2 ff
4 0 1 0 0 0 7e e2 ff
4 0 1 0 1 0 62 61 ff
4 0 0 0 0 1 6c 00 ff
4 0 1 0 1 0 21 61 ff
4 0 1 0 0 0 37 61 ff
4 0 0 0 0 1 b7 00 ff
4 0 1 0 0 1 a3 a3 ff
4 0 1 0 0 1 d5 d5 ff
4 0 1 0 0 0 a2 d5 ff
4 0 0 0 0 1 35 00 ff
4 0 1 0 0 0 97 00 ff
4 0 1 0 0 1 df df ff
4 0 0 0 0 1 6d 00 ff
4 0 1 0 0 0 9a 00 ff
4 0 1 0 0 0 89 00 ff
4 0 1 1 1 1 8e 61 ff
4 0 1 0 0 1 dd dd ff
4 0 1 0 0 1 c0 c0 ff
4 0 1 1 0 0 a4 c0 ff
4 0 0 0 1 0 4e 00 ff
4 0 0 1 0 1 d3 00 ff
4 0 0 1 1 0 d0 00 ff
4 0 1 0 0 1 eb eb ff
4 0 1 0 0 1 1e 1e ff
4 0 1 0 0 1 3f 3f ff
4 0 1 0 0 0 81 3f ff
4 0 1 0 0 1 ea ea ff
4 0 1 0 0 1 0e 0e ff
4 0 1 0 0 0 88 0e ff
4 0 1 0 0 0 b4 0e ff
4 0 1 0 0 1 06 06 ff
4 0 1 1 0 1 e2 e2 ff
4 0 1 0 0 1 df df ff
4 0 1 0 0 1 d0 d0 ff
4 0 1 0 0 1 5a 5a ff
4 0 1 0 0 0 82 5a ff
4 0 1 0 0 0 f7 5a ff
4 0 1 0 0 1 c4 c4 ff
4 0 1 0 0 1 a4 a4 ff
4 0 1 0 0 0 af a4 ff
4 0 1 0 0 1 f8 f8 ff
4 0 1 1 0 1 10 10 ff
4 0 1 0 0 1 c3 c3 ff
4 0 1 0 1 0 4d f8 ff
4 0 1 0 0 1 60 60 ff
4 0 1 0 0 1 53 53 ff
4 0 0 0 0 0 12 00 ff
4 0 1 0 1 0 67 f8 ff
4 0 1 0 0 1 52 52 ff
4 0 1 0 0 0 5a 52 ff
4 0 1 0 0 1 39 39 ff
4 0 1 0 0 0 b6 39 ff
4 0 0 1 0 1 95 00 ff
4 0 1 1 0 1 9d 9d ff
4 0 1 0 0 1 18 18 ff
4 0 1 0 0 0 de 18 ff
4 0 1 0 0 0 ea 18 ff
4 0 0 0 0 0 c2 00 ff
4 0 1 0 0 0 ef 00 ff
4 0 1 0 0 1 fa fa ff
4 0 1 0 0 0 8b fa ff
4 0 1 0 0 1 94 94 ff
4 0 1 0 0 1 77 77 ff
4 0 1 0 0 0 21 77 ff
4 0 1 0 0 0 78 77 ff
4 0 0 0 0 0 45 00 ff
4 0 1 1 0 0 a8 00 ff
4 0 1 0 0 0 98 00 ff
4 0 1 0 1 1 02 00 ff
4 0 1 0 1 0 32 00 ff
4 0 1 0 0 0 25 00 ff
4 0 1 0 1 0 a9 00 ff
4 0 1 0 0 1 1f 1f ff
4 0 1 0 0 0 b4 1f ff
4 0 1 0 0 1 c8 c8 ff
4 0 1 0 0 0 ad c8 ff
4 0 1 0 0 1 bd bd ff
4 0 1 0 0 0 10 bd ff
4 0 1 0 0 0 29 bd ff
4 0 1 1 1 1 45 00 ff
4 0 0 0 0 1 f6 00 ff
4 0 1 0 0 0 6e 00 ff
4 0 1 1 0 0 40 00 ff
4 0 1 0 1 0 3a 00 ff
4 0 1 0 0 1 ce ce ff
4 0 1 0 0 1 f7 f7 ff
4 0 0 1 0 1 2c 00 ff
4 0 0 0 0 1 cc 00 ff
4 0 1 0 1 0 85 00 ff
4 0 1 0 0 1 79 79 ff
4 0 1 1 0 0 58 79 ff
4 0 1 0 0 1 6c 6c ff
4 0 1 0 0 1 b7 b7 ff
4 0 1 0 0 1 25 25 ff
4 0 0 0 0 0 ec 00 ff
4 0 1 0 0 0 16 00 ff
4 0 1 0 0 1 61 61 ff
4 0 1 1 0 1 f2 f2 ff
4 0 1 0 0 0 09 f2 ff
4 0 0 0 0 0 fe 00 ff
4 0 1 0 0 0 94 00 ff
4 0 0 0 0 1 d0 00 ff
4 0 1 0 0 0 4a 00 ff
4 0 1 0 0 0 91 00 ff
4 0 1 0 0 1 50 50 ff
4 0 1 0 0 0 79 50 ff
4 0 1 0 0 0 19 50 ff
4 0 1 0 0 1 d4 d4 ff
4 0 1 0 0 0 5d d4 ff
4 0 1 0 0 1 a8 a8 ff
4 0 1 0 0 1 7b 7b ff
4 0 0 0 0 0 54 00 ff
4 0 1 0 0 0 7d 00 ff
4 0 1 0 0 0 36 00 ff
4 0 1 0 0 1 7f 7f ff
4 0 0 0 0 0 40 00 ff
4 0 1 0 0 1 7d 7d ff
4 0 1 0 0 0 be 7d ff
4 0 1 0 0 1 5f 5f ff
4 0 1 0 0 0 58 5f ff
4 0 1 0 0 0 18 5f ff
4 0 1 0 0 0 09 5f ff
4 0 1 0 0 0 aa 5f ff
4 0 1 1 0 0 12 5f ff
4 0 1 0 0 0 14 5f ff
4 0 0 0 0 0 6d 00 ff
4 0 1 1 0 0 79 00 ff
4 0 1 0 0 0 6a 00 ff
4 0 1 0 0 1 02 02 ff
4 0 0 0 0 1 ff 00 ff
4 0 1 0 0 0 58 00 ff
4 0 1 0 0 0 b7 00 ff
4 0 1 0 1 0 55 00 ff
4 0 1 0 0 1 67 67 ff
4 0 0 1 0 1 6c 00 ff
4 0 1 0 0 1 11 11 ff
4 0 1 0 0 0 c3 11 ff
4 0 1 0 0 0 0c 11 ff
4 0 1 0 0 1 5b 5b ff
4 0 1 1 0 1 b7 b7 ff
4 0 0 0 0 1 c7 00 ff
4 0 0 1 0 1 21 00 ff
4 0 1 0 0 1 5c 5c ff
4 0 1 0 0 0 8b 5c ff
4 0 1 0 0 0 1a 5c ff
4 0 1 0 1 0 86 5b ff
4 0 1 0 0 0 7e 5b ff
4 0 0 0 0 0 84 00 ff
4 0 1 0 0 1 a1 a1 ff
4 0 0 0 0 0 f5 00 ff
4 0 1 0 0 0 44 00 ff
4 0 1 0 0 0 40 00 ff
4 0 0 0 0 1 56 00 ff
4 0 1 0 0 1 fd fd ff
4 0 0 0 0 1 58 00 ff
4 0 0 1 0 0 61 00 ff
4 0 1 0 0 1 a6 a6 ff
4 0 0 0 0 0 43 00 ff
4 0 0 0 0 1 e6 00 ff
4 0 0 0 0 1 87 00 ff
4 0 1 0 0 1 66 66 ff
4 0 1 0 1 1 94 5b ff
4 0 1 0 0 1 39 39 ff
4 0 1 0 1 0 5c 5b ff
4 0 1 0 0 1 3c 3c ff
4 0 0 0 0 0 ae 00 ff
4 0 1 0 0 0 8e 00 ff
4 0 1 0 0 0 d4 00 ff
4 0 0 1 1 0 9c 00 ff
4 0 1 0 0 1 7f 7f ff
4 0 1 0 0 0 c5 7f ff
4 0 1 0 0 1 57 57 ff
4 0 1 0 0 0 6a 57 ff
4 0 1 0 1 0 26 5b ff
4 0 1 0 0 0 0b 5b ff
4 0 1 0 0 1 0a 0a ff
4 0 0 0 0 0 ac 00 ff
4 0 1 1 0 0 86 00 ff
4 0 0 0 0 0 75 00 ff
4 0 1 0 0 0 2b 00 ff
4 0 1 0 0 1 a4 a4 ff
4 0 0 0 1 0 1e 00 ff
4 0 1 0 0 1 ba ba ff
4 0 0 0 0 0 22 00 ff
4 0 1 0 0 0 ac 00 ff
4 0 0 0 0 1 90 00 ff
4 0 1 0 0 1 bc bc ff
4 0 1 0 1 0 c4 00 ff
4 0 0 0 0 1 9c 00 ff
4 0 1 0 0 0 2d 00 ff
4 0 1 0 0 0 b5 00 ff
4 0 1 0 0 0 ec 00 ff
4 0 0 0 0 1 be 00 ff
4 0 1 0 0 0 67 00 ff
4 0 1 0 0 1 d2 d2 ff
4 0 1 0 0 1 b2 b2 ff
4 0 1 0 0 1 f3 f3 ff
4 0 1 0 0 1 77 77 ff
4 0 1 0 0 1 f7 f7 ff
4 0 1 0 1 1 fa 00 ff
4 0 0 0 1 1 f7 00 ff
4 0 0 0 0 0 ae 00 ff
4 0 1 0 0 0 60 00 ff
4 0 1 0 0 0 62 00 ff
4 0 1 0 0 1 97 97 ff
4 0 0 0 0 1 a0 00 ff
4 0 1 0 0 0 b8 00 ff
4 0 1 0 0 0 6e 00 ff
4 0 1 0 0 1 86 86 ff
4 0 1 0 1 1 21 00 ff
4 0 1 0 0 1 cd cd ff
4 0 1 0 0 0 a4 cd ff
4 0 1 0 0 0 c8 cd ff
4 0 1 0 0 1 1d 1d ff
4 0 1 0 0 1 21 21 ff
4 0 1 1 0 1 34 34 ff
4 0 1 1 0 0 83 34 ff
4 0 0 0 0 1 bc 00 ff
4 0 1 0 0 1 0a 0a ff
4 0 1 0 0 0 c1 0a ff
4 0 1 0 1 1 97 34 ff
4 0 1 0 0 0 6a 34 ff
4 0 1 1 0 1 f3 f3 ff
4 0 1 0 0 1 82 82 ff
4 0 1 0 0 0 87 82 ff
4 0 1 0 0 1 de de ff
4 0 0 0 0 1 c7 00 ff
4 0 0 1 0 0 e2 00 ff
4 0 1 0 0 1 3b 3b ff
4 0 0 0 1 1 3b 00 ff
4 0 1 1 0 0 d3 00 ff
4 0 1 0 1 1 80 00 ff
4 0 1 1 0 1 78 78 ff
4 0 1 0 0 1 46 46 ff
4 0 1 0 0 1 a9 a9 ff
4 0 1 0 0 1 59 59 ff
4 0 1 0 0 0 e5 59 ff
4 0 0 0 0 0 ed 00 ff
4 0 0 0 0 0 66 00 ff
4 0 0 1 0 0 79 00 ff
4 0 1 0 0 1 bc bc ff
4 0 1 0 1 1 d0 00 ff
4 0 1 0 0 1 eb eb ff
4 0 1 0 0 0 ff eb ff
4 0 0 0 0 1 15 00 ff
4 0 0 1 0 0 82 00 ff
4 0 1 0 0 1 b4 b4 ff
4 0 1 0 0 0 9a b4 ff
4 0 1 0 0 0 53 b4 ff
4 0 1 0 0 0 b8 b4 ff
4 0 1 0 0 1 fd fd ff
4 0 0 0 0 0 e0 00 ff
4 0 1 0 1 1 64 00 ff
4 0 1 0 0 1 40 40 ff
4 0 1 1 1 1 a2 00 ff
4 0 1 0 0 1 db db ff
4 0 1 0 0 0 bb db ff
4 0 1 0 0 0 e0 db ff
4 0 1 0 0 0 76 db ff
4 0 1 0 0 0 fa db ff
4 0 1 0 1 0 7e 40 ff
4 0 1 0 0 1 f2 f2 ff
4 0 1 0 0 0 80 f2 ff
4 0 1 0 0 0 ee f2 ff
4 0 0 0 0 0 7c 00 ff
4 0 1 1 0 0 63 00 ff
4 0 0 0 0 0 4b 00 ff
4 0 1 0 0 0 8c 00 ff
4 0 1 0 0 1 7c 7c ff
4 0 1 0 0 1 0d 0d ff
4 0 1 0 0 1 87 87 ff
4 0 1 0 0 0 8d 87 ff
4 0 1 1 0 1 f3 f3 ff
4 0 1 1 0 1 9a 9a ff
4 0 1 0 0 1 9d 9d ff
4 0 1 0 0 0 92 9d ff
4 0 1 0 0 1 c1 c1 ff
4 0 0 0 0 0 7b 00 ff
4 0 1 0 0 0 bb 00 ff
4 0 1 1 1 0 ef f3 ff
4 0 1 0 0 1 cf cf ff
4 0 1 0 0 1 30 30 ff
4 0 1 0 0 0 31 30 ff
4 0 1 0 0 1 b2 b2 ff
4 0 0 1 0 0 73 00 ff
4 0 1 0 0 0 e9 00 ff
4 0 1 0 0 0 9c 00 ff
4 0 1 0 0 1 6e 6e ff
4 0 0 0 0 0 a0 00 ff
4 0 1 0 0 1 b7 b7 ff
4 0 1 0 0 0 93 b7 ff
4 0 1 0 1 1 6d 00 ff
4 0 1 1 0 0 31 00 ff
4 0 1 0 0 0 a3 00 ff
4 0 1 0 0 1 1f 1f ff
4 0 1 1 1 0 68 00 ff
4 0 0 0 0 1 62 00 ff
4 0 0 0 0 0 e0 00 ff
4 0 1 0 0 1 03 03 ff
4 0 1 1 0 0 e8 03 ff
4 0 0 0 0 1 6b 00 ff
4 0 1 0 0 0 6f 00 ff
4 0 0 0 1 1 91 00 ff
4 0 1 0 1 1 31 03 ff
4 0 1 0 0 0 4f 03 ff
4 0 1 1 0 0 16 03 ff
4 0 1 0 0 1 73 73 ff
4 0 1 1 0 1 2c 2c ff
4 0 1 0 0 1 73 73 ff
4 0 1 0 1 0 bc 73 ff
4 0 1 0 0 0 e7 73 ff
4 0 1 0 1 0 6f 73 ff
4 0 1 0 0 1 b3 b3 ff
4 0 0 0 0 0 f3 00 ff
4 0 1 0 0 1 72 72 ff
4 0 1 0 0 0 33 72 ff
4 0 1 0 0 1 b2 b2 ff
4 0 1 0 0 0 24 b2 ff
4 0 1 0 0 1 c4 c4 ff
4 0 1 0 0 0 67 c4 ff
4 0 1 0 0 1 a6 a6 ff
4 0 1 0 1 0 f0 73 ff
4 0 1 1 0 0 d8 73 ff
4 0 1 0 1 1 41 73 ff
4 0 1 0 0 1 88 88 ff
4 0 1 0 0 0 ab 88 ff
4 0 1 0 0 0 8a 88 ff
4 0 1 0 1 1 a9 73 ff
4 0 1 0 0 1 a0 a0 ff
4 0 1 0 0 0 e2 a0 ff
4 0 1 0 0 1 fc fc ff
4 0 1 0 0 1 1d 1d ff
4 0 1 0 0 1 10 10 ff
4 0 0 0 0 0 c0 00 ff
4 0 1 0 0 0 45 00 ff
4 0 1 0 0 0 5b 00 ff
4 0 1 0 1 0 92 73 ff
4 0 1 0 0 0 e2 73 ff
4 0 1 0 1 1 ee 73 ff
4 0 1 0 1 0 eb 73 ff
4 0 1 0 0 1 57 57 ff
4 0 1 1 0 0 17 57 ff
4 0 1 0 1 1 0c 57 ff
4 0 1 0 0 0 ef 57 ff
4 0 0 0 0 0 0f 00 ff
4 0 1 0 0 1 4a 4a ff
4 0 1 0 0 1 bd bd ff
4 0 1 0 1 0 85 57 ff
4 0 1 0 0 0 39 57 ff
4 0 1 0 1 1 8a 57 ff
4 0 1 0 0 1 e5 e5 ff
4 0 0 0 0 0 ac 00 ff
4 0 1 0 0 0 14 00 ff
4 0 1 0 0 1 49 49 ff
4 0 1 0 0 1 47 47 ff
4 0 1 0 0 1 3f 3f ff
4 0 1 0 0 0 56 3f ff
4 0 1 0 0 1 c3 c3 ff
4 0 1 0 0 1 c0 c0 ff
4 0 1 0 0 0 b4 c0 ff
4 0 1 1 0 1 17 17 ff
4 0 1 0 0 1 79 79 ff
4 0 0 0 0 1 02 00 ff
4 0 1 1 0 1 ff ff ff
4 0 0 0 0 0 ba 00 ff
4 0 1 0 0 0 96 00 ff
4 0 0 0 0 1 a8 00 ff
4 0 0 0 0 1 52 00 ff
4 0 0 0 0 0 3c 00 ff
4 0 1 0 0 0 58 00 ff
4 0 0 0 0 0 9a 00 ff
4 0 1 0 0 0 87 00 ff
4 0 1 0 0 0 6d 00 ff
4 0 1 0 0 0 e1 00 ff
4 0 1 0 0 1 2a 2a ff
4 0 1 0 0 0 e4 2a ff
4 0 1 0 0 0 0f 2a ff
4 0 0 0 0 0 b1 00 ff
4 0 1 0 0 0 23 00 ff
4 0 1 1 0 0 2e 00 ff
4 0 1 0 0 1 a7 a7 ff
4 0 1 0 0 0 3a a7 ff
4 0 1 0 0 1 1c 1c ff
4 0 1 0 0 0 66 1c ff
4 0 1 0 0 0 f1 1c ff
4 0 1 0 0 1 68 68 ff
4 0 1 0 1 1 9d 00 ff
4 0 1 0 0 0 58 00 ff
4 0 1 0 0 1 8e 8e ff
4 0 1 0 0 1 31 31 ff
4 0 1 0 0 1 29 29 ff
4 0 0 1 0 0 72 00 ff
4 0 1 0 0 1 b8 b8 ff
4 0 1 1 0 0 27 b8 ff
4 0 1 1 0 1 42 42 ff
4 0 1 0 0 0 7d 42 ff
4 0 1 0 0 1 e5 e5 ff
4 0 1 0 0 1 6b 6b ff
4 0 1 0 0 0 81 6b ff
4 0 0 0 0 0 da 00 ff
4 0 1 0 0 1 8e 8e ff
4 0 1 0 0 1 d0 d0 ff
4 0 0 0 0 1 37 00 ff
4 0 1 0 0 1 78 78 ff
4 0 1 0 0 1 a8 a8 ff
4 0 1 0 0 0 5a a8 ff
4 0 1 1 0 1 70 70 ff
4 0 1 0 0 0 8f 70 ff
4 0 1 0 0 0 4b 70 ff
4 0 1 0 0 0 3c 70 ff
4 0 0 0 1 0 ce 00 ff
4 0 1 0 0 0 5e 00 ff
4 0 1 0 0 0 44 00 ff
4 0 1 0 1 0 c4 a8 ff
4 0 1 0 1 0 9e a8 ff
4 0 1 1 0 1 bb bb ff
4 0 1 0 0 0 ef bb ff
4 0 0 0 0 0 96 00 ff
4 0 0 0 0 1 8d 00 ff
4 0 1 0 0 0 c8 00 ff
4 0 1 0 0 1 cd cd ff
4 0 0 0 1 0 3d 00 ff
4 0 1 0 0 1 f2 f2 ff
4 0 1 1 0 1 34 34 ff
4 0 1 0 0 1 48 48 ff
4 0 1 0 0 0 6e 48 ff
4 0 1 0 0 0 cd 48 ff
4 0 1 1 0 0 8b 48 ff
4 0 1 0 0 1 2d 2d ff
4 0 1 1 0 0 ef 2d ff
4 0 1 0 0 1 15 15 ff
4 0 1 0 1 0 77 2d ff
4 0 0 0 0 0 74 00 ff
4 0 1 0 0 1 fa fa ff
4 0 1 0 0 1 4d 4d ff
4 0 1 0 0 1 60 60 ff
4 0 1 0 1 0 53 2d ff
4 0 1 0 0 1 56 56 ff
4 0 1 0 0 1 39 39 ff
4 0 0 0 0 1 e0 00 ff
4 0 1 0 0 1 5f 5f ff
4 0 0 0 0 0 9d 00 ff
4 0 1 0 0 0 82 00 ff
4 0 0 0 1 0 f8 00 ff
4 0 1 0 0 0 ac 00 ff
4 0 1 1 1 1 4f 2d ff
4 0 1 0 0 1 bb bb ff
4 0 1 0 0 1 ff ff ff
4 0 1 0 0 1 e4 e4 ff
4 0 0 0 0 1 0f 00 ff
4 0 1 0 0 0 4e 00 ff
4 0 1 0 0 0 e4 00 ff
4 0 1 0 0 1 c8 c8 ff
4 0 0 0 1 0 4a 00 ff
4 0 1 0 1 0 9f 00 ff
4 0 1 0 0 1 1d 1d ff
4 0 1 0 0 0 ea 1d ff
4 0 1 1 0 0 60 1d ff
4 0 1 0 0 1 9e 9e ff
4 0 1 0 1 1 8f 1d ff
4 0 1 0 0 1 c5 c5 ff
4 0 1 1 0 0 71 c5 ff
4 0 1 0 0 0 5d c5 ff
4 0 1 0 0 1 d9 d9 ff
4 0 0 0 0 1 de 00 ff
4 0 1 0 1 0 ca c5 ff
4 0 1 0 0 1 40 40 ff
4 0 0 0 0 0 d7 00 ff
4 0 1 0 0 0 9c 00 ff
4 0 1 0 1 0 bb c5 ff
4 0 1 0 0 1 a9 a9 ff
4 0 1 0 0 0 26 a9 ff
4 0 1 0 0 1 41 41 ff
4 0 1 1 0 0 bd 41 ff
4 0 1 0 0 1 c8 c8 ff
4 0 0 0 0 1 cd 00 ff
4 0 1 0 0 0 a0 00 ff
4 0 1 0 0 1 6d 6d ff
4 0 1 0 0 0 b8 6d ff
4 0 1 1 0 1 19 19 ff
4 0 1 0 0 0 10 19 ff
4 0 1 0 0 1 85 85 ff
4 0 0 0 0 0 79 00 ff
4 0 1 0 0 0 b0 00 ff
4 0 1 1 0 0 13 00 ff
4 0 1 0 0 0 ec 00 ff
4 0 1 0 0 0 df 00 ff
4 0 1 0 0 0 40 00 ff
4 0 1 0 0 1 ca ca ff
4 0 1 0 0 0 bd ca ff
4 0 1 1 0 1 52 52 ff
4 0 1 0 0 1 ef ef ff
4 0 1 0 0 1 fa fa ff
4 0 1 0 0 1 e9 e9 ff
4 0 1 0 0 1 9e 9e ff
4 0 1 0 0 1 12 12 ff
4 0 1 0 0 0 aa 12 ff
4 0 1 0 1 1 15 ca ff
4 0 1 0 0 0 c0 ca ff
4 0 1 0 0 0 16 ca ff
4 0 0 0 0 0 fe 00 ff
4 0 1 0 0 0 65 00 ff
4 0 1 0 0 0 01 00 ff
4 0 1 0 0 0 a5 00 ff
4 0 1 0 0 1 5c 5c ff
4 0 1 0 0 0 20 5c ff
4 0 0 0 0 0 d6 00 ff
4 0 1 0 0 1 57 57 ff
4 0 1 0 1 0 9a ca ff
4 0 0 0 0 1 7f 00 ff
4 0 1 0 0 0 74 00 ff
4 0 0 0 0 0 e3 00 ff
4 0 1 0 1 0 1d ca ff
4 0 1 0 0 1 b4 b4 ff
4 0 1 1 0 1 b1 b1 ff
4 0 1 0 0 0 8d b1 ff
4 0 1 0 0 0 98 b1 ff
4 0 1 1 0 1 b0 b0 ff
4 0 0 0 0 1 39 00 ff
4 0 0 0 0 0 11 00 ff
4 0 1 0 0 1 9c 9c ff
4 0 0 0 0 1 c9 00 ff
4 0 1 0 0 0 a8 00 ff
4 0 1 0 1 1 c5 b1 ff
4 0 1 0 0 0 0d b1 ff
4 0 1 0 1 0 69 b1 ff
4 0 1 0 0 1 dc dc ff
4 0 1 0 0 1 a3 a3 ff
4 0 1 0 0 1 38 38 ff
4 0 1 0 0 0 d5 38 ff
4 0 1 0 0 0 73 38 ff
4 0 0 0 0 1 37 00 ff
4 0 1 0 0 0 fa 00 ff
4 0 1 0 0 0 f2 00 ff
4 0 1 1 0 0 7b 00 ff
4 0 1 0 0 0 d6 00 ff
4 0 0 0 0 0 11 00 ff
4 0 1 0 0 1 ef ef ff
4 0 1 0 1 1 58 00 ff
4 0 0 0 0 0 d5 00 ff
4 0 1 0 0 1 a7 a7 ff
4 0 1 0 0 1 e3 e3 ff
4 0 1 0 0 1 6a 6a ff
4 0 1 1 0 0 ff 6a ff
4 0 0 0 0 1 7a 00 ff
4 0 1 0 0 1 3e 3e ff
4 0 1 0 0 0 22 3e ff
4 0 0 0 0 0 57 00 ff
4 0 1 0 0 1 e2 e2 ff
4 0 1 0 0 1 1c 1c ff
4 0 1 0 0 0 7e 1c ff
4 0 1 0 0 0 81 1c ff
4 0 1 0 0 0 50 1c ff
4 0 1 0 0 1 34 34 ff
4 0 0 0 0 0 39 00 ff
4 0 1 0 0 0 05 00 ff
4 0 0 0 0 1 19 00 ff
4 0 1 0 0 1 e7 e7 ff
4 0 1 0 1 0 14 6a ff
4 0 0 0 0 0 f8 00 ff
4 0 1 0 0 1 8d 8d ff
4 0 1 0 0 0 87 8d ff
4 0 0 0 0 1 f6 00 ff
4 0 1 0 0 1 3d 3d ff
4 0 1 0 0 1 76 76 ff
4 0 0 0 0 1 88 00 ff
4 0 1 1 0 0 63 00 ff
4 0 1 0 0 1 46 46 ff
4 0 1 0 0 0 6f 46 ff
4 0 1 0 0 0 dd 46 ff
4 0 1 0 0 0 c2 46 ff
4 0 1 0 0 0 e7 46 ff
4 0 1 0 0 1 06 06 ff
4 0 1 0 0 1 55 55 ff
4 0 1 0 0 0 5d 55 ff
4 0 0 0 1 0 23 00 ff
4 0 1 0 0 0 8e 00 ff
4 0 1 0 0 0 41 00 ff
4 0 1 0 0 0 96 00 ff
4 0 1 0 0 1 b7 b7 ff
4 0 1 0 0 1 da da ff
4 0 1 0 0 1 54 54 ff
4 0 1 0 0 0 e6 54 ff
4 0 1 0 0 1 96 96 ff
4 0 1 0 0 0 00 96 ff
4 0 1 0 0 0 5f 96 ff
4 0 1 1 0 1 dd dd ff
4 0 1 0 0 1 17 17 ff
4 0 1 0 0 0 5b 17 ff
4 0 1 1 0 0 1e 17 ff
4 0 1 0 0 1 e1 e1 ff
4 0 1 0 0 1 09 09 ff
4 0 0 0 0 1 f4 00 ff
4 0 1 0 0 0 f6 00 ff
4 0 1 0 0 0 4a 00 ff
4 0 1 1 0 0 3a 00 ff
4 0 1 0 1 1 af 00 ff
4 0 1 0 0 0 35 00 ff
4 0 0 0 0 0 7b 00 ff
4 0 1 0 0 1 12 12 ff
4 0 0 0 0 1 a1 00 ff
4 0 1 0 1 1 64 00 ff
4 0 1 0 0 1 d1 d1 ff
4 0 0 0 1 1 8d 00 ff
4 0 1 0 0 0 09 00 ff
4 0 1 0 0 0 a8 00 ff
4 0 1 0 0 1 3b 3b ff
4 0 1 0 0 1 78 78 ff
4 0 0 0 0 0 6e 00 ff
4 0 1 0 0 1 5a 5a ff
4 0 1 0 0 0 a0 5a ff
4 0 1 0 1 1 05 00 ff
4 0 1 0 1 0 e9 00 ff
4 0 0 0 0 0 d0 00 ff
4 0 1 0 0 0 61 00 ff
4 0 1 0 0 0 a4 00 ff
4 0 0 0 0 0 e0 00 ff
4 0 1 0 0 1 fe fe ff
4 0 1 0 0 1 80 80 ff
4 0 1 1 0 1 84 84 ff
4 0 1 1 0 1 8d 8d ff
4 0 1 0 0 1 03 03 ff
4 0 1 0 0 0 c7 03 ff
4 0 1 0 0 1 3d 3d ff
4 0 1 1 0 1 8d 8d ff
4 0 1 0 1 0 db 3d ff
4 0 0 0 0 1 9d 00 ff
4 0 0 0 0 0 7a 00 ff
4 0 1 0 0 0 cd 00 ff
4 0 1 0 0 1 ff ff ff
4 0 1 0 0 1 65 65 ff
4 0 1 0 0 0 cd 65 ff
4 0 0 0 0 0 57 00 ff
4 0 1 0 0 0 f9 00 ff
4 0 0 0 0 1 3e 00 ff
4 0 0 0 1 1 9f 00 ff
4 0 0 0 1 1 44 00 ff
4 0 1 0 0 0 29 00 ff
4 0 0 0 0 1 7e 00 ff
4 0 1 0 0 0 1e 00 ff
4 0 0 0 1 0 6f 00 ff
4 0 1 0 0 0 a0 00 ff
4 0 1 0 0 0 be 00 ff
4 0 1 0 0 1 d0 d0 ff
4 0 1 0 0 1 a3 a3 ff
4 0 1 1 0 1 db db ff
4 0 0 1 0 0 de 00 ff
4 0 0 0 0 0 da 00 ff
4 0 1 0 0 0 4b 00 ff
4 0 0 0 0 1 9f 00 ff
4 0 1 0 0 0 f6 00 ff
4 0 1 0 0 0 a1 00 ff
4 0 1 0 0 0 de 00 ff
4 0 1 0 0 0 d5 00 ff
4 0 0 0 0 0 7b 00 ff
4 0 1 1 0 0 27 00 ff
4 0 1 0 0 0 d2 00 ff
4 0 1 0 0 1 4b 4b ff
4 0 1 1 0 0 54 4b ff
4 0 1 1 1 0 a1 4b ff
4 0 1 0 0 1 72 72 ff
4 0 1 0 0 0 15 72 ff
4 0 1 0 0 1 bb bb ff
4 0 1 0 0 0 6d bb ff
4 0 1 0 0 1 c6 c6 ff
4 0 1 1 0 1 61 61 ff
4 0 1 0 0 0 b6 61 ff
4 0 1 0 1 0 c8 c6 ff
4 0 0 0 0 1 ae 00 ff
4 0 1 0 1 1 1f c6 ff
4 0 0 0 0 1 4b 00 ff
4 0 1 0 1 0 40 c6 ff
4 0 1 0 0 1 a1 a1 ff
4 0 1 0 0 0 2e a1 ff
4 0 1 0 0 0 c0 a1 ff
4 0 1 0 0 1 44 44 ff
4 0 1 0 0 1 b4 b4 ff
4 0 1 0 0 0 c7 b4 ff
4 0 0 0 0 1 5b 00 ff
4 0 1 0 0 0 9c 00 ff
4 0 1 0 0 1 29 29 ff
4 0 1 0 0 1 e3 e3 ff
4 0 0 0 0 0 a9 00 ff
4 0 1 0 0 1 66 66 ff
4 0 1 0 0 1 3b 3b ff
4 0 1 0 0 0 be 3b ff
4 0 1 0 0 1 d4 d4 ff
4 0 0 0 0 1 e2 00 ff
4 1 1 0 0 1 36 00 ff
4 0 1 0 0 0 de 00 ff
4 0 1 0 1 0 aa 00 ff
4 0 1 0 0 1 15 15 ff
4 0 0 0 0 1 b8 00 ff
4 0 1 0 0 0 5c 00 ff
4 0 1 0 0 0 13 00 ff
4 0 1 0 0 1 ba ba ff
4 0 0 0 0 1 d1 00 ff
4 0 1 0 1 1 2f 00 ff
4 0 1 0 1 0 c8 00 ff
4 0 1 0 0 0 8d 00 ff
4 0 0 0 0 0 f6 00 ff
4 0 1 0 0 1 2c 2c ff
4 0 1 0 0 1 5e 5e ff
4 0 1 0 0 0 f6 5e ff
4 0 1 0 0 1 44 44 ff
4 0 1 0 0 1 6a 6a ff
4 0 1 0 0 0 e8 6a ff
4 0 1 0 0 0 51 6a ff
4 0 0 1 0 1 1b 00 ff
4 0 1 0 0 0 1d 00 ff
4 0 1 0 0 1 0f 0f ff
4 0 1 0 0 0 8e 0f ff
4 0 0 1 0 1 86 00 ff
4 0 1 0 0 0 53 00 ff
4 0 0 0 0 0 90 00 ff
4 0 0 0 0 0 07 00 ff
4 0 1 0 0 0 40 00 ff
4 0 0 0 0 0 c8 00 ff
4 0 1 0 0 1 83 83 ff
4 0 1 0 0 0 be 83 ff
4 0 1 0 0 1 4d 4d ff
4 0 0 0 0 0 4b 00 ff
4 0 0 0 0 0 9f 00 ff
4 0 1 0 0 1 ea ea ff
4 0 1 0 0 0 54 ea ff
4 0 0 0 0 0 7a 00 ff
4 0 1 0 0 0 ca 00 ff
4 0 1 0 1 0 3e 00 ff
4 0 0 0 0 1 ac 00 ff
4 0 1 0 0 0 23 00 ff
4 0 1 0 0 0 26 00 ff
4 0 1 0 0 0 ec 00 ff
4 0 1 0 1 1 e9 00 ff
4 0 0 0 0 0 d4 00 ff
4 0 1 0 0 0 7b 00 ff
4 0 1 0 0 1 01 01 ff
4 0 1 0 0 0 fa 01 ff
4 0 1 0 0 1 5e 5e ff
4 0 1 1 0 1 4a 4a ff
4 0 1 0 0 1 48 48 ff
4 0 0 0 0 1 98 00 ff
4 0 1 0 0 1 8e 8e ff
4 0 0 1 0 0 f0 00 ff
4 0 0 0 0 1 39 00 ff
4 0 1 0 0 1 c2 c2 ff
4 0 0 0 0 0 ed 00 ff
4 0 1 0 0 0 0a 00 ff
4 0 1 0 0 1 7a 7a ff
4 0 1 0 0 0 81 7a ff
4 0 0 0 0 1 3f 00 ff
4 0 0 0 0 1 56 00 ff
4 0 0 0 0 0 90 00 ff
4 0 1 0 0 0 1d 00 ff
4 0 1 0 0 0 33 00 ff
4 0 1 0 0 0 44 00 ff
4 0 1 0 1 0 91 5e ff
4 0 1 0 0 1 be be ff
4 0 1 0 0 0 c9 be ff
4 0 1 1 0 0 ce be ff
4 0 1 0 0 0 ec be ff
4 0 1 0 1 0 d3 be ff
4 0 1 0 0 1 93 93 ff
4 0 0 0 0 0 95 00 ff
4 0 1 0 1 0 42 be ff
4 0 1 0 0 0 b8 be ff
4 0 1 1 0 1 bf bf ff
4 0 1 0 0 1 80 80 ff
4 0 1 0 0 1 61 61 ff
4 0 1 0 0 1 81 81 ff
4 0 1 0 0 0 e7 81 ff
4 0 1 0 0 1 04 04 ff
4 0 1 0 0 1 a4 a4 ff
4 0 1 1 0 0 26 a4 ff
4 0 0 0 0 0 ef 00 ff
4 0 1 1 0 1 d2 d2 ff
4 0 1 0 1 0 cf 00 ff
4 0 1 0 0 0 50 00 ff
4 0 1 0 0 1 8b 8b ff
4 0 1 0 0 1 af af ff
4 0 1 0 0 1 f9 f9 ff
4 0 1 0 0 1 33 33 ff
4 0 1 0 0 0 75 33 ff
4 0 1 0 0 1 d1 d1 ff
4 0 1 0 0 0 2a d1 ff
4 0 1 0 0 1 31 31 ff
4 0 0 1 0 0 0d 00 ff
4 0 1 0 0 0 a5 00 ff
4 0 1 0 0 0 18 00 ff
4 0 0 0 0 0 21 00 ff
4 0 1 0 1 0 c1 00 ff
4 0 1 0 1 0 4b 00 ff
4 0 1 0 0 1 ac ac ff
4 0 1 0 1 1 af 00 ff
4 0 1 0 0 0 50 00 ff
4 0 1 0 0 1 c1 c1 ff
4 0 1 0 0 0 96 c1 ff
4 0 1 0 0 0 68 c1 ff
4 0 0 1 0 0 0d 00 ff
4 0 1 0 0 1 bd bd ff
4 0 0 0 0 1 ff 00 ff
4 0 0 0 0 0 cf 00 ff
4 0 1 0 0 1 4d 4d ff
4 0 1 0 0 0 72 4d ff
4 0 1 0 0 1 30 30 ff
4 0 1 0 1 0 be 00 ff
4 0 1 0 0 0 f2 00 ff
4 0 1 0 0 1 a5 a5 ff
4 0 1 1 0 1 5a 5a ff
4 0 1 1 0 1 25 25 ff
4 0 1 0 0 1 e0 e0 ff
4 0 1 0 0 1 69 69 ff
4 0 1 0 0 1 90 90 ff
4 0 0 0 0 0 b9 00 ff
4 0 1 0 0 1 33 33 ff
4 0 1 0 0 1 3f 3f ff
4 0 1 0 0 0 6d 3f ff
4 0 0 0 0 1 65 00 ff
4 0 1 0 0 0 05 00 ff
4 0 1 0 0 0 b1 00 ff
4 0 1 0 0 0 69 00 ff
4 0 1 0 0 1 8d 8d ff
4 0 1 0 0 1 d6 d6 ff
4 0 1 0 0 0 58 d6 ff
4 0 1 0 0 0 45 d6 ff
4 0 1 0 0 0 ee d6 ff
4 0 1 0 0 1 cb cb ff
4 0 1 0 0 1 c5 c5 ff
4 0 1 0 0 0 70 c5 ff
4 0 1 0 0 0 99 c5 ff
4 0 1 0 0 0 eb c5 ff
4 0 1 0 0 1 3e 3e ff
4 0 1 0 0 1 f2 f2 ff
4 0 1 0 0 1 57 57 ff
4 0 1 1 0 0 e0 57 ff
4 0 1 0 0 0 6c 57 ff
4 0 0 0 0 0 32 00 ff
4 0 1 0 0 1 2a 2a ff
4 0 1 0 0 0 1d 2a ff
4 0 1 0 0 0 50 2a ff
4 0 1 0 0 0 e5 2a ff
4 0 0 1 0 1 8b 00 ff
4 0 1 0 0 0 67 00 ff
4 0 1 0 0 0 8f 00 ff
4 0 1 0 0 0 b4 00 ff
4 0 1 0 0 1 f0 f0 ff
4 0 1 0 0 1 3b 3b ff
4 0 1 0 0 0 9d 3b ff
4 0 1 0 0 1 c6 c6 ff
4 0 1 0 0 0 08 c6 ff
4 0 1 0 0 1 80 80 ff
4 0 0 0 0 1 c8 00 ff
4 0 1 0 0 1 34 34 ff
4 0 1 0 0 1 47 47 ff
4 0 1 0 0 0 8a 47 ff
4 0 1 0 0 1 25 25 ff
4 0 1 0 0 1 91 91 ff
4 0 1 0 0 1 1d 1d ff
4 0 1 0 0 0 58 1d ff
4 0 0 0 0 1 a9 00 ff
4 0 0 0 0 1 60 00 ff
4 0 1 0 0 0 b7 00 ff
4 0 1 0 0 1 72 72 ff
4 0 0 0 0 1 43 00 ff
4 0 1 0 0 0 f7 00 ff
4 0 1 0 0 0 37 00 ff
4 0 1 1 0 1 91 91 ff
4 0 1 0 0 1 b5 b5 ff
4 0 0 0 0 1 0a 00 ff
4 0 0 0 0 1 50 00 ff
4 0 1 0 0 0 af 00 ff
4 0 1 0 0 1 80 80 ff
4 0 1 0 0 0 27 80 ff
4 0 1 1 1 0 ab 00 ff
4 0 1 0 0 0 d2 00 ff
4 0 1 0 0 0 ce 00 ff
4 0 0 0 0 0 cd 00 ff
4 0 1 0 0 0 93 00 ff
4 0 1 0 0 0 fb 00 ff
4 0 1 0 0 1 32 32 ff
4 0 1 0 0 1 a6 a6 ff
4 0 1 0 0 0 0c a6 ff
4 0 1 0 1 1 5e 80 ff
4 0 1 0 0 1 96 96 ff
4 0 1 0 0 0 4b 96 ff
4 0 1 0 0 1 5e 5e ff
4 0 1 0 0 1 fb fb ff
4 0 1 1 0 1 41 41 ff
4 0 1 1 0 1 01 01 ff
4 0 1 0 1 0 a0 41 ff
4 0 1 0 0 1 d1 d1 ff
4 0 1 0 0 1 de de ff
4 0 1 0 0 0 8f de ff
4 0 1 0 0 0 e7 de ff
4 0 1 0 0 1 38 38 ff
4 0 1 0 1 1 8d 41 ff
4 0 0 0 0 1 f9 00 ff
4 0 1 0 0 0 21 00 ff
4 0 0 0 0 0 d2 00 ff
4 0 0 0 0 1 eb 00 ff
4 0 1 1 0 0 e5 00 ff
4 0 1 0 0 1 3d 3d ff
4 0 1 0 0 1 39 39 ff
4 0 0 0 0 1 25 00 ff
4 0 0 0 0 1 a0 00 ff
4 0 0 0 0 0 e8 00 ff
4 0 1 0 0 0 7a 00 ff
4 0 1 0 0 1 6f 6f ff
4 0 1 0 0 0 b4 6f ff
4 0 1 0 0 0 66 6f ff
4 0 1 1 0 1 5b 5b ff
4 0 1 0 0 1 40 40 ff
4 0 0 0 0 1 13 00 ff
4 0 1 0 0 0 aa 00 ff
4 0 1 0 0 1 99 99 ff
4 0 0 1 0 1 fd 00 ff
4 0 1 0 0 0 51 00 ff
4 0 0 0 0 0 ec 00 ff
4 0 0 0 0 0 ed 00 ff
4 0 1 1 0 0 43 00 ff
4 0 0 1 0 1 6c 00 ff
4 0 1 1 0 0 00 00 ff
4 0 1 0 0 1 e5 e5 ff
4 0 0 0 0 1 86 00 ff
4 0 0 1 1 1 45 00 ff
4 0 1 0 0 1 b3 b3 ff
4 0 1 0 0 1 41 41 ff
4 0 1 0 0 1 a2 a2 ff
4 0 1 0 0 0 2b a2 ff
4 0 1 0 0 1 82 82 ff
4 0 1 0 0 1 9b 9b ff
4 0 1 0 0 0 f3 9b ff
4 0 1 0 0 1 64 64 ff
4 0 1 0 0 1 05 05 ff
4 0 1 0 1 0 d2 00 ff
4 0 1 0 0 0 22 00 ff
4 0 1 0 0 0 43 00 ff
4 0 0 0 0 0 95 00 ff
4 0 1 0 0 1 35 35 ff
4 0 1 0 0 1 63 63 ff
4 0 1 0 0 0 72 63 ff
4 0 1 1 0 1 f8 f8 ff
4 0 1 0 0 0 73 f8 ff
4 0 1 0 0 0 d5 f8 ff
4 0 1 0 0 1 be be ff
4 0 1 0 0 1 06 06 ff
4 0 1 0 1 1 48 63 ff
4 0 1 0 0 0 df 63 ff
4 0 1 0 0 0 93 63 ff
4 0 1 0 0 1 6d 6d ff
4 0 0 0 0 1 f2 00 ff
4 0 1 0 0 1 5a 5a ff
4 0 0 0 0 1 e2 00 ff
4 0 1 0 1 1 8e 63 ff
4 0 0 1 0 0 4d 00 ff
4 0 1 0 0 1 b7 b7 ff
4 0 1 0 0 0 ac b7 ff
4 0 1 0 0 1 59 59 ff
4 0 0 0 0 0 72 00 ff
4 0 1 0 0 1 73 73 ff
4 0 0 0 0 0 d7 00 ff
4 0 0 0 0 1 76 00 ff
4 0 0 0 0 1 6e 00 ff
4 0 1 0 0 1 3a 3a ff
4 0 0 0 0 0 4c 00 ff
4 0 0 0 0 1 7e 00 ff
4 0 1 0 0 1 20 20 ff
4 0 1 0 0 0 65 20 ff
4 0 1 0 0 0 b4 20 ff
4 0 1 0 0 0 26 20 ff
4 0 1 1 0 0 c4 20 ff
4 0 1 0 0 0 f2 20 ff
4 0 1 0 0 1 fd fd ff
4 0 1 0 0 1 60 60 ff
4 0 1 0 0 0 ff 60 ff
4 0 1 0 1 0 95 20 ff
4 0 0 1 0 1 12 00 ff
4 0 0 0 1 1 0c 00 ff
4 0 1 0 0 1 c6 c6 ff
4 0 1 0 0 1 c2 c2 ff
4 0 1 0 0 1 3c 3c ff
4 0 1 0 0 0 c3 3c ff
4 0 0 0 0 1 47 00 ff
4 0 1 0 0 1 92 92 ff
4 0 0 1 0 1 bc 00 ff
4 0 1 0 0 0 a3 00 ff
4 0 1 0 0 1 b3 b3 ff
4 0 1 0 0 0 b6 b3 ff
4 0 1 0 0 1 47 47 ff
4 0 1 0 1 1 38 20 ff
4 0 1 0 0 0 96 20 ff
4 0 1 0 0 0 d7 20 ff
4 0 1 0 0 0 11 20 ff
4 0 0 1 0 1 7b 00 ff
4 0 1 0 0 0 b2 00 ff
4 0 1 0 0 0 d1 00 ff
4 0 1 0 1 0 16 20 ff
4 0 1 0 0 1 d2 d2 ff
4 0 1 1 0 1 73 73 ff
4 0 1 0 0 1 93 93 ff
4 0 1 0 0 1 c3 c3 ff
4 0 0 0 0 0 85 00 ff
4 0 1 0 0 0 81 00 ff
4 0 1 0 0 0 84 00 ff
4 0 1 0 0 1 cb cb ff
4 0 1 0 0 1 fa fa ff
4 0 1 1 0 0 77 fa ff
4 0 1 0 1 0 85 fa ff
4 0 1 0 0 0 40 fa ff
4 0 1 0 0 0 ee fa ff
4 0 1 0 0 0 58 fa ff
4 0 0 0 0 1 18 00 ff
4 0 1 0 0 1 c0 c0 ff
4 0 1 0 0 0 d8 c0 ff
4 0 1 1 0 0 0a c0 ff
4 0 1 0 0 1 3f 3f ff
4 0 1 0 0 1 5c 5c ff
4 0 1 0 0 1 aa aa ff
4 0 0 0 0 0 a8 00 ff
4 0 0 0 1 0 6d 00 ff
4 0 1 0 0 0 24 00 ff
4 0 1 0 0 1 50 50 ff
4 0 1 0 0 1 77 77 ff
4 0 1 0 0 1 b5 b5 ff
4 0 1 1 0 0 12 b5 ff
4 0 0 1 0 1 94 00 ff
4 0 0 0 0 0 71 00 ff
4 0 1 0 0 1 b8 b8 ff
4 0 1 1 1 0 2b b5 ff
4 0 1 0 0 0 09 b5 ff
4 0 0 0 0 1 31 00 ff
4 0 0 0 0 0 4e 00 ff
4 0 1 0 0 1 7c 7c ff
4 0 1 0 0 0 f8 7c ff
4 0 0 0 0 1 0e 00 ff
4 0 1 0 0 1 af af ff
4 0 1 1 0 1 1c 1c ff
4 0 1 0 0 0 c5 1c ff
4 0 1 0 0 0 54 1c ff
4 0 1 0 0 0 5e 1c ff
4 0 1 0 0 1 9f 9f ff
4 0 1 0 0 1 57 57 ff
4 0 1 0 0 1 13 13 ff
4 0 0 0 0 0 ed 00 ff
4 0 1 0 1 1 43 af ff
4 0 0 0 0 0 21 00 ff
4 0 1 0 0 1 d9 d9 ff
4 0 1 1 0 0 fc d9 ff
4 0 0 0 0 0 6f 00 ff
4 0 0 0 0 1 10 00 ff
4 0 1 0 0 0 72 00 ff
4 0 1 0 0 1 ad ad ff
4 0 1 0 0 1 8e 8e ff
4 0 1 0 0 0 6d 8e ff
4 0 1 0 0 0 d2 8e ff
4 0 1 0 0 1 0c 0c ff
4 0 1 0 0 0 08 0c ff
4 0 0 0 0 0 a4 00 ff
4 0 0 0 0 0 54 00 ff
4 0 1 0 1 0 ac d9 ff
4 0 1 0 0 1 5b 5b ff
4 0 0 0 0 0 5d 00 ff
4 0 0 0 0 1 a4 00 ff
4 0 1 0 0 1 2e 2e ff
4 0 1 0 0 0 22 2e ff
4 0 1 0 0 0 22 2e ff
4 0 0 0 0 1 69 00 ff
4 0 1 0 0 0 a2 00 ff
4 0 1 0 0 1 c2 c2 ff
4 0 1 0 0 0 a1 c2 ff
4 0 1 0 0 0 21 c2 ff
4 0 1 1 0 0 63 c2 ff
4 0 1 0 0 0 22 c2 ff
4 0 1 0 0 1 f0 f0 ff
4 0 1 0 0 1 73 73 ff
4 0 1 0 0 1 4f 4f ff
4 0 0 0 0 0 66 00 ff
4 0 1 0 0 0 ba 00 ff
4 0 1 0 0 1 53 53 ff
4 0 1 1 0 0 70 53 ff
4 0 1 0 0 1 47 47 ff
4 0 1 0 0 0 4c 47 ff
4 0 1 0 0 1 3a 3a ff
4 0 1 0 0 0 86 3a ff
4 0 0 0 0 1 c2 00 ff
4 0 1 0 0 0 cf 00 ff
4 0 1 0 0 0 1c 00 ff
4 0 1 0 0 1 b5 b5 ff
4 0 0 0 0 1 31 00 ff
4 0 1 0 0 0 22 00 ff
4 0 1 0 0 1 ea ea ff
4 0 1 0 0 1 6b 6b ff
4 0 0 0 0 1 b7 00 ff
4 0 1 0 0 0 a2 00 ff
4 0 1 1 0 0 1c 00 ff
4 0 1 0 0 1 3e 3e ff
4 0 1 0 0 1 66 66 ff
4 0 1 0 0 1 7a 7a ff
4 0 1 0 0 0 d5 7a ff
4 0 1 0 0 0 8b 7a ff
4 0 1 0 0 1 45 45 ff
4 0 1 0 0 0 1f 45 ff
4 0 0 0 0 0 b0 00 ff
4 0 1 0 0 0 0e 00 ff
4 0 0 0 0 0 3c 00 ff
4 0 1 0 0 1 64 64 ff
4 0 1 0 1 1 71 00 ff
4 0 1 0 0 1 3f 3f ff
4 0 1 0 0 1 8f 8f ff
4 0 1 0 0 1 ad ad ff
4 0 0 0 1 1 32 00 ff
4 0 1 1 0 1 a9 a9 ff
4 0 1 0 0 0 b3 a9 ff
4 0 1 0 0 1 c9 c9 ff
4 0 1 0 0 0 38 c9 ff
4 0 1 0 0 0 ce c9 ff
4 0 1 0 0 1 2b 2b ff
4 0 1 0 0 0 c0 2b ff
4 0 1 0 0 1 32 32 ff
4 0 1 0 0 1 47 47 ff
4 0 0 0 0 1 3b 00 ff
4 0 1 0 0 1 f5 f5 ff
4 0 0 0 0 0 09 00 ff
4 0 0 0 0 1 43 00 ff
4 0 1 0 0 1 a9 a9 ff
4 0 1 0 1 0 1e 00 ff
4 0 1 0 0 1 71 71 ff
4 0 1 0 0 0 e2 71 ff
4 0 1 0 0 0 36 71 ff
4 0 0 0 1 0 c1 00 ff
4 0 1 0 0 1 3f 3f ff
4 0 1 0 0 0 81 3f ff
4 0 1 0 0 1 ef ef ff
4 0 1 0 0 1 ae ae ff
4 0 1 0 0 1 77 77 ff
4 0 1 0 0 0 b9 77 ff
4 0 1 0 0 1 15 15 ff
4 0 1 0 0 1 b2 b2 ff
4 0 1 0 0 1 a5 a5 ff
4 0 0 0 0 1 8d 00 ff
4 0 1 0 0 0 17 00 ff
4 0 1 0 0 1 65 65 ff
4 0 1 1 0 1 54 54 ff
4 0 1 0 0 0 55 54 ff
4 0 1 0 0 1 2a 2a ff
4 0 1 0 0 1 9e 9e ff
4 0 1 0 0 0 f3 9e ff
4 0 1 0 0 1 2e 2e ff
4 0 1 1 0 1 fd fd ff
4 0 0 0 0 1 eb 00 ff
4 0 1 0 0 1 09 09 ff
4 0 1 0 0 1 27 27 ff
4 0 1 1 0 0 df 27 ff
4 0 0 0 0 0 ac 00 ff
4 0 1 0 0 0 cf 00 ff
4 0 1 0 0 1 1a 1a ff
4 0 0 0 1 0 42 00 ff
4 0 1 0 0 1 61 61 ff
4 0 1 0 0 0 48 61 ff
4 0 0 0 0 1 7d 00 ff
4 0 1 0 0 1 48 48 ff
4 0 1 0 0 0 42 48 ff
4 0 1 0 1 1 78 27 ff
4 0 1 0 0 1 9b 9b ff
4 0 1 0 0 0 48 9b ff
4 0 1 0 0 1 76 76 ff
4 0 1 1 0 1 d8 d8 ff
4 0 1 1 0 0 06 d8 ff
4 0 1 0 1 0 43 d8 ff
4 0 1 0 0 0 e2 d8 ff
4 0 1 0 0 0 73 d8 ff
4 0 1 0 1 0 c5 d8 ff
4 0 1 0 0 1 a3 a3 ff
4 0 1 0 0 0 ac a3 ff
4 0 1 0 0 0 eb a3 ff
4 0 1 1 0 0 ee a3 ff
4 0 0 0 0 1 42 00 ff
4 0 1 0 0 1 63 63 ff
4 0 1 0 0 1 87 87 ff
4 0 1 0 0 1 33 33 ff
4 0 1 0 1 1 00 a3 ff
4 0 1 0 0 1 e8 e8 ff
4 0 1 0 0 0 cf e8 ff
4 0 0 1 0 0 7e 00 ff
4 0 1 0 0 0 d0 00 ff
4 0 1 0 0 0 9c 00 ff
4 0 1 1 0 1 08 08 ff
4 0 1 0 0 0 89 08 ff
4 0 1 0 0 0 69 08 ff
4 0 1 1 0 0 d8 08 ff
4 0 1 0 0 1 ff ff ff
4 0 1 0 0 1 f5 f5 ff
4 0 1 0 0 1 55 55 ff
4 0 1 0 0 0 69 55 ff
4 0 1 1 0 1 41 41 ff
4 0 0 0 0 1 61 00 ff
4 0 1 0 0 1 f2 f2 ff
4 0 1 0 0 1 e6 e6 ff
4 0 1 0 0 0 db e6 ff
4 0 1 0 0 0 4f e6 ff
4 0 1 0 0 0 7d e6 ff
4 0 1 0 0 1 2e 2e ff
4 0 1 0 1 0 c1 55 ff
4 0 1 0 0 0 b1 55 ff
4 0 1 0 0 1 ab ab ff
4 0 1 0 0 0 b3 ab ff
4 0 1 0 0 0 ff ab ff
4 0 1 0 1 0 b1 55 ff
4 0 1 0 0 0 ff 55 ff
4 0 1 0 0 0 0d 55 ff
4 0 1 0 1 0 86 55 ff
4 0 1 0 0 0 8b 55 ff
4 0 1 0 1 0 e3 55 ff
4 0 0 0 0 0 12 00 ff
4 0 1 0 0 1 be be ff
4 0 0 0 0 0 9f 00 ff
4 0 1 0 0 0 bc 00 ff
4 0 1 0 0 1 6e 6e ff
4 0 1 0 0 1 2e 2e ff
4 0 0 0 0 0 30 00 ff
4 0 1 0 0 1 4b 4b ff
4 0 1 0 0 0 fe 4b ff
4 0 1 0 0 1 c1 c1 ff
4 0 0 0 0 1 3f 00 ff
4 0 1 0 0 1 84 84 ff
4 0 1 0 0 0 47 84 ff
4 0 0 0 0 0 18 00 ff
4 0 0 0 0 1 6e 00 ff
4 0 0 0 0 1 2d 00 ff
4 0 1 0 0 0 46 00 ff
4 0 1 0 0 1 b0 b0 ff
4 0 1 0 0 0 f3 b0 ff
4 0 1 0 1 1 89 55 ff
4 0 1 0 0 0 1c 55 ff
4 0 0 0 0 0 09 00 ff
4 0 1 0 0 0 e5 00 ff
4 0 1 0 0 0 3e 00 ff
4 0 0 0 0 1 9a 00 ff
4 0 1 0 1 1 e4 55 ff
4 0 1 0 0 1 e5 e5 ff
4 0 1 0 1 0 1b 55 ff
4 0 1 0 0 0 14 55 ff
4 0 0 0 0 1 79 00 ff
4 0 0 0 0 0 02 00 ff
4 0 1 0 0 1 d2 d2 ff
4 0 1 0 0 0 87 d2 ff
4 0 1 0 0 1 99 99 ff
4 0 1 0 0 1 1e 1e ff
4 0 0 0 0 0 e2 00 ff
4 0 1 0 0 1 20 20 ff
4 0 1 0 0 1 45 45 ff
4 0 1 0 0 1 73 73 ff
4 0 1 1 1 0 ce 55 ff
4 0 1 0 0 1 37 37 ff
4 0 1 0 0 1 22 22 ff
4 0 1 0 0 0 4c 22 ff
4 0 1 0 0 0 73 22 ff
4 0 1 1 1 0 15 73 ff
4 0 0 0 0 0 b5 00 ff
4 0 1 0 0 0 1c 00 ff
4 0 1 0 0 1 40 40 ff
4 0 1 0 0 0 14 40 ff
4 0 1 0 0 0 30 40 ff
4 0 1 0 0 1 a4 a4 ff
4 0 1 0 1 0 2f 22 ff
4 0 1 0 0 1 32 32 ff
4 0 1 0 0 1 dc dc ff
4 0 1 0 1 0 80 22 ff
4 0 0 0 0 1 1f 00 ff
4 0 1 0 0 0 02 00 ff
4 0 1 0 0 1 21 21 ff
4 0 1 1 0 1 16 16 ff
4 0 1 0 0 0 ca 16 ff
4 0 1 0 0 1 44 44 ff
4 0 1 1 0 0 1b 44 ff
4 0 1 0 0 1 ca ca ff
4 0 1 0 0 1 3d 3d ff
4 0 1 0 0 0 61 3d ff
4 0 1 0 0 1 1e 1e ff
4 0 0 0 0 0 cc 00 ff
4 0 1 0 0 1 30 30 ff
4 0 1 1 0 0 7f 30 ff
4 0 0 0 0 1 67 00 ff
4 0 0 0 0 0 63 00 ff
4 0 1 0 0 0 67 00 ff
4 0 1 0 0 0 f3 00 ff
4 0 1 0 0 0 71 00 ff
4 0 1 0 0 1 d4 d4 ff
4 0 1 0 0 0 2e d4 ff
4 0 0 1 0 1 57 00 ff
4 0 1 0 0 0 a2 00 ff
4 0 1 0 0 0 65 00 ff
4 0 1 0 0 1 48 48 ff
4 0 1 0 0 1 d3 d3 ff
4 0 1 0 0 0 e0 d3 ff
4 0 1 1 0 1 d0 d0 ff
4 0 0 0 0 0 5f 00 ff
4 0 1 0 0 1 d8 d8 ff
4 0 0 0 0 0 ee 00 ff
4 0 1 0 0 0 6c 00 ff
4 0 1 1 0 0 f9 00 ff
4 0 1 0 0 1 a4 a4 ff
4 0 1 0 0 0 92 a4 ff
4 0 1 0 0 0 11 a4 ff
4 0 1 1 0 0 2f a4 ff
4 0 1 0 0 1 17 17 ff
4 0 0 0 0 1 87 00 ff
4 0 0 0 0 0 e7 00 ff
4 0 0 0 0 0 a0 00 ff
4 0 1 0 0 1 ff ff ff
4 0 1 0 0 0 55 ff ff
4 0 1 0 0 1 f1 f1 ff
4 0 1 0 1 0 af a4 ff
4 0 0 0 0 0 11 00 ff
4 0 1 0 0 0 8b 00 ff
4 0 1 0 0 1 1a 1a ff
4 0 0 0 0 0 3f 00 ff
4 0 1 0 0 1 b1 b1 ff
4 0 1 0 0 1 f5 f5 ff
4 0 1 0 0 0 46 f5 ff
4 0 0 0 0 0 17 00 ff
4 0 1 0 0 0 71 00 ff
4 0 1 0 0 0 68 00 ff
4 0 1 0 0 1 9e 9e ff
4 0 1 0 0 1 fa fa ff
4 0 1 0 0 1 42 42 ff
4 0 1 0 0 1 5b 5b ff
4 0 0 0 0 1 60 00 ff
4 0 1 0 0 1 b9 b9 ff
4 0 0 0 0 1 12 00 ff
4 0 1 0 0 1 9e 9e ff
4 0 1 0 0 1 f5 f5 ff
4 0 1 0 0 1 38 38 ff
4 0 1 0 1 1 a1 a4 ff
4 0 1 0 1 0 ba a4 ff
4 0 1 0 0 1 67 67 ff
4 0 1 0 1 0 ac a4 ff
4 0 1 0 0 1 73 73 ff
4 0 1 0 0 1 39 39 ff
4 0 1 0 1 1 9e a4 ff
4 0 1 0 0 1 18 18 ff
4 0 1 0 0 0 e4 18 ff
4 0 1 0 0 0 cb 18 ff
4 0 1 0 0 1 33 33 ff
4 0 0 0 0 1 a5 00 ff
4 0 1 0 0 0 34 00 ff
4 0 1 0 0 1 d6 d6 ff
4 0 1 0 1 0 b8 a4 ff
4 0 1 0 0 1 00 00 ff
4 0 1 0 1 1 bc a4 ff
4 0 1 0 0 0 2f a4 ff
4 0 1 0 0 0 97 a4 ff
4 0 0 0 1 1 a0 00 ff
4 0 1 0 0 1 c2 c2 ff
4 0 1 1 0 0 5e c2 ff
4 0 0 0 0 1 e7 00 ff
4 0 0 0 0 0 13 00 ff
4 0 1 0 0 1 81 81 ff
4 0 1 0 0 1 67 67 ff
4 0 0 0 0 1 57 00 ff
4 0 1 0 0 1 51 51 ff
4 0 0 0 0 1 ec 00 ff
4 0 1 0 0 1 74 74 ff
4 0 0 0 0 0 e6 00 ff
4 0 1 0 0 0 c5 00 ff
4 0 0 0 0 1 8f 00 ff
4 0 0 0 1 0 cc 00 ff
4 0 0 0 0 1 a0 00 ff
4 0 1 0 1 1 f8 c2 ff
4 0 1 0 0 0 84 c2 ff
4 0 1 0 0 1 a3 a3 ff
4 0 0 1 0 0 f6 00 ff
4 0 0 1 0 1 32 00 ff
4 0 1 0 0 0 c1 00 ff
4 0 1 0 0 1 a2 a2 ff
4 0 1 0 0 0 c8 a2 ff
4 0 1 0 0 0 17 a2 ff
4 0 1 0 0 1 67 67 ff
4 0 1 0 0 0 5f 67 ff
4 0 1 0 0 0 fb 67 ff
4 0 1 1 0 0 d8 67 ff
4 0 1 1 0 1 de de ff
4 0 1 0 0 1 00 00 ff
4 0 1 0 0 0 70 00 ff
4 0 1 0 0 0 23 00 ff
4 0 0 0 0 0 3a 00 ff
4 0 1 0 1 1 e1 67 ff
4 0 1 0 0 0 42 67 ff
4 0 1 0 0 0 95 67 ff
4 0 0 0 0 0 86 00 ff
4 0 0 0 0 0 ab 00 ff
4 0 1 0 0 0 18 00 ff
4 0 0 0 0 0 8a 00 ff
4 0 1 0 0 1 65 65 ff
4 0 1 0 1 1 db 67 ff
4 0 1 0 0 1 45 45 ff
4 0 1 1 0 1 2e 2e ff
4 0 0 0 0 1 bd 00 ff
4 0 1 0 0 1 06 06 ff
4 0 1 0 0 0 12 06 ff
4 0 1 0 0 1 ca ca ff
4 0 1 0 0 0 a6 ca ff
4 0 1 0 0 0 04 ca ff
4 0 1 0 0 1 76 76 ff
4 0 1 0 0 1 d5 d5 ff
4 0 1 0 0 0 dc d5 ff
4 0 1 0 0 0 19 d5 ff
4 0 1 0 0 1 13 13 ff
4 0 1 0 0 0 b2 13 ff
4 0 1 0 0 1 3b 3b ff
4 0 1 0 0 1 b4 b4 ff
4 0 1 0 0 0 a9 b4 ff
4 0 1 0 0 0 cf b4 ff
4 0 1 0 0 0 ef b4 ff
4 0 1 0 0 0 63 b4 ff
4 0 1 0 0 0 5d b4 ff
4 0 0 0 0 1 65 00 ff
4 0 1 0 0 0 83 00 ff
4 0 1 0 0 0 ba 00 ff
4 0 1 0 0 1 0d 0d ff
4 0 1 1 0 0 e8 0d ff
4 0 0 0 0 1 d7 00 ff
4 0 0 0 0 1 b6 00 ff
4 0 1 0 1 0 02 0d ff
4 0 0 0 0 0 d5 00 ff
4 0 1 0 1 0 99 0d ff
4 0 1 0 0 1 4a 4a ff
4 0 1 0 1 1 32 0d ff
4 0 1 0 0 1 d1 d1 ff
4 0 0 0 0 1 04 00 ff
4 0 1 0 0 0 be 00 ff
4 0 1 0 1 1 a0 0d ff
4 0 0 0 0 0 0d 00 ff
4 0 1 0 0 1 d4 d4 ff
4 0 1 0 1 1 09 0d ff
4 0 0 0 0 0 af 00 ff
4 0 1 0 0 0 e6 00 ff
4 0 1 0 0 0 0b 00 ff
4 0 1 0 0 0 b2 00 ff
4 0 0 0 0 1 fb 00 ff
4 0 0 0 0 1 be 00 ff
4 0 1 0 0 1 7c 7c ff
4 0 1 0 0 1 2e 2e ff
4 0 1 0 0 0 eb 2e ff
4 0 1 0 0 1 13 13 ff
4 0 1 0 0 1 f1 f1 ff
4 0 1 0 0 0 75 f1 ff
4 0 1 0 1 1 ea 0d ff
4 0 1 0 0 0 8d 0d ff
4 0 1 0 1 1 1a 0d ff
4 0 0 0 0 1 e3 00 ff
4 0 1 0 0 1 9e 9e ff
4 0 1 1 0 0 f2 9e ff
4 0 1 0 0 1 04 04 ff
4 0 1 0 0 0 5c 04 ff
4 0 1 0 0 0 4e 04 ff
4 0 1 0 0 1 92 92 ff
4 0 1 0 0 0 a8 92 ff
4 0 1 0 0 0 d0 92 ff
4 0 0 0 0 0 6d 00 ff
4 0 1 0 0 1 b1 b1 ff
4 0 1 0 0 0 0f b1 ff
4 0 1 0 0 0 1b b1 ff
4 0 1 1 0 0 fe b1 ff
4 0 1 0 0 0 95 b1 ff
4 0 1 0 0 1 81 81 ff
4 0 1 0 0 1 0a 0a ff
4 0 1 0 0 1 b1 b1 ff
4 0 1 0 0 1 a2 a2 ff
4 0 1 0 0 1 ab ab ff
4 0 1 0 0 0 a0 ab ff
4 0 1 0 0 0 df ab ff
4 0 1 0 0 0 05 ab ff
4 0 1 0 0 1 b3 b3 ff
4 0 1 0 0 1 f9 f9 ff
4 0 1 1 0 1 f6 f6 ff
4 0 0 0 0 1 01 00 ff
4 0 1 0 1 1 07 f9 ff
4 0 1 0 0 0 a1 f9 ff
4 0 1 0 0 1 2b 2b ff
4 0 1 0 0 0 fb 2b ff
4 0 1 0 0 0 af 2b ff
4 0 1 0 0 0 b1 2b ff
4 0 0 0 0 0 4d 00 ff
4 0 1 0 0 0 51 00 ff
4 0 1 1 0 1 93 93 ff
4 0 1 0 0 0 df 93 ff
4 0 1 0 0 0 e5 93 ff
4 0 1 0 1 1 fa 00 ff
4 0 1 0 0 0 bd 00 ff
4 0 1 0 0 1 d8 d8 ff
4 0 1 1 0 1 e1 e1 ff
4 0 0 0 0 0 36 00 ff
4 0 1 0 0 0 2b 00 ff
4 0 1 0 0 1 02 02 ff
4 0 1 0 0 1 ca ca ff
4 0 1 0 0 0 b2 ca ff
4 0 1 1 0 1 e4 e4 ff
4 0 1 0 1 0 d9 ca ff
4 0 1 0 0 1 8b 8b ff
4 0 0 0 0 0 fc 00 ff
4 0 0 0 0 1 28 00 ff
4 0 1 0 0 1 65 65 ff
4 0 1 1 0 1 7b 7b ff
4 0 1 0 0 0 26 7b ff
4 0 1 0 0 1 99 99 ff
4 0 1 0 1 0 02 65 ff
4 0 1 1 0 1 b9 b9 ff
4 0 0 0 0 0 fd 00 ff
4 0 1 0 0 1 58 58 ff
4 0 0 0 0 0 b7 00 ff
4 0 0 0 0 1 94 00 ff
4 0 1 0 0 0 56 00 ff
4 0 0 0 0 1 1c 00 ff
4 0 1 0 0 1 ec ec ff
4 0 1 0 0 0 c6 ec ff
4 0 1 0 0 0 2c ec ff
4 0 0 0 1 1 e8 00 ff
4 0 0 0 1 0 03 00 ff
4 0 0 1 0 1 c6 00 ff
4 0 0 0 0 0 d8 00 ff
4 0 1 0 0 1 79 79 ff
4 0 1 0 0 1 30 30 ff
4 0 1 0 0 1 d7 d7 ff
4 0 1 0 0 1 a1 a1 ff
4 0 0 0 0 0 be 00 ff
4 0 1 0 0 1 27 27 ff
4 0 1 0 0 0 c7 27 ff
4 0 1 0 0 0 fd 27 ff
4 0 1 0 0 1 70 70 ff
4 0 1 0 0 0 31 70 ff
4 1 1 0 0 1 b3 00 ff
4 0 1 0 0 0 e4 00 ff
4 0 1 0 0 0 d2 00 ff
4 0 1 0 1 0 b0 00 ff
4 0 0 0 0 1 8a 00 ff
4 0 1 0 0 0 f3 00 ff
4 0 1 0 0 1 1f 1f ff
4 0 1 0 0 0 cb 1f ff
4 0 1 0 0 0 0b 1f ff
4 0 1 0 0 1 f8 f8 ff
4 0 0 0 0 0 1d 00 ff
4 0 1 1 0 1 11 11 ff
4 0 1 1 0 1 ce ce ff
4 0 1 0 0 1 0f 0f ff
4 0 1 0 0 1 2d 2d ff
4 0 1 0 1 0 6d 11 ff
4 0 1 0 0 1 e6 e6 ff
4 0 1 1 0 1 4d 4d ff
4 0 1 0 0 0 3e 4d ff
4 0 0 0 0 0 ae 00 ff
4 0 1 0 0 1 d0 d0 ff
4 0 1 0 0 0 8d d0 ff
4 0 0 0 0 0 22 00 ff
4 0 1 0 1 1 1f e6 ff
4 0 0 0 0 0 2b 00 ff
4 0 1 0 0 1 a7 a7 ff
4 0 1 0 0 0 02 a7 ff
4 0 1 0 0 1 02 02 ff
4 0 1 0 0 0 c6 02 ff
4 0 1 0 1 1 32 e6 ff
4 0 1 0 0 0 38 e6 ff
4 0 0 0 1 0 fc 00 ff
4 0 1 0 0 0 71 00 ff
4 0 1 0 0 0 a1 00 ff
4 0 1 0 0 0 71 00 ff
4 0 1 0 0 1 f9 f9 ff
4 0 0 1 0 1 42 00 ff
4 0 1 0 0 1 b4 b4 ff
4 0 0 0 0 1 8d 00 ff
4 0 1 0 0 1 81 81 ff
4 0 1 0 0 1 23 23 ff
4 0 1 0 0 1 15 15 ff
4 0 1 0 0 1 9f 9f ff
4 0 1 0 0 0 bb 9f ff
4 0 0 0 0 1 69 00 ff
4 0 1 0 0 0 f0 00 ff
4 0 0 0 0 1 bd 00 ff
4 0 0 0 0 0 7d 00 ff
4 0 0 0 0 1 c4 00 ff
4 0 1 0 0 1 99 99 ff
4 0 1 0 0 1 bd bd ff
4 0 1 0 0 0 c4 bd ff
4 0 1 0 0 1 93 93 ff
4 0 1 0 0 0 a0 93 ff
4 0 1 0 0 1 e8 e8 ff
4 0 1 0 0 0 bd e8 ff
4 0 1 0 0 1 cf cf ff
4 0 1 0 0 1 64 64 ff
4 0 1 0 0 1 d1 d1 ff
4 0 0 0 0 1 22 00 ff
4 0 1 0 0 1 9a 9a ff
4 0 0 0 0 1 31 00 ff
4 0 1 0 0 0 61 00 ff
4 0 1 0 0 0 3d 00 ff
4 0 1 0 0 0 8f 00 ff
4 0 1 0 0 0 46 00 ff
4 0 0 0 0 1 80 00 ff
4 0 1 0 0 1 30 30 ff
4 0 1 0 0 0 91 30 ff
4 0 1 0 1 1 7e e6 ff
4 0 0 0 0 0 c4 00 ff
4 0 1 0 0 1 2c 2c ff
4 0 1 0 0 1 b3 b3 ff
4 0 1 0 0 1 32 32 ff
4 0 1 0 0 0 30 32 ff
4 0 1 0 0 0 eb 32 ff
4 0 1 0 0 1 09 09 ff
4 0 0 0 0 1 b3 00 ff
4 0 1 0 0 0 dc 00 ff
4 0 1 0 0 0 45 00 ff
4 0 1 0 0 1 0d 0d ff
4 0 0 0 0 0 b6 00 ff
4 0 1 0 0 1 eb eb ff
4 0 1 0 0 0 25 eb ff
4 0 1 0 1 1 d9 e6 ff
4 0 0 0 0 1 00 00 ff
4 0 1 0 1 0 5a e6 ff
4 0 1 0 0 1 e6 e6 ff
4 0 1 0 0 1 63 63 ff
4 0 1 0 0 0 2f 63 ff
4 0 1 0 0 0 ff 63 ff
4 0 1 0 0 0 9d 63 ff
4 0 1 0 0 1 dd dd ff
4 0 1 0 0 1 51 51 ff
4 0 1 0 0 0 5b 51 ff
4 0 1 0 0 0 67 51 ff
4 0 1 0 0 0 26 51 ff
4 0 1 0 0 0 68 51 ff
4 0 1 0 0 1 7c 7c ff
4 0 1 0 0 0 2f 7c ff
4 0 0 0 0 0 fa 00 ff
4 0 1 0 0 0 81 00 ff
4 0 1 1 0 0 0b 00 ff
4 0 0 1 0 1 ce 00 ff
4 0 1 0 0 1 f3 f3 ff
4 0 1 0 0 1 5c 5c ff
4 0 1 0 0 1 30 30 ff
4 0 1 0 0 0 71 30 ff
4 0 1 0 0 1 16 16 ff
4 0 0 0 0 0 30 00 ff
4 0 1 0 0 1 83 83 ff
4 0 1 1 0 1 86 86 ff
4 0 1 0 1 1 19 83 ff
4 0 1 0 0 1 2f 2f ff
4 0 1 0 0 0 13 2f ff
4 0 1 0 0 0 77 2f ff
4 0 1 0 0 1 42 42 ff
4 0 1 0 0 0 10 42 ff
4 0 0 0 0 0 04 00 ff
4 0 1 0 0 0 f1 00 ff
4 0 1 0 0 1 10 10 ff
4 0 1 0 0 1 85 85 ff
4 0 1 0 0 0 bc 85 ff
4 0 1 0 0 1 cf cf ff
4 0 1 0 0 1 28 28 ff
4 0 1 0 0 0 1d 28 ff
4 0 1 0 0 0 79 28 ff
4 0 1 0 0 1 49 49 ff
4 0 1 0 0 0 3c 49 ff
4 0 1 0 0 1 8c 8c ff
4 0 0 0 0 0 2d 00 ff
4 0 1 0 0 1 f6 f6 ff
4 0 1 0 0 1 cf cf ff
4 0 0 0 0 0 49 00 ff
4 0 1 0 0 1 34 34 ff
4 0 1 0 0 0 93 34 ff
4 0 1 0 0 0 ad 34 ff
4 0 1 0 1 1 ea 83 ff
4 0 1 0 0 1 c4 c4 ff
4 0 1 0 0 0 aa c4 ff
4 0 0 0 1 1 e3 00 ff
4 0 1 0 0 1 65 65 ff
4 0 0 0 0 0 c8 00 ff
4 0 1 0 0 1 a5 a5 ff
4 0 0 0 0 1 27 00 ff
4 0 1 0 0 0 93 00 ff
4 0 0 0 0 0 4e 00 ff
4 0 1 0 0 0 fd 00 ff
4 0 1 0 0 1 42 42 ff
4 0 1 0 0 0 8e 42 ff
4 0 1 0 0 0 00 42 ff
4 0 1 0 0 0 c4 42 ff
4 0 1 0 0 1 48 48 ff
4 0 1 0 0 1 d0 d0 ff
4 0 1 1 0 1 e7 e7 ff
4 0 1 1 0 0 f9 e7 ff
4 0 1 1 0 0 0e e7 ff
4 0 1 0 0 0 55 e7 ff
4 0 1 0 1 0 c8 e7 ff
4 0 1 0 0 0 84 e7 ff
4 0 0 0 0 1 7f 00 ff
4 0 1 0 0 0 da 00 ff
4 0 1 0 1 0 64 e7 ff
4 0 0 0 0 0 f3 00 ff
4 0 1 0 0 0 be 00 ff
4 0 0 0 1 0 c5 00 ff
4 0 1 0 1 0 63 e7 ff
4 0 1 0 0 0 b3 e7 ff
4 0 0 0 0 0 3d 00 ff
4 0 1 0 1 0 02 e7 ff
4 0 1 0 0 0 01 e7 ff
4 0 1 0 0 0 39 e7 ff
4 0 1 0 0 1 0d 0d ff
4 0 1 0 0 1 98 98 ff
4 0 1 0 0 0 ee 98 ff
4 0 1 0 0 1 45 45 ff
4 0 0 0 0 0 c9 00 ff
4 0 1 0 0 0 ac 00 ff
4 0 1 0 0 1 51 51 ff
4 0 1 0 0 0 40 51 ff
4 0 1 0 0 1 6c 6c ff
4 0 1 0 0 0 a5 6c ff
4 0 1 0 0 1 aa aa ff
4 0 1 0 0 0 ee aa ff
4 0 1 0 0 0 48 aa ff
4 0 1 0 1 1 2a e7 ff
4 0 1 0 0 0 30 e7 ff
4 0 0 0 0 1 fe 00 ff
4 0 1 0 0 0 9b 00 ff
4 0 1 0 1 0 34 e7 ff
4 0 0 0 0 1 c0 00 ff
4 0 1 0 0 1 7c 7c ff
4 0 1 0 0 1 f9 f9 ff
4 0 1 0 0 0 14 f9 ff
4 0 0 0 0 0 f5 00 ff
4 0 1 0 0 0 91 00 ff
4 0 1 0 0 0 f5 00 ff
4 0 1 0 1 1 cd e7 ff
4 1 1 0 0 1 29 00 ff
4 0 1 0 0 0 f3 00 ff
4 0 1 0 0 0 50 00 ff
4 0 1 0 0 0 7e 00 ff
4 0 1 0 0 1 ef ef ff
4 0 0 0 0 0 62 00 ff
4 0 1 0 0 1 dd dd ff
4 0 0 0 1 1 73 00 ff
4 0 1 0 0 0 e2 00 ff
4 0 1 0 0 1 12 12 ff
4 0 1 0 1 0 55 00 ff
4 0 1 0 0 0 ff 00 ff
4 0 1 1 1 1 04 00 ff
4 0 1 0 0 0 cc 00 ff
4 0 1 0 0 0 6d 00 ff
4 0 1 0 0 1 77 77 ff
4 0 0 0 0 0 59 00 ff
4 0 1 1 0 1 04 04 ff
4 0 0 1 1 1 c1 00 ff
4 0 0 0 0 1 b9 00 ff
4 0 1 0 0 0 b7 00 ff
4 0 0 0 0 0 5c 00 ff
4 0 1 1 0 1 65 65 ff
4 0 0 0 0 0 94 00 ff
4 0 1 0 0 0 24 00 ff
4 0 1 0 0 0 1f 00 ff
4 0 1 0 0 0 be 00 ff
4 0 1 1 0 0 75 00 ff
4 0 1 0 0 1 63 63 ff
4 0 1 0 0 0 9b 63 ff
4 0 1 0 0 0 ab 63 ff
4 0 1 1 0 1 4f 4f ff
4 0 1 0 0 1 5d 5d ff
4 0 1 0 0 0 2e 5d ff
4 0 1 0 0 0 07 5d ff
4 0 0 0 0 1 2c 00 ff
4 0 1 1 0 1 4e 4e ff
4 0 1 1 0 1 65 65 ff
4 0 1 0 0 1 21 21 ff
4 0 1 0 0 1 fb fb ff
4 0 1 0 0 0 2c fb ff
4 0 1 0 1 0 4f 4e ff
4 0 0 0 1 1 49 00 ff
4 0 1 0 0 0 e6 00 ff
4 0 1 0 0 0 de 00 ff
4 0 1 0 0 0 e6 00 ff
4 0 1 0 0 1 75 75 ff
4 0 1 0 0 1 dc dc ff
4 0 0 0 0 0 d3 00 ff
4 0 1 0 0 0 88 00 ff
4 0 1 0 0 0 e7 00 ff
4 0 0 0 0 0 0a 00 ff
4 0 0 0 0 0 13 00 ff
4 0 1 0 0 0 52 00 ff
4 0 0 1 0 0 71 00 ff
4 0 1 1 0 1 9a 9a ff
4 0 0 0 0 1 1e 00 ff
4 0 0 0 0 1 28 00 ff
4 0 1 0 0 0 a0 00 ff
4 0 1 0 0 0 f4 00 ff
4 0 1 1 0 1 f7 f7 ff
4 0 1 0 0 1 77 77 ff
4 0 1 0 0 0 8d 77 ff
4 0 1 0 0 0 39 77 ff
4 0 1 0 0 1 66 66 ff
4 0 1 0 0 0 bc 66 ff
4 0 1 0 0 1 44 44 ff
4 0 1 0 0 0 65 44 ff
4 0 1 0 1 1 6d 00 ff
4 0 1 0 0 1 2f 2f ff
4 0 1 0 0 0 97 2f ff
4 0 1 0 0 0 d7 2f ff
4 0 1 0 0 1 6c 6c ff
4 0 1 0 0 1 3e 3e ff
4 0 0 0 0 1 4e 00 ff
4 0 1 1 0 1 5c 5c ff
4 0 1 0 0 1 ac ac ff
4 0 1 0 0 0 08 ac ff
4 0 1 0 0 1 96 96 ff
4 0 1 0 0 1 d1 d1 ff
4 0 1 0 0 1 5b 5b ff
4 0 1 0 0 1 53 53 ff
4 0 1 0 0 0 56 53 ff
4 0 1 0 0 0 de 53 ff
4 0 1 0 0 0 a7 53 ff
4 0 1 0 0 1 75 75 ff
4 0 1 1 0 0 49 75 ff
4 0 1 0 0 0 0f 75 ff
4 0 1 0 0 1 f3 f3 ff
4 0 1 0 0 1 85 85 ff
4 0 1 0 0 1 cb cb ff
4 0 0 0 0 1 1f 00 ff
4 0 1 0 0 0 23 00 ff
4 0 1 0 0 0 52 00 ff
4 0 1 0 0 0 7b 00 ff
4 0 0 0 0 1 ea 00 ff
4 0 1 0 0 0 27 00 ff
4 0 1 0 1 1 86 75 ff
4 0 1 0 1 0 00 75 ff
4 0 1 0 0 0 aa 75 ff
4 0 0 0 0 0 79 00 ff
4 0 0 0 0 0 78 00 ff
4 0 1 0 0 0 6e 00 ff
4 0 1 0 0 0 7d 00 ff
4 0 1 0 0 1 39 39 ff
4 0 1 0 0 1 a9 a9 ff
4 0 1 0 0 0 20 a9 ff
4 0 1 0 0 1 78 78 ff
4 0 1 0 0 0 d0 78 ff
4 0 1 0 0 1 61 61 ff
4 0 1 1 0 1 f6 f6 ff
4 0 1 0 0 1 af af ff
4 0 1 0 0 0 28 af ff
4 0 1 0 0 0 4e af ff
4 0 1 0 0 0 e6 af ff
4 0 1 0 0 1 9c 9c ff
4 0 1 1 0 0 21 9c ff
4 0 1 0 0 0 5c 9c ff
4 0 1 1 1 0 38 9c ff
4 0 1 0 0 1 c2 c2 ff
4 0 1 1 0 0 d1 c2 ff
4 0 0 0 0 0 4c 00 ff
4 0 1 1 0 0 e1 00 ff
4 0 1 0 0 1 3d 3d ff
4 0 1 0 0 0 f2 3d ff
4 0 1 0 1 1 62 00 ff
4 0 1 0 0 1 f4 f4 ff
4 0 1 0 0 0 1b f4 ff
4 0 0 0 0 1 64 00 ff
4 0 1 0 0 1 f5 f5 ff
4 0 1 0 0 0 8d f5 ff
4 0 1 0 0 1 94 94 ff
4 0 1 0 0 0 1d 94 ff
4 0 0 0 0 1 23 00 ff
4 0 1 1 0 1 a7 a7 ff
4 0 1 0 0 0 ae a7 ff
4 0 1 0 0 0 ab a7 ff
4 0 1 0 0 1 a3 a3 ff
4 0 1 1 0 0 fd a3 ff
4 0 0 0 0 0 2d 00 ff
4 0 1 0 0 0 fe 00 ff
4 0 1 0 0 0 a6 00 ff
4 0 1 0 0 1 1e 1e ff
4 0 1 0 0 0 aa 1e ff
4 0 1 0 0 1 45 45 ff
4 0 1 1 0 0 73 45 ff
4 0 1 0 1 0 e2 45 ff
4 0 1 0 0 1 f2 f2 ff
4 0 1 0 0 1 f4 f4 ff
4 0 1 0 1 1 07 45 ff
4 0 1 0 0 0 ef 45 ff
4 0 1 0 0 0 c9 45 ff
4 0 1 1 1 1 09 45 ff
4 0 1 0 0 0 30 45 ff
4 0 1 0 0 1 f5 f5 ff
4 0 1 0 0 1 3d 3d ff
4 0 0 0 1 1 fa 00 ff
4 0 0 0 0 1 fd 00 ff
4 0 1 0 0 0 14 00 ff
4 0 1 0 0 0 13 00 ff
4 0 1 0 0 0 b1 00 ff
4 0 1 0 0 0 db 00 ff
4 0 0 0 1 1 ae 00 ff
4 0 1 0 1 1 10 45 ff
4 0 1 0 0 1 0c 0c ff
4 0 1 0 0 0 f1 0c ff
4 0 1 0 0 1 10 10 ff
4 0 1 0 0 0 96 10 ff
4 0 1 0 0 1 87 87 ff
4 0 1 0 0 1 43 43 ff
4 0 1 0 0 1 b6 b6 ff
4 0 1 0 0 0 81 b6 ff
4 0 1 0 0 1 c8 c8 ff
4 0 0 0 1 1 d9 00 ff
4 0 1 0 0 0 74 00 ff
4 0 1 0 0 1 b2 b2 ff
4 0 1 0 0 1 72 72 ff
4 0 1 0 0 0 e6 72 ff
4 0 1 0 0 0 ef 72 ff
4 0 1 0 0 0 cb 72 ff
4 0 0 0 0 1 ca 00 ff
4 0 1 0 0 0 a4 00 ff
4 0 1 0 0 0 b5 00 ff
4 0 1 1 0 0 95 00 ff
4 0 0 0 0 1 8f 00 ff
4 0 0 0 0 1 77 00 ff
4 0 1 1 0 1 e0 e0 ff
4 0 1 0 0 0 19 e0 ff
4 0 0 0 1 1 cb 00 ff
4 0 1 0 0 1 0d 0d ff
4 0 1 0 0 0 f4 0d ff
4 0 0 0 0 1 c8 00 ff
4 0 1 0 0 1 14 14 ff
4 0 1 0 0 0 97 14 ff
4 0 1 0 0 0 c1 14 ff
4 0 1 1 0 1 87 87 ff
4 0 1 0 0 1 5b 5b ff
4 0 1 0 1 0 a0 14 ff
4 0 0 1 0 1 2c 00 ff
4 0 1 0 0 0 5b 00 ff
4 0 1 0 0 0 d4 00 ff
4 0 1 0 0 1 94 94 ff
4 0 1 1 0 0 85 94 ff
4 0 1 0 0 0 69 94 ff
4 0 0 0 1 0 01 00 ff
4 0 1 0 0 0 43 00 ff
4 0 1 0 0 1 b6 b6 ff
4 0 1 0 1 1 7d 94 ff
4 0 1 0 0 0 59 94 ff
4 0 1 0 0 0 58 94 ff
4 0 1 0 0 1 36 36 ff
4 0 0 0 0 0 a5 00 ff
4 0 1 0 0 1 6b 6b ff
4 0 1 0 0 1 13 13 ff
4 0 0 0 0 0 2b 00 ff
4 0 1 0 0 1 6c 6c ff
4 0 0 1 0 0 44 00 ff
4 0 1 0 0 1 ea ea ff
4 0 1 0 0 0 86 ea ff
4 0 0 0 0 0 05 00 ff
4 0 0 0 0 0 71 00 ff
4 0 1 0 0 1 2c 2c ff
4 0 0 0 0 1 35 00 ff
4 0 0 0 0 1 cb 00 ff
4 0 1 0 1 0 08 94 ff
4 0 0 1 0 1 a9 00 ff
4 0 0 0 0 0 40 00 ff
4 0 1 0 0 1 54 54 ff
4 0 1 0 0 1 8d 8d ff
4 0 1 0 0 0 de 8d ff
4 0 1 0 0 0 b4 8d ff
4 0 1 0 0 1 b6 b6 ff
4 0 1 0 0 0 fb b6 ff
4 0 0 0 0 0 e9 00 ff
4 0 1 0 0 1 1c 1c ff
4 0 1 1 0 0 c5 1c ff
4 0 1 0 0 1 52 52 ff
4 0 1 0 0 0 3b 52 ff
4 0 0 0 0 1 4c 00 ff
4 0 1 0 0 1 ec ec ff
4 0 1 0 0 1 88 88 ff
4 0 1 0 0 0 9b 88 ff
4 0 1 0 0 0 6a 88 ff
4 0 1 0 0 0 bc 88 ff
4 0 1 0 0 1 63 63 ff
4 0 1 0 0 1 a5 a5 ff
4 0 1 1 1 1 c2 1c ff
4 0 1 0 0 1 0d 0d ff
4 0 1 0 0 1 cb cb ff
4 0 1 0 0 0 68 cb ff
4 0 0 1 0 0 40 00 ff
4 0 1 0 0 1 bd bd ff
4 0 1 0 0 0 ca bd ff
4 0 1 0 0 0 f1 bd ff
4 0 1 0 0 1 44 44 ff
4 1 1 0 0 0 70 00 ff
4 0 1 0 1 1 1b 00 ff
4 0 1 0 0 0 2b 00 ff
4 0 0 0 0 0 bd 00 ff
4 0 1 1 0 1 d2 d2 ff
4 0 0 0 0 1 18 00 ff
4 0 1 0 0 0 3f 00 ff
4 0 1 0 0 0 0c 00 ff
4 0 1 0 0 1 c0 c0 ff
4 0 1 0 0 1 b2 b2 ff
4 0 1 0 0 0 ff b2 ff
4 0 0 0 0 0 72 00 ff
4 0 1 0 0 0 71 00 ff
4 0 1 0 0 0 cd 00 ff
4 0 1 0 0 1 91 91 ff
4 0 0 0 0 0 5b 00 ff
4 0 1 0 1 0 25 00 ff
4 0 1 0 1 1 bf 00 ff
4 0 0 0 0 1 9c 00 ff
4 0 1 0 0 0 60 00 ff
4 0 0 0 0 1 64 00 ff
4 0 1 0 0 1 3b 3b ff
4 0 1 1 0 1 a1 a1 ff
4 0 1 0 0 1 95 95 ff
4 0 1 0 0 0 7e 95 ff
4 0 1 0 0 1 a8 a8 ff
4 0 1 0 0 0 6c a8 ff
4 0 1 0 0 1 ea ea ff
4 0 0 0 0 1 ef 00 ff
4 0 0 0 0 0 aa 00 ff
4 0 1 0 0 0 89 00 ff
4 0 0 0 0 1 d8 00 ff
4 0 0 0 0 1 a4 00 ff
4 0 0 0 0 1 2e 00 ff
4 0 1 0 0 0 10 00 ff
4 0 1 0 0 0 fb 00 ff
4 0 1 1 0 1 3f 3f ff
4 0 0 0 0 0 49 00 ff
4 0 1 0 0 0 f3 00 ff
4 0 1 0 0 1 a4 a4 ff
4 0 1 0 0 0 35 a4 ff
4 0 1 0 0 0 70 a4 ff
4 0 0 0 0 1 a8 00 ff
4 0 1 0 0 1 e7 e7 ff
4 0 1 0 0 0 d6 e7 ff
4 0 1 0 0 0 4c e7 ff
4 0 1 0 0 0 be e7 ff
4 0 1 0 0 0 4c e7 ff
4 0 1 0 0 1 76 76 ff
4 0 1 0 0 0 cb 76 ff
4 0 0 0 0 0 3d 00 ff
4 0 1 0 0 1 7f 7f ff
4 0 1 0 1 0 e3 00 ff
4 0 0 0 0 1 a0 00 ff
4 0 1 0 1 1 0d 00 ff
4 0 0 0 0 1 a5 00 ff
4 0 1 0 0 1 2b 2b ff
4 0 0 1 0 0 6e 00 ff
4 0 1 0 0 0 a7 00 ff
4 0 1 1 0 1 e7 e7 ff
4 0 1 0 0 1 d7 d7 ff
4 0 0 0 1 1 52 00 ff
4 0 1 0 1 0 cd 00 ff
4 0 1 0 0 1 52 52 ff
4 0 1 1 0 1 ff ff ff
4 0 0 0 0 0 df 00 ff
4 0 1 0 0 1 13 13 ff
4 0 1 0 0 0 3b 13 ff
4 0 1 1 0 1 ac ac ff
4 0 1 0 0 0 fc ac ff
4 0 1 0 0 0 d5 ac ff
4 0 0 0 0 1 79 00 ff
4 0 1 1 0 0 33 00 ff
4 1 0 0 0 1 92 00 ff
4 0 1 0 0 0 00 00 ff
4 0 1 0 0 0 49 00 ff
4 0 1 0 0 0 23 00 ff
4 0 1 0 1 0 b1 00 ff
4 0 1 0 0 1 24 24 ff
4 0 1 0 0 0 10 24 ff
4 0 1 0 0 0 d9 24 ff
4 0 1 0 0 0 10 24 ff
4 0 1 0 0 1 a3 a3 ff
4 0 1 0 0 1 52 52 ff
4 0 1 0 0 1 c6 c6 ff
4 0 1 0 0 1 0b 0b ff
4 0 1 0 0 0 e1 0b ff
4 0 1 0 0 1 30 30 ff
4 0 1 0 0 1 ba ba ff
4 0 1 0 0 0 5c ba ff
4 0 1 0 0 1 41 41 ff
4 0 0 0 0 0 c1 00 ff
4 0 1 0 1 1 42 00 ff
4 0 1 0 0 0 5e 00 ff
4 0 0 0 1 0 18 00 ff
4 0 1 0 1 0 77 00 ff
4 0 1 0 0 0 e9 00 ff
4 0 1 0 0 0 2b 00 ff
4 0 1 0 0 1 b0 b0 ff
4 0 0 0 0 0 ef 00 ff
4 0 1 0 0 0 99 00 ff
4 0 1 0 0 0 e5 00 ff
4 0 0 0 0 1 c2 00 ff
4 0 1 0 0 0 f0 00 ff
4 0 1 0 0 0 de 00 ff
4 0 1 0 0 0 f7 00 ff
4 0 1 0 0 1 f2 f2 ff
4 0 1 0 0 0 80 f2 ff
4 0 1 0 0 1 85 85 ff
4 0 1 0 0 0 38 85 ff
4 0 1 0 0 0 c8 85 ff
4 0 0 0 0 0 88 00 ff
4 0 1 0 0 0 81 00 ff
4 0 1 0 0 0 46 00 ff
4 0 1 0 0 0 95 00 ff
4 0 1 1 0 0 6e 00 ff
4 0 0 0 0 0 2a 00 ff
4 0 1 0 0 1 4b 4b ff
4 0 1 0 0 1 82 82 ff
4 0 1 0 0 0 6d 82 ff
4 0 1 0 0 0 78 82 ff
4 0 1 0 0 1 85 85 ff
4 0 1 0 0 1 5e 5e ff
4 0 1 0 1 0 4d 00 ff
4 0 1 1 0 1 39 39 ff
4 0 1 0 0 1 76 76 ff
4 0 1 0 0 0 21 76 ff
4 0 0 0 0 1 a9 00 ff
4 0 1 0 0 1 de de ff
4 0 0 1 0 0 fa 00 ff
4 0 0 0 0 1 25 00 ff
4 0 1 0 0 0 e7 00 ff
4 0 1 0 0 1 36 36 ff
4 0 1 0 0 1 3e 3e ff
4 0 0 0 0 1 12 00 ff
4 0 1 0 0 1 52 52 ff
4 0 1 0 0 0 e3 52 ff
4 0 1 1 0 1 91 91 ff
4 0 1 0 0 0 dc 91 ff
4 0 0 1 0 0 72 00 ff
4 0 1 0 0 1 c8 c8 ff
4 0 0 0 0 1 09 00 ff
4 0 1 0 0 1 96 96 ff
4 0 1 0 0 1 53 53 ff
4 0 1 0 0 1 e6 e6 ff
4 0 1 1 0 1 8c 8c ff
4 0 1 0 0 1 8c 8c ff
4 0 0 0 1 1 6f 00 ff
4 0 0 0 0 0 cc 00 ff
4 0 1 0 0 1 15 15 ff
4 0 1 0 0 0 16 15 ff
4 0 1 0 0 1 37 37 ff
4 0 1 0 0 1 d7 d7 ff
4 0 1 0 0 1 f2 f2 ff
4 0 0 0 0 0 d0 00 ff
4 0 1 0 0 0 c4 00 ff
4 0 1 0 0 1 bd bd ff
4 0 1 0 0 1 f8 f8 ff
4 0 1 0 0 0 c2 f8 ff
4 0 1 1 1 1 9f e6 ff
4 0 1 0 1 1 c8 f8 ff
4 0 1 0 0 1 35 35 ff
4 0 1 0 0 0 70 35 ff
4 0 1 1 0 1 69 69 ff
4 0 1 0 0 1 aa aa ff
4 0 1 0 0 1 67 67 ff
4 0 0 0 0 1 06 00 ff
4 0 1 0 0 0 44 00 ff
4 0 0 0 0 0 c7 00 ff
4 0 1 0 1 1 59 35 ff
4 0 1 0 0 0 bd 35 ff
4 0 1 0 1 1 a5 35 ff
4 0 1 0 0 0 4e 35 ff
4 0 1 0 1 1 a0 35 ff
4 0 1 0 1 1 38 35 ff
4 0 0 0 0 0 a5 00 ff
4 0 1 0 0 0 12 00 ff
4 0 1 0 0 0 75 00 ff
4 0 1 0 0 0 6f 00 ff
4 0 1 0 0 0 1d 00 ff
4 0 0 0 0 0 62 00 ff
4 0 0 0 0 1 62 00 ff
4 0 1 0 0 0 a6 00 ff
4 0 1 0 0 0 b4 00 ff
4 0 1 0 0 1 fe fe ff
4 0 1 0 0 0 7d fe ff
4 0 1 0 0 0 f9 fe ff
4 0 0 0 0 0 94 00 ff
4 0 1 0 1 1 ce 35 ff
4 0 1 0 0 0 90 35 ff
4 0 0 0 1 0 a3 00 ff
4 0 0 0 0 1 5a 00 ff
4 0 0 0 1 1 cf 00 ff
4 1 1 1 0 0 05 00 ff
4 0 0 0 1 0 60 00 ff
4 0 1 0 0 0 ea 00 ff
4 0 1 0 0 1 0e 0e ff
4 0 1 0 0 1 83 83 ff
4 0 1 0 0 1 b1 b1 ff
4 0 1 0 1 0 58 00 ff
4 0 1 0 0 1 00 00 ff
4 0 1 0 0 1 b2 b2 ff
4 0 1 0 0 1 b5 b5 ff
4 0 1 1 0 1 4c 4c ff
4 0 1 0 0 0 f5 4c ff
4 0 1 0 0 0 cc 4c ff
4 0 1 0 0 1 5b 5b ff
4 0 1 0 0 0 07 5b ff
4 0 0 0 0 0 71 00 ff
4 0 0 0 0 1 a0 00 ff
4 0 1 0 0 1 40 40 ff
4 0 1 0 0 0 67 40 ff
4 0 1 0 0 1 fa fa ff
4 0 1 0 0 0 dc fa ff
4 0 1 0 0 1 1d 1d ff
4 0 1 0 0 0 6d 1d ff
4 0 1 0 0 0 d7 1d ff
4 0 1 0 0 1 87 87 ff
4 0 1 1 0 0 76 87 ff
4 0 1 0 0 0 dc 87 ff
4 0 0 0 0 0 12 00 ff
4 0 1 0 0 1 1a 1a ff
4 0 1 0 0 0 56 1a ff
4 0 1 0 0 0 ff 1a ff
4 0 1 0 0 0 54 1a ff
4 0 1 0 0 1 ad ad ff
4 0 1 0 0 1 f7 f7 ff
4 0 1 0 0 0 bb f7 ff
4 0 0 0 0 0 36 00 ff
4 0 1 1 0 0 55 00 ff
4 0 1 0 1 0 1f 00 ff
4 0 1 0 0 0 ce 00 ff
4 0 1 0 1 0 68 00 ff
4 0 1 0 0 0 57 00 ff
4 0 1 0 0 1 8f 8f ff
4 0 1 0 0 1 9a 9a ff
4 0 1 0 0 1 66 66 ff
4 0 1 0 0 0 fc 66 ff
4 0 1 1 0 0 af 66 ff
4 0 1 0 0 0 d9 66 ff
4 0 1 0 0 0 e8 66 ff
4 0 1 0 0 0 26 66 ff
4 0 1 0 0 0 b4 66 ff
4 0 1 0 1 1 9e 66 ff
4 0 1 0 0 1 47 47 ff
4 0 1 0 0 0 a1 47 ff
4 0 1 0 0 1 a2 a2 ff
4 0 0 0 0 0 a8 00 ff
4 0 1 0 0 0 d8 00 ff
4 0 1 0 0 1 dd dd ff
4 0 1 0 0 0 89 dd ff
4 0 1 0 0 1 42 42 ff
4 0 1 0 1 1 af 66 ff
4 0 1 0 0 0 c5 66 ff
4 0 1 0 1 0 1e 66 ff
4 0 1 0 0 1 ef ef ff
4 0 1 0 0 0 39 ef ff
4 0 0 0 0 0 3b 00 ff
4 0 1 0 0 0 c4 00 ff
4 0 0 1 0 0 37 00 ff
4 0 1 0 0 0 ad 00 ff
4 0 1 0 0 0 ad 00 ff
4 0 1 0 0 0 4f 00 ff
4 0 1 0 0 0 05 00 ff
4 0 0 0 0 0 f6 00 ff
4 0 1 0 0 0 67 00 ff
4 0 1 0 0 1 2d 2d ff
4 0 1 1 0 1 54 54 ff
4 0 1 0 1 1 fa 2d ff
4 0 1 0 0 1 9d 9d ff
4 0 1 0 0 0 10 9d ff
4 0 0 0 1 0 e7 00 ff
4 0 1 0 0 1 74 74 ff
4 0 0 0 0 0 98 00 ff
4 0 1 0 0 1 46 46 ff
4 0 1 1 0 1 f8 f8 ff
4 0 1 0 0 0 19 f8 ff
4 0 1 0 0 0 7d f8 ff
4 0 1 0 0 0 47 f8 ff
4 0 1 0 0 1 85 85 ff
4 0 1 0 0 0 49 85 ff
4 0 1 0 0 1 a5 a5 ff
4 0 1 0 0 0 f0 a5 ff
4 0 1 0 0 1 90 90 ff
4 0 0 0 0 0 a6 00 ff
4 0 0 0 1 0 25 00 ff
4 0 1 0 0 0 e4 00 ff
4 0 1 1 1 0 7b 46 ff
4 0 1 0 0 0 e8 46 ff
4 0 1 0 0 0 40 46 ff
4 0 1 0 0 1 e8 e8 ff
4 0 0 0 0 0 a1 00 ff
4 0 1 0 0 0 2b 00 ff
4 0 0 0 0 1 92 00 ff
4 0 1 0 0 1 8d 8d ff
4 0 0 0 0 0 c0 00 ff
4 0 1 0 0 0 cb 00 ff
4 0 1 0 0 1 b6 b6 ff
4 0 0 0 0 0 67 00 ff
4 0 1 0 0 0 23 00 ff
4 0 1 0 0 1 42 42 ff
4 0 1 0 0 1 75 75 ff
4 0 1 0 0 1 06 06 ff
4 0 1 0 0 0 ee 06 ff
4 0 0 0 0 0 09 00 ff
4 0 1 0 0 1 ca ca ff
4 0 1 0 0 1 46 46 ff
4 0 1 1 0 1 60 60 ff
4 0 0 1 0 1 fb 00 ff
4 0 1 0 0 1 db db ff
4 0 0 0 0 1 0d 00 ff
4 0 1 0 0 0 bf 00 ff
4 0 1 0 0 1 34 34 ff
4 0 1 1 0 0 99 34 ff
4 0 0 0 0 0 e1 00 ff
4 0 0 0 0 0 42 00 ff
4 0 1 0 0 0 67 00 ff
4 0 0 0 0 0 9a 00 ff
4 0 0 0 0 0 17 00 ff
4 0 1 0 0 1 51 51 ff
4 0 1 0 0 1 b0 b0 ff
4 0 1 0 0 0 e5 b0 ff
4 0 1 0 1 1 87 34 ff
4 0 1 0 0 0 89 34 ff
4 0 0 0 0 0 7e 00 ff
4 0 1 0 0 1 9a 9a ff
4 0 1 0 0 0 d9 9a ff
4 0 1 0 0 0 5b 9a ff
4 0 1 0 0 1 8b 8b ff
4 0 1 0 0 1 4a 4a ff
4 0 1 0 0 0 73 4a ff
4 0 1 0 0 0 90 4a ff
4 0 1 0 0 0 21 4a ff
4 0 1 0 0 1 7a 7a ff
4 0 1 1 0 0 5f 7a ff
4 0 0 0 0 1 9f 00 ff
4 0 1 0 0 0 ee 00 ff
4 0 1 0 0 1 81 81 ff
4 0 1 0 0 1 09 09 ff
4 0 0 0 0 0 5c 00 ff
4 0 1 0 0 1 a6 a6 ff
4 0 1 0 1 1 97 7a ff
4 0 1 0 0 0 bd 7a ff
4 0 0 0 0 1 ec 00 ff
4 0 1 0 0 1 27 27 ff
4 0 1 0 0 1 d8 d8 ff
4 0 1 0 0 0 6b d8 ff
4 0 1 0 0 0 f6 d8 ff
4 0 1 0 0 0 12 d8 ff
4 0 1 0 0 0 86 d8 ff
4 0 0 0 0 1 13 00 ff
4 0 1 0 0 0 c0 00 ff
4 0 1 0 0 1 30 30 ff
4 0 1 0 1 0 02 7a ff
4 0 1 0 1 0 e6 7a ff
4 0 1 0 0 1 b6 b6 ff
4 0 1 0 0 1 36 36 ff
4 0 1 0 0 1 9f 9f ff
4 0 1 0 0 0 94 9f ff
4 0 0 0 0 0 8e 00 ff
4 0 1 0 0 1 7c 7c ff
4 0 0 0 0 1 c7 00 ff
4 0 1 0 0 0 69 00 ff
4 0 0 0 0 1 09 00 ff
4 0 1 0 0 1 ae ae ff
4 0 1 0 0 1 80 80 ff
4 0 1 1 0 1 cc cc ff
4 0 0 1 0 1 10 00 ff
4 0 1 1 0 0 b9 00 ff
4 0 1 0 0 1 1b 1b ff
4 0 0 0 0 1 a5 00 ff
4 0 1 0 0 1 54 54 ff
4 0 0 0 0 0 cd 00 ff
4 0 1 0 0 1 57 57 ff
4 0 1 1 0 0 58 57 ff
4 0 0 1 0 1 ef 00 ff
4 0 1 0 1 1 6a 57 ff
4 0 1 0 0 0 3c 57 ff
4 0 1 0 0 1 39 39 ff
4 0 1 1 0 0 73 39 ff
4 0 1 0 0 0 a4 39 ff
4 0 1 0 0 1 60 60 ff
4 0 1 0 0 0 68 60 ff
4 0 1 0 0 1 2c 2c ff
4 0 1 0 1 0 58 39 ff
4 0 1 0 0 1 a7 a7 ff
4 0 1 0 0 0 01 a7 ff
4 0 1 0 0 0 c9 a7 ff
4 0 0 0 0 0 20 00 ff
4 0 1 0 0 1 c3 c3 ff
4 0 1 0 0 1 f3 f3 ff
4 0 1 0 0 1 7c 7c ff
4 0 1 0 0 1 bb bb ff
4 0 0 0 0 0 33 00 ff
4 0 1 0 1 0 9c 39 ff
4 0 1 1 0 0 fd 39 ff
4 0 1 0 0 0 2b 39 ff
4 0 1 0 0 1 69 69 ff
4 0 1 0 0 1 e2 e2 ff
4 0 0 0 0 0 d4 00 ff
4 0 1 0 0 0 be 00 ff
