0 0000000000000001 1 1
0 0000000000000002 1 1
0 0000000000000004 1 1
0 0000000000000008 1 1
0 0000000000000010 1 1
0 0000000000000020 1 1
0 0000000000000040 1 1
0 0000000000000080 1 1
0 0000000000000100 1 1
0 0000000000000200 1 1
0 0000000000000400 1 1
0 0000000000000800 1 1
0 0000000000001000 1 1
0 0000000000002000 1 1
0 0000000000004000 1 1
0 0000000000008000 1 1
0 0000000000010000 1 1
0 0000000000020000 1 1
0 0000000000040000 1 1
0 0000000000080000 1 1
0 0000000000100000 1 1
0 0000000000200000 1 1
0 0000000000400000 1 1
0 0000000000800000 1 1
0 0000000001000000 1 1
0 0000000002000000 1 1
0 0000000004000000 1 1
0 0000000008000000 1 1
0 0000000010000000 1 1
0 0000000020000000 1 1
0 0000000040000000 1 1
0 0000000080000000 1 1
0 0000000100000000 1 1
0 0000000200000000 1 1
0 0000000400000000 1 1
0 0000000800000000 1 1
0 0000001000000000 1 1
0 0000002000000000 1 1
0 0000004000000000 1 1
0 0000008000000000 1 1
0 0000010000000000 1 1
0 0000020000000000 1 1
0 0000040000000000 1 1
0 0000080000000000 1 1
0 0000100000000000 1 1
0 0000200000000000 1 1
0 0000400000000000 1 1
0 0000800000000000 1 1
0 0001000000000000 1 1
0 0002000000000000 1 1
0 0004000000000000 1 1
0 0008000000000000 1 1
0 0010000000000000 1 1
0 0020000000000000 1 1
0 0040000000000000 1 1
0 0080000000000000 1 1
0 0100000000000000 1 1
0 0200000000000000 1 1
0 0400000000000000 1 1
0 0800000000000000 1 1
0 1000000000000000 1 1
0 2000000000000000 1 1
0 4000000000000000 1 1
0 8000000000000000 1 1
1 ffffffffffffffff 0 1
1 0000000000000000 0 1
2 9b95f239ae97d9db 1 1
2 ef70b4c0177344a3 1 1
2 aa59ce1e9e293641 1 1
2 bf2eb110d7881003 1 1
2 a269d132d5a5167b 0 1
2 0912b8e383d833a9 0 1
2 fbd5a293a18bb42f 1 1
2 700fdb1c5e85d8b3 1 1
2 ca032fa5872c3a65 0 1
2 fb85a89c1b9c7ec8 0 1
2 74f47996aed5ce80 0 1
2 cba859a099c566c6 0 1
2 ecde8b73482c3495 0 1
2 f91ae57c60ea264f 0 1
2 6c58bca5bc731dd6 1 1
2 24f7408a71a1f3d7 0 1
2 ccd8904ef5a965f9 0 1
2 e724fe81f8a43b14 0 1
2 0cacc82cd69eee90 0 1
2 69c16089174d9406 1 1
2 8b2de38c133d33ea 1 1
2 ee00fefa49e0c551 0 1
2 a5f274ab5c718332 0 1
2 6eae951bb477caf2 1 1
2 967978c9d3aed4c5 1 1
2 5dbcb37590082630 0 1
2 b486d616a3a20685 1 1
2 f86e136292b55aef 1 1
2 ce9da0dd08b7eecc 1 1
2 9e90f4e986d3692e 1 1
2 8154940b36972583 0 1
2 102234396abe13a4 0 1
2 01f0a9d2023fabd2 1 1
2 8297b9b0a7e14b71 0 1
2 5c63ca78e9046278 1 1
2 b508436711907bf0 0 1
2 39906b93947f4100 1 1
2 52eb4f560602dad6 1 1
2 870a54c65a145979 0 1
2 d225f90c28c6f444 0 1
2 058e2f66dc4f1958 1 1
2 03750f88ba5ff686 1 1
2 f13242d1e5835421 1 1
2 bc606c8937cc7efd 0 1
2 4fc2afedb809cc36 0 1
2 3a2ce0c9b3123cbf 0 1
2 a640c41182bc1ec2 0 1
2 4d3d33ceea8bad8b 0 1
2 0ac5106d9ffb2a93 0 1
2 45c98a3f48661ccf 1 1
2 341efef6b7936538 1 1
2 24a5262c7b325618 1 1
2 4432021b36894cb6 1 1
2 a27a919f9e28777a 1 1
2 70523a390c5c7e35 0 1
2 1adf567972f60721 0 1
2 a613515f8e883cee 0 1
2 4449e54e00a6579d 0 1
2 3d38497ea608af49 1 1
2 717e568816940f34 1 1
2 2154612aa655a544 1 1
2 59c54579575448a1 1 1
2 190e4c80078a385f 1 1
2 263a1dbaffd4160a 1 1
2 93e5f936106d966d 0 1
2 a0cbf1f228029621 0 1
2 a861da6d8178cbbe 1 1
2 d14ea9ab3ebf7466 1 1
2 49dd853087ca2860 0 1
2 06a987137959dbb2 0 1
2 2e080b5693979deb 0 1
2 e0cc81318b2b24fe 1 1
2 22e10c4e4b52971c 1 1
2 1ca913e236221508 0 1
2 2a76d988b1cdca1f 1 1
2 946841ed6dd1c5a2 0 1
2 8a654bf985415de9 0 1
2 af6d8f6eea791f92 1 1
2 5b7b00cb022c09d8 0 1
2 116babaa46ffff5c 1 1
2 d62444db903b0c18 0 1
2 3966ae6b0dd290cb 0 1
2 2bf193bac104830f 1 1
2 7245863166bde56c 0 1
2 11455af250fdab58 1 1
2 1751ee1031c66057 0 1
2 4f7f755af7807da1 0 1
2 37a06c280beb2994 0 1
2 3c015873d24a7671 1 1
2 707d9e55b45dc6c7 0 1
2 907a94d6e5c1a6d8 1 1
2 7f3ece2eb384cbde 1 1
2 c1549ba958d12196 0 1
2 479d723a8ccb322f 1 1
2 993137c3ebef4ada 1 1
2 d894440c0a77d0c2 1 1
2 8b2852b0d9964bf1 0 1
2 ceb93516ac65dca2 1 1
2 b837fe293263e004 0 1
2 d82ce567f77c507f 0 1
2 a3c3bf3a4cb0c314 1 1
2 f38a88ea012b06cc 1 1
2 946058fa447a22b0 0 1
2 df97036783e1bd34 1 1
2 42a48f2f071d5f76 1 1
2 f72033fe977cd9c5 0 1
2 384242e071ce2f44 0 1
2 fdbb0187552ed6cd 0 1
2 d3c44baec17379a0 0 1
2 5b662c9c9e4ceab6 0 1
2 347d41fbf721025e 1 1
2 a2e5a98ddea42b1c 0 1
2 5c84f436dc3295c1 0 1
2 1d0c9e7ceedcca76 0 1
2 5f4cfbc8d995d60b 0 1
2 f7a661667c980e99 1 1
2 ea68a7711184bb97 0 1
2 9a736232727416e7 0 1
2 8fd647f59e9d3170 0 1
2 2a9c7fb4f82be4d6 0 1
2 cb96c13ea7688ef8 0 1
2 b77e91d8930339fc 1 1
2 4897dc181616f99a 0 1
2 5183ac46a684e521 0 1
2 7dbb31bd09791ee1 0 1
2 e034aa0524bc0ce2 1 1
2 bbf3011d0b0f648b 1 1
2 50693995bb96e2e4 0 1
2 74b1c28df0fb4a69 1 1
2 935bf0a99821a489 0 1
2 7d12d0d616641234 1 1
2 f0440505bd3366db 0 1
2 25115cbc2ca64a8a 1 1
2 5e8c6c70b59cac2c 1 1
2 edad64d8ad287918 0 1
2 329d3f15f1dd2235 0 1
2 288107132a5a6250 0 1
2 f35d41753bb42647 0 1
2 d6324a1751b7da1c 0 1
2 2b69f6041397c47f 1 1
2 d249645ef205b0ac 1 1
2 cd9ddcbd9f63f689 0 1
2 463f51ec1b32dbfc 0 1
2 381560297a5bb770 0 1
2 0484f0801947ab38 1 1
2 1ceb4028f6b08b50 1 1
2 8c94813e5c0b4c22 1 1
2 f29988cb00a6dc6d 0 1
2 2807582dbd801c3a 0 1
2 e0322fba54a045b0 1 1
2 7a44c1e9a648ac6b 0 1
2 8a5bfb78c84a1bd2 1 1
2 aa9cbeae13283bd7 1 1
2 11fbb4e58be03de7 0 1
2 4ba9b9d4f33f7615 1 1
2 64be72a03a37323d 0 1
2 95e109b33fd81ad1 0 1
2 91778ce5ac89215d 1 1
2 6af566080ecaa4db 1 1
2 7f260c70d1e0f03d 1 1
2 4493bcf1cd5310ee 0 1
2 2a3afb37f24e2f8f 0 1
2 86c810a6d5511609 0 1
2 07b5ce0494965a8a 0 1
2 d115924a75ca4747 0 1
2 c9822183893b153b 1 1
2 341d73eda2d1d5ff 0 1
2 1057a24efa082a26 0 1
2 3fab374c2702d815 1 1
2 746780337e9aec60 1 1
2 5ee234de732fd745 1 1
2 ca5bcfa53edfc47e 0 1
2 1cf3eb6b29f3874b 1 1
2 2795b457c899179c 0 1
2 d3464db395bf2bd1 0 1
2 02165d7fb072ba85 1 1
2 b2527cc941daffb9 0 1
2 55fdf28b7ac5e311 0 1
2 bee1451128bbf7cc 0 1
2 f10a599e26e115d4 0 1
2 e6c414be22840531 1 1
2 ec461c8aa61aa011 1 1
2 d0f284d4d8faa845 0 1
2 78b736e39243f95e 0 1
2 09b5a493c7b3c99b 1 1
2 0744624e1424a54f 1 1
2 bf3c26e084ad0501 1 1
2 0bbc9d3d23b884fb 0 1
2 a20e70698657d07d 0 1
2 96a13b9a3fb7886c 0 1
2 b8ea2c9840f879e6 1 1
2 40e1cd7beb2fcfe5 0 1
2 ce7b942b8c684932 0 1
2 3ab40d113e43b3d7 0 1
2 cf9070467d7c6c96 1 1
2 5b9dcb2548ce86a2 1 1
2 bc225bc3cb81695e 0 1
2 7d3d0ba765c80aea 1 1
2 e631828bd7a0fd4b 1 1
2 7de0fb5c9830958c 0 1
2 662e92f8a6c6d826 1 1
2 82a58fa39bbd1c09 1 1
2 82b94b639619f162 0 1
2 902cba3e100a3254 0 1
2 b7fc780fca54eae6 1 1
2 8091686a9d33bd4e 0 1
2 535ae6993956d17a 0 1
2 de8150c57f391d34 0 1
2 5bc6af8ef37b2603 0 1
2 bc74cf86a74ee2f1 0 1
2 1decfdfb8d5ff4bd 0 1
2 6c90f3b587c9898e 0 1
2 2b1b2e6111bfb615 0 1
2 f3f7a00e7f13bf60 1 1
2 dd3cfee36ed0a472 1 1
2 67c5094ba48b0245 0 1
2 4a04d6655cb0ef1b 1 1
2 758e2fe624e29bb1 0 1
2 d9fe7bb0d95dc496 0 1
2 b02260993f9dc720 0 1
2 d91305f939b94420 0 1
2 a7d00a216f79a940 0 1
2 71cd01c8f1a0c4f9 1 1
2 bf70b205b30c3329 0 1
2 4aca457224359620 1 1
2 601ea77518748451 1 1
2 b8ba9ea2801bd1fc 0 1
2 f932402e0fd3bfd8 0 1
2 da4efc9e3a363449 0 1
2 16de6bc41d0183ba 0 1
2 4eeedd8add38319e 0 1
2 e2ff6d6de2b117fb 1 1
2 d42d4785de75390a 0 1
2 0d2b3905a76e7c06 0 1
2 94b875610a2697e0 0 1
2 3caaa7d5466aa790 0 1
2 fcaaab86d3fbefff 1 1
2 9a5cfcb60a721294 0 1
2 d71f38547f942a13 1 1
2 dfe84d3ecbd85620 0 1
2 6004a2e141aa2f16 0 1
2 0fa5367a58cba386 0 1
2 8d521e4ca2bcd9c8 0 1
2 c33a46f2a7bdf5df 0 1
2 b8d97943273784b1 0 1
2 a346566dca4c3b57 1 1
2 67d73a20153d70b5 0 1
2 cd8cc809291fecc7 1 1
2 76de56d450a1f7e5 0 1
2 583173d33362fc2f 0 1
2 edc0488374ab2362 0 1
2 9f30ddc25a056d43 1 1
2 86ec074cb9dd9125 1 1
2 fee22acfd107ab16 1 1
2 a7df0c41c594fcce 0 1
2 eb923302dbb4e70e 1 1
2 c3e528f840aaa131 1 1
2 3312409fa8331dfe 1 1
2 89b1d0b2c9e2521e 1 1
2 7a71cab8d6653f7d 0 1
2 f3866d396bc153b1 0 1
2 c3014517e56ae989 1 1
2 bda00b8b5bf20f5b 0 1
2 84dd2409e3bfb061 0 1
2 5b2da84babd58d2f 1 1
2 a68b384c1084a82f 1 1
2 24251ea9eab8990c 0 1
2 64195d21c60474ea 1 1
2 87a7fd228ba10d07 1 1
2 f2688acff525d7e8 0 1
2 7c3c5604e2beebcc 0 1
2 fbd0c29fcd3bf9e7 1 1
2 cbffa8e6c387c7bc 1 1
2 879b8aeeb7c2524b 0 1
2 2b15cda11dc7aeec 0 1
2 a4350e8d961500c9 1 1
2 2dd37fae01a1409c 0 1
2 b99b180b81af0dc4 1 1
2 cb39ffe02c49eec8 1 1
2 0363fadbb3e94a5b 0 1
2 3b6a5887ea3b88fc 0 1
2 79cd49c8344fccf3 0 1
2 137832b58fa6aafa 0 1
2 275116b84950b28c 0 1
2 754d87a2f9fa44f4 1 1
2 f4979d2f7eba9e12 0 1
2 005b32b52c65c5a2 1 1
2 2b3ec9d0a439aa25 0 1
2 a86d32de775eb5d6 0 1
2 5335da5084893479 0 1
2 4d004c507313ec17 0 1
2 dc6ccf7c2845ea23 1 1
2 be8b74a11e756120 0 1
2 85ed29fb99f7867f 0 1
2 8e752e7020fc3e8a 1 1
2 7f013049633e6b1e 1 1
2 ac37779890987d77 1 1
2 e3cd6784ca3d7c74 1 1
2 60b7e0cd27ff210e 1 1
2 2f6f144760ebb88d 1 1
2 f4dff5d21d096a53 0 1
2 3d5994663d0e339e 1 1
2 0d7628e2f79fa719 1 1
2 ded73e11bb3d5c51 1 1
2 4db892a3117b644b 0 1
2 b7b32f3dfb810bb3 0 1
2 c56dd21e55f96014 1 1
2 1e8e5c3c91de736d 1 1
2 e4042d4cca3d2927 0 1
2 1aafe1fa38bd55a4 1 1
2 383d9abd4981b79c 1 1
2 561639995101ef4f 1 1
2 7e4c716c99619778 1 1
2 50b23d9ef87fd8b5 1 1
2 84515142280a5335 0 1
2 d787340cf8631ff6 1 1
2 2ab3409593100e94 0 1
2 162a229f77f90211 1 1
2 3e90e3e6127d86dc 1 1
2 0db3b814b6e436f1 0 1
2 6dbc0c4213c8116f 0 1
2 493c9748d7e971a8 0 1
2 804e93e3455b47f5 0 1
2 0bab3686d16564ae 1 1
2 9cb47862c0b556c6 0 1
2 cc7e28805e740b58 0 1
2 9103ebb249e4fc8e 0 1
2 a9e5e87f917351b4 1 1
2 425b816676e30ce1 1 1
2 8710d9a8686f3905 0 1
2 bedef5ddfe31ff2b 0 1
2 8545f40b5750866d 1 1
2 be4de480599e1f82 1 1
2 f87f628fbe5e5d3b 1 1
2 7904d3a1721d5411 1 1
2 448e90254219580b 0 1
2 f9442c226b290953 1 1
2 737fad841dcacc26 0 1
2 b9ebd6de2a6e4d00 0 1
2 3c4dc590d128348d 1 1
2 e0cbd19a77983857 1 1
2 5121665673ccaf3e 1 1
2 4b8cf25c741e4dec 1 1
2 7990b85a2ec484d3 1 1
2 d6ee7ea11eda2199 1 1
2 fdf131b70303fcd8 1 1
2 82812fb797aee1d5 0 1
2 c8d430934eac37b6 1 1
2 06035ae8ac0d1477 1 1
2 53d6950a51e3bd38 0 1
2 62219fb3c7b6dec3 0 1
2 b8f66967edca9398 0 1
2 6ece62645f432c01 1 1
2 02e1f9249eda7ad1 0 1
2 d5e32d822abd5f08 0 1
2 6085155c993ea31d 1 1
2 0f773e594893813b 0 1
2 e172935672c1d864 0 1
2 a22657d0d2e3554d 1 1
2 9ccc7876def0d900 0 1
2 394c0f716a80851b 1 1
2 85c753d2adc4b9b4 1 1
2 8154c1c88d454d8a 1 1
2 5bf2cd3e62788b83 0 1
2 67a2a31b1593cf95 1 1
2 11a9cd290d2810cd 1 1
2 f75c1f07255415f4 1 1
2 d44473556b6c964b 0 1
2 c2d572c54abf4afd 0 1
2 48eef08530143f84 1 1
2 cbc0d1434b6d25c2 1 1
2 90ce967d57526924 1 1
2 53d86da8c2c35e58 1 1
2 6a3cd719ce1cdb6e 0 1
2 bfefb617cb6483e9 1 1
2 743e055a909156e9 1 1
2 f604d35f0b099906 1 1
2 20f4775ed3ad787c 0 1
2 d0f6a0dec93049b6 1 1
2 763c0b2d1d2df110 0 1
2 82a1fe313db2a2af 1 1
2 931e43667441962b 1 1
2 f23d583436013168 1 1
2 2a8feb24fe6c95cf 1 1
2 c190d68da139debe 1 1
2 21cfc0519223b7ce 0 1
2 62f268a53f61990b 1 1
2 c5512ad5654548ab 1 1
2 a2bf0b2c8c3508d9 1 1
2 a8e11aa5c6111c57 0 1
2 360acf9c56f3cf2c 1 1
2 930c85db6c2f53d7 0 1
2 285abde1557fb458 0 1
2 68d0a0617cab6cf9 1 1
2 f9dcc47f51f9df00 1 1
2 2b3cf0e63e62683a 0 1
2 9f68b8918fa8b210 1 1
2 a4ad9688e76d771c 0 1
2 cf847e6af3d4c14f 0 1
2 a7270b8af1f809dd 1 1
2 3486daab5a802633 0 1
2 5f3bcd52f3fffb0c 0 1
2 dfb1e9a121c878d3 1 1
2 b3032f42433aeee3 0 1
2 5db51a913622af2f 1 1
2 640aefef9f9f3b2e 0 1
2 542969e741728258 1 1
2 a49844594b38de53 1 1
2 71cf0df61ebd2eff 1 1
2 6db1443ab1fe79e3 0 1
2 333ec9ada19595e2 1 1
2 529b584b75e272b9 1 1
2 0c18d43b9e8e6426 0 1
2 50cd0975df027258 1 1
2 6c724d6ef5126699 1 1
2 4ab8fe0137fdf947 1 1
2 bbfd26ecda7f3363 1 1
2 1441115e9e97f1d3 1 1
2 4848f24bb6a06354 1 1
2 b7705401255b59fa 1 1
2 c44cbc92f75f41b4 1 1
2 0cdae2d55f31b578 0 1
2 7f5f920f18865857 1 1
2 3219e95c84679e9b 0 1
2 2de80d9c53854151 1 1
2 63d24063b9ef2338 1 1
2 3356af60a21bc1fd 1 1
2 129f7febd20de7ff 0 1
2 1c1f3f54df2751aa 1 1
2 473ba535c957b86f 0 1
2 416bd7db5e5fbae7 1 1
2 c73e7dd482b78cb8 1 1
2 237d05407f8fde8c 1 1
2 012c4e19b4683ce8 0 1
2 c0a1323a9c50fa67 1 1
2 0188d55e9689a07f 1 1
2 fd123c1555e2f068 1 1
2 17aac0257d99620e 1 1
2 931d7e4262ef8844 0 1
2 b75c4dcbca29fe12 1 1
2 c96b86b2f4d6801e 1 1
2 636f9e5dadad3e92 0 1
2 ab963db95b1c847e 1 1
2 4b9aba504335b12b 0 1
2 997950cbf9ede7a4 1 1
2 155e311bf2e25582 0 1
2 5ef2fab1d672c8df 1 1
2 0a4c9aafe2da4436 0 1
2 80b954768c1a04bf 0 1
2 5b5cde36bdddad69 0 1
2 e852e0c4803c9c38 1 1
2 945f8dda0a13ad79 1 1
2 f235a0a289ee43b9 1 1
2 3320dea8fbcd771d 0 1
2 51a5df9e6083bc30 1 1
2 b1900732aca73268 1 1
2 781e225220ded818 0 1
2 79da0880a9a6be17 0 1
2 67744fae6047f38f 0 1
2 e822b31bf91b06b2 1 1
2 9b4fdbcb861b8e87 0 1
2 6ab2ee2db0af9d9f 0 1
2 6ce303d154177dd1 0 1
2 60358ded56afd46a 0 1
2 e2f22f50c9c80a44 1 1
2 6f3ab1f281586ec8 0 1
2 5d7ff8609fea137b 1 1
2 c7080736e1da60a4 1 1
2 05253ce41b719883 1 1
2 fa4e86785b3736a5 1 1
2 56188230e432b792 0 1
2 59b68ac5a845c487 1 1
2 efcd4c88cd771ae7 1 1
2 f3354798a04543c8 0 1
2 f4e30ca3babaa74f 0 1
2 08b8b9e613901cba 0 1
2 38e7ae971b38c0dd 0 1
2 9806b7dcc3d3ba07 1 1
2 588af3bebac613b7 0 1
2 de40169b4f763d73 1 1
2 0e775227737a8bdd 0 1
2 94e3f92ddf9df7b6 0 1
2 14e9831fe5fae674 1 1
2 10fc4d343ebaaa00 0 1
2 36fd5a5bfcc9ca23 1 1
2 1febc3cdfd5a3f41 1 1
2 693668e15aa90bc5 0 1
2 1d5a904184d1bedf 1 1
2 6f6e2a8f2b4b8e50 1 1
2 789e03926dc58dde 1 1
2 58d6cd9433465f1b 1 1
2 ea4423a3474bfc16 1 1
2 45783347a4581ffb 1 1
2 b3ae279cd464a1ff 0 1
2 f934ff586b48a43f 0 1
2 8237dd9efab6fceb 1 1
2 711ff7b018255904 1 1
2 2b2f66aeadc76bb0 0 1
2 46c0e1bcff55b46b 1 1
2 4cca05151e47f4da 0 1
2 8b1ef0bd381f6aeb 0 1
2 26f8b7cf73d851a7 1 1
2 cd7fad9b3e3205de 0 1
2 18d5e1b1dd644cec 0 1
2 9e6255ee8525a884 1 1
2 a56e34b100fc18b0 1 1
2 e5dfd1e5536d3f34 1 1
2 16560eb469543e61 1 1
2 2fb20182a03df8a2 1 1
2 ddbd1f4d35059055 1 1
2 2ffaa9b0c70b12ca 0 1
2 a3f53d056af30b44 0 1
2 ae55bac5966d5169 0 1
2 211a3eee71887c6d 0 1
2 7d3fd617ed7edd3a 1 1
2 3413f815131abc00 1 1
2 74defbd2bd63a7ed 0 1
2 35f57cc4d58f560f 0 1
2 85e85507f5f17867 0 1
2 b26826b007dce8a1 0 1
2 3865ef9534aa85f1 1 1
2 26d2b3915a61da23 0 1
2 e435a5afddacaee7 1 1
2 6da66353ae70d18b 1 1
2 6a6559437a5a4067 0 1
2 f42a85a5a5a6b73d 0 1
2 e89c93cc838dfa08 0 1
2 402d1a0de15381cf 1 1
2 1c936fd178e6c670 1 1
2 595e2fc269d6eed8 0 1
2 3195faf92cf17408 0 1
2 8eb80cbcb579ce51 1 1
2 59baba0d1b6c321c 1 1
2 3806df237822f636 1 1
2 7dcdcab219cc49ef 0 1
2 6ba7e2497f6ce494 1 1
2 eeeb0157a692ff9c 1 1
2 4cdb17b2d86f05b1 1 1
2 a6a5f3fc96bb8f47 1 1
2 29b3cf75b406876e 0 1
2 ff4ec71b274d3b69 0 1
2 9310a08661a9bd96 1 1
2 1b506e850751a796 1 1
2 f70a123989a848f8 0 1
2 552213ba5d839d6f 1 1
2 68bb3cfc8578c1a2 0 1
2 f022a3360affc38e 0 1
2 2e908e5ef721ef6c 1 1
2 3ea75739d7f281f1 1 1
2 23c25fd2301b4923 0 1
2 cc104987d8ec222a 0 1
2 1822010093ea381e 1 1
2 4ad169f6b30d1336 0 1
2 2c76620c8dea9d6f 1 1
2 54d2379cf344d2b5 1 1
2 9fbffba11f6fb743 1 1
2 b2b72de0dbfff759 0 1
2 ad80e18bbf094063 0 1
2 177a6aedb3a04b9e 1 1
2 5f3b4a2bfe7dfbaf 0 1
2 9729e9b8f3c059c5 1 1
2 0c5a7ec201217f5b 0 1
2 36bd42d03eb2cb84 1 1
2 6ebc2cb1b0284d25 1 1
2 8e6f360d96d62497 1 1
2 b6e9b72491f3fbca 0 1
2 3f4f760c8a2f41ff 0 1
2 11b54979b91a8155 1 1
2 74dd36461cd2b5ca 1 1
2 fc6113cd32df350c 1 1
2 7638e0cb47143436 1 1
2 4232fabb7e443f3c 1 1
2 efedaaef8c8cfcf5 0 1
2 0a09e8906dd77d4d 1 1
2 56ab41d957ffe256 1 1
2 67a9d653a00ec6d4 1 1
2 e911794b1d67e0f0 0 1
2 be5bfbb8361ebc59 1 1
2 6685d803fb471fa4 0 1
2 96ce0a4cb3e8d85c 1 1
2 6bc56a7a2fe1cf2b 1 1
2 ab5970b16809429c 1 1
2 43a708dc4c716af4 0 1
2 4bcbc7cb79533503 0 1
2 49528fdfdace9d00 1 1
2 ec138330ca4eeef6 1 1
2 4f4ebbac0576cc94 1 1
2 c8d8f3e4a680747c 1 1
2 503b060ef3e6838f 1 1
2 f8587e686973d6ab 0 1
2 7888fa885397ce15 1 1
2 cb37ca722cca9267 1 1
2 a8d19c6a4ebae85c 0 1
2 165fb2ddec4d284c 1 1
2 fc219b35549b6769 0 1
2 bf7a38583f400573 0 1
2 0ced5e0266414e8d 0 1
2 7ba50065e657a01b 0 1
2 34a1712302a71395 0 1
2 852b9d2c000e1532 0 1
2 d75e8118b12bc3c4 0 1
2 56167dae0940a200 0 1
2 ce048cfe42679f0c 1 1
2 1ade3e2a6a5c9798 1 1
2 6ccff33f72590a76 1 1
2 0394f55b501f7c3c 0 1
2 8647d8dfa969d7f5 0 1
2 1802e0054a931b1e 1 1
2 6a41b62295079a17 0 1
2 0d74d468e101c261 1 1
2 29e0426bc1c61ff6 1 1
2 4cd74a43e1b86b8c 1 1
2 69f03750203c0531 1 1
2 9a0fb29067408e6f 0 1
2 deb4337aa04aa277 1 1
2 7e02809855bf9385 1 1
2 7a675e0c50a29b4a 0 1
2 f21e823619a874c6 1 1
2 905886dd5bf5e469 1 1
2 c141fe6bf3419c7c 0 1
2 eaef26c367531f69 1 1
2 4f77b9c710325d8c 1 1
2 a3e629aa586f2fe5 1 1
2 4d0c759203aeee8e 1 1
2 0a04c8acc3abb81b 1 1
2 f3a70940325a6137 1 1
2 6e4892ea96bfcc1d 0 1
2 d96f045ff070d302 1 1
2 828d4e527ce05f3c 1 1
2 2b25739ded046dd3 0 1
2 75ff23b7847b7413 1 1
2 a1a7f7b52b152f89 1 1
2 daebbc0c6fb8d80c 0 1
2 be60d19b0f18ffe6 0 1
2 1739a98799d6e201 0 1
2 3f863dd8648e2030 0 1
2 4b69f7ef912ce68e 1 1
2 4eff27f52c763b28 1 1
2 9cbf7b8f4f22cb6b 1 1
2 8560075fdb36bba8 1 1
2 533eac12a525345a 1 1
2 41af21b1ad019139 1 1
2 5fe533814c0e0e43 1 1
2 820ad74d491740b4 0 1
2 70f7ef647042be8c 0 1
2 260dbc8f1abe76bc 1 1
2 a182b011cf32815f 1 1
2 db74b4cd39a0de49 0 1
2 1c36cce81e3be7b6 1 1
2 b9ce4a0f24ec5df6 1 1
2 2a9a28af570a2f34 0 1
2 9753d1a544a7f02c 1 1
2 137e735fd4dda6ff 0 1
2 97ba27e19c765e8b 0 1
2 4ca1a9e590dda160 0 1
2 55e589ece2b5e270 1 1
2 ee007e5751f11d20 0 1
2 40a1f5b84598a938 1 1
2 d0ac36d0b735c974 0 1
2 c269e6588ba02ce9 1 1
2 6e7a4d9a752ea288 0 1
2 75454202152948c6 1 1
2 78bbe2b7d05c1693 0 1
2 d2ebe903abfadfb8 1 1
2 49db8ca8498801ca 1 1
2 4122ccaedbc27d7f 1 1
2 ac99831a50410ae6 1 1
2 486f8579352b9fa5 0 1
2 fc0a58f0c74539f2 0 1
2 f8a4c77c17ecccb0 0 1
2 b2e9cc0c16224f29 0 1
2 0e31b2ae35724c1c 1 1
2 d9017f1b800bd269 1 1
2 6214de1d7abf2792 0 1
2 47204215d7011975 1 1
2 4372f885e0fe8dc3 1 1
2 46dd389be83de180 1 1
2 045606275902b53f 1 1
2 1ac46e0674fd2dc1 1 1
2 4f391d5a2b4d7726 0 1
2 da38c01d29ae1bc5 0 1
2 03784dec6b0f0b08 0 1
2 3447e39b53f6d7dc 0 1
2 4e486c5c1a78b7a5 1 1
2 26cf90637d8b8b08 0 1
2 ac8d3524976bcca6 0 1
2 e2aef6b5e516c8ee 1 1
2 2b6841913a81ddd8 0 1
2 f330a4d9eaee2c27 0 1
2 5f91b130290657c0 1 1
2 107baf647635d97a 1 1
2 6ecbe9af2ca2299e 1 1
2 4721997add5cc8b0 1 1
2 64d37b9332f958d1 0 1
2 4318087258afd83d 0 1
2 227e634615c7ee15 0 1
2 daa385dce07f4b1e 1 1
2 33adadb8dfde0e5f 0 1
2 c28038b831a78dae 0 1
2 f1531177ad995ed2 1 1
2 087148a025f97000 1 1
2 378eae94ef1ab253 1 1
2 56c348299acb503d 1 1
2 02d16b071dfa538c 0 1
2 b063586432f73b65 0 1
2 883161c1d4ff70a3 0 1
2 099c4a69990ded19 1 1
2 108c97589cebc524 0 1
2 968599a13178424f 0 1
2 da7aa697edf16ea2 0 1
2 8e543d43f4cad347 1 1
2 f3833355d3715ef8 0 1
2 3cba706ff2b59eaa 1 1
2 01600a8f28317e24 1 1
2 727eea9962a57200 0 1
2 87bff6e9c5f86d5d 1 1
2 06aec7c9dde973fb 1 1
2 fadeb51cab4a7079 0 1
2 0b03dcbcfe77a5ee 0 1
2 bca6c7672797b724 0 1
2 e0c97e46659efce2 1 1
2 0111f558a91ae321 0 1
2 ee42a611ce2ea508 0 1
2 2938454bd61d88cd 1 1
2 9702e5a7e45ea293 0 1
2 c89d92fe58fa906b 0 1
2 20b249cfeb82f53c 0 1
2 a7c85c69c9970ca8 0 1
2 45016111e9834b37 0 1
2 c3dda5eb95fcf489 0 1
2 5ca4e4d31b670220 1 1
2 1c0fa62fdd91e07b 0 1
2 3a5b87291474a156 1 1
2 4b50f39b896b1119 0 1
2 c244031982415b4d 1 1
2 ac16016acda8ca54 1 1
2 df14fa88bd6b14fa 0 1
2 e448399ee91a751c 1 1
2 6769c0c504bd02d1 1 1
2 947b9214f5e4313f 1 1
2 053527cee6911835 1 1
2 e169f2e66f3eef76 1 1
2 a6e08c602e3f13b7 1 1
2 fdc226439d745cc4 0 1
2 5d554660812edd8c 1 1
2 346909c883f819c2 0 1
2 bd5944d8f8ff3100 0 1
2 670c3e76cf99ea7b 0 1
2 52cf1e5d7db31384 0 1
2 d209f6b11b8a07fc 0 1
2 0d6cf122bc43b36e 0 1
2 f22c0734a7d3fdf9 1 1
2 35cc56aaff928130 1 1
2 58a74e26b706e905 0 1
2 4555d7166a78fced 0 1
2 cfa79786bbbd66ee 1 1
2 18b02cc0f3fb73c5 0 1
2 420e6937e2b3110c 1 1
2 4ceea82189b213ba 1 1
2 b693c0ab3204f893 1 1
2 0db4c28a36ca3bef 1 1
2 565286772ac8f492 0 1
2 eff530c74b065505 0 1
2 e41d4390f06a9d40 1 1
2 bebdc69496f3e062 1 1
2 ae306e4c12f381fd 0 1
2 64bf9c59296c10a9 0 1
2 8653e51496a2b2c5 1 1
2 78839342f231ad2b 0 1
2 e48a7578e5fd9311 0 1
2 28a2130cd2fe6691 0 1
2 5f824499934ee10a 0 1
2 10fd6aad36b5b5da 0 1
2 5d8a29cb79a0b2aa 1 1
2 55eee857d0a1f618 1 1
2 29f7396242d0285e 1 1
2 45a633a9207b8671 1 1
2 344ad1f3954e75bd 1 1
2 ce5eb5b8361cdc4f 0 1
2 7b192f964c043cd4 0 1
2 1e381d5529bfa08c 0 1
2 678b730e368ade75 1 1
2 a716e70c9dc4b391 0 1
2 23f06f49c1edaf7a 0 1
2 5266b475e1431f9b 1 1
2 1a4b3d0007a47821 0 1
2 c1afc5b0f0037c1f 0 1
2 7066a22c525affea 1 1
2 ccd15f711182ae6a 1 1
2 8f95a76937f4f80a 1 1
2 8fd56b14798af5c9 1 1
2 bdb034d3962652fe 0 1
2 2738751a2f13a72e 0 1
2 3ba130433e701f0b 1 1
2 f314c31080753cdc 0 1
2 87be7c06d6d3e98a 1 1
2 700888f2d410097c 1 1
2 be8c4cbe0758b1c3 0 1
2 7d49611be06a64d5 1 1
2 366b1ef054dd257b 1 1
2 f2bdf809d80360fd 1 1
2 cda57c905d17cadd 1 1
2 87bf2ec52fc1b675 1 1
2 dda724e1d8fdd0f2 0 1
2 0bc153b56fd385c2 0 1
2 2ef3b26dddc3bd16 0 1
2 d25b105a760945b3 1 1
2 67be193f992edea5 0 1
2 600b960fa3df4d31 1 1
2 401d1e106362fc73 0 1
2 f2158c484c6d0c20 0 1
2 5796ca1dc319b346 0 1
2 47ece3ee9ff35a59 0 1
2 8bb99f7049868973 0 1
2 7f97e6ea18ca67a5 1 1
2 dbc5009146e5200c 0 1
2 98ef7f4e21b8a405 0 1
2 3a22f5678103e8cf 1 1
2 03cf8f3ca4d558c9 0 1
2 4b0a388e4b1fe993 1 1
2 1cd1bbe92a198b76 1 1
2 397591c8cc8fe980 0 1
2 b73c8ceda80e03ed 1 1
2 ee98532aa1bc4e9a 0 1
2 8e6b8d309ecd7084 0 1
2 01a3e81d0629e822 0 1
2 f06725d245040be5 0 1
2 3d9bacd5d95a7700 0 1
2 dfae837e631f51ba 0 1
2 005d82db1deef1a8 1 1
2 ccd348b44157d149 1 1
2 867b3e0977a89bd4 0 1
2 5af942e2ab306576 0 1
2 ba5be6d58ce36a6d 1 1
2 4dd257914289b007 1 1
2 6eb5be1612831468 1 1
2 b6f61f94211440a9 0 1
2 90559f6db371e307 0 1
2 c4952f7d6c99023d 0 1
2 e2c47e40d057c506 0 1
2 df72af4ed5d308e4 0 1
2 d0e4b7f4e1c81463 1 1
2 602159b9af595080 0 1
2 692fc05857500688 1 1
2 03e87b337583806b 0 1
2 97221604b1f4ad40 0 1
2 6d29f1274732f79a 1 1
2 46bc0d6e7209299d 0 1
2 4b6f1ab0739aab58 1 1
2 582335d54cc29a1d 1 1
2 f4e21e959461303f 1 1
2 9b6790fa79aa4d63 1 1
2 0cba75dff7d37dc6 1 1
2 4fce248ad19bd1cd 1 1
2 2284edd13504fee3 1 1
2 4405edfed69d616f 0 1
2 48c524d62e1244ec 0 1
2 a7fd58e027f4626e 1 1
2 06f62d9a3d34892e 1 1
2 c8bf4656a4eac6dc 0 1
2 d98af164e2acdb6d 1 1
2 82d102146caa8ac7 1 1
2 e35bdbf3c522d36e 0 1
2 ab75a150ff98be51 1 1
2 c0064b0f8f563c8d 1 1
2 0403d1e6f00e823d 0 1
2 f6250501901d468a 0 1
2 f24653b1b01c5ee6 0 1
2 37946f3d0e00e16c 0 1
2 1a7e279f2daa07f9 0 1
2 20261af8465cb56b 1 1
2 18576819fcb76462 1 1
2 8bda0dada69bbd4c 1 1
2 ba2b72c3b98e5dcf 1 1
2 350a7f7ca9ad31f3 0 1
2 893af8d2cb41ff3c 1 1
2 f1c3ca388b37c6bc 0 1
2 6071317843a957fb 0 1
2 2780bfe816ed05af 1 1
2 60d8663b2e62789b 1 1
2 e2237ff892509d53 1 1
2 a4d7f6abff44787b 0 1
2 6a617ca9b2b4ae2d 1 1
2 beff67fa187c129e 1 1
2 17aeaa67d6ee745c 1 1
2 1d45d9fb7d6f68e2 0 1
2 17ef1edb19fb2b5c 1 1
2 1a15aa68f2d77cc9 1 1
2 519dd4ab6ab8f28c 1 1
2 ec4d58868fbc262e 0 1
2 52f317812f337414 0 1
2 852fd3635cca81ec 0 1
2 ba678883df53dc37 0 1
2 c53a8a10db694630 1 1
2 8363c62dbd7494dc 1 1
2 de6dba62e7cad5c2 1 1
2 10f61907e575f991 0 1
2 da6a27f5e0c95bd4 1 1
2 f8cb1c1418a11a72 1 1
2 bf1f6de3026b2f61 0 1
2 ff3c2f0869326697 0 1
2 76cf66c13d8859a1 0 1
2 e4b12078834ac30b 0 1
2 3f11e5169f4e8789 1 1
2 5a559d8d34475e16 0 1
2 ee08cac6bce86ae9 1 1
2 e2ba25a8ae8a7d61 0 1
2 1250d69b00e554d1 0 1
2 bcb48b1daef3c3fc 0 1
2 33c6f417695fe9f8 1 1
2 9c5c2493b41a2733 1 1
2 563cdf07c56540be 1 1
2 b8ce8f1ea8b8ca89 0 1
2 dfbfe39842aa1f15 0 1
2 65dd36e176c8fb6b 0 1
2 58dd18c20f6d552c 0 1
2 6b3464ddfe6bc5b6 0 1
2 053c286e8cb7f2b3 0 1
2 8c7c4124eb19c6a4 0 1
2 26fa0eed40c42eeb 0 1
2 b08c019d50ba1f72 0 1
2 6bd7293042291680 1 1
2 c3495041c92a69c7 1 1
2 c5a3b00548a1ed04 1 1
2 ad637b8ebceec060 0 1
2 28fadea027f2ed84 1 1
2 c11e85e9f3d3d94a 0 1
2 e1ee9394ea8959f9 1 1
2 7b8fea496b8e93af 0 1
2 11477470c0d38005 1 1
2 f7ba0c376d1cd6de 0 1
2 284620ba2073ed67 0 1
2 a0a49fbdab3e373c 0 1
2 994e93957357e714 0 1
2 9dfbb3af76f6d509 1 1
2 28ca2ead9ecf9f0e 1 1
2 0123182da51dc433 1 1
2 ff54f0bb6feba1e2 0 1
2 1066dfbe4361a6ce 1 1
2 01faee91ce0296be 0 1
2 d02bafdc098865d8 0 1
2 c4abb391e681a6f0 1 1
2 ec650e6c5a7cd827 1 1
2 245c0433bd013762 0 1
2 d1891105dcee7129 1 1
2 d4f9d0f728be9f30 0 1
2 10723500135fb6ef 0 1
2 8506f1c615932d32 0 1
2 5f2d32598243fbaf 1 1
2 fdc0c6446795e3b2 1 1
2 f451cd3dfa038af9 1 1
2 9a55d5c78abcab14 1 1
2 c4e12157c012b23b 1 1
2 65c1af09ca704d49 1 1
2 0af79b941e13c463 1 1
2 98ed2923f03895e4 0 1
2 ff54e509f8f6f260 0 1
2 4ad6d237d6087417 1 1
2 079315c098972d94 1 1
2 539b0eac972b8647 0 1
2 c6d9eac6b73e2e59 1 1
2 cde0a43d6659ff20 1 1
2 eda7f6cfab2dc6ad 1 1
2 d2179846d12ed1ee 0 1
2 f1e9e37104f57950 1 1
2 c6c8c6ebadfc68d2 1 1
2 1349cc1e46767e03 0 1
2 a7fb0bf22133f43f 1 1
2 88a9ea04fbf9aca5 1 1
2 3994bf1174c6a24f 0 1
2 273e451c3aff25e5 1 1
2 89fe7e749e898d5c 0 1
2 8c5d0b378fcdf09f 0 1
2 01bbd3eaa4cc536a 0 1
2 a739464915d6ed36 1 1
2 6c494da95b3a96f2 1 1
2 228aed12f7fef17c 1 1
2 56966d4f4627cdf7 1 1
2 f55a53dfa6f25ee5 0 1
2 db7a2dcbe143aece 1 1
2 ae1f984a505bb6ae 1 1
2 fc3425b83a336846 0 1
2 251ca03d74a5a22a 1 1
2 2b2eba8bf5068c50 0 1
2 6c77b18c72e8de26 0 1
2 eaabe01395ced97a 1 1
2 6d6c4f09857772a8 0 1
2 8277424b23a3c184 0 1
2 3caa3bf06b6fb573 0 1
2 75345cc3404250dc 0 1
2 e2309c27e4d6f6e6 0 1
2 ce54879fd2d2bf9a 1 1
2 670db2e544c8d8b3 1 1
2 dc0b871506321598 0 1
2 0b0c71341f5d422b 0 1
2 c79961d3cd0f77f3 0 1
2 f17e8160a90f21d3 0 1
2 4cb562dface2cdbe 1 1
2 9f1be5c38d913b2e 1 1
2 2e3908e25c24498f 1 1
2 7e79e42b2b4878b8 1 1
2 9cf730a41957999b 1 1
2 3b87e2b2ab466320 0 1
2 37c6541a548daaf8 1 1
2 8af72794a435c2e9 0 1
2 dd64eb7817289a38 0 1
2 b339f0968edca4f7 0 1
2 64c37b71a1b3f29e 1 1
2 59085bef4c97716a 1 1
2 846770f69c58dbcf 1 1
2 20b76958492fda34 0 1
2 ea0ac7e7638e2294 1 1
2 3efef48796435aa1 1 1
2 c73122d9fdb2847a 1 1
2 2f914bde60e3e273 0 1
2 7e8513948ad9a0dd 1 1
2 459476f181824b43 1 1
2 bf2018abd2382efa 0 1
2 01ff646a335f7701 1 1
2 8dafa3a974ad0c5b 0 1
2 4f7898595d45011e 1 1
2 edae4c182eddb1fc 0 1
2 4ffc5c42c97679cf 1 1
2 3aae2114c53fd67a 1 1
2 086dc1e8b38b6086 1 1
2 ec4fb3e99debfd59 0 1
2 5d8bcb4572971242 0 1
2 70938db4ad915510 0 1
2 0c3a706cbf727bfb 1 1
2 2539d7d2447812fe 0 1
2 f769f62dca9d6bc0 1 1
2 324fc373f00ba5cd 1 1
2 69aa39c348921b6c 1 1
2 a66d69465b47ae0c 0 1
2 f6da60d060273b37 0 1
2 6109ba4448406717 0 1
2 f861b75ea8bec606 0 1
2 a7a0d45df5e9783b 0 1
2 6a0da59453ca3c15 1 1
2 4d40eeccfef54067 0 1
2 593a606e090deecc 0 1
2 5006d63888bad306 0 1
2 21e9e34dcd0617df 0 1
2 b35683a933e9e54d 0 1
2 941e291d0858bad0 0 1
2 da21c3d5688f31ef 0 1
2 13631b4f2bbec4bf 0 1
2 7d66f774cc96aa14 1 1
2 280b14db4b5291e3 0 1
2 a3a9eca899df23ae 1 1
2 0d5aaeedee677ffa 0 1
2 8a05401f361e8ca5 0 1
2 3109df60cf9c7bc1 1 1
2 e18e0a8c1dd6f48d 1 1
2 9105c29de44f8429 1 1
2 40af24f9f30b0b69 1 1
2 c0f2798021c2f8df 0 1
2 a9d15370b61c964a 0 1
2 d7fadc268bd9069f 1 1
2 333400815c5aac45 0 1
2 bd9b423f4e794b3c 0 1
2 068d0923c4f1f92b 1 1
2 33d53de45db77783 0 1
2 9455fb06472e6da9 1 1
2 6629161a9189ade7 0 1
2 b342e116e1cd46e6 1 1
2 45aceafe6f2bd844 1 1
2 7fbfc21cba7ca658 1 1
2 bad37b8ed49c8078 1 1
2 324578ee514d4a91 1 1
2 d6760a8162cddb62 1 1
2 946700c629745d98 1 1
2 897df6c2ea101793 0 1
2 458b955feeede589 1 1
2 1117339704651374 1 1
2 db914dedcb06c846 0 1
2 20e75f7c0d97569e 1 1
2 a6aab57717b02e86 1 1
2 3183a872285b4a26 0 1
2 4b2ffc4611693143 0 1
2 c2ae006ffa75bd29 0 1
2 aac04d3537f7c815 0 1
2 3f6a534147ec490e 1 1
2 23d2c25597461410 1 1
2 370bc1dd09b9083d 0 1
2 b3a9129e07069f97 0 1
2 bb41a53549110df2 1 1
2 6387db1c699535ae 0 1
2 0b749316eecda01d 1 1
2 fe6f3eb56df63bf6 1 1
2 ac9d60ba11548b32 0 1
2 987049bd89169607 0 1
2 10d3ae819abf84c2 1 1
2 97a1f5206c148c66 0 1
2 1460195bca912304 1 1
2 9b7b8fb1ab6e9bbd 1 1
2 51f6e988cebef3a3 1 1
2 a3b3baf6f362a098 0 1
2 1e54d3222e7c0f23 0 1
2 bbcbfdcbf2b04106 1 1
2 359b3678b4982b5f 0 1
2 01ef478fab3b7e17 1 1
2 c603e27ea572a1b6 0 1
2 218d2945231cdc1f 0 1
2 37105e28368ba263 0 1
2 cad865173179fa88 0 1
2 6baced60000f54c6 0 1
2 0dcc91fa8af93154 1 1
2 d49e0cdd1583d5a6 0 1
2 41c924451a4dd721 0 1
2 ec1a81efb147cb43 1 1
2 2e25a5fdd2df4139 1 1
2 5329c080dd93ebfb 1 1
2 d3abd9025f423a49 1 1
2 ddaf9fca26f3e855 1 1
2 8b48a9b8ba0b0596 0 1
2 61877b09146630a8 0 1
2 4e3f78334131c10f 0 1
2 1c74dd18a46b8f55 0 1
2 e8d27e1709983f66 1 1
2 f14d497d05873b7f 0 1
2 25685d010092c0ae 0 1
2 f55bb5063603890b 0 1
2 7b6d21360422431b 1 1
2 593cf078486c2f24 1 1
2 5c4cc8605181524a 1 1
2 4f7aa81bfade58c8 1 1
2 f04da8ad414c553f 1 1
2 3014bea0f5fe79f6 0 1
2 25c5a7ac79d8e33d 1 1
2 bb9f49706fb0ea5f 0 1
2 22d81ad1a2b1cea0 1 1
2 6aaf3b030b90addf 0 1
2 78b16514f112360c 1 1
2 393e9a3ebd86bcf7 1 1
2 2355851cd0c95607 1 1
2 2e29706b7a847b80 1 1
2 0132687a2bd8ec33 1 1
2 230c72829bbc3939 1 1
2 bc9ff83e0c4e16f0 0 1
2 4a25d61d69d19959 1 1
2 47f3351cfaac5f5d 0 1
2 fcc1724f2f6e7030 1 1
2 bb633ce205e315ef 1 1
2 636a85b6ab9f8b77 1 1
2 71d7cc2f9e1fe9cf 0 1
2 b329f93a2b6dc709 0 1
2 bb8610a9e973e49c 0 1
2 6fa6ddc3f531517e 0 1
2 bca42b4d1a05253b 1 1
2 742ec403adbaec4d 0 1
2 ee0a3ce431691b9e 0 1
2 ed90a3bfbefd2d28 0 1
2 3dfe0bdb37ac3598 1 1
2 248071ef4d1e89ff 1 1
2 913dae94f27f376f 1 1
2 9b2ee2a2d42fb398 1 1
2 7d34c120b5e93fa9 1 1
2 444110da76a1ddc4 1 1
2 d13919081fca39c6 1 1
2 66db78189199524d 0 1
2 313b6c2a22da2435 0 1
2 ee15a2d1874cb2d5 0 1
2 2bc5374233e23b6b 1 1
2 730b27f50fbb896d 0 1
2 42c99c8c1d76023f 1 1
2 802f9cde1577f8c7 1 1
2 b3433b177a441a88 1 1
2 1e8741030a91b382 0 1
2 4ebf4db8391ce7da 1 1
2 ef355b3a23c5abd7 0 1
2 2751f897239d22d6 0 1
2 1186ae8409cec9a8 0 1
2 32112cb5f86c8b07 1 1
2 c970f7502497fcae 0 1
2 a79212a63234808b 1 1
2 0c51f8a0d69aadf9 0 1
2 17b63c6e200ad2ab 0 1
2 fefb601b86019254 0 1
2 d5bd6bde20f3ba6a 0 1
2 43d84ff122dd2307 1 1
2 31afd64ab39774df 0 1
2 10dd8692716c5c59 1 1
2 54cff15eb3fdee86 0 1
2 e185ea3bd9dabf4e 0 1
2 c9f8f6a511f0bfc7 1 1
2 cbd9a67b8e25c38b 1 1
2 6ecd12ef4799dd95 1 1
2 2441e11690d12d8b 1 1
2 a9732fe458aaa091 0 1
2 2a4978b9380f0242 1 1
2 02384d9d605a4fc4 1 1
2 1ca37964fc0664ab 1 1
2 c8a005951614b40e 1 1
2 447e0bbebb928178 0 1
2 2bf5fe7281ab07c4 0 1
2 2bda19e24b2e7896 0 1
2 388eda6102add896 1 1
2 0c6ff53a0e760a12 0 1
2 1fa0b186973f01c4 1 1
2 11637933a311a70e 1 1
2 19fa563c520bf6bc 0 1
2 cc4e6d77d79848f3 0 1
2 0927201f6240e8aa 0 1
2 77c22947d1dd7d2e 0 1
2 ee0f846e2695bb62 1 1
2 d447d86aff60ae1e 1 1
2 202ac8cc93996e92 1 1
2 2b6b73cf2fd555ab 1 1
2 b43fa2e70d97db7d 1 1
2 54b942538fcd93dc 1 1
2 e48cc27b2da53161 0 1
2 200c4e083ca3c23c 1 1
2 3e3ef913e07a0a1e 1 1
2 0ae7c784145b32eb 1 1
2 9898668f9d29a157 1 1
2 7f836858180f5471 1 1
2 ad36bf2d62b8102a 1 1
2 ad2b4fe89919efe0 1 1
2 52c4a45484993e40 0 1
2 7e186932b8da87a5 0 1
2 4c11eb983e730daf 1 1
2 7719f80e7d89465a 1 1
2 6d4a85d3eddd4a04 0 1
2 7bfaf426c8ccb10c 1 1
2 497c7ca5e2889464 1 1
2 7b1650aeb327df81 0 1
2 977d3020b5ea5aa8 1 1
2 22027b924ab4544d 0 1
2 c8073448a1c4dfcb 1 1
2 1ab2294b2dfd75ca 0 1
2 5e2e3423a19e34b2 0 1
2 6bcca4767f45be8b 1 1
2 bf36ac1cc40f68cb 1 1
2 e66e9aceb602396e 0 1
2 b70d7f6cd69f0d43 1 1
2 28f8f358fb0f2b78 1 1
2 0840a070fcd54f17 1 1
2 6f164dcb7df51f54 0 1
2 da2d901b0970d118 0 1
2 ff998ed202e2bce1 0 1
2 dcf18470756619b7 1 1
2 480561377865e010 0 1
2 3c5679d6be0c9ccb 1 1
2 ad8860ce2c478705 1 1
2 5afb25968fa61aed 0 1
2 33fad7a8d0411ed9 1 1
2 27a0e48d1baebf15 1 1
2 bd92945d743c3c0c 1 1
2 7dce7190b38c9f1d 1 1
2 6134e19716c15a42 1 1
2 ce83a662d11c32c6 1 1
2 e8bf612d74c6df1b 1 1
2 a97637650d0619c5 0 1
2 1ff937d04b0a31ac 0 1
2 be5aa6bd21de6305 0 1
2 4ddefde60ac371f5 0 1
2 000ba1c79c9042f3 1 1
2 298e90c9ac493eb9 0 1
2 363495497085a5f8 1 1
2 8ad6349e5f5ce127 0 1
2 b11b73412e510446 0 1
2 5282ea4e5cae0155 0 1
2 32d97203ee65479d 1 1
2 e56e44358f074b3e 1 1
2 1b2dbc6f4bd6f2ef 0 1
2 3fe21bfe63cef1b5 0 1
2 44550d8a808ee70b 0 1
2 f94e5029b8b2dbc4 0 1
2 965dbfd5a19ee27d 1 1
2 45f59328dc667062 0 1
2 265478fbe2acae2a 1 1
2 b2abcc45ca1b82f4 1 1
2 aee3676989f035d8 0 1
2 e3dc2fe6b2c3c24d 1 1
2 faa2fd9132657f15 0 1
2 6fba91a2c814f15d 0 1
2 edf036f92b8d38bc 0 1
2 1a01c11b9e3b1c96 0 1
2 f3ff3c883022c579 1 1
2 b7c82bd4aa97aeae 0 1
2 622868814cac0156 0 1
2 600719633f71ae9e 0 1
2 f485fbf8b11da9dc 1 1
2 cc62c50cf119c0a1 0 1
2 39505427bd9283ac 1 1
2 1254fc9713fe8d50 0 1
2 89b2b1666bde4812 0 1
2 f04796e1c82e3c96 1 1
2 246fdea8c9330dfb 1 1
2 d17e0039684ed6a3 0 1
2 21b046e4730398c0 0 1
2 4295f45f597dc15c 0 1
2 b6fdb94ec317bb27 1 1
2 9e3f96348ca7a15a 1 1
2 591d120b61988a67 1 1
2 0e274afde86069b5 0 1
2 5a43be5b9f93f7dc 0 1
2 440dc247a6f81004 1 1
2 ec97b1ba1f2647f9 1 1
2 3a11d3913cef6012 1 1
2 9c641d8f0aa19ffa 1 1
2 83289a664a11a017 0 1
2 6d71339d6eae91df 0 1
2 63c640298b3319bd 1 1
2 0985863598574384 1 1
2 cda8d9f07c580561 0 1
2 5bab58be41fe77d1 0 1
2 0f1376a97ba1e25f 1 1
2 b9330dfd905cc1a8 1 1
2 2edcdd494c691505 0 1
2 2615f4f6469b1d52 0 1
2 ced07c914a44542a 1 1
2 8e0cd4f1cbe09e53 0 1
2 319cb03d9e4e9811 1 1
2 2389f9053feb2b8d 0 1
2 108ac7613badba5b 0 1
2 13048b715d20a607 1 1
2 b98a4d5ccef7286f 0 1
2 337dc8b75ce629b4 1 1
2 0ba322b022675f3d 0 1
2 54a59288e477dda5 0 1
2 fc87c7c2b4224cae 0 1
2 d1fd82c1b299a4bc 0 1
2 c00cc74966787f7f 0 1
2 70afc9931996c4be 1 1
2 3c6ec4eea698c330 1 1
2 ab50407881637d9e 1 1
2 07a54287f99f78d9 0 1
2 4dd85c261dc7f1e0 0 1
2 31e2d044f2f9dc4c 1 1
2 edea483bcaae8363 0 1
2 f81219ceaddc4bd6 0 1
2 d0100997af480907 0 1
2 59de5fd7ead9269c 1 1
2 87481291943652c7 0 1
2 de55567eb6e4a001 0 1
2 15fbcdbb2a2cb9be 0 1
2 59c0cdc582dc0dbc 0 1
2 a85fda8c3b3e19b4 0 1
2 bfee21d9cbd31dae 1 1
2 15b196ff83eeff4a 1 1
2 5b9da93326e1c291 1 1
2 1fa1f8b0d73d793f 0 1
2 09bad795d3cf4280 1 1
2 679364a1efb27823 1 1
2 8a6620127b7ad768 0 1
2 bff7654701d35326 1 1
2 466bfb9e27353fbb 0 1
2 17011dc8b5559929 0 1
2 0c566d13b7816ecd 0 1
2 c8b710caac7047fb 0 1
2 f69dde771d13625a 1 1
2 400b4edd981d1882 1 1
2 17c5b804fe95c383 1 1
2 43855642b0f595cf 1 1
2 f9f069d2f9539aa6 0 1
2 1fb92d9b1af42ad9 1 1
2 4b530b0885dea0d0 0 1
2 051507d7917c9f68 1 1
2 c57a8b4587c6b4c2 1 1
2 cccf88c1680c05c7 1 1
2 896b99b5d1f9955a 1 1
2 dfc390d8883e0d6a 1 1
2 297b09234fc04b3b 0 1
2 7b0f4ef4a8adbf5e 1 1
2 8b6beb4b1ca74f0c 0 1
2 bcada89b60427e88 0 1
2 b54c9fceb5b081d5 0 1
2 5e3fcebe05a175c1 1 1
2 bbdcb700e83a013a 0 1
2 a6886d916e05782b 1 1
2 6b05b79a03c558b7 0 1
2 8df18932a7401554 1 1
2 658be5486a20f06b 1 1
2 1df641c881c861f5 1 1
2 80b4e62310a0190e 0 1
2 a1cc1582a8249696 1 1
2 18a3b391d330a461 1 1
2 d162273832bbd17a 0 1
2 ceddbe373fc028a2 1 1
2 8e57b69cdf32acac 0 1
2 748a78d3ebfa0e0a 1 1
2 423124bcc41cb923 0 1
2 95a45071edc98360 0 1
2 1030040879bb5517 0 1
2 dc3789637143c69f 0 1
2 def42f7d3d299e5f 1 1
2 6160f3a85c26dafa 0 1
2 a032920509ef4f25 1 1
2 9c2deb98399f52a2 1 1
2 821cb74579633092 0 1
2 955976d350702fac 0 1
2 d15e8166e0319fb0 0 1
2 9e38a81a3a8b2209 0 1
2 32fb1c152453140f 0 1
2 44ee1b426f6dd976 1 1
2 e6ee2707d2c1a51a 0 1
2 c6a58f0dbac94414 1 1
2 f954c6e4a406cfcc 0 1
2 6f528cfd473124a2 1 1
2 0468e4bdbcd3a060 0 1
2 ca584780bda1b05f 0 1
2 5b37e742d3659cfa 1 1
2 12e66681d090d858 1 1
2 329aee3c5ff75458 0 1
2 9fde786f2d60040a 1 1
2 7949fd27b524c186 0 1
2 838becc3405b8217 0 1
2 396b72a94920db89 0 1
2 caa1b4c528cff195 0 1
2 893ff1c062023597 1 1
2 8507df5dce90eda6 1 1
2 1e13c11117cd5196 0 1
2 afbc3d9848428e33 1 1
2 1c49e76821ebebff 1 1
2 60575c8a0b163dd6 0 1
2 468d91f080babe36 0 1
2 765389703a406d4d 1 1
2 c2cf266eb5fc3566 0 1
2 bd94cc9252199e61 0 1
2 b669b36d6712e04b 1 1
2 85d21f8c1103e150 1 1
2 1ce03fe1909118e6 0 1
2 c3946e9d1a302ad7 1 1
2 d0320f4aeb4a4955 1 1
2 c5f59815c21a76fa 1 1
2 05463d0277caf7b5 1 1
2 9b844fbeb3cf791d 0 1
2 fe6969cdeb3913f7 0 1
2 0a793818260c53cb 0 1
2 7f6449cd65a59c08 1 1
2 27f0a2fd55ea501a 0 1
2 acaebe0aea8de026 0 1
2 8a3516b5e8a8ca5a 0 1
2 57d4d2458e386299 0 1
2 0d0920cd71e36f09 0 1
2 19d26e6aed2a4bc4 0 1
2 ebb656c9463aea66 1 1
2 304011cb08d43052 0 1
2 e77abf34fd65a4be 1 1
2 64136ba3beb5872f 1 1
2 d5a631fe379fb882 0 1
2 db4fed7c42e56f1a 0 1
2 843250a9869ad007 0 1
2 785587b6513b43da 1 1
2 4921acc753a69012 0 1
2 16049632a8b88119 1 1
2 e95cfaf657676c80 0 1
2 4545e6822499d6b7 0 1
2 f9740a105fd97b7d 0 1
2 4105959cc38fa2a3 0 1
2 df92b8ad4140d9e6 0 1
2 ab9e6088491648ae 1 1
2 fb65bbaa535e14c3 0 1
2 f02d96a3a55bea11 0 1
2 b91f40da5083bc42 0 1
2 04a0307b1521d3f4 0 1
2 3e1e466186b5b7e7 1 1
2 6623bfee4345b7f9 0 1
2 4a3269ca6b4573cf 1 1
2 fb9fd689aea47a21 0 1
2 81d86ee837511e1d 1 1
2 170d172c0cc5410a 0 1
2 37f041e2dc4fd4f1 0 1
2 ee0a3fc013f90d4b 0 1
2 750b0f76d8312d32 1 1
2 85461afeef4461ea 1 1
2 5afae7ac7c6d2dd3 1 1
2 d93a6b8a643409d8 1 1
2 4c962d5bb6a88a61 0 1
2 accdec08aaf912a1 0 1
2 4bfbbf4881dfe0fc 0 1
2 4b965a9c0d19ace6 1 1
2 67868c6560c8eeca 0 1
2 7b71af30f34b5539 0 1
2 03daa0eb59395dfa 0 1
2 c62a264528c06687 1 1
2 879b92df417c0d41 1 1
2 7586c457f6d862eb 1 1
2 6f4c998cb957b95c 1 1
2 25ace888c9353f36 1 1
2 de79fa6fc7ab2ecc 1 1
2 51031e59ebf76bad 0 1
2 96898ccf1f0b074e 1 1
2 3f5eed9489030f62 0 1
2 80ae8e6594137e90 0 1
2 cf92a0e8076d33fd 0 1
2 adc0daaa223bb137 0 1
2 9d2a43cfd250fb69 0 1
2 522fb1f6cc721380 0 1
2 d2f78881b1b367cc 1 1
2 c639998e62933617 1 1
2 feb9ed341f17d1f5 0 1
2 4ce05524bd25bf92 1 1
2 31b130046491475b 1 1
2 e2aaa19358348e51 0 1
2 33a3447b010e9797 0 1
2 051190c48fde48a0 0 1
2 994435815e51c63e 1 1
2 0cb0c5a443645b34 0 1
2 0ab3793faff9dde2 0 1
2 032612febb0c54e6 0 1
2 a676300d9068dc5a 0 1
2 c82104c7fa788962 1 1
2 372604b79d69e606 1 1
2 e38ab04075cc4be6 0 1
2 ca9b1e63e462a2e7 1 1
2 7022c04dc7c727a6 1 1
2 8dbda4c5334466db 1 1
2 a919dc600979db77 1 1
2 971bf805685f461c 1 1
2 16f61fef5041b988 0 1
2 d3fa5a5a83ee35a2 1 1
2 fc18118683ee81e0 1 1
2 42de8a25473e70c3 0 1
2 d366545941c3a7b4 1 1
2 8571f443a52c8b3b 1 1
2 b7bb0338e3bc05e3 0 1
2 f3dd890a92d14284 0 1
2 98c6f7bb9f7374c7 0 1
2 19c465a75acc4a32 1 1
2 aa6fab172e4dc405 0 1
2 3fb68288828ca0b5 1 1
2 7420fc56f6706d7d 1 1
2 9b8feb16223a5006 1 1
2 e6fb5edce0d949f4 0 1
2 d9911ffe576ffb5a 0 1
2 078cc724c54e25b1 0 1
2 a6d19bf44772a396 0 1
2 132299aac4bd3a28 0 1
2 cbeb412e90793036 0 1
2 fa198b463be5590e 1 1
2 e65c86a568c0d5a3 0 1
2 30b831d81b87b2bb 1 1
2 c310f98bc14ee1a4 1 1
2 768646801636af50 1 1
2 751398bb51a7f204 1 1
2 875b1d3821dd49fa 1 1
2 12ff8cfac97e0b6f 0 1
2 dd6cca41a820fe69 1 1
2 f90ed9b7d34a6eac 1 1
2 dbced1a95ba9e4cf 0 1
2 15550e791351fe1e 0 1
2 ee006205b39c4863 0 1
2 a98589bf1f734460 1 1
2 17797a29e172b7b7 1 1
2 65c32f1df55108e2 1 1
2 4795352a3d3a1e45 1 1
2 5d01cc65bf437419 1 1
2 b93cb32a2853031c 0 1
2 69625e95d34f7ecc 0 1
2 b89e27b7fc5fc6a9 1 1
2 f4eaacd0578e55d7 0 1
2 4593b042382d7cfa 0 1
2 f7134bab9757a99a 1 1
2 112af32223494093 0 1
2 ae905f217325c3bb 1 1
2 ed3b4da572305502 0 1
2 bc770eee98a6b078 0 1
2 7bb444ecf956b106 1 1
2 99fe59163811b206 1 1
2 df37eb5cfc80f7ec 1 1
2 59d5c6222643916b 1 1
2 d7bf8bedc36e3cde 0 1
2 8504a0c06630decd 1 1
2 bf271c1b75b8d6f9 0 1
2 b4b6e5db3adebdc4 1 1
2 cd669735c11cc63c 0 1
2 1b58b9e886a90aa0 1 1
2 e2fab3e73e0204c8 1 1
2 f81fef3545a95d5b 0 1
2 8584a069abad40d8 0 1
2 cddf4cd68f6d4bfe 1 1
2 138dea6927b8345f 1 1
2 4bba7dd17fcc4587 1 1
2 dd45d4ae50bc3d86 1 1
2 4b5bd4174480f79d 0 1
2 670e3be28457b3c1 0 1
2 1f77cb5ec94fbd9e 1 1
2 90eacac54e722a15 1 1
2 3e9a62135202f28e 0 1
2 44624acde73d3cb7 0 1
2 974946a014d6ec8f 0 1
2 8a307841d412e2cd 0 1
2 8c2109bd64026c13 0 1
2 2e027ce60901c03e 1 1
2 3afecdebfdf4af91 1 1
2 5a4706dc246f1df0 1 1
2 863566fc68a2ec46 1 1
2 897f56106d8e1c73 0 1
2 2a5020066000b234 1 1
2 a20c96e9b2a1404b 0 1
2 a810e865234d1c69 0 1
2 25f7820bb08f764d 0 1
2 02e32d6495fa33b1 1 1
2 e1ac0f5f8e62452a 1 1
2 b73f2054f872f0b5 0 1
2 ddcaff2b51d1c198 1 1
2 df34bb1e9867cd5f 1 1
2 228c3dd78284b2de 0 1
2 be0d092b52eef5e7 0 1
2 2f790623a8290d2a 1 1
2 05a4aab449d871b7 0 1
2 aeeadd6b89be9ca6 0 1
2 57a313eb3e12b0c9 0 1
2 95744f64b1e21065 1 1
2 82b305a89c3e66b3 0 1
2 78e4a45a09f36893 0 1
2 1da93a225c5aefdb 1 1
2 5f01ac0c799d3ffc 1 1
2 42b47167acb07679 0 1
2 c8f8acf4ad363107 0 1
2 fa28a8eea19ed635 0 1
2 ec96404a133fb611 1 1
2 dd03ac9d3929f1f9 1 1
2 1d60dcd991fcfb6d 1 1
2 e39c6aa9a991e4de 0 1
2 45778a56e2b35fae 0 1
2 39d47e32b9fb4063 0 1
2 2c867a882b1594d8 1 1
2 f0a68cb12ea6faf4 0 1
2 4bb6c39dbf01a57a 1 1
2 86b80253a8d92fe5 0 1
2 07ed036597e54844 1 1
2 0d2344d8a561d3a2 1 1
2 8ece991133c18946 0 1
2 79bb9c64a06fe78c 1 1
2 34409032b02ac6a2 0 1
2 f0d9a7d27f4aae98 0 1
2 40f4ac4bf4762182 0 1
2 872ede156a60e0fa 0 1
2 bc669775f5ee9781 0 1
2 5114cb446a8724cc 0 1
2 3979471bdcc8d740 0 1
2 b7de1c18796f8b52 1 1
2 009bf59d7e19b52f 1 1
2 e87b3a34d9fae88e 0 1
2 67ff4b5d1480dcc4 1 1
2 e464134d2a930e4e 0 1
2 fe87fb619b78b98b 1 1
2 2a7ed284566b4fa8 0 1
2 e82275ef9dc282a9 0 1
2 31fcea2130acf78b 1 1
2 3d6fca10e44c125d 0 1
2 1cc3d652a012d490 1 1
2 baac7f149cc30b69 1 1
2 9b746d1215a0d33b 1 1
2 07f2319853751457 0 1
2 d69d3c76927e18f2 1 1
2 5e7b53c7ad7150e7 1 1
2 b6faaf1e0577ad66 0 1
2 7c1f05af48662166 0 1
2 e7edb5076c6b1e56 1 1
2 b2faecb802bd575f 1 1
2 f782483c3877970c 1 1
2 8971a8b1b6cffcd4 1 1
2 c3798848111fc089 1 1
2 4dd178a855449818 0 1
2 71ad153b1907f90b 0 1
2 47413611fff7b408 0 1
2 ab64264d52d67b95 1 1
2 fa084af889653015 1 1
2 990fd8442abb5938 0 1
2 3df50e2999e1ebbc 0 1
2 e5f1e2187d07346a 0 1
2 933511c915738f76 0 1
2 04509d1c96501fef 1 1
2 082e81764c0af073 0 1
2 faf0aaa7fbd8e0e3 0 1
2 3973343c22a3d367 0 1
2 86274e5e85f12779 1 1
2 9493cd97efe7e196 0 1
2 d314f74d805975d5 1 1
2 9895f4d519cad844 0 1
2 0112f42db3281d7e 1 1
2 e1b7c225f41f1d68 1 1
2 9fb6a6ba0b088207 1 1
2 4dbdc362e794276f 0 1
2 49f156be96d9dea6 1 1
2 f5363c2ad11b8ed3 0 1
2 26197a2eef0f73ed 1 1
2 e55c1e41f8c78b66 1 1
2 35b3bb87e4c75d9f 1 1
2 27adafd1f00e1537 0 1
2 a770fb176e8c0e36 0 1
2 836ffcb4572cb71f 0 1
2 f03493e6ec0ebff1 0 1
2 c80ee6b143a69ce4 0 1
2 682d72b4ff72125b 0 1
2 325271c3ea904fc7 1 1
2 576c156f65f55b45 0 1
2 35e3424cdce56691 1 1
2 3b3a103deee45dfe 1 1
2 4eb06df9881ba241 1 1
2 cab7ef5c5586eecc 0 1
2 d68d05e5b2a409f0 1 1
2 f66016f61b5864a6 1 1
2 2634041ddf577ee6 0 1
2 b553005a97fee663 0 1
2 10d467f691238f9f 1 1
2 4a8c6c23a4559705 1 1
2 ea7ebe5d6a903d29 0 1
2 9017878440fcb966 0 1
2 979ae445cd757ad9 0 1
2 c991155b3b4b1298 1 1
2 fb2d1575180f9aa3 1 1
2 2dbf6c5e081a95bb 0 1
2 59caa0e866817ee3 1 1
2 30fa2316cab4e866 0 1
2 6ae8b6351ee5c6df 1 1
2 93083219958b58e1 0 1
2 3da976861fd3ec79 1 1
2 bb231eec5fce757a 1 1
2 5fb9df2a17629aee 0 1
2 6ac983e53d4790fe 0 1
2 6b0d44d9d401d0a8 0 1
2 2448e4f2afba00b7 0 1
2 df443a72ec345359 1 1
2 4577c400c922b8b1 0 1
2 6b23ba9d051ba52f 1 1
2 d9c01d858bf8a543 0 1
2 46849a276c128e58 0 1
2 b330b79f79e78b36 0 1
2 6c5fd5307aaa8a21 1 1
2 667ab04c4b209508 1 1
2 316d97c2e8ec4743 0 1
2 fe6af60d0de7ace9 0 1
2 854540a7b0df259e 0 1
2 057e6faa89a69814 0 1
2 1ae635066ed03347 0 1
2 286b64e272c10599 1 1
2 da36b0debae8998a 0 1
2 5d203fddabaf8817 1 1
2 f59462d9924ea30f 0 1
2 b0478446fef8870a 0 1
2 9b128e5d8ff514f8 0 1
2 a97d79dc37f5b76a 1 1
2 a7f042ac56359ba7 1 1
2 50cf42f2e1c98042 0 1
2 3bed39b0f043c7dd 0 1
2 c0a132edc8c22ed1 0 1
2 1837d8fec690c50c 0 1
2 488ca145b4e14d9f 1 1
2 e1a2fb4114a159d7 1 1
2 d18efaa1485e1a50 1 1
2 a34986bdb37802ae 1 1
2 02b525274ffac327 0 1
2 b88477a6c494a867 0 1
2 3f86a0bcb5e02d18 0 1
2 48c9ec31d54c2ab3 0 1
2 c2797d49583d4c08 1 1
2 ed93cb4f9d9a0e31 1 1
2 1999ef889a94bc62 1 1
2 0b63affb47b1d2a7 1 1
2 b017b94cf00a400e 1 1
2 4403f123c28a0ed7 1 1
2 155370a72994682a 1 1
2 1f39c301bd23e1cd 0 1
2 68692be6e085ec5a 1 1
2 1a6dae09218de485 0 1
2 62ebaeb5b2151d2a 1 1
2 ba19cbcb2d591054 0 1
2 8209872bcc1aad79 1 1
2 56915963d90045fd 0 1
2 4edbf08a7ef681ea 0 1
2 502f81247cd9bbe7 1 1
2 57895bea86e95012 0 1
2 8b75a8db995d8116 0 1
2 fbfd343d2b19c63a 1 1
2 b40aa7117e95c83b 1 1
2 0fb17faaf2894e87 1 1
2 12e2667f6584cbd7 0 1
2 b1e8ab62270e386d 1 1
2 10f0e6c1ed55cb12 0 1
2 528a8f9ffe83a383 0 1
2 40688a1663a74f1c 1 1
2 ad29f3d860c2f496 0 1
2 7374e36247fd94b1 1 1
2 2f7528938ab9addd 1 1
2 7d6f380a6e2bc7ce 0 1
2 6416f951c566f2b3 1 1
2 0a6cb00853354046 0 1
2 4a03fc834af209fa 0 1
2 7a6fa74e8dc67703 0 1
2 4e878eb2fa624933 0 1
2 890e9bb52a561cad 1 1
2 967933728fbd4191 1 1
2 fa3734a204cda68d 1 1
2 e7e652995feeb9b5 0 1
2 24f4065f7559878b 0 1
2 c98f872d2d157e40 1 1
2 1f1506a8226eac79 1 1
2 2f92a22b3e7f636c 1 1
2 4df772b2a51c9298 0 1
2 da64f7c1cc0ee1e7 1 1
2 351362b28e2ba96a 0 1
2 dba0d7162dfcfc75 0 1
2 cce463761e8e3277 0 1
2 8020c7092710d389 0 1
2 7d39a102a4c3f932 0 1
2 6a2aa3c9301090ed 0 1
2 4009f0553933a049 0 1
2 fca804995af1ad1d 0 1
2 bdca8a5260fb6420 1 1
2 da33bb8951eb0c4a 0 1
2 86e3d500aa1996f5 0 1
2 d7b939ce5d775ad3 0 1
2 1003140e1f5b595f 0 1
2 ab139abf6a0fb2b2 1 1
2 c538d36b1c8a4aed 0 1
2 81d615f093f6727b 0 1
2 f5a8d5b11ffb9c63 0 1
2 d6a68a2c67631896 0 1
2 a953f86468058850 1 1
2 f6b93cddc39ef3e6 1 1
2 59eadfc4d90f3826 0 1
2 5a31a44bdcdc18c0 0 1
2 63b51498f38d9191 0 1
2 62393ac541e0652c 1 1
2 98e28400589f62fb 0 1
2 fa88087c21a61144 0 1
2 05c68036173741c4 1 1
2 2644af722c324f4c 1 1
2 2ae009d73d5dba71 1 1
2 66d8c67619c9dbb2 0 1
2 c2c023bfdc977989 1 1
2 d112019022058425 0 1
2 68fdc8a82fa2d36c 1 1
2 b64b42f54d1c055f 0 1
2 1051451c6527e5b8 1 1
2 864184894334afda 1 1
2 f47699e425ef0c9d 1 1
2 5cede450fef0ae8a 1 1
2 8bdbe0c0d88d37b0 1 1
2 758d6d46eca02f2f 0 1
2 2858931d8fe98d53 1 1
2 7ea643436ef7ee1d 0 1
2 ba0d5e43456de104 1 1
2 85bb6ee734c454ae 0 1
2 832113b4f9fad744 0 1
2 34dae0dc81bdf591 1 1
2 a80dc723dfa19566 0 1
2 72c01731d2269696 0 1
2 f1ff065fa965664f 0 1
2 73cf656e63236529 0 1
2 0c42419eb715c8ed 1 1
2 b44d3fe840c32dc2 0 1
2 fa1d990cbe5d35fb 0 1
2 97b5262733033ba8 1 1
2 efc4d1fe60d3c213 0 1
2 60921137c42642a1 1 1
2 40b398a3663048d1 1 1
2 3921f09e75529026 0 1
2 e9bf3e224861d737 1 1
2 aee819197900d013 0 1
2 4af5bec4b69b4b9e 1 1
2 4ed2507e1084c661 0 1
2 1c8bf83e1f6126ca 0 1
2 b6aabed632fe600b 1 1
2 6ae937c754e238f0 1 1
2 203f55c99d1e861f 0 1
2 e71f6c218e214dfd 0 1
2 2c3350fa68195334 0 1
2 e0674f04e430a7c7 0 1
2 c4b0bd4313d47957 0 1
2 3253b4fda1b34154 1 1
2 63809a82cd468d01 0 1
2 0979182230468286 1 1
2 dff94ccc696eb410 0 1
2 92e4ecd775665ecf 0 1
2 01e128dd50137887 0 1
2 cd78ecedb0e1e5b7 0 1
2 97ce9c73f9839d21 1 1
2 eff2daee0bf7952e 1 1
2 a4e2c031836c4b3f 1 1
2 79b546bba3b3c769 1 1
2 b814a8faf5839a49 1 1
2 126dbfb58669557d 0 1
2 76ac2bce5c4fadd4 0 1
2 956854be5aaa1dfa 0 1
2 144122bca64a7585 0 1
2 9ac36014782170ab 0 1
2 f1057206360ea358 1 1
2 47a32bd696e8af2d 1 1
2 f5e1681f53ec9f2d 1 1
2 54ff14ab106eb119 1 1
2 06b67837eef2e6fb 1 1
2 95d6c748309097af 1 1
2 2c11a09b5320a99c 1 1
2 ebee40fbc0e0462d 0 1
2 0a6edb5176482381 0 1
2 be49d266a9d6bf75 0 1
2 37b90f16a518a4db 0 1
2 cc543deb26e95641 0 1
2 56a47a863371d4f8 0 1
2 fea8afecbbd07508 0 1
2 5433bdc12ba3a9b8 0 1
2 088904ff5dbfcc89 0 1
2 cc1e62c344da6dc6 1 1
2 6e151b4c7ab41e3d 1 1
2 538ef4d556f009e1 0 1
2 585e350a7e419e58 0 1
2 91ecc55e832faf2b 1 1
2 78c7cde9cc0fae9d 1 1
2 9f65e2c53d30363b 0 1
2 03f4a3e031099514 1 1
2 7ec1bbb6f2cba3da 1 1
2 e2ad855b1424325c 0 1
2 dfca2ee48a82f4bc 0 1
2 013453642dc7e1a2 1 1
2 eb26aeab54e37326 1 1
2 14452fbb38af19de 0 1
2 1cdf0ca53981877c 1 1
2 9c5b0f16c4a254da 0 1
2 96f911d6216864fe 0 1
2 27439c973f7f55e9 0 1
2 1e029599ad366676 1 1
2 c7c6b15640e1790d 0 1
2 fc132fc0f7eb637d 1 1
2 27c9295a107c401f 1 1
2 5bf99c7ac7f02631 1 1
2 4550e28f4d98af8e 1 1
2 7f449af2d4b6107a 1 1
2 6f50f3b297816d69 0 1
2 7a2ebcb036eb6a0d 0 1
2 6c367c13b2208024 0 1
2 c68588f93a3ffced 1 1
2 13100c18d0f9cb8e 0 1
2 108ef947df260e1d 0 1
2 f639557e7634ac3f 0 1
2 27304ef0c5928a40 1 1
2 5c81bad3dd464bb0 0 1
2 9349b9d33c618456 0 1
2 23391283828db623 0 1
2 a5f296ebcaf148dc 1 1
2 965b756246453419 1 1
2 c4e02b45bce69b5b 1 1
2 b92951819dca8485 1 1
2 4c0000f8dded293e 0 1
2 d2df657f298a1f7c 0 1
2 9076f716f8fa6a51 1 1
2 bd565cfc1ee89696 0 1
2 629158e1d613508c 0 1
2 77e404981fc103ce 1 1
2 f76881cc1ce9ade3 0 1
2 f2f7074fbd5e8b05 1 1
2 c51c38895b7471c8 1 1
2 234c9ae5e64a4db9 0 1
2 68aaa1716eef3642 0 1
2 5ad98caa084f1ac9 1 1
2 49790da2da936a64 0 1
2 1a27fe8fb6515a7d 1 1
2 6a00205f2df5d970 1 1
2 b3e9ecd4a25cb091 0 1
2 1ecce11a92ce7abf 1 1
2 0ba0fbbd9c5a5853 1 1
2 0f0538f22ace644a 0 1
2 0f00f4818cd47c0a 1 1
2 5edf525a47061c7b 0 1
2 e0f0f7f161ad8e9e 0 1
2 d69bded7ddba2074 0 1
2 96d93d4a1ca436ce 0 1
2 323db2d7c858588c 0 1
2 b705588646795ec5 1 1
2 f4dd6edb26ec2e9f 0 1
2 2340f82321a0342d 1 1
2 bce77b65ddda5307 1 1
2 01d1c889270cd1b8 1 1
2 df94b2703a9c1086 1 1
2 916a9c7624adb0f5 0 1
2 cc1d8aafe0957e0e 1 1
2 f1072f65a59cc092 0 1
2 34c66d96dbb05393 1 1
2 d0398c5402b10b6c 1 1
2 05452d8ff453be11 1 1
2 fd488b35f87f6b1a 1 1
2 7c634c46f7f0d2b8 0 1
2 7035951b02f4ac22 1 1
2 cf8d826a54bad745 1 1
2 c9121317e26e6945 1 1
2 715bfbaf4b84fe4e 1 1
2 3f8f03eac04aaf5e 0 1
2 35e94f5200824c70 1 1
2 12d0475fafecce45 0 1
2 7dfbb46a72f4e095 1 1
2 62bd1b7d74a9c2a8 1 1
2 8bb6c980387020a1 0 1
2 d8e10cfef60ce4fc 1 1
2 8703e180fe5b36bd 1 1
2 55d10bd531dd48ae 0 1
2 0bfc7b5b0084143f 0 1
2 4484d338f9b02978 0 1
2 973481f630173efd 0 1
2 4ac0d570601ceaa1 0 1
2 9436c77d5b50f2cd 1 1
2 f26dddca8779b8e7 1 1
2 12f43f09c77ad375 1 1
2 c0a0104eb7601558 1 1
2 3406df458426ae12 1 1
