0 05 07 1 1 05 1 0 1 1 1 1 0 1
0 07 05 1 1 05 1 0 1 1 1 1 0 1
0 05 05 1 1 05 1 0 1 1 1 1 0 1
1 00 03 1 1 00 1 0 0 1 0 1 0 1
1 05 07 1 1 05 0 0 0 1 0 1 0 1
1 05 07 0 1 05 1 0 0 1 0 1 0 1
1 07 05 1 0 05 1 0 0 1 0 1 0 1
1 01 02 1 1 03 1 0 0 1 0 1 0 1
2 05 07 1 1 05 1 1 0 1 1 1 1 1
2 01 02 1 1 03 0 1 0 1 1 1 1 1
3 0e 0f 0 0 00 0 0 0 1 0 1 0 1
3 05 05 0 0 17 1 0 0 1 0 1 0 1
3 02 10 1 0 05 0 0 0 1 0 1 0 1
3 08 1f 1 1 05 0 0 0 1 0 1 0 1
3 05 05 0 1 00 1 0 0 1 0 1 0 1
3 05 05 0 0 04 1 1 0 1 1 1 1 1
3 05 14 1 0 00 1 0 0 1 0 1 0 1
3 0d 1c 1 0 0c 1 0 0 1 0 1 0 1
3 05 0b 1 0 1d 0 0 0 1 0 1 0 1
3 05 10 1 0 05 1 0 1 1 1 1 0 1
3 0b 0a 1 1 05 1 0 0 1 0 1 0 1
3 05 13 0 0 00 0 0 0 1 0 1 0 1
3 0a 05 0 1 0d 1 0 0 1 0 1 0 1
3 05 0d 0 1 19 1 1 0 1 1 1 1 1
3 16 16 0 0 05 1 0 0 1 0 1 0 1
3 05 05 1 1 00 0 0 0 1 0 1 0 1
3 06 0a 0 0 00 1 0 0 1 0 1 0 1
3 05 05 1 1 00 0 0 0 1 0 1 0 1
3 1c 0e 1 0 0e 0 1 0 1 1 1 1 1
3 05 05 0 0 10 1 0 0 1 0 1 0 1
3 05 09 0 1 01 1 0 0 1 0 1 0 1
3 04 1c 0 1 00 0 1 0 1 1 1 1 1
3 0c 05 1 0 00 1 1 0 1 1 1 1 1
3 0f 05 0 0 00 1 1 0 1 1 1 1 1
3 05 05 1 0 05 0 0 0 1 0 1 0 1
3 17 05 1 0 05 0 0 0 1 0 1 0 1
3 16 05 1 0 05 0 0 0 1 0 1 0 1
3 0d 05 1 1 19 0 0 0 1 0 1 0 1
3 0d 05 0 1 00 0 0 0 1 0 1 0 1
3 1f 0c 0 1 1c 0 0 0 1 0 1 0 1
3 05 08 1 1 00 1 0 0 1 0 1 0 1
3 03 05 0 1 03 1 1 0 1 1 1 1 1
3 05 01 1 0 00 1 1 0 1 1 1 1 1
3 05 1d 1 0 05 1 0 1 1 1 1 0 1
3 05 05 1 0 00 0 0 0 1 0 1 0 1
3 05 05 1 0 05 1 1 0 1 1 1 1 1
3 05 0d 1 0 1d 0 1 0 1 1 1 1 1
3 05 05 1 1 05 1 0 1 1 1 1 0 1
3 1e 12 0 1 05 0 0 0 1 0 1 0 1
3 05 0b 0 0 05 0 0 0 1 0 1 0 1
3 1a 1a 1 0 0e 0 0 0 1 0 1 0 1
3 05 05 1 1 00 0 1 0 1 1 1 1 1
3 09 18 0 1 13 1 0 0 1 0 1 0 1
3 1a 05 0 0 00 0 0 0 1 0 1 0 1
3 1c 05 0 0 05 0 0 0 1 0 1 0 1
3 05 05 0 0 0d 1 0 0 1 0 1 0 1
3 05 05 0 0 00 0 0 0 1 0 1 0 1
3 05 01 0 1 00 0 0 0 1 0 1 0 1
3 02 05 0 1 12 1 0 0 1 0 1 0 1
3 05 05 0 0 05 1 0 0 1 0 1 0 1
3 05 13 0 1 05 1 0 0 1 0 1 0 1
3 05 1a 0 1 05 0 0 0 1 0 1 0 1
3 1b 05 0 0 05 1 1 0 1 1 1 1 1
3 11 00 1 1 00 1 0 0 1 0 1 0 1
3 1a 05 0 0 05 1 0 0 1 0 1 0 1
3 1a 1c 1 1 00 1 0 0 1 0 1 0 1
3 19 05 1 0 1c 1 0 0 1 0 1 0 1
3 1f 05 0 0 0e 0 0 0 1 0 1 0 1
3 0b 06 0 1 00 1 0 0 1 0 1 0 1
3 05 05 0 1 1a 1 1 0 1 1 1 1 1
3 05 17 1 0 08 0 0 0 1 0 1 0 1
3 0a 16 1 1 05 1 0 0 1 0 1 0 1
3 1d 10 1 0 0a 1 0 0 1 0 1 0 1
3 05 10 1 0 00 1 0 0 1 0 1 0 1
3 16 19 1 0 17 1 0 0 1 0 1 0 1
3 1d 0f 0 0 00 0 0 0 1 0 1 0 1
3 0b 05 0 1 1c 1 0 0 1 0 1 0 1
3 0f 05 0 0 12 0 0 0 1 0 1 0 1
3 05 14 1 1 05 1 1 0 1 1 1 1 1
3 05 05 1 1 1e 1 0 0 1 0 1 0 1
3 05 12 0 1 00 0 0 0 1 0 1 0 1
3 19 04 1 0 00 0 0 0 1 0 1 0 1
3 11 04 1 1 00 1 0 0 1 0 1 0 1
3 05 05 1 0 05 0 0 0 1 0 1 0 1
3 05 05 1 1 0a 1 0 0 1 0 1 0 1
3 1f 05 1 0 05 1 0 0 1 0 1 0 1
3 05 1f 1 0 05 1 1 0 1 1 1 1 1
3 1d 07 1 1 00 1 0 0 1 0 1 0 1
3 11 1d 1 1 10 0 0 0 1 0 1 0 1
3 05 05 0 1 05 1 1 0 1 1 1 1 1
3 18 05 1 1 05 1 0 1 1 1 1 0 1
3 05 05 1 0 05 0 0 0 1 0 1 0 1
3 03 11 0 1 1f 1 1 0 1 1 1 1 1
3 05 05 1 0 00 1 0 0 1 0 1 0 1
3 1f 1a 0 0 00 1 1 0 1 1 1 1 1
3 05 18 0 1 05 1 0 0 1 0 1 0 1
3 06 17 0 0 00 0 1 0 1 1 1 1 1
3 05 05 0 1 05 0 0 0 1 0 1 0 1
3 1e 05 1 0 05 0 0 0 1 0 1 0 1
3 07 06 1 0 0c 1 1 0 1 1 1 1 1
3 05 0b 0 0 1f 0 0 0 1 0 1 0 1
3 03 12 0 1 0f 1 0 0 1 0 1 0 1
3 05 1f 1 0 00 1 0 0 1 0 1 0 1
3 07 19 0 0 12 1 1 0 1 1 1 1 1
3 05 05 0 0 05 0 1 0 1 1 1 1 1
3 05 09 1 1 05 1 0 1 1 1 1 0 1
3 05 05 1 1 19 1 0 0 1 0 1 0 1
3 05 1e 1 1 05 1 0 1 1 1 1 0 1
3 13 05 0 1 00 1 0 0 1 0 1 0 1
3 00 0e 1 1 00 0 0 0 1 0 1 0 1
3 0b 05 1 1 00 0 0 0 1 0 1 0 1
3 07 12 1 1 0e 1 0 0 1 0 1 0 1
3 05 05 0 1 00 1 0 0 1 0 1 0 1
3 05 05 1 0 1b 1 1 0 1 1 1 1 1
3 05 0f 1 0 00 1 0 0 1 0 1 0 1
3 0e 05 0 1 05 0 0 0 1 0 1 0 1
3 17 02 1 0 00 0 0 0 1 0 1 0 1
3 15 03 0 0 00 1 0 0 1 0 1 0 1
3 0b 05 1 0 00 0 0 0 1 0 1 0 1
3 0b 05 1 0 05 0 0 0 1 0 1 0 1
3 1d 0c 1 0 00 0 0 0 1 0 1 0 1
3 0f 17 0 0 00 0 0 0 1 0 1 0 1
3 05 15 0 0 00 0 1 0 1 1 1 1 1
3 05 05 0 1 00 1 1 0 1 1 1 1 1
3 05 18 1 1 05 0 1 0 1 1 1 1 1
3 05 1d 1 0 00 0 0 0 1 0 1 0 1
3 05 17 1 0 00 1 1 0 1 1 1 1 1
3 05 05 1 1 00 1 0 0 1 0 1 0 1
3 05 05 1 1 00 0 1 0 1 1 1 1 1
3 1d 05 1 0 19 1 0 0 1 0 1 0 1
3 0f 11 0 0 05 0 0 0 1 0 1 0 1
3 05 05 1 1 00 1 0 0 1 0 1 0 1
3 05 05 1 1 17 0 0 0 1 0 1 0 1
3 1b 06 0 0 00 0 0 0 1 0 1 0 1
3 05 08 1 1 05 1 0 1 1 1 1 0 1
3 05 0e 1 1 05 0 0 0 1 0 1 0 1
3 05 05 0 0 11 0 0 0 1 0 1 0 1
3 07 01 0 1 05 0 0 0 1 0 1 0 1
3 05 05 1 1 17 0 0 0 1 0 1 0 1
3 06 0d 1 1 12 1 0 0 1 0 1 0 1
3 05 05 0 0 00 1 0 0 1 0 1 0 1
3 05 05 1 1 00 0 0 0 1 0 1 0 1
3 0b 05 0 0 15 1 0 0 1 0 1 0 1
3 03 0d 0 1 05 0 0 0 1 0 1 0 1
3 05 05 1 0 1c 0 0 0 1 0 1 0 1
3 06 05 1 1 14 0 0 0 1 0 1 0 1
3 05 05 0 0 0d 0 1 0 1 1 1 1 1
3 01 05 1 0 00 0 0 0 1 0 1 0 1
3 0d 05 1 0 05 0 0 0 1 0 1 0 1
3 18 05 0 0 00 1 0 0 1 0 1 0 1
3 18 15 0 1 07 1 0 0 1 0 1 0 1
3 09 05 0 0 00 1 0 0 1 0 1 0 1
3 05 05 0 0 00 1 0 0 1 0 1 0 1
3 0b 05 1 1 05 0 0 0 1 0 1 0 1
3 0e 05 0 0 05 0 0 0 1 0 1 0 1
3 16 05 0 1 00 1 0 0 1 0 1 0 1
3 0e 15 0 1 05 1 1 0 1 1 1 1 1
3 08 05 1 1 05 1 1 0 1 1 1 1 1
3 05 15 0 1 05 1 0 0 1 0 1 0 1
3 05 05 0 0 10 1 0 0 1 0 1 0 1
3 05 12 0 1 1c 0 1 0 1 1 1 1 1
3 05 05 1 1 0d 0 0 0 1 0 1 0 1
3 0d 05 1 1 05 0 0 0 1 0 1 0 1
3 18 05 1 1 1b 0 0 0 1 0 1 0 1
3 05 05 0 0 16 1 1 0 1 1 1 1 1
3 01 00 1 1 00 0 0 0 1 0 1 0 1
3 05 0d 0 0 05 1 0 0 1 0 1 0 1
3 05 16 1 0 1f 0 0 0 1 0 1 0 1
3 0f 1f 1 0 04 0 0 0 1 0 1 0 1
3 04 05 1 0 18 1 0 0 1 0 1 0 1
3 19 05 0 1 1b 0 0 0 1 0 1 0 1
3 05 05 0 1 05 0 0 0 1 0 1 0 1
3 1f 05 1 1 05 1 0 1 1 1 1 0 1
3 05 05 0 1 11 1 0 0 1 0 1 0 1
3 05 1b 0 1 00 1 0 0 1 0 1 0 1
3 01 01 1 0 00 0 0 0 1 0 1 0 1
3 05 05 0 1 05 1 0 1 1 1 1 0 1
3 1e 05 1 1 05 1 0 1 1 1 1 0 1
3 1c 05 0 1 00 0 0 0 1 0 1 0 1
3 05 05 1 1 01 0 0 0 1 0 1 0 1
3 08 0d 0 1 00 1 0 0 1 0 1 0 1
3 0e 05 0 1 00 0 0 0 1 0 1 0 1
3 0d 05 1 1 00 0 1 0 1 1 1 1 1
3 05 05 1 1 06 0 1 0 1 1 1 1 1
3 05 05 1 0 16 0 0 0 1 0 1 0 1
3 05 05 1 1 05 0 0 0 1 0 1 0 1
3 0f 05 0 0 05 0 0 0 1 0 1 0 1
3 05 05 0 1 00 0 0 0 1 0 1 0 1
3 05 03 0 1 05 0 1 0 1 1 1 1 1
3 05 03 0 1 00 0 0 0 1 0 1 0 1
3 05 18 1 1 00 1 0 0 1 0 1 0 1
3 05 05 0 0 18 1 0 0 1 0 1 0 1
3 05 19 1 0 05 0 0 0 1 0 1 0 1
3 05 16 0 0 00 1 1 0 1 1 1 1 1
3 05 05 1 0 16 1 0 0 1 0 1 0 1
3 0f 05 1 0 00 0 0 0 1 0 1 0 1
3 1a 12 1 1 0f 1 0 0 1 0 1 0 1
3 1a 05 0 1 10 1 0 0 1 0 1 0 1
3 05 05 0 0 00 0 0 0 1 0 1 0 1
3 05 0d 1 1 00 0 0 0 1 0 1 0 1
3 16 12 1 1 05 1 0 0 1 0 1 0 1
3 1b 05 0 1 05 0 0 0 1 0 1 0 1
3 1b 07 0 1 05 0 0 0 1 0 1 0 1
3 05 08 1 1 05 0 0 0 1 0 1 0 1
3 0a 1b 1 1 05 1 0 0 1 0 1 0 1
3 05 16 0 0 05 1 0 0 1 0 1 0 1
3 05 03 0 0 00 1 0 0 1 0 1 0 1
3 16 05 0 1 0b 0 0 0 1 0 1 0 1
3 09 05 1 1 05 1 0 1 1 1 1 0 1
3 05 05 0 1 18 0 1 0 1 1 1 1 1
3 05 05 0 1 1b 0 0 0 1 0 1 0 1
3 03 12 0 0 05 1 1 0 1 1 1 1 1
3 0d 05 0 1 19 0 1 0 1 1 1 1 1
3 05 05 0 1 05 0 0 0 1 0 1 0 1
3 0b 05 1 0 05 1 0 0 1 0 1 0 1
3 0c 05 1 0 05 0 0 0 1 0 1 0 1
3 0b 05 1 0 00 0 0 0 1 0 1 0 1
3 05 05 1 1 00 1 0 0 1 0 1 0 1
3 0d 1d 1 0 0e 0 0 0 1 0 1 0 1
3 05 08 0 1 05 1 1 0 1 1 1 1 1
3 1b 16 0 0 05 1 0 0 1 0 1 0 1
3 18 19 0 1 05 0 0 0 1 0 1 0 1
3 05 05 0 0 05 0 0 0 1 0 1 0 1
3 05 05 1 0 05 1 0 1 1 1 1 0 1
3 1f 05 0 0 05 1 0 0 1 0 1 0 1
3 1b 05 0 0 0e 1 0 0 1 0 1 0 1
3 04 05 1 0 00 1 0 0 1 0 1 0 1
3 05 05 0 1 00 1 0 0 1 0 1 0 1
3 05 05 1 1 05 0 1 0 1 1 1 1 1
3 05 05 1 1 05 0 1 0 1 1 1 1 1
3 05 08 1 1 00 0 1 0 1 1 1 1 1
3 0c 05 1 1 1d 0 0 0 1 0 1 0 1
3 19 09 0 1 00 1 0 0 1 0 1 0 1
3 0e 05 0 0 05 1 0 0 1 0 1 0 1
3 05 1e 0 1 17 0 0 0 1 0 1 0 1
3 18 05 0 1 00 0 0 0 1 0 1 0 1
3 05 13 1 0 1e 0 0 0 1 0 1 0 1
3 05 19 0 1 00 0 0 0 1 0 1 0 1
3 05 05 0 0 05 1 0 0 1 0 1 0 1
3 04 05 1 0 07 0 0 0 1 0 1 0 1
3 1d 05 0 0 1a 1 1 0 1 1 1 1 1
3 05 14 1 0 0f 1 0 0 1 0 1 0 1
3 0a 13 1 1 05 1 0 0 1 0 1 0 1
3 06 00 1 1 00 0 0 0 1 0 1 0 1
3 05 1c 0 0 0f 0 0 0 1 0 1 0 1
3 05 05 0 0 05 1 1 0 1 1 1 1 1
3 16 05 0 0 12 1 0 0 1 0 1 0 1
3 0e 05 0 1 07 1 1 0 1 1 1 1 1
3 02 01 0 1 0f 1 0 0 1 0 1 0 1
3 16 0f 1 0 00 1 1 0 1 1 1 1 1
3 05 05 1 1 00 1 1 0 1 1 1 1 1
3 05 1f 0 1 05 0 1 0 1 1 1 1 1
3 05 0a 0 0 05 1 0 0 1 0 1 0 1
3 05 00 0 1 05 0 0 0 1 0 1 0 1
3 05 06 0 0 05 1 0 0 1 0 1 0 1
3 05 05 1 0 05 1 0 1 1 1 1 0 1
3 1f 05 1 1 05 1 1 0 1 1 1 1 1
3 03 05 0 0 00 0 0 0 1 0 1 0 1
3 11 05 0 1 05 1 0 1 1 1 1 0 1
3 05 05 0 1 13 0 1 0 1 1 1 1 1
3 06 18 0 0 05 0 0 0 1 0 1 0 1
3 05 05 1 1 05 1 0 1 1 1 1 0 1
3 05 05 1 1 10 1 0 0 1 0 1 0 1
3 0e 05 0 1 05 0 0 0 1 0 1 0 1
3 05 18 1 0 05 0 0 0 1 0 1 0 1
3 0c 05 1 0 05 1 1 0 1 1 1 1 1
3 05 05 1 0 05 0 1 0 1 1 1 1 1
3 15 19 0 0 05 0 1 0 1 1 1 1 1
3 05 01 0 0 05 1 1 0 1 1 1 1 1
3 0b 12 1 0 16 0 1 0 1 1 1 1 1
3 03 05 1 1 00 1 1 0 1 1 1 1 1
3 04 00 0 0 18 0 0 0 1 0 1 0 1
3 08 16 0 1 1f 0 0 0 1 0 1 0 1
3 19 05 1 1 05 0 0 0 1 0 1 0 1
3 11 05 1 0 00 1 0 0 1 0 1 0 1
3 05 05 1 1 00 0 0 0 1 0 1 0 1
3 05 1e 1 1 05 0 0 0 1 0 1 0 1
3 0c 05 0 1 05 1 0 1 1 1 1 0 1
3 0a 05 1 1 00 1 0 0 1 0 1 0 1
3 16 05 0 0 00 0 0 0 1 0 1 0 1
3 05 05 0 0 05 0 0 0 1 0 1 0 1
3 0d 05 1 0 02 1 0 0 1 0 1 0 1
3 05 05 1 0 00 0 0 0 1 0 1 0 1
3 14 05 1 1 02 0 0 0 1 0 1 0 1
3 02 05 0 0 05 0 0 0 1 0 1 0 1
3 05 04 1 1 13 1 0 0 1 0 1 0 1
3 05 05 1 0 05 1 0 1 1 1 1 0 1
3 05 05 1 0 0a 0 0 0 1 0 1 0 1
3 12 0c 0 0 10 1 0 0 1 0 1 0 1
3 05 18 0 0 05 1 0 0 1 0 1 0 1
3 05 05 0 1 05 0 0 0 1 0 1 0 1
3 1d 16 0 0 10 1 0 0 1 0 1 0 1
3 05 05 1 0 17 1 0 0 1 0 1 0 1
3 0c 05 1 0 0f 0 0 0 1 0 1 0 1
3 05 05 0 1 00 1 0 0 1 0 1 0 1
3 03 00 1 1 05 0 1 0 1 1 1 1 1
3 09 05 0 0 16 1 0 0 1 0 1 0 1
3 05 05 0 0 1b 1 0 0 1 0 1 0 1
3 04 05 0 0 1a 1 0 0 1 0 1 0 1
3 05 05 0 1 07 1 0 0 1 0 1 0 1
3 05 14 0 0 08 1 0 0 1 0 1 0 1
3 11 05 1 0 00 0 0 0 1 0 1 0 1
3 12 05 0 1 05 0 0 0 1 0 1 0 1
3 05 05 1 1 1a 1 0 0 1 0 1 0 1
3 05 05 0 0 00 1 0 0 1 0 1 0 1
3 05 13 1 1 05 0 0 0 1 0 1 0 1
3 0d 1a 0 1 00 1 0 0 1 0 1 0 1
3 01 05 1 0 1b 0 0 0 1 0 1 0 1
3 05 08 0 1 05 1 0 0 1 0 1 0 1
3 05 05 1 0 0a 0 0 0 1 0 1 0 1
3 05 1c 1 1 00 1 1 0 1 1 1 1 1
3 05 03 1 0 05 1 1 0 1 1 1 1 1
3 05 05 1 0 09 0 1 0 1 1 1 1 1
3 05 14 0 1 00 1 0 0 1 0 1 0 1
3 05 12 1 0 00 0 1 0 1 1 1 1 1
3 05 1e 1 0 00 1 0 0 1 0 1 0 1
3 05 0d 1 0 00 1 0 0 1 0 1 0 1
3 08 08 0 0 05 1 0 0 1 0 1 0 1
3 05 05 0 1 05 1 1 0 1 1 1 1 1
3 05 04 0 0 1b 1 0 0 1 0 1 0 1
3 05 0f 1 1 00 0 0 0 1 0 1 0 1
3 12 1d 0 1 00 0 0 0 1 0 1 0 1
3 05 05 1 1 05 1 1 0 1 1 1 1 1
3 05 05 0 1 12 0 0 0 1 0 1 0 1
3 1e 05 0 1 00 1 0 0 1 0 1 0 1
3 0a 11 0 0 05 1 0 0 1 0 1 0 1
3 17 05 0 1 1d 1 0 0 1 0 1 0 1
3 05 15 0 0 00 0 0 0 1 0 1 0 1
3 1c 16 0 1 00 0 0 0 1 0 1 0 1
3 19 05 0 0 05 0 0 0 1 0 1 0 1
3 14 00 0 0 05 1 0 0 1 0 1 0 1
3 05 05 1 0 00 0 0 0 1 0 1 0 1
3 05 17 0 1 05 0 0 0 1 0 1 0 1
3 05 16 1 1 05 1 1 0 1 1 1 1 1
3 02 05 0 1 00 1 0 0 1 0 1 0 1
3 18 05 0 1 05 0 0 0 1 0 1 0 1
3 1d 05 0 1 05 0 0 0 1 0 1 0 1
3 08 05 1 0 00 1 1 0 1 1 1 1 1
3 05 05 1 1 05 1 0 1 1 1 1 0 1
3 03 05 1 1 00 1 1 0 1 1 1 1 1
3 05 17 0 0 05 0 0 0 1 0 1 0 1
3 05 05 0 0 06 0 0 0 1 0 1 0 1
3 01 08 0 0 0e 1 0 0 1 0 1 0 1
3 05 05 1 1 05 0 1 0 1 1 1 1 1
3 05 05 1 0 05 0 0 0 1 0 1 0 1
3 05 19 0 0 0a 0 0 0 1 0 1 0 1
3 05 0d 0 1 00 1 0 0 1 0 1 0 1
3 18 05 0 0 14 1 1 0 1 1 1 1 1
3 05 0b 0 0 00 0 0 0 1 0 1 0 1
3 05 05 0 1 00 1 0 0 1 0 1 0 1
3 05 05 0 1 00 0 0 0 1 0 1 0 1
3 05 05 0 1 00 1 0 0 1 0 1 0 1
3 11 01 0 0 00 0 0 0 1 0 1 0 1
3 05 05 0 0 00 0 0 0 1 0 1 0 1
3 05 16 1 1 05 0 0 0 1 0 1 0 1
3 0d 1e 1 1 00 0 0 0 1 0 1 0 1
3 19 00 0 1 00 1 0 0 1 0 1 0 1
3 1a 1b 1 1 1b 0 1 0 1 1 1 1 1
3 00 05 0 0 00 1 0 0 1 0 1 0 1
3 0b 05 1 1 15 1 0 0 1 0 1 0 1
3 05 0f 0 1 08 1 0 0 1 0 1 0 1
3 05 1e 1 1 11 0 0 0 1 0 1 0 1
3 18 05 1 0 05 0 1 0 1 1 1 1 1
3 05 05 0 1 03 0 1 0 1 1 1 1 1
3 05 06 1 1 05 0 0 0 1 0 1 0 1
3 18 0a 1 1 00 0 0 0 1 0 1 0 1
3 05 17 0 1 00 0 0 0 1 0 1 0 1
3 00 1f 0 1 00 1 1 0 1 1 1 1 1
3 05 05 1 0 00 1 0 0 1 0 1 0 1
3 16 13 1 1 00 0 0 0 1 0 1 0 1
3 0b 03 0 1 05 1 0 0 1 0 1 0 1
3 05 05 1 0 05 1 0 1 1 1 1 0 1
3 1e 1f 0 0 05 0 0 0 1 0 1 0 1
3 17 10 0 0 05 0 0 0 1 0 1 0 1
3 01 05 1 0 05 0 0 0 1 0 1 0 1
3 1b 05 1 0 00 1 0 0 1 0 1 0 1
3 00 05 0 1 05 0 1 0 1 1 1 1 1
3 05 0e 1 1 00 1 0 0 1 0 1 0 1
3 1b 05 0 0 0d 1 0 0 1 0 1 0 1
3 05 05 0 1 1e 1 0 0 1 0 1 0 1
3 05 03 1 0 17 1 1 0 1 1 1 1 1
3 0e 05 1 0 00 0 1 0 1 1 1 1 1
3 17 14 0 1 05 0 0 0 1 0 1 0 1
3 00 03 1 1 00 1 0 0 1 0 1 0 1
3 05 05 0 1 05 1 1 0 1 1 1 1 1
3 19 17 0 0 00 0 0 0 1 0 1 0 1
3 05 0c 0 1 00 0 0 0 1 0 1 0 1
3 05 00 0 1 1b 1 1 0 1 1 1 1 1
3 0c 0e 0 1 00 1 0 0 1 0 1 0 1
3 05 16 1 1 05 1 0 1 1 1 1 0 1
3 05 05 0 1 17 0 1 0 1 1 1 1 1
3 05 05 1 1 00 0 1 0 1 1 1 1 1
3 15 17 1 1 00 1 0 0 1 0 1 0 1
3 05 05 1 1 05 1 0 1 1 1 1 0 1
3 1f 05 0 1 00 1 0 0 1 0 1 0 1
3 05 05 1 0 00 0 0 0 1 0 1 0 1
3 00 0b 0 1 00 0 0 0 1 0 1 0 1
3 05 05 1 0 07 0 0 0 1 0 1 0 1
3 05 19 1 1 00 0 0 0 1 0 1 0 1
3 0a 15 0 0 08 1 0 0 1 0 1 0 1
3 05 05 0 0 00 1 0 0 1 0 1 0 1
3 05 16 0 0 00 1 0 0 1 0 1 0 1
3 05 05 0 0 00 0 0 0 1 0 1 0 1
3 05 05 0 0 05 0 0 0 1 0 1 0 1
3 05 17 1 0 05 0 0 0 1 0 1 0 1
3 1f 1b 0 0 05 0 0 0 1 0 1 0 1
3 01 15 1 0 1e 1 0 0 1 0 1 0 1
3 1b 03 1 1 05 0 0 0 1 0 1 0 1
3 01 01 0 0 05 0 0 0 1 0 1 0 1
3 05 05 0 0 0f 1 0 0 1 0 1 0 1
3 05 05 0 0 00 1 0 0 1 0 1 0 1
3 1a 0a 0 1 00 1 0 0 1 0 1 0 1
3 0e 01 0 1 05 0 0 0 1 0 1 0 1
3 05 0f 1 0 05 1 0 1 1 1 1 0 1
3 06 1c 1 0 05 1 0 0 1 0 1 0 1
3 05 05 0 1 00 0 0 0 1 0 1 0 1
3 15 05 0 1 0f 1 0 0 1 0 1 0 1
3 0f 05 0 0 00 0 0 0 1 0 1 0 1
3 05 1b 0 1 05 1 0 0 1 0 1 0 1
3 05 1d 0 1 0b 0 0 0 1 0 1 0 1
3 05 09 0 0 05 1 0 0 1 0 1 0 1
3 03 05 0 1 00 0 0 0 1 0 1 0 1
3 05 0b 1 1 05 0 0 0 1 0 1 0 1
3 05 05 0 0 06 1 0 0 1 0 1 0 1
3 0c 05 0 0 05 1 0 0 1 0 1 0 1
3 0b 09 1 0 05 0 0 0 1 0 1 0 1
3 05 05 0 1 00 0 0 0 1 0 1 0 1
3 05 05 1 1 00 0 1 0 1 1 1 1 1
3 05 05 0 1 05 1 0 1 1 1 1 0 1
3 10 1b 0 0 00 0 0 0 1 0 1 0 1
3 05 18 0 1 05 1 0 0 1 0 1 0 1
3 15 1f 0 1 05 0 0 0 1 0 1 0 1
3 05 1a 1 1 0d 0 0 0 1 0 1 0 1
3 00 05 1 0 00 1 0 0 1 0 1 0 1
3 05 16 1 0 00 0 1 0 1 1 1 1 1
3 05 05 0 0 05 0 0 0 1 0 1 0 1
3 05 12 0 1 00 1 1 0 1 1 1 1 1
3 05 05 0 0 05 0 0 0 1 0 1 0 1
3 05 05 0 0 1c 0 0 0 1 0 1 0 1
3 05 05 0 1 00 1 0 0 1 0 1 0 1
3 05 05 0 1 0a 0 0 0 1 0 1 0 1
3 05 09 0 1 1b 1 0 0 1 0 1 0 1
3 05 0a 0 0 0e 0 0 0 1 0 1 0 1
3 0c 1d 1 1 00 1 0 0 1 0 1 0 1
3 05 08 0 1 05 1 0 0 1 0 1 0 1
3 05 1a 1 1 00 0 0 0 1 0 1 0 1
3 17 05 1 0 00 0 1 0 1 1 1 1 1
3 05 05 0 1 00 0 0 0 1 0 1 0 1
3 11 10 0 1 05 1 0 0 1 0 1 0 1
3 05 05 0 1 00 1 1 0 1 1 1 1 1
3 19 1d 1 0 05 0 0 0 1 0 1 0 1
3 1e 05 0 1 0e 0 1 0 1 1 1 1 1
3 0b 05 0 0 03 1 0 0 1 0 1 0 1
3 05 18 0 0 05 0 0 0 1 0 1 0 1
3 0a 0c 1 0 1d 0 0 0 1 0 1 0 1
3 05 0d 0 0 00 0 0 0 1 0 1 0 1
3 0a 05 1 1 1a 1 0 0 1 0 1 0 1
3 18 01 1 1 0a 1 0 0 1 0 1 0 1
3 01 05 0 1 07 1 0 0 1 0 1 0 1
3 05 05 1 1 00 1 1 0 1 1 1 1 1
3 05 02 1 1 00 1 0 0 1 0 1 0 1
3 05 10 0 0 03 0 0 0 1 0 1 0 1
3 0d 05 0 1 14 0 1 0 1 1 1 1 1
3 05 05 0 1 00 1 0 0 1 0 1 0 1
3 05 10 0 0 0c 0 0 0 1 0 1 0 1
3 1b 0e 1 0 1b 0 0 0 1 0 1 0 1
3 0b 1c 0 0 00 1 0 0 1 0 1 0 1
3 05 1d 1 1 00 1 1 0 1 1 1 1 1
3 08 05 1 0 05 0 0 0 1 0 1 0 1
3 05 05 0 0 17 0 0 0 1 0 1 0 1
3 05 07 1 0 00 0 0 0 1 0 1 0 1
3 17 0d 0 1 05 1 0 0 1 0 1 0 1
3 05 02 1 1 00 1 1 0 1 1 1 1 1
3 05 05 1 1 05 1 0 1 1 1 1 0 1
3 05 12 0 1 05 0 0 0 1 0 1 0 1
3 07 05 1 1 05 1 0 1 1 1 1 0 1
3 0b 05 1 1 05 0 0 0 1 0 1 0 1
3 13 01 1 0 05 0 0 0 1 0 1 0 1
3 1b 1f 1 1 05 1 0 0 1 0 1 0 1
3 05 05 1 1 15 1 0 0 1 0 1 0 1
3 05 16 0 1 11 1 0 0 1 0 1 0 1
3 14 1b 0 1 1f 1 0 0 1 0 1 0 1
3 05 1f 0 0 00 0 0 0 1 0 1 0 1
3 09 07 0 1 00 1 0 0 1 0 1 0 1
3 05 0d 0 0 11 0 0 0 1 0 1 0 1
3 13 05 0 1 1a 1 0 0 1 0 1 0 1
3 03 18 0 0 05 0 0 0 1 0 1 0 1
3 11 05 1 1 00 0 0 0 1 0 1 0 1
3 0f 05 0 0 11 0 0 0 1 0 1 0 1
3 05 05 1 1 00 1 0 0 1 0 1 0 1
3 09 05 0 0 12 0 0 0 1 0 1 0 1
3 05 05 0 1 00 1 0 0 1 0 1 0 1
3 05 05 0 0 00 0 0 0 1 0 1 0 1
3 1b 0a 0 0 05 0 0 0 1 0 1 0 1
3 03 15 0 0 00 0 0 0 1 0 1 0 1
3 05 00 0 0 00 0 0 0 1 0 1 0 1
3 05 05 0 0 16 0 0 0 1 0 1 0 1
3 07 05 0 0 00 0 0 0 1 0 1 0 1
3 05 11 1 1 05 1 0 1 1 1 1 0 1
3 05 05 1 0 1b 1 0 0 1 0 1 0 1
3 0f 10 0 1 13 0 0 0 1 0 1 0 1
3 1a 1a 0 0 00 1 0 0 1 0 1 0 1
3 05 0e 0 1 1e 0 0 0 1 0 1 0 1
3 05 05 1 1 05 0 0 0 1 0 1 0 1
3 05 16 0 0 18 1 0 0 1 0 1 0 1
3 01 05 0 1 00 0 0 0 1 0 1 0 1
3 05 05 0 0 05 0 0 0 1 0 1 0 1
3 05 05 0 1 15 0 0 0 1 0 1 0 1
3 05 05 1 1 05 1 0 1 1 1 1 0 1
3 06 05 0 1 14 0 0 0 1 0 1 0 1
3 05 12 1 0 00 1 0 0 1 0 1 0 1
3 02 05 0 1 1d 1 0 0 1 0 1 0 1
3 13 1f 1 1 0e 0 1 0 1 1 1 1 1
3 10 13 0 0 1c 0 1 0 1 1 1 1 1
3 08 10 1 1 00 0 0 0 1 0 1 0 1
3 1b 18 1 1 05 0 0 0 1 0 1 0 1
3 1c 13 0 0 00 0 0 0 1 0 1 0 1
3 1d 05 1 0 05 0 0 0 1 0 1 0 1
3 0a 05 1 1 00 0 0 0 1 0 1 0 1
3 0f 0c 1 0 00 0 0 0 1 0 1 0 1
3 05 05 1 1 05 1 0 1 1 1 1 0 1
3 05 1c 1 0 00 0 1 0 1 1 1 1 1
3 05 11 0 0 05 1 0 0 1 0 1 0 1
3 05 03 1 0 06 1 1 0 1 1 1 1 1
3 05 05 1 1 00 0 0 0 1 0 1 0 1
3 05 05 1 1 12 0 0 0 1 0 1 0 1
3 03 05 0 1 13 1 0 0 1 0 1 0 1
3 01 05 1 1 05 0 0 0 1 0 1 0 1
3 05 19 1 0 00 1 0 0 1 0 1 0 1
3 05 0e 0 1 05 0 1 0 1 1 1 1 1
3 17 05 1 0 08 0 0 0 1 0 1 0 1
3 17 05 1 1 05 1 0 1 1 1 1 0 1
3 05 09 1 0 18 1 0 0 1 0 1 0 1
3 05 05 1 1 00 1 0 0 1 0 1 0 1
3 01 1b 0 0 0a 1 0 0 1 0 1 0 1
3 05 1d 0 0 00 0 1 0 1 1 1 1 1
3 05 05 0 0 19 1 0 0 1 0 1 0 1
3 05 05 1 0 14 0 1 0 1 1 1 1 1
3 05 0d 1 0 1d 0 1 0 1 1 1 1 1
3 05 04 1 1 02 0 0 0 1 0 1 0 1
3 16 12 0 1 00 0 0 0 1 0 1 0 1
3 05 05 1 0 00 0 0 0 1 0 1 0 1
3 15 05 1 0 00 0 0 0 1 0 1 0 1
3 16 05 0 1 00 1 0 0 1 0 1 0 1
3 08 05 1 0 00 1 0 0 1 0 1 0 1
3 1d 05 0 0 05 1 0 0 1 0 1 0 1
3 05 05 1 0 18 1 0 0 1 0 1 0 1
3 05 05 0 0 18 0 0 0 1 0 1 0 1
3 05 05 1 1 1e 0 0 0 1 0 1 0 1
3 0b 05 0 0 04 1 0 0 1 0 1 0 1
3 15 05 1 1 13 0 0 0 1 0 1 0 1
3 05 05 1 1 00 0 0 0 1 0 1 0 1
3 15 05 0 0 0c 1 0 0 1 0 1 0 1
3 05 04 0 0 03 1 0 0 1 0 1 0 1
3 05 10 0 0 00 1 0 0 1 0 1 0 1
3 1f 18 1 1 05 0 0 0 1 0 1 0 1
3 1b 01 0 0 03 1 0 0 1 0 1 0 1
3 0d 05 1 0 05 0 0 0 1 0 1 0 1
3 05 05 0 0 05 0 0 0 1 0 1 0 1
3 0a 05 1 0 0e 0 0 0 1 0 1 0 1
3 04 1f 1 1 05 0 0 0 1 0 1 0 1
3 1d 04 1 1 1c 0 0 0 1 0 1 0 1
3 05 0c 0 0 00 1 0 0 1 0 1 0 1
3 05 05 1 0 05 1 0 1 1 1 1 0 1
3 05 17 0 0 00 0 0 0 1 0 1 0 1
3 05 05 1 0 00 0 0 0 1 0 1 0 1
3 1c 00 1 0 05 0 0 0 1 0 1 0 1
3 05 05 0 1 08 0 0 0 1 0 1 0 1
3 01 00 1 0 09 0 0 0 1 0 1 0 1
3 05 17 1 0 18 1 0 0 1 0 1 0 1
3 05 05 0 1 00 0 0 0 1 0 1 0 1
3 05 14 0 0 0a 0 0 0 1 0 1 0 1
3 05 05 0 1 05 1 1 0 1 1 1 1 1
3 0b 05 1 0 14 1 0 0 1 0 1 0 1
3 05 03 1 1 05 1 0 1 1 1 1 0 1
3 05 1a 0 0 05 0 0 0 1 0 1 0 1
3 05 05 0 1 00 0 1 0 1 1 1 1 1
3 05 05 1 1 0a 0 1 0 1 1 1 1 1
3 14 05 1 0 05 1 0 0 1 0 1 0 1
3 05 05 0 1 00 1 1 0 1 1 1 1 1
3 1f 07 0 0 0b 1 1 0 1 1 1 1 1
3 05 05 1 1 05 0 0 0 1 0 1 0 1
3 05 0a 0 0 00 1 0 0 1 0 1 0 1
3 06 05 1 0 05 1 0 0 1 0 1 0 1
3 1d 0e 1 1 02 0 1 0 1 1 1 1 1
3 03 04 1 0 05 0 0 0 1 0 1 0 1
3 05 04 0 1 05 0 1 0 1 1 1 1 1
3 13 05 1 0 05 1 0 0 1 0 1 0 1
3 05 18 0 1 1e 0 0 0 1 0 1 0 1
3 1f 16 0 1 05 0 0 0 1 0 1 0 1
3 12 05 1 0 08 0 0 0 1 0 1 0 1
3 09 18 1 1 00 1 0 0 1 0 1 0 1
3 1d 03 1 1 05 0 1 0 1 1 1 1 1
3 05 05 1 0 00 0 0 0 1 0 1 0 1
3 05 08 0 0 00 1 0 0 1 0 1 0 1
3 05 18 1 1 06 0 0 0 1 0 1 0 1
3 05 05 1 0 00 0 0 0 1 0 1 0 1
3 05 06 0 1 05 1 1 0 1 1 1 1 1
3 02 05 1 1 1c 1 0 0 1 0 1 0 1
3 16 11 1 0 05 0 0 0 1 0 1 0 1
3 05 05 1 1 0d 0 0 0 1 0 1 0 1
3 05 06 1 0 00 0 0 0 1 0 1 0 1
3 05 18 0 1 05 1 0 0 1 0 1 0 1
3 05 07 0 0 00 1 0 0 1 0 1 0 1
3 05 05 1 0 05 0 0 0 1 0 1 0 1
3 0e 01 0 0 00 1 0 0 1 0 1 0 1
3 1c 05 1 1 11 0 0 0 1 0 1 0 1
3 0a 03 1 0 05 0 1 0 1 1 1 1 1
3 07 14 0 0 0e 1 0 0 1 0 1 0 1
3 05 19 1 1 07 0 0 0 1 0 1 0 1
3 1c 05 0 1 05 1 0 1 1 1 1 0 1
3 05 10 0 0 05 0 0 0 1 0 1 0 1
3 19 05 1 1 05 0 0 0 1 0 1 0 1
3 16 0b 0 0 00 1 1 0 1 1 1 1 1
3 14 05 0 0 00 1 0 0 1 0 1 0 1
3 18 04 1 0 05 1 0 0 1 0 1 0 1
3 05 05 1 0 05 0 0 0 1 0 1 0 1
3 1d 17 1 1 00 0 0 0 1 0 1 0 1
3 15 05 0 1 05 0 0 0 1 0 1 0 1
3 05 09 1 0 11 1 0 0 1 0 1 0 1
3 0c 05 0 0 00 1 0 0 1 0 1 0 1
3 05 05 0 0 05 1 0 0 1 0 1 0 1
3 05 13 0 0 05 1 1 0 1 1 1 1 1
3 06 12 1 1 00 1 1 0 1 1 1 1 1
3 05 02 1 0 00 0 0 0 1 0 1 0 1
3 19 1f 1 0 13 0 1 0 1 1 1 1 1
3 18 05 0 0 05 1 0 0 1 0 1 0 1
3 05 1c 1 1 00 1 0 0 1 0 1 0 1
3 02 05 1 0 09 1 0 0 1 0 1 0 1
3 05 05 0 1 00 0 0 0 1 0 1 0 1
3 05 18 0 1 00 0 0 0 1 0 1 0 1
3 06 05 1 1 07 1 0 0 1 0 1 0 1
3 05 05 0 0 05 0 0 0 1 0 1 0 1
3 03 05 0 0 05 1 0 0 1 0 1 0 1
3 05 05 0 0 00 0 0 0 1 0 1 0 1
3 11 05 1 1 1f 0 0 0 1 0 1 0 1
3 16 0f 0 0 05 0 0 0 1 0 1 0 1
3 0f 1b 1 1 10 0 0 0 1 0 1 0 1
3 05 03 0 0 00 0 0 0 1 0 1 0 1
3 19 05 0 1 0b 1 1 0 1 1 1 1 1
3 05 05 0 1 00 0 0 0 1 0 1 0 1
3 05 1e 1 0 05 1 0 1 1 1 1 0 1
3 05 11 1 1 07 1 1 0 1 1 1 1 1
3 1c 05 0 0 05 0 0 0 1 0 1 0 1
3 0e 05 1 0 05 0 0 0 1 0 1 0 1
3 08 05 1 0 06 1 0 0 1 0 1 0 1
3 05 05 0 0 00 1 0 0 1 0 1 0 1
3 05 03 0 0 00 0 0 0 1 0 1 0 1
3 0e 05 0 0 00 0 0 0 1 0 1 0 1
3 0b 05 0 1 00 0 0 0 1 0 1 0 1
3 06 1d 1 1 00 1 0 0 1 0 1 0 1
3 16 0c 1 1 05 1 0 0 1 0 1 0 1
3 10 05 0 0 19 0 1 0 1 1 1 1 1
3 05 05 0 1 14 0 0 0 1 0 1 0 1
3 05 14 0 1 00 0 0 0 1 0 1 0 1
3 13 13 0 1 0c 1 1 0 1 1 1 1 1
3 14 05 0 0 04 1 0 0 1 0 1 0 1
3 05 05 1 0 05 1 0 1 1 1 1 0 1
3 05 05 0 1 05 1 1 0 1 1 1 1 1
3 05 13 1 0 05 0 1 0 1 1 1 1 1
3 05 05 1 1 1c 1 0 0 1 0 1 0 1
3 15 01 0 0 05 1 0 0 1 0 1 0 1
3 05 18 0 1 05 0 1 0 1 1 1 1 1
3 05 05 1 1 05 0 1 0 1 1 1 1 1
3 05 1f 0 1 05 1 0 0 1 0 1 0 1
3 05 05 0 0 11 0 0 0 1 0 1 0 1
3 05 05 1 1 05 1 1 0 1 1 1 1 1
3 0d 05 1 1 09 0 0 0 1 0 1 0 1
3 0c 05 0 0 00 1 0 0 1 0 1 0 1
3 05 1b 0 0 05 0 0 0 1 0 1 0 1
3 19 05 0 1 0d 0 0 0 1 0 1 0 1
3 1c 05 1 1 05 1 0 1 1 1 1 0 1
3 05 1c 1 1 05 1 0 1 1 1 1 0 1
3 19 05 0 0 08 1 0 0 1 0 1 0 1
3 05 05 0 1 05 1 0 1 1 1 1 0 1
3 05 05 1 1 15 0 1 0 1 1 1 1 1
3 18 07 0 1 0a 0 0 0 1 0 1 0 1
3 05 05 1 1 00 1 0 0 1 0 1 0 1
3 05 05 0 0 05 1 0 0 1 0 1 0 1
3 05 05 1 1 05 0 0 0 1 0 1 0 1
3 05 05 0 0 05 1 0 0 1 0 1 0 1
3 05 05 0 0 0f 0 0 0 1 0 1 0 1
3 05 0b 1 1 19 1 1 0 1 1 1 1 1
3 05 05 0 1 00 0 0 0 1 0 1 0 1
3 05 0f 1 1 00 1 1 0 1 1 1 1 1
3 04 05 1 1 15 0 0 0 1 0 1 0 1
3 1f 04 1 0 05 1 1 0 1 1 1 1 1
3 19 06 0 1 05 1 1 0 1 1 1 1 1
3 05 01 0 1 00 0 0 0 1 0 1 0 1
3 05 0f 1 1 00 0 0 0 1 0 1 0 1
3 12 1c 0 1 1d 0 1 0 1 1 1 1 1
3 05 05 0 1 00 1 0 0 1 0 1 0 1
3 05 05 0 0 12 0 0 0 1 0 1 0 1
3 05 15 1 0 00 0 0 0 1 0 1 0 1
3 00 05 0 1 05 1 0 1 1 1 1 0 1
3 05 1a 1 0 00 1 0 0 1 0 1 0 1
3 0d 05 0 1 00 1 0 0 1 0 1 0 1
3 05 0b 0 1 05 0 0 0 1 0 1 0 1
3 16 0d 0 0 1b 0 0 0 1 0 1 0 1
3 05 0e 1 1 10 0 1 0 1 1 1 1 1
3 0e 05 0 1 0a 0 0 0 1 0 1 0 1
3 00 1d 0 1 05 0 1 0 1 1 1 1 1
3 05 05 1 1 00 1 0 0 1 0 1 0 1
3 05 14 1 1 00 1 1 0 1 1 1 1 1
3 01 05 0 0 00 0 0 0 1 0 1 0 1
3 05 05 0 1 05 1 0 1 1 1 1 0 1
3 03 0e 1 1 00 1 1 0 1 1 1 1 1
3 05 05 0 0 00 1 1 0 1 1 1 1 1
3 05 05 0 1 05 0 1 0 1 1 1 1 1
3 1f 1f 0 0 05 0 0 0 1 0 1 0 1
3 16 13 1 1 09 1 0 0 1 0 1 0 1
3 05 1e 1 0 05 0 0 0 1 0 1 0 1
3 05 05 1 1 05 0 0 0 1 0 1 0 1
3 01 05 0 0 0c 0 0 0 1 0 1 0 1
3 05 05 0 1 05 0 0 0 1 0 1 0 1
3 00 05 1 1 00 0 0 0 1 0 1 0 1
3 05 05 1 0 00 0 0 0 1 0 1 0 1
3 05 14 0 1 11 0 0 0 1 0 1 0 1
3 05 06 0 0 00 0 0 0 1 0 1 0 1
3 1d 05 1 0 00 0 0 0 1 0 1 0 1
3 05 11 0 1 05 0 1 0 1 1 1 1 1
3 09 16 0 0 00 0 0 0 1 0 1 0 1
3 05 02 1 0 00 1 0 0 1 0 1 0 1
3 16 1c 1 1 05 1 0 0 1 0 1 0 1
3 05 12 0 0 05 1 0 0 1 0 1 0 1
3 1a 1e 1 1 14 1 0 0 1 0 1 0 1
3 05 05 1 1 10 1 0 0 1 0 1 0 1
3 14 05 0 1 00 0 0 0 1 0 1 0 1
3 18 12 1 0 05 0 0 0 1 0 1 0 1
3 05 05 0 0 00 1 0 0 1 0 1 0 1
3 05 05 1 1 0d 1 0 0 1 0 1 0 1
3 05 05 1 1 05 1 0 1 1 1 1 0 1
3 05 05 0 1 05 1 0 1 1 1 1 0 1
3 06 14 1 0 10 0 0 0 1 0 1 0 1
3 05 05 1 1 00 0 0 0 1 0 1 0 1
3 05 05 1 0 00 1 0 0 1 0 1 0 1
3 05 05 0 0 05 0 1 0 1 1 1 1 1
3 01 04 1 0 00 1 0 0 1 0 1 0 1
3 1d 0a 0 1 00 1 0 0 1 0 1 0 1
3 04 05 1 1 05 0 1 0 1 1 1 1 1
3 1e 15 0 0 1d 0 0 0 1 0 1 0 1
3 05 1f 0 0 0b 1 0 0 1 0 1 0 1
3 05 05 0 1 05 1 0 1 1 1 1 0 1
3 0a 05 1 1 05 1 0 1 1 1 1 0 1
3 05 05 1 1 00 0 1 0 1 1 1 1 1
3 1a 18 1 0 00 1 0 0 1 0 1 0 1
3 05 05 1 0 00 0 0 0 1 0 1 0 1
3 05 05 0 0 00 0 0 0 1 0 1 0 1
3 09 10 0 1 00 0 0 0 1 0 1 0 1
3 1c 15 0 0 00 1 0 0 1 0 1 0 1
3 05 05 0 0 0f 1 0 0 1 0 1 0 1
3 06 17 0 1 00 1 0 0 1 0 1 0 1
3 12 05 1 0 05 1 1 0 1 1 1 1 1
3 07 17 1 0 05 0 1 0 1 1 1 1 1
3 05 05 0 1 1b 1 0 0 1 0 1 0 1
3 0d 05 1 0 05 0 0 0 1 0 1 0 1
3 03 05 1 0 00 0 0 0 1 0 1 0 1
3 05 1b 1 1 00 0 0 0 1 0 1 0 1
3 02 05 1 0 08 1 0 0 1 0 1 0 1
3 05 0b 0 0 05 0 1 0 1 1 1 1 1
3 05 05 0 1 00 0 0 0 1 0 1 0 1
3 05 02 0 1 03 0 1 0 1 1 1 1 1
3 01 0e 0 1 00 0 0 0 1 0 1 0 1
3 05 05 1 1 05 0 0 0 1 0 1 0 1
3 05 0b 0 0 07 1 0 0 1 0 1 0 1
3 05 01 1 0 05 0 0 0 1 0 1 0 1
3 1b 05 1 1 05 1 0 1 1 1 1 0 1
3 12 16 1 1 05 0 0 0 1 0 1 0 1
3 0b 05 1 0 05 1 0 0 1 0 1 0 1
3 0d 19 1 0 00 1 0 0 1 0 1 0 1
3 19 05 0 0 05 0 0 0 1 0 1 0 1
3 07 05 0 1 00 1 0 0 1 0 1 0 1
3 05 05 0 0 00 1 1 0 1 1 1 1 1
3 05 00 0 1 1e 0 0 0 1 0 1 0 1
3 0c 05 1 0 13 1 0 0 1 0 1 0 1
3 05 05 1 0 05 1 0 1 1 1 1 0 1
3 12 05 0 1 00 1 1 0 1 1 1 1 1
3 18 05 1 0 1a 0 0 0 1 0 1 0 1
3 1e 09 1 0 05 1 0 0 1 0 1 0 1
3 00 0d 0 1 05 0 0 0 1 0 1 0 1
3 05 05 0 1 00 0 1 0 1 1 1 1 1
3 05 1b 0 0 05 1 0 0 1 0 1 0 1
3 05 01 1 1 05 0 0 0 1 0 1 0 1
3 05 18 0 0 01 1 1 0 1 1 1 1 1
3 04 05 1 0 05 0 0 0 1 0 1 0 1
3 05 17 1 1 05 0 0 0 1 0 1 0 1
3 0a 17 0 0 18 1 0 0 1 0 1 0 1
3 0a 1c 1 0 05 0 0 0 1 0 1 0 1
3 0d 0e 0 0 05 0 0 0 1 0 1 0 1
3 05 14 0 0 05 1 0 0 1 0 1 0 1
3 05 17 1 1 0b 0 0 0 1 0 1 0 1
3 05 09 1 0 00 0 0 0 1 0 1 0 1
3 03 05 1 0 05 0 0 0 1 0 1 0 1
3 13 1e 1 1 00 1 0 0 1 0 1 0 1
3 11 0a 0 1 00 0 1 0 1 1 1 1 1
3 07 05 0 0 05 0 0 0 1 0 1 0 1
3 13 12 0 1 00 0 0 0 1 0 1 0 1
3 12 19 0 1 00 0 0 0 1 0 1 0 1
3 12 05 0 0 1b 0 0 0 1 0 1 0 1
3 05 05 1 1 05 1 0 1 1 1 1 0 1
3 05 1a 1 1 17 0 0 0 1 0 1 0 1
3 05 05 0 0 0a 0 0 0 1 0 1 0 1
3 1d 07 1 0 05 1 0 0 1 0 1 0 1
3 11 1e 0 1 05 0 0 0 1 0 1 0 1
3 05 0e 1 0 11 0 1 0 1 1 1 1 1
3 05 02 0 1 04 1 0 0 1 0 1 0 1
3 1d 05 0 0 13 0 0 0 1 0 1 0 1
3 1b 05 1 1 06 1 0 0 1 0 1 0 1
3 05 05 0 1 00 1 1 0 1 1 1 1 1
3 05 08 0 0 18 1 0 0 1 0 1 0 1
3 05 12 1 0 00 1 0 0 1 0 1 0 1
3 19 05 1 1 05 1 0 1 1 1 1 0 1
3 01 0b 1 0 00 1 0 0 1 0 1 0 1
3 05 1a 0 1 07 1 0 0 1 0 1 0 1
3 11 05 1 1 00 0 0 0 1 0 1 0 1
3 05 1a 1 0 05 0 1 0 1 1 1 1 1
3 18 00 1 1 05 1 0 0 1 0 1 0 1
3 05 08 1 1 09 1 0 0 1 0 1 0 1
3 05 05 1 1 00 1 1 0 1 1 1 1 1
3 05 16 1 0 00 0 0 0 1 0 1 0 1
3 05 01 1 0 00 1 1 0 1 1 1 1 1
3 07 05 0 0 05 0 0 0 1 0 1 0 1
3 02 05 0 1 05 1 0 1 1 1 1 0 1
3 05 05 0 0 19 1 1 0 1 1 1 1 1
3 05 05 0 1 09 1 0 0 1 0 1 0 1
3 09 05 0 1 04 0 1 0 1 1 1 1 1
3 05 16 1 0 11 1 0 0 1 0 1 0 1
3 1e 14 0 0 05 0 0 0 1 0 1 0 1
3 05 1b 0 1 01 0 1 0 1 1 1 1 1
3 1e 07 0 1 00 0 0 0 1 0 1 0 1
3 16 05 0 1 01 1 0 0 1 0 1 0 1
3 07 05 0 1 00 1 0 0 1 0 1 0 1
3 05 05 0 1 05 1 0 1 1 1 1 0 1
3 08 05 0 0 05 1 0 0 1 0 1 0 1
3 05 0c 1 1 00 1 0 0 1 0 1 0 1
3 05 05 1 0 00 0 0 0 1 0 1 0 1
3 05 07 0 0 0f 0 0 0 1 0 1 0 1
3 05 05 1 1 0c 0 0 0 1 0 1 0 1
3 11 1d 1 0 05 1 1 0 1 1 1 1 1
3 1c 11 1 1 05 0 0 0 1 0 1 0 1
3 1d 0d 1 0 1c 1 1 0 1 1 1 1 1
3 17 15 1 0 00 0 0 0 1 0 1 0 1
3 16 05 0 1 05 0 0 0 1 0 1 0 1
3 00 07 1 0 00 1 0 0 1 0 1 0 1
3 02 05 1 0 05 0 0 0 1 0 1 0 1
3 19 16 1 1 06 1 0 0 1 0 1 0 1
3 05 16 1 0 05 0 0 0 1 0 1 0 1
3 05 05 0 0 00 1 0 0 1 0 1 0 1
3 05 1f 1 1 00 1 0 0 1 0 1 0 1
3 1a 05 0 0 05 1 0 0 1 0 1 0 1
3 05 03 1 1 05 0 0 0 1 0 1 0 1
3 0c 1d 1 0 05 1 0 0 1 0 1 0 1
3 18 05 0 0 14 0 0 0 1 0 1 0 1
3 05 05 0 0 05 1 1 0 1 1 1 1 1
3 05 05 1 1 1b 1 0 0 1 0 1 0 1
3 1c 05 0 0 05 0 0 0 1 0 1 0 1
3 12 05 1 0 00 0 0 0 1 0 1 0 1
3 05 05 1 1 0b 0 1 0 1 1 1 1 1
3 16 05 1 1 00 0 0 0 1 0 1 0 1
3 05 1a 0 1 05 0 0 0 1 0 1 0 1
3 05 05 0 0 04 0 0 0 1 0 1 0 1
3 05 18 0 1 05 1 0 0 1 0 1 0 1
3 05 05 1 1 05 1 1 0 1 1 1 1 1
3 03 18 0 1 00 0 0 0 1 0 1 0 1
3 05 17 1 1 05 1 0 1 1 1 1 0 1
3 05 11 1 0 00 0 0 0 1 0 1 0 1
3 09 05 0 0 00 0 1 0 1 1 1 1 1
3 09 05 1 0 05 1 0 0 1 0 1 0 1
3 05 0f 1 1 00 0 0 0 1 0 1 0 1
3 13 13 0 0 05 1 0 0 1 0 1 0 1
3 01 0d 0 1 00 1 0 0 1 0 1 0 1
3 0d 08 1 1 00 1 0 0 1 0 1 0 1
3 0f 05 0 1 00 0 0 0 1 0 1 0 1
3 05 05 0 0 05 0 0 0 1 0 1 0 1
3 1b 05 0 1 05 1 1 0 1 1 1 1 1
3 05 13 0 1 05 1 1 0 1 1 1 1 1
3 10 08 1 0 1b 0 0 0 1 0 1 0 1
3 1e 0d 1 0 00 0 0 0 1 0 1 0 1
3 1d 05 1 1 05 0 0 0 1 0 1 0 1
3 05 05 0 1 05 0 0 0 1 0 1 0 1
3 05 05 0 0 00 0 0 0 1 0 1 0 1
3 05 12 0 1 1f 0 0 0 1 0 1 0 1
3 01 05 1 0 00 1 0 0 1 0 1 0 1
3 02 05 0 1 05 0 0 0 1 0 1 0 1
3 09 1e 0 1 05 1 1 0 1 1 1 1 1
3 05 05 1 1 05 0 0 0 1 0 1 0 1
3 12 05 0 0 00 1 0 0 1 0 1 0 1
3 11 0b 0 1 1e 0 0 0 1 0 1 0 1
3 10 18 0 0 11 0 0 0 1 0 1 0 1
3 05 05 1 1 1b 1 0 0 1 0 1 0 1
3 05 0a 0 0 05 0 0 0 1 0 1 0 1
3 05 13 0 1 05 0 0 0 1 0 1 0 1
3 07 05 0 1 0a 0 0 0 1 0 1 0 1
3 17 05 0 0 00 1 0 0 1 0 1 0 1
3 05 08 0 1 05 0 0 0 1 0 1 0 1
3 05 01 1 0 14 0 1 0 1 1 1 1 1
3 05 11 0 0 00 1 0 0 1 0 1 0 1
3 08 1e 1 1 00 0 0 0 1 0 1 0 1
3 05 15 1 0 05 0 0 0 1 0 1 0 1
3 05 0b 0 1 05 0 1 0 1 1 1 1 1
3 05 05 0 1 0c 1 0 0 1 0 1 0 1
3 05 05 0 1 04 0 0 0 1 0 1 0 1
3 12 05 0 1 05 0 0 0 1 0 1 0 1
3 05 15 0 1 1d 0 0 0 1 0 1 0 1
3 05 05 1 1 00 1 0 0 1 0 1 0 1
3 05 05 1 1 08 0 1 0 1 1 1 1 1
3 02 1b 1 0 16 1 0 0 1 0 1 0 1
3 05 04 0 0 0f 1 0 0 1 0 1 0 1
3 05 1f 1 0 00 1 1 0 1 1 1 1 1
3 05 05 1 0 0f 1 0 0 1 0 1 0 1
3 00 05 0 0 05 0 0 0 1 0 1 0 1
3 05 1f 0 1 05 0 0 0 1 0 1 0 1
3 05 13 0 1 00 1 0 0 1 0 1 0 1
3 05 05 0 1 05 0 0 0 1 0 1 0 1
3 06 05 0 1 05 0 0 0 1 0 1 0 1
3 05 13 1 1 00 0 1 0 1 1 1 1 1
3 05 05 0 0 05 1 0 0 1 0 1 0 1
3 05 05 1 0 05 1 0 1 1 1 1 0 1
3 0a 05 0 1 00 0 0 0 1 0 1 0 1
3 18 05 0 1 00 0 0 0 1 0 1 0 1
3 05 14 1 1 17 1 1 0 1 1 1 1 1
3 16 05 1 0 00 1 1 0 1 1 1 1 1
3 17 11 1 0 00 0 0 0 1 0 1 0 1
3 05 15 0 0 05 1 1 0 1 1 1 1 1
3 05 05 0 0 0c 0 1 0 1 1 1 1 1
3 0c 0c 0 0 03 1 0 0 1 0 1 0 1
3 05 05 1 1 05 0 0 0 1 0 1 0 1
3 05 05 0 1 00 0 0 0 1 0 1 0 1
3 05 05 0 1 00 0 0 0 1 0 1 0 1
3 05 05 0 1 05 0 1 0 1 1 1 1 1
3 11 15 0 0 00 0 0 0 1 0 1 0 1
3 05 0a 0 0 09 1 0 0 1 0 1 0 1
3 0c 0c 0 1 05 1 0 0 1 0 1 0 1
3 05 05 0 1 11 1 0 0 1 0 1 0 1
3 05 01 1 0 00 0 1 0 1 1 1 1 1
3 05 17 0 1 05 1 0 0 1 0 1 0 1
3 17 05 0 1 07 0 0 0 1 0 1 0 1
3 05 05 1 0 00 1 0 0 1 0 1 0 1
3 08 13 1 0 07 0 0 0 1 0 1 0 1
3 03 05 1 0 05 1 0 0 1 0 1 0 1
3 0b 05 1 0 00 1 0 0 1 0 1 0 1
3 01 08 0 1 05 0 0 0 1 0 1 0 1
3 0b 06 0 1 05 1 0 0 1 0 1 0 1
3 05 05 1 1 05 0 0 0 1 0 1 0 1
3 06 05 1 1 00 1 0 0 1 0 1 0 1
3 05 09 1 0 0b 1 0 0 1 0 1 0 1
3 0d 05 1 1 05 1 1 0 1 1 1 1 1
3 05 0e 1 1 00 0 0 0 1 0 1 0 1
3 0c 05 1 1 12 1 1 0 1 1 1 1 1
3 00 03 1 0 04 1 0 0 1 0 1 0 1
3 05 05 0 1 05 1 0 1 1 1 1 0 1
3 08 05 0 1 10 1 0 0 1 0 1 0 1
3 05 05 0 0 0c 0 0 0 1 0 1 0 1
3 05 05 0 1 1e 1 0 0 1 0 1 0 1
3 05 05 1 1 1b 1 0 0 1 0 1 0 1
3 12 01 0 1 05 0 0 0 1 0 1 0 1
3 05 05 1 0 00 1 0 0 1 0 1 0 1
3 05 05 0 0 0d 0 0 0 1 0 1 0 1
3 05 1e 1 1 00 1 0 0 1 0 1 0 1
3 1e 0b 1 0 05 0 1 0 1 1 1 1 1
3 16 0e 0 1 00 1 0 0 1 0 1 0 1
3 06 05 1 1 05 1 0 1 1 1 1 0 1
3 05 09 1 0 04 0 0 0 1 0 1 0 1
3 05 05 0 0 00 1 0 0 1 0 1 0 1
3 0a 06 0 1 00 0 1 0 1 1 1 1 1
3 02 1c 0 0 00 1 0 0 1 0 1 0 1
3 07 05 1 1 00 0 0 0 1 0 1 0 1
3 05 19 1 0 00 1 0 0 1 0 1 0 1
3 15 13 1 1 05 0 0 0 1 0 1 0 1
3 05 0a 0 0 00 0 0 0 1 0 1 0 1
3 05 05 1 0 05 0 0 0 1 0 1 0 1
3 19 08 0 0 00 1 1 0 1 1 1 1 1
3 05 05 1 0 1e 0 0 0 1 0 1 0 1
3 1f 05 1 0 0d 1 0 0 1 0 1 0 1
3 05 05 1 0 05 0 1 0 1 1 1 1 1
3 15 05 0 1 17 1 0 0 1 0 1 0 1
3 1c 05 1 0 00 1 0 0 1 0 1 0 1
3 05 05 0 1 00 0 0 0 1 0 1 0 1
3 01 05 1 0 00 1 0 0 1 0 1 0 1
3 13 05 1 0 05 0 0 0 1 0 1 0 1
3 05 05 1 0 19 1 1 0 1 1 1 1 1
3 05 05 1 1 05 1 0 1 1 1 1 0 1
3 05 05 0 0 05 1 1 0 1 1 1 1 1
3 05 05 1 0 00 1 0 0 1 0 1 0 1
3 02 0f 1 0 00 1 0 0 1 0 1 0 1
3 1e 12 0 1 05 0 0 0 1 0 1 0 1
3 0e 00 0 0 00 1 0 0 1 0 1 0 1
3 05 05 0 0 05 0 0 0 1 0 1 0 1
3 15 03 0 1 01 0 0 0 1 0 1 0 1
3 05 12 0 0 00 1 0 0 1 0 1 0 1
3 05 05 1 0 05 1 0 1 1 1 1 0 1
3 1b 05 0 1 17 0 0 0 1 0 1 0 1
3 05 05 0 0 05 1 0 0 1 0 1 0 1
3 05 00 1 0 05 1 0 1 1 1 1 0 1
3 07 05 1 0 1e 1 0 0 1 0 1 0 1
3 14 1d 0 1 05 1 0 0 1 0 1 0 1
3 00 00 0 0 0d 1 0 0 1 0 1 0 1
3 0c 05 1 0 05 1 1 0 1 1 1 1 1
3 0e 11 1 1 05 1 0 0 1 0 1 0 1
3 1d 05 1 1 00 1 0 0 1 0 1 0 1
3 05 0b 1 0 00 1 0 0 1 0 1 0 1
3 1f 05 0 1 0b 1 0 0 1 0 1 0 1
3 17 05 0 1 05 1 0 1 1 1 1 0 1
3 1c 05 0 0 05 1 0 0 1 0 1 0 1
3 19 05 1 1 05 0 0 0 1 0 1 0 1
3 05 17 1 0 05 1 0 1 1 1 1 0 1
3 1a 05 0 0 05 1 0 0 1 0 1 0 1
3 05 05 0 0 00 1 0 0 1 0 1 0 1
3 00 05 1 0 00 1 0 0 1 0 1 0 1
3 15 1f 1 0 05 0 0 0 1 0 1 0 1
3 0e 12 0 0 00 1 0 0 1 0 1 0 1
3 05 03 1 1 00 1 0 0 1 0 1 0 1
3 05 1f 0 1 0c 0 0 0 1 0 1 0 1
3 05 1b 1 0 00 1 0 0 1 0 1 0 1
3 00 0f 1 1 05 1 0 0 1 0 1 0 1
3 05 05 1 1 05 0 1 0 1 1 1 1 1
3 05 03 1 0 00 1 0 0 1 0 1 0 1
3 0d 05 1 1 18 0 0 0 1 0 1 0 1
3 19 11 0 0 05 0 0 0 1 0 1 0 1
3 05 1a 1 1 05 0 0 0 1 0 1 0 1
3 19 16 0 0 0d 1 0 0 1 0 1 0 1
3 0a 0f 0 1 00 0 0 0 1 0 1 0 1
3 13 02 1 0 05 1 0 0 1 0 1 0 1
3 05 05 0 1 10 0 0 0 1 0 1 0 1
3 0f 10 0 1 05 1 0 0 1 0 1 0 1
3 0e 05 1 0 00 0 0 0 1 0 1 0 1
3 0a 0c 0 0 05 1 0 0 1 0 1 0 1
3 19 05 1 1 1f 1 0 0 1 0 1 0 1
3 03 05 1 0 00 1 0 0 1 0 1 0 1
3 12 03 0 0 0c 0 0 0 1 0 1 0 1
3 05 09 0 0 05 0 0 0 1 0 1 0 1
3 05 10 1 1 1e 1 0 0 1 0 1 0 1
3 05 05 0 1 1c 1 0 0 1 0 1 0 1
3 1e 05 1 0 05 0 0 0 1 0 1 0 1
3 02 1b 1 1 19 1 0 0 1 0 1 0 1
3 05 19 0 1 15 1 0 0 1 0 1 0 1
3 05 05 0 1 14 0 1 0 1 1 1 1 1
3 13 0d 0 1 00 0 1 0 1 1 1 1 1
3 05 05 1 0 15 1 0 0 1 0 1 0 1
3 0b 08 1 0 15 0 0 0 1 0 1 0 1
3 03 0a 1 1 00 1 0 0 1 0 1 0 1
3 01 12 1 1 19 0 0 0 1 0 1 0 1
3 0b 05 0 1 16 1 0 0 1 0 1 0 1
3 14 05 0 1 05 1 0 1 1 1 1 0 1
3 00 01 1 1 05 1 0 0 1 0 1 0 1
3 05 07 1 0 05 1 0 1 1 1 1 0 1
3 0d 05 0 0 00 0 1 0 1 1 1 1 1
3 1d 05 0 0 15 1 0 0 1 0 1 0 1
3 05 05 1 1 05 0 1 0 1 1 1 1 1
3 05 05 1 0 05 1 0 1 1 1 1 0 1
3 07 0d 1 0 00 0 0 0 1 0 1 0 1
3 1f 05 1 0 05 0 0 0 1 0 1 0 1
3 05 1f 1 1 05 0 0 0 1 0 1 0 1
3 05 05 0 0 0d 0 1 0 1 1 1 1 1
3 0f 05 1 0 05 1 0 0 1 0 1 0 1
3 05 05 1 1 0d 0 0 0 1 0 1 0 1
3 0b 0d 1 1 1d 0 0 0 1 0 1 0 1
3 01 05 0 0 17 0 0 0 1 0 1 0 1
3 05 05 1 1 0b 1 0 0 1 0 1 0 1
3 09 07 0 0 00 0 0 0 1 0 1 0 1
3 05 1d 0 0 06 0 0 0 1 0 1 0 1
3 05 05 1 0 05 1 0 1 1 1 1 0 1
3 10 10 0 0 00 0 0 0 1 0 1 0 1
3 05 05 0 0 1b 1 0 0 1 0 1 0 1
3 05 02 0 0 00 1 1 0 1 1 1 1 1
3 09 05 0 0 05 0 0 0 1 0 1 0 1
3 19 09 0 0 05 1 0 0 1 0 1 0 1
3 10 05 0 0 05 1 0 0 1 0 1 0 1
3 00 04 0 1 07 1 0 0 1 0 1 0 1
3 05 05 0 0 00 0 1 0 1 1 1 1 1
3 05 03 0 0 05 1 0 0 1 0 1 0 1
3 0d 05 0 1 00 0 0 0 1 0 1 0 1
3 1f 0e 1 1 05 1 0 0 1 0 1 0 1
3 0d 05 0 0 05 0 0 0 1 0 1 0 1
3 05 05 0 1 05 0 0 0 1 0 1 0 1
3 05 16 1 1 05 0 1 0 1 1 1 1 1
3 05 05 1 0 05 0 1 0 1 1 1 1 1
3 05 05 1 1 19 1 0 0 1 0 1 0 1
3 05 05 1 1 00 0 0 0 1 0 1 0 1
3 17 13 0 0 00 0 0 0 1 0 1 0 1
3 05 05 0 1 00 0 0 0 1 0 1 0 1
3 0d 0a 0 1 00 0 0 0 1 0 1 0 1
3 05 05 0 0 05 1 0 0 1 0 1 0 1
3 1c 1b 0 0 01 0 0 0 1 0 1 0 1
3 17 15 1 1 00 1 0 0 1 0 1 0 1
3 05 12 1 0 05 0 0 0 1 0 1 0 1
3 05 05 1 0 1a 1 0 0 1 0 1 0 1
3 05 05 1 1 00 0 0 0 1 0 1 0 1
3 05 05 0 1 05 1 0 1 1 1 1 0 1
3 05 0c 0 0 05 0 1 0 1 1 1 1 1
3 00 07 1 0 05 1 0 0 1 0 1 0 1
3 05 05 1 0 03 0 0 0 1 0 1 0 1
3 0c 05 0 1 00 0 0 0 1 0 1 0 1
3 1f 10 0 0 00 1 0 0 1 0 1 0 1
3 07 0c 0 0 05 0 0 0 1 0 1 0 1
3 1f 05 1 1 05 0 0 0 1 0 1 0 1
3 05 1d 0 0 15 1 0 0 1 0 1 0 1
3 05 06 1 1 1a 1 0 0 1 0 1 0 1
3 1f 05 0 0 00 0 1 0 1 1 1 1 1
3 05 1a 0 0 03 1 1 0 1 1 1 1 1
3 13 05 1 0 05 0 0 0 1 0 1 0 1
3 05 05 1 1 1d 0 0 0 1 0 1 0 1
3 10 05 1 0 00 1 0 0 1 0 1 0 1
3 05 1b 0 1 00 0 0 0 1 0 1 0 1
3 05 05 0 0 05 1 0 0 1 0 1 0 1
3 07 00 0 0 04 1 1 0 1 1 1 1 1
3 05 03 0 0 00 0 0 0 1 0 1 0 1
3 05 05 1 0 00 0 1 0 1 1 1 1 1
3 13 05 0 0 00 0 1 0 1 1 1 1 1
3 1d 05 1 1 02 0 0 0 1 0 1 0 1
3 0d 05 1 0 05 1 1 0 1 1 1 1 1
3 1d 05 1 1 00 1 0 0 1 0 1 0 1
3 01 19 0 1 00 1 0 0 1 0 1 0 1
3 1f 05 0 0 05 1 0 0 1 0 1 0 1
3 05 05 0 1 00 1 0 0 1 0 1 0 1
3 05 04 0 0 0d 0 0 0 1 0 1 0 1
3 17 05 0 1 00 1 0 0 1 0 1 0 1
3 1d 0d 0 0 0b 0 0 0 1 0 1 0 1
3 05 07 1 0 00 0 0 0 1 0 1 0 1
3 16 1c 0 0 05 0 0 0 1 0 1 0 1
3 0f 19 0 1 05 0 0 0 1 0 1 0 1
3 05 05 0 0 11 0 1 0 1 1 1 1 1
3 1b 0a 0 1 05 0 0 0 1 0 1 0 1
3 05 19 0 1 05 0 0 0 1 0 1 0 1
3 05 05 0 0 1a 0 0 0 1 0 1 0 1
3 0d 0a 1 0 00 0 0 0 1 0 1 0 1
3 05 05 1 0 18 1 0 0 1 0 1 0 1
3 1f 05 1 1 05 0 1 0 1 1 1 1 1
3 05 05 1 0 05 0 0 0 1 0 1 0 1
3 05 05 0 0 1e 1 0 0 1 0 1 0 1
3 05 05 1 0 00 1 0 0 1 0 1 0 1
3 05 05 0 1 1c 0 0 0 1 0 1 0 1
3 05 09 0 1 04 0 0 0 1 0 1 0 1
3 15 05 1 1 07 0 0 0 1 0 1 0 1
3 0e 11 1 1 05 0 1 0 1 1 1 1 1
3 05 05 1 0 00 1 0 0 1 0 1 0 1
3 0d 05 0 0 1e 0 0 0 1 0 1 0 1
3 05 05 1 0 00 1 0 0 1 0 1 0 1
3 05 00 1 1 04 0 0 0 1 0 1 0 1
3 05 0f 0 1 19 0 0 0 1 0 1 0 1
3 05 05 1 0 00 1 0 0 1 0 1 0 1
3 1c 0e 0 0 15 1 0 0 1 0 1 0 1
3 05 05 1 1 16 0 0 0 1 0 1 0 1
3 05 05 1 0 05 1 0 1 1 1 1 0 1
3 05 0e 0 0 1c 1 0 0 1 0 1 0 1
3 05 05 1 1 10 1 0 0 1 0 1 0 1
3 05 1e 0 0 05 0 0 0 1 0 1 0 1
3 05 16 1 0 00 1 0 0 1 0 1 0 1
3 06 0e 0 0 06 0 0 0 1 0 1 0 1
3 02 10 0 1 04 1 0 0 1 0 1 0 1
3 10 1e 0 0 05 1 1 0 1 1 1 1 1
3 06 1f 1 1 12 1 0 0 1 0 1 0 1
3 05 05 1 0 00 0 0 0 1 0 1 0 1
3 1a 07 0 1 05 0 0 0 1 0 1 0 1
3 05 0c 1 1 10 1 0 0 1 0 1 0 1
3 05 12 0 1 05 0 0 0 1 0 1 0 1
3 05 05 0 1 00 1 1 0 1 1 1 1 1
3 0b 17 1 1 00 0 0 0 1 0 1 0 1
3 05 16 1 0 05 0 0 0 1 0 1 0 1
3 05 05 1 1 09 0 0 0 1 0 1 0 1
3 19 18 0 1 05 0 0 0 1 0 1 0 1
3 19 05 0 1 05 1 1 0 1 1 1 1 1
3 05 05 0 1 00 1 0 0 1 0 1 0 1
3 04 18 1 0 01 1 0 0 1 0 1 0 1
3 0d 08 1 1 00 1 0 0 1 0 1 0 1
3 05 13 1 0 00 1 0 0 1 0 1 0 1
3 05 05 1 1 16 1 1 0 1 1 1 1 1
3 05 05 1 1 09 1 1 0 1 1 1 1 1
3 14 15 0 1 00 0 0 0 1 0 1 0 1
3 1a 05 1 1 05 0 0 0 1 0 1 0 1
3 0d 18 0 1 00 0 0 0 1 0 1 0 1
3 05 04 0 0 00 1 0 0 1 0 1 0 1
3 05 05 1 0 04 0 0 0 1 0 1 0 1
3 05 11 1 0 0e 1 0 0 1 0 1 0 1
3 1b 05 1 1 05 0 0 0 1 0 1 0 1
3 05 05 1 0 05 1 1 0 1 1 1 1 1
3 05 05 0 0 05 1 0 0 1 0 1 0 1
3 05 05 1 1 0c 0 1 0 1 1 1 1 1
3 05 0b 0 1 1e 1 0 0 1 0 1 0 1
3 05 05 0 0 1c 1 0 0 1 0 1 0 1
3 05 12 0 0 05 1 0 0 1 0 1 0 1
3 05 05 0 0 05 0 1 0 1 1 1 1 1
3 05 05 0 1 00 1 1 0 1 1 1 1 1
3 1d 0a 1 0 05 0 0 0 1 0 1 0 1
3 05 05 1 0 0a 1 1 0 1 1 1 1 1
3 0d 0f 0 0 00 0 1 0 1 1 1 1 1
3 05 05 0 0 05 0 0 0 1 0 1 0 1
3 08 05 0 1 1e 1 0 0 1 0 1 0 1
3 05 0f 0 0 05 1 0 0 1 0 1 0 1
3 05 05 0 0 00 1 0 0 1 0 1 0 1
3 05 05 1 0 05 1 0 1 1 1 1 0 1
3 05 05 1 0 13 1 0 0 1 0 1 0 1
3 10 05 0 0 05 1 0 0 1 0 1 0 1
3 0d 05 1 1 03 1 1 0 1 1 1 1 1
3 0c 13 1 0 15 0 0 0 1 0 1 0 1
3 05 08 0 1 00 0 1 0 1 1 1 1 1
3 05 05 1 1 0b 1 1 0 1 1 1 1 1
3 05 05 0 1 0b 1 1 0 1 1 1 1 1
3 02 05 0 0 05 0 0 0 1 0 1 0 1
3 05 0c 1 1 00 0 1 0 1 1 1 1 1
3 05 08 1 1 05 0 0 0 1 0 1 0 1
3 05 05 0 1 00 0 0 0 1 0 1 0 1
3 05 05 1 1 0b 1 0 0 1 0 1 0 1
3 05 0a 1 1 0e 0 1 0 1 1 1 1 1
3 17 1b 0 1 05 0 0 0 1 0 1 0 1
3 05 02 0 1 00 0 0 0 1 0 1 0 1
3 07 0f 1 0 02 1 0 0 1 0 1 0 1
3 05 05 0 0 15 0 0 0 1 0 1 0 1
3 05 05 1 1 05 0 1 0 1 1 1 1 1
3 05 05 1 1 00 0 0 0 1 0 1 0 1
3 13 05 0 1 0e 0 0 0 1 0 1 0 1
3 05 05 1 1 0c 1 0 0 1 0 1 0 1
3 05 05 1 0 03 1 1 0 1 1 1 1 1
3 05 05 0 1 0a 0 0 0 1 0 1 0 1
3 02 1a 1 1 00 1 0 0 1 0 1 0 1
3 05 0a 1 0 00 0 0 0 1 0 1 0 1
3 05 00 0 0 00 1 0 0 1 0 1 0 1
3 00 05 0 0 05 0 0 0 1 0 1 0 1
3 0b 0d 0 0 00 0 0 0 1 0 1 0 1
3 05 0b 0 1 00 0 0 0 1 0 1 0 1
3 05 1b 0 0 09 1 0 0 1 0 1 0 1
3 1c 0c 0 0 00 1 1 0 1 1 1 1 1
3 15 16 0 0 0d 0 0 0 1 0 1 0 1
3 16 17 0 1 00 1 0 0 1 0 1 0 1
3 05 0d 0 1 05 1 0 0 1 0 1 0 1
3 0a 05 0 1 06 0 1 0 1 1 1 1 1
3 05 09 0 1 00 0 1 0 1 1 1 1 1
3 1b 1e 0 0 10 0 0 0 1 0 1 0 1
3 05 13 0 0 00 1 0 0 1 0 1 0 1
3 05 0e 1 0 00 1 0 0 1 0 1 0 1
3 05 17 1 1 09 1 0 0 1 0 1 0 1
3 05 00 1 1 18 0 0 0 1 0 1 0 1
3 05 15 1 1 03 1 0 0 1 0 1 0 1
3 18 05 0 1 00 1 1 0 1 1 1 1 1
3 05 19 1 0 00 0 0 0 1 0 1 0 1
3 11 0b 0 0 00 1 0 0 1 0 1 0 1
3 05 05 0 1 15 1 0 0 1 0 1 0 1
3 1b 05 0 0 00 1 0 0 1 0 1 0 1
3 07 05 0 1 05 0 1 0 1 1 1 1 1
3 1f 14 0 0 00 1 0 0 1 0 1 0 1
3 19 10 0 1 00 0 1 0 1 1 1 1 1
3 04 0c 1 0 05 0 0 0 1 0 1 0 1
3 17 05 1 0 05 1 1 0 1 1 1 1 1
3 05 0b 1 0 00 1 0 0 1 0 1 0 1
3 13 08 1 1 00 0 0 0 1 0 1 0 1
3 04 05 1 0 00 1 1 0 1 1 1 1 1
3 05 02 1 0 11 1 1 0 1 1 1 1 1
3 1b 05 0 0 05 1 0 0 1 0 1 0 1
3 05 16 0 0 0d 1 0 0 1 0 1 0 1
3 12 1a 1 1 05 0 0 0 1 0 1 0 1
3 0d 05 0 1 00 1 1 0 1 1 1 1 1
3 05 1f 1 1 05 1 0 1 1 1 1 0 1
3 05 05 0 0 02 1 0 0 1 0 1 0 1
3 05 1f 1 1 05 1 0 1 1 1 1 0 1
3 1d 05 0 0 02 0 0 0 1 0 1 0 1
3 1b 09 1 0 00 0 0 0 1 0 1 0 1
3 05 18 1 0 05 0 0 0 1 0 1 0 1
3 04 18 0 0 05 1 0 0 1 0 1 0 1
3 05 14 1 0 03 1 1 0 1 1 1 1 1
3 13 05 1 0 05 0 0 0 1 0 1 0 1
3 05 05 1 0 00 0 0 0 1 0 1 0 1
3 1d 04 1 1 00 0 0 0 1 0 1 0 1
3 11 05 0 1 0f 0 0 0 1 0 1 0 1
3 0e 05 1 1 1b 1 0 0 1 0 1 0 1
3 19 05 1 0 05 1 0 0 1 0 1 0 1
3 0d 19 1 0 12 1 1 0 1 1 1 1 1
3 09 01 0 0 02 1 0 0 1 0 1 0 1
3 05 0f 1 1 0d 0 0 0 1 0 1 0 1
3 1a 05 0 1 1c 0 0 0 1 0 1 0 1
3 05 05 1 0 05 0 1 0 1 1 1 1 1
3 05 19 1 1 05 1 0 1 1 1 1 0 1
3 04 0b 0 0 05 1 0 0 1 0 1 0 1
3 05 01 0 0 0c 1 0 0 1 0 1 0 1
3 05 02 0 0 00 0 1 0 1 1 1 1 1
3 05 0d 0 1 05 1 0 0 1 0 1 0 1
3 1d 05 0 0 00 0 0 0 1 0 1 0 1
3 05 14 1 1 0d 0 0 0 1 0 1 0 1
3 05 10 1 1 18 1 0 0 1 0 1 0 1
3 08 07 1 0 0d 1 1 0 1 1 1 1 1
3 05 05 0 1 05 0 0 0 1 0 1 0 1
3 05 05 0 0 05 1 0 0 1 0 1 0 1
3 0c 05 0 0 05 1 1 0 1 1 1 1 1
3 05 05 0 0 05 1 1 0 1 1 1 1 1
3 05 05 1 0 17 1 0 0 1 0 1 0 1
3 1c 11 0 0 01 0 0 0 1 0 1 0 1
3 15 05 1 0 06 0 0 0 1 0 1 0 1
3 05 0e 0 1 05 0 0 0 1 0 1 0 1
3 1b 05 0 1 08 0 0 0 1 0 1 0 1
3 0a 0f 1 1 00 1 1 0 1 1 1 1 1
3 05 15 0 0 19 0 0 0 1 0 1 0 1
3 07 18 1 0 00 1 1 0 1 1 1 1 1
3 05 05 1 1 05 0 0 0 1 0 1 0 1
3 05 05 0 0 00 0 1 0 1 1 1 1 1
3 19 19 0 1 00 0 0 0 1 0 1 0 1
3 0b 13 1 1 05 0 0 0 1 0 1 0 1
3 05 0a 0 0 00 0 0 0 1 0 1 0 1
3 14 0a 1 1 05 0 0 0 1 0 1 0 1
3 0f 05 1 0 17 1 0 0 1 0 1 0 1
3 07 05 1 1 00 0 0 0 1 0 1 0 1
3 01 1a 0 1 00 0 0 0 1 0 1 0 1
3 05 05 1 0 0d 1 0 0 1 0 1 0 1
3 05 16 0 1 05 1 0 0 1 0 1 0 1
3 05 14 1 0 00 1 1 0 1 1 1 1 1
3 0b 0d 0 1 1a 0 0 0 1 0 1 0 1
3 05 09 0 1 00 0 0 0 1 0 1 0 1
3 05 05 0 1 00 0 0 0 1 0 1 0 1
3 05 05 0 0 00 1 0 0 1 0 1 0 1
3 05 09 1 1 00 1 0 0 1 0 1 0 1
3 05 0f 1 0 1a 1 0 0 1 0 1 0 1
3 05 05 1 0 1a 0 0 0 1 0 1 0 1
3 05 05 1 0 05 0 0 0 1 0 1 0 1
3 05 05 0 1 08 1 1 0 1 1 1 1 1
3 05 05 1 0 16 1 1 0 1 1 1 1 1
3 05 05 0 1 00 0 0 0 1 0 1 0 1
3 19 1b 1 0 05 1 0 0 1 0 1 0 1
3 05 1a 1 0 0d 1 1 0 1 1 1 1 1
3 02 05 0 0 11 1 1 0 1 1 1 1 1
3 05 05 0 1 0d 1 0 0 1 0 1 0 1
3 01 05 1 1 00 1 1 0 1 1 1 1 1
3 0f 05 1 1 05 1 0 1 1 1 1 0 1
3 05 1c 1 1 05 0 1 0 1 1 1 1 1
3 0e 05 0 0 02 1 0 0 1 0 1 0 1
3 05 05 1 0 04 1 0 0 1 0 1 0 1
3 12 03 0 0 05 0 1 0 1 1 1 1 1
3 05 05 0 1 05 0 0 0 1 0 1 0 1
3 00 1b 0 0 0c 0 0 0 1 0 1 0 1
3 05 05 1 1 0d 0 0 0 1 0 1 0 1
3 05 1d 0 1 04 1 1 0 1 1 1 1 1
3 05 1f 0 0 05 0 0 0 1 0 1 0 1
3 05 05 0 0 00 1 1 0 1 1 1 1 1
3 05 05 0 1 0f 0 0 0 1 0 1 0 1
3 16 00 0 1 00 0 0 0 1 0 1 0 1
3 05 05 1 0 00 0 0 0 1 0 1 0 1
3 05 12 0 1 00 0 0 0 1 0 1 0 1
3 05 1c 1 0 05 0 0 0 1 0 1 0 1
3 05 05 1 0 05 0 0 0 1 0 1 0 1
3 03 05 1 1 00 1 0 0 1 0 1 0 1
3 05 05 1 0 05 1 1 0 1 1 1 1 1
3 05 1f 0 1 01 0 1 0 1 1 1 1 1
3 10 0a 0 1 13 1 0 0 1 0 1 0 1
3 05 1d 1 0 00 1 0 0 1 0 1 0 1
3 12 05 0 0 18 1 0 0 1 0 1 0 1
3 05 0b 0 1 00 1 0 0 1 0 1 0 1
3 16 05 0 1 1c 0 0 0 1 0 1 0 1
3 18 1b 1 1 00 0 0 0 1 0 1 0 1
3 05 0c 1 0 00 0 0 0 1 0 1 0 1
3 04 19 0 0 00 0 0 0 1 0 1 0 1
3 01 0a 0 0 00 0 0 0 1 0 1 0 1
3 1b 05 1 0 05 0 0 0 1 0 1 0 1
3 05 0b 0 1 00 0 0 0 1 0 1 0 1
3 06 05 0 0 00 1 0 0 1 0 1 0 1
3 13 11 1 1 00 0 0 0 1 0 1 0 1
3 05 04 1 0 00 1 0 0 1 0 1 0 1
3 19 0e 0 1 00 0 0 0 1 0 1 0 1
3 0d 0e 0 1 02 1 1 0 1 1 1 1 1
3 05 05 0 0 05 1 0 0 1 0 1 0 1
3 05 05 0 0 1f 1 0 0 1 0 1 0 1
3 05 05 1 1 00 1 0 0 1 0 1 0 1
3 10 13 1 1 00 1 0 0 1 0 1 0 1
3 05 05 1 1 05 1 0 1 1 1 1 0 1
3 10 0c 0 0 11 0 0 0 1 0 1 0 1
3 04 0c 1 0 05 1 1 0 1 1 1 1 1
3 05 05 1 0 05 0 0 0 1 0 1 0 1
3 14 05 1 1 07 1 1 0 1 1 1 1 1
3 1e 14 1 1 05 1 0 0 1 0 1 0 1
3 05 05 1 1 00 0 0 0 1 0 1 0 1
3 16 05 1 0 00 1 0 0 1 0 1 0 1
3 00 1e 0 1 0d 1 0 0 1 0 1 0 1
3 19 0f 0 0 05 1 1 0 1 1 1 1 1
3 05 05 0 1 05 0 1 0 1 1 1 1 1
3 05 0e 0 1 01 0 0 0 1 0 1 0 1
3 0d 05 1 1 18 1 1 0 1 1 1 1 1
3 1f 0d 0 0 1e 1 0 0 1 0 1 0 1
3 08 05 0 0 05 1 0 0 1 0 1 0 1
3 05 1a 1 0 1a 1 0 0 1 0 1 0 1
3 05 05 0 1 0b 1 0 0 1 0 1 0 1
3 05 1b 0 1 05 0 1 0 1 1 1 1 1
3 05 09 1 0 05 0 0 0 1 0 1 0 1
3 05 00 1 1 05 0 0 0 1 0 1 0 1
3 01 19 0 0 00 1 1 0 1 1 1 1 1
3 1f 12 0 0 05 1 1 0 1 1 1 1 1
3 06 10 1 1 1b 1 0 0 1 0 1 0 1
3 05 15 0 0 0d 1 0 0 1 0 1 0 1
3 06 05 0 0 00 1 0 0 1 0 1 0 1
3 1f 05 1 1 05 0 0 0 1 0 1 0 1
3 12 1b 0 1 1b 1 0 1 1 1 1 0 1
3 10 17 0 0 00 0 0 0 1 0 1 0 1
3 05 05 0 0 00 0 0 0 1 0 1 0 1
3 05 01 0 1 16 0 0 0 1 0 1 0 1
3 1c 02 1 1 05 0 1 0 1 1 1 1 1
3 05 05 1 1 16 1 1 0 1 1 1 1 1
3 05 05 1 1 00 1 0 0 1 0 1 0 1
3 05 14 0 0 09 0 0 0 1 0 1 0 1
3 05 03 0 0 0a 0 1 0 1 1 1 1 1
3 1b 15 1 0 00 1 1 0 1 1 1 1 1
3 17 07 0 0 05 0 0 0 1 0 1 0 1
3 05 1f 0 0 12 0 0 0 1 0 1 0 1
3 05 15 1 1 0c 1 0 0 1 0 1 0 1
3 1c 05 1 1 05 1 0 1 1 1 1 0 1
3 1f 05 0 0 02 1 0 0 1 0 1 0 1
3 05 11 1 1 00 0 0 0 1 0 1 0 1
3 05 01 1 1 00 1 0 0 1 0 1 0 1
3 05 10 1 0 05 0 1 0 1 1 1 1 1
3 10 05 0 1 05 1 0 1 1 1 1 0 1
3 15 05 0 1 0a 0 0 0 1 0 1 0 1
3 05 05 0 0 00 1 0 0 1 0 1 0 1
3 05 1e 0 0 00 0 1 0 1 1 1 1 1
3 05 09 0 1 00 1 0 0 1 0 1 0 1
3 1a 05 0 1 04 1 0 0 1 0 1 0 1
3 05 0d 1 0 00 1 0 0 1 0 1 0 1
3 04 05 0 0 00 0 0 0 1 0 1 0 1
3 05 18 0 0 1d 0 0 0 1 0 1 0 1
3 17 05 0 1 00 1 0 0 1 0 1 0 1
3 05 05 1 0 05 1 0 1 1 1 1 0 1
3 05 05 1 0 18 0 0 0 1 0 1 0 1
3 05 19 0 0 06 0 1 0 1 1 1 1 1
3 19 05 1 1 05 1 1 0 1 1 1 1 1
3 05 0f 0 1 05 0 0 0 1 0 1 0 1
3 05 05 1 0 0f 1 0 0 1 0 1 0 1
3 05 1d 0 1 00 1 0 0 1 0 1 0 1
3 15 05 0 1 00 1 0 0 1 0 1 0 1
3 18 0b 0 1 1a 1 0 0 1 0 1 0 1
3 05 05 0 0 0c 0 0 0 1 0 1 0 1
3 0c 05 1 0 05 0 0 0 1 0 1 0 1
3 05 05 0 0 13 0 0 0 1 0 1 0 1
3 1e 1c 1 0 00 0 0 0 1 0 1 0 1
3 05 05 0 0 05 0 1 0 1 1 1 1 1
3 02 05 0 1 05 1 0 1 1 1 1 0 1
3 05 09 1 0 00 1 0 0 1 0 1 0 1
3 05 1a 0 0 00 0 0 0 1 0 1 0 1
3 00 05 0 1 17 0 1 0 1 1 1 1 1
3 11 0d 0 0 05 1 0 0 1 0 1 0 1
3 13 0e 0 0 05 0 0 0 1 0 1 0 1
3 05 04 0 1 05 0 0 0 1 0 1 0 1
3 07 05 0 0 06 0 0 0 1 0 1 0 1
3 05 05 0 0 05 1 0 0 1 0 1 0 1
3 05 0d 1 0 05 1 1 0 1 1 1 1 1
3 05 19 0 0 11 0 0 0 1 0 1 0 1
3 0c 1c 1 1 05 0 0 0 1 0 1 0 1
3 11 18 1 1 05 1 1 0 1 1 1 1 1
3 1d 11 0 1 00 0 0 0 1 0 1 0 1
3 05 05 0 1 05 1 0 1 1 1 1 0 1
3 02 03 1 1 05 0 0 0 1 0 1 0 1
3 05 14 0 0 05 1 0 0 1 0 1 0 1
3 05 05 0 0 00 0 1 0 1 1 1 1 1
3 0c 05 1 1 07 1 0 0 1 0 1 0 1
3 05 18 0 1 00 0 0 0 1 0 1 0 1
3 16 05 1 0 04 0 0 0 1 0 1 0 1
3 03 05 0 0 05 1 0 0 1 0 1 0 1
3 1c 02 1 1 08 0 0 0 1 0 1 0 1
3 05 05 0 0 00 0 0 0 1 0 1 0 1
3 0f 1a 1 0 01 0 0 0 1 0 1 0 1
3 05 0b 0 1 00 1 0 0 1 0 1 0 1
3 0c 05 1 1 1a 1 0 0 1 0 1 0 1
3 09 19 1 0 00 0 0 0 1 0 1 0 1
3 05 06 0 0 05 0 0 0 1 0 1 0 1
3 1f 0d 1 1 00 0 0 0 1 0 1 0 1
3 1f 05 0 0 05 1 0 0 1 0 1 0 1
3 0c 05 0 0 05 0 0 0 1 0 1 0 1
3 05 19 1 1 00 0 0 0 1 0 1 0 1
3 05 05 0 0 00 1 1 0 1 1 1 1 1
3 05 1a 1 1 00 0 0 0 1 0 1 0 1
3 19 05 0 1 00 0 0 0 1 0 1 0 1
3 05 0d 0 1 05 0 0 0 1 0 1 0 1
3 09 05 1 0 17 0 0 0 1 0 1 0 1
3 19 04 1 1 00 0 0 0 1 0 1 0 1
3 1a 04 1 0 00 1 0 0 1 0 1 0 1
3 11 05 0 1 05 0 0 0 1 0 1 0 1
3 05 08 0 0 0d 1 0 0 1 0 1 0 1
3 0c 05 1 1 05 1 0 1 1 1 1 0 1
3 03 12 1 1 05 0 0 0 1 0 1 0 1
3 05 05 0 0 05 0 0 0 1 0 1 0 1
3 05 11 1 0 05 1 0 1 1 1 1 0 1
3 0c 07 1 0 00 1 0 0 1 0 1 0 1
3 05 06 0 1 00 1 0 0 1 0 1 0 1
3 01 02 0 0 00 1 0 0 1 0 1 0 1
3 11 05 0 0 00 0 0 0 1 0 1 0 1
3 0c 0f 1 1 05 0 0 0 1 0 1 0 1
3 05 05 1 0 05 1 0 1 1 1 1 0 1
3 1a 05 1 1 0c 0 1 0 1 1 1 1 1
3 05 0c 1 1 05 1 0 1 1 1 1 0 1
3 16 06 1 0 00 0 0 0 1 0 1 0 1
3 05 14 1 1 00 1 0 0 1 0 1 0 1
3 05 00 1 1 00 1 0 0 1 0 1 0 1
3 16 02 1 1 00 0 0 0 1 0 1 0 1
3 05 05 0 0 1a 1 0 0 1 0 1 0 1
3 05 05 0 0 02 0 0 0 1 0 1 0 1
3 01 05 0 0 00 1 0 0 1 0 1 0 1
3 1e 0c 0 1 00 1 0 0 1 0 1 0 1
3 17 05 1 1 05 0 0 0 1 0 1 0 1
3 05 05 0 0 00 1 0 0 1 0 1 0 1
3 05 17 0 1 19 1 1 0 1 1 1 1 1
3 05 1e 0 1 05 0 0 0 1 0 1 0 1
3 05 13 0 1 05 1 0 0 1 0 1 0 1
3 05 04 1 0 00 0 0 0 1 0 1 0 1
3 16 05 1 0 05 0 0 0 1 0 1 0 1
3 0e 05 0 1 1c 1 0 0 1 0 1 0 1
3 05 0b 1 1 00 1 0 0 1 0 1 0 1
3 1e 0a 0 0 11 1 0 0 1 0 1 0 1
3 12 05 0 1 0b 0 0 0 1 0 1 0 1
3 05 05 0 0 05 1 1 0 1 1 1 1 1
3 0e 09 0 1 00 0 0 0 1 0 1 0 1
3 05 05 1 1 00 0 0 0 1 0 1 0 1
3 00 05 1 0 05 1 0 0 1 0 1 0 1
3 1a 06 1 0 00 1 0 0 1 0 1 0 1
3 16 06 1 0 00 1 0 0 1 0 1 0 1
3 05 05 0 0 00 0 1 0 1 1 1 1 1
3 05 1c 0 0 05 0 1 0 1 1 1 1 1
3 05 0e 1 1 05 1 1 0 1 1 1 1 1
3 0c 05 1 1 1a 1 0 0 1 0 1 0 1
3 05 09 1 0 0c 1 0 0 1 0 1 0 1
3 0d 1d 1 1 05 1 0 0 1 0 1 0 1
3 05 19 1 0 00 0 0 0 1 0 1 0 1
3 1b 05 0 0 00 0 0 0 1 0 1 0 1
3 1f 05 1 1 05 0 0 0 1 0 1 0 1
3 0c 05 0 0 00 0 0 0 1 0 1 0 1
3 05 00 0 0 0d 0 0 0 1 0 1 0 1
3 05 10 0 0 00 1 0 0 1 0 1 0 1
3 02 05 1 1 05 1 0 1 1 1 1 0 1
3 18 0d 1 0 05 1 0 0 1 0 1 0 1
3 0e 05 1 0 0e 1 0 1 1 1 1 0 1
3 05 05 0 0 05 1 0 0 1 0 1 0 1
3 07 05 0 1 00 1 0 0 1 0 1 0 1
3 04 05 0 0 00 0 0 0 1 0 1 0 1
3 05 1a 1 0 12 1 1 0 1 1 1 1 1
3 15 05 1 0 0d 1 0 0 1 0 1 0 1
3 13 10 1 1 05 1 0 0 1 0 1 0 1
3 05 09 1 0 00 0 0 0 1 0 1 0 1
3 05 08 1 1 00 0 1 0 1 1 1 1 1
3 17 07 0 1 05 0 0 0 1 0 1 0 1
3 05 05 0 0 00 1 0 0 1 0 1 0 1
3 05 05 0 0 00 0 0 0 1 0 1 0 1
3 05 05 1 0 05 1 1 0 1 1 1 1 1
3 05 18 1 0 05 0 0 0 1 0 1 0 1
3 05 05 1 0 05 1 0 1 1 1 1 0 1
3 04 1f 1 1 00 1 0 0 1 0 1 0 1
3 05 05 0 1 02 1 1 0 1 1 1 1 1
3 05 1a 0 0 00 1 0 0 1 0 1 0 1
3 0f 05 0 1 17 0 0 0 1 0 1 0 1
3 05 18 0 1 05 0 1 0 1 1 1 1 1
3 07 0c 0 1 05 0 0 0 1 0 1 0 1
3 02 09 1 0 00 0 1 0 1 1 1 1 1
3 18 03 1 1 1e 0 1 0 1 1 1 1 1
3 05 05 1 1 05 0 0 0 1 0 1 0 1
3 10 0d 0 1 01 0 0 0 1 0 1 0 1
3 1d 1c 0 0 00 0 1 0 1 1 1 1 1
3 05 10 0 1 00 1 0 0 1 0 1 0 1
3 05 04 0 1 0e 0 1 0 1 1 1 1 1
3 15 05 1 0 00 1 1 0 1 1 1 1 1
3 05 10 0 0 00 0 0 0 1 0 1 0 1
3 05 05 0 1 05 0 0 0 1 0 1 0 1
3 05 1b 0 0 0d 0 0 0 1 0 1 0 1
3 05 07 0 0 05 0 0 0 1 0 1 0 1
3 08 03 0 0 03 1 1 0 1 1 1 1 1
3 07 05 1 0 05 0 0 0 1 0 1 0 1
3 05 09 1 1 00 1 0 0 1 0 1 0 1
3 05 05 0 0 05 0 0 0 1 0 1 0 1
3 05 05 0 1 00 0 0 0 1 0 1 0 1
3 05 02 0 1 00 1 0 0 1 0 1 0 1
3 17 05 1 0 00 1 0 0 1 0 1 0 1
3 13 05 0 0 00 1 0 0 1 0 1 0 1
3 05 01 0 1 16 1 0 0 1 0 1 0 1
3 12 05 1 0 05 1 0 0 1 0 1 0 1
3 0a 01 0 1 05 0 1 0 1 1 1 1 1
3 08 05 1 1 00 1 0 0 1 0 1 0 1
3 0e 05 0 0 05 1 0 0 1 0 1 0 1
3 1d 05 0 1 00 1 0 0 1 0 1 0 1
3 05 05 1 1 00 1 0 0 1 0 1 0 1
3 05 05 1 0 05 1 0 1 1 1 1 0 1
3 16 0b 0 1 05 1 0 0 1 0 1 0 1
3 05 14 0 1 05 1 0 0 1 0 1 0 1
3 0c 05 1 0 05 1 0 0 1 0 1 0 1
3 0a 11 0 1 1e 1 0 0 1 0 1 0 1
3 05 05 1 1 06 1 0 0 1 0 1 0 1
3 14 00 1 0 05 1 1 0 1 1 1 1 1
3 05 05 0 1 00 0 0 0 1 0 1 0 1
3 1f 08 1 0 05 1 0 0 1 0 1 0 1
3 03 17 1 0 05 0 0 0 1 0 1 0 1
3 05 1c 1 0 05 1 0 1 1 1 1 0 1
3 05 05 0 1 05 1 0 1 1 1 1 0 1
3 05 05 1 0 1c 1 1 0 1 1 1 1 1
3 05 05 1 1 05 0 0 0 1 0 1 0 1
3 05 05 1 1 19 1 0 0 1 0 1 0 1
3 05 1f 1 1 1b 1 0 0 1 0 1 0 1
3 05 05 0 0 1b 1 0 0 1 0 1 0 1
3 14 01 0 1 05 1 1 0 1 1 1 1 1
3 05 05 0 1 05 1 0 1 1 1 1 0 1
3 05 05 1 0 00 1 0 0 1 0 1 0 1
3 0b 0b 0 0 05 0 1 0 1 1 1 1 1
3 1a 00 0 0 0d 1 0 0 1 0 1 0 1
3 04 05 1 0 00 0 0 0 1 0 1 0 1
3 05 05 0 1 05 1 0 1 1 1 1 0 1
3 05 0d 1 1 00 1 0 0 1 0 1 0 1
3 05 04 1 1 17 1 0 0 1 0 1 0 1
3 18 05 0 0 02 0 0 0 1 0 1 0 1
3 05 05 1 1 15 0 0 0 1 0 1 0 1
3 05 05 1 1 1e 1 0 0 1 0 1 0 1
3 1e 0e 1 1 00 0 1 0 1 1 1 1 1
3 18 05 0 1 00 0 0 0 1 0 1 0 1
3 05 05 0 1 11 0 0 0 1 0 1 0 1
3 07 04 0 0 00 1 0 0 1 0 1 0 1
3 1b 0c 1 1 05 1 1 0 1 1 1 1 1
3 1a 04 1 0 00 1 1 0 1 1 1 1 1
3 11 16 0 0 06 1 0 0 1 0 1 0 1
3 05 10 1 0 1e 0 0 0 1 0 1 0 1
3 05 0a 0 1 05 0 1 0 1 1 1 1 1
3 0e 05 0 1 00 0 0 0 1 0 1 0 1
3 05 05 0 1 05 0 0 0 1 0 1 0 1
3 17 05 0 0 00 0 0 0 1 0 1 0 1
3 02 05 1 1 05 0 0 0 1 0 1 0 1
3 0c 05 1 1 00 1 0 0 1 0 1 0 1
3 05 06 1 0 01 1 0 0 1 0 1 0 1
3 05 05 1 0 00 1 1 0 1 1 1 1 1
3 05 0b 0 1 00 0 1 0 1 1 1 1 1
3 0b 05 0 0 00 1 0 0 1 0 1 0 1
3 05 1a 0 0 05 1 0 0 1 0 1 0 1
3 17 08 1 1 00 0 0 0 1 0 1 0 1
3 0c 05 0 0 05 1 0 0 1 0 1 0 1
3 02 15 0 0 00 0 0 0 1 0 1 0 1
3 05 16 1 1 05 0 0 0 1 0 1 0 1
3 05 10 0 0 05 0 0 0 1 0 1 0 1
3 05 0b 1 1 00 1 0 0 1 0 1 0 1
3 04 05 1 1 15 0 0 0 1 0 1 0 1
3 05 05 0 0 00 1 0 0 1 0 1 0 1
3 1b 05 1 1 00 0 0 0 1 0 1 0 1
3 05 05 0 0 00 1 0 0 1 0 1 0 1
3 11 05 1 1 00 1 0 0 1 0 1 0 1
3 10 07 0 1 13 0 0 0 1 0 1 0 1
3 15 1c 0 1 05 0 0 0 1 0 1 0 1
3 05 16 1 1 05 0 0 0 1 0 1 0 1
3 01 05 0 0 05 1 0 0 1 0 1 0 1
3 05 02 0 1 00 1 0 0 1 0 1 0 1
3 05 08 1 1 00 0 0 0 1 0 1 0 1
3 0c 05 1 1 00 1 0 0 1 0 1 0 1
3 05 05 1 1 15 1 0 0 1 0 1 0 1
3 07 15 1 1 00 1 0 0 1 0 1 0 1
3 05 12 0 1 1a 0 0 0 1 0 1 0 1
3 12 01 0 0 15 1 0 0 1 0 1 0 1
3 0e 06 0 1 05 1 0 0 1 0 1 0 1
3 05 05 1 0 00 0 0 0 1 0 1 0 1
3 1c 0c 1 1 05 1 0 0 1 0 1 0 1
3 05 0f 0 0 05 0 0 0 1 0 1 0 1
3 05 14 0 0 05 1 0 0 1 0 1 0 1
3 05 05 1 0 05 0 0 0 1 0 1 0 1
3 05 0e 0 1 00 0 0 0 1 0 1 0 1
3 05 01 0 1 05 0 0 0 1 0 1 0 1
3 05 05 1 1 00 1 0 0 1 0 1 0 1
3 1a 0b 1 1 05 1 0 0 1 0 1 0 1
3 05 04 1 0 05 0 1 0 1 1 1 1 1
3 05 05 1 0 05 0 0 0 1 0 1 0 1
3 05 16 0 0 04 0 0 0 1 0 1 0 1
3 05 05 0 1 05 1 0 1 1 1 1 0 1
3 05 05 0 1 05 1 0 1 1 1 1 0 1
3 05 05 0 1 00 0 0 0 1 0 1 0 1
3 0d 05 1 0 18 1 1 0 1 1 1 1 1
3 18 05 1 1 05 0 0 0 1 0 1 0 1
3 08 05 0 1 00 1 0 0 1 0 1 0 1
3 05 05 0 0 05 1 0 0 1 0 1 0 1
3 11 05 0 0 00 0 0 0 1 0 1 0 1
3 1b 08 0 0 05 1 0 0 1 0 1 0 1
3 15 08 0 0 00 0 0 0 1 0 1 0 1
3 1c 1e 0 0 11 0 0 0 1 0 1 0 1
3 1f 1b 1 1 04 1 0 0 1 0 1 0 1
3 0a 05 0 1 00 1 0 0 1 0 1 0 1
3 05 05 0 0 00 1 0 0 1 0 1 0 1
3 1d 17 0 1 00 0 0 0 1 0 1 0 1
3 05 13 1 1 05 0 1 0 1 1 1 1 1
3 14 05 1 1 16 0 0 0 1 0 1 0 1
3 0a 05 0 1 1e 1 0 0 1 0 1 0 1
3 0d 12 1 1 14 0 0 0 1 0 1 0 1
3 05 05 0 0 16 1 0 0 1 0 1 0 1
3 05 14 0 0 05 0 1 0 1 1 1 1 1
3 0a 05 0 1 00 0 0 0 1 0 1 0 1
3 05 05 1 1 05 1 0 1 1 1 1 0 1
3 05 05 0 0 05 1 0 0 1 0 1 0 1
3 05 05 1 0 05 1 0 1 1 1 1 0 1
3 05 15 1 1 00 0 0 0 1 0 1 0 1
3 12 17 1 1 00 0 1 0 1 1 1 1 1
3 15 13 1 0 05 0 0 0 1 0 1 0 1
3 00 15 1 0 00 0 0 0 1 0 1 0 1
3 05 09 0 0 1d 0 0 0 1 0 1 0 1
3 0c 05 1 1 13 1 0 0 1 0 1 0 1
3 02 05 0 0 1a 1 0 0 1 0 1 0 1
3 05 16 0 1 05 1 0 0 1 0 1 0 1
3 05 05 0 1 05 0 0 0 1 0 1 0 1
3 05 05 0 0 19 0 0 0 1 0 1 0 1
3 17 05 0 0 05 0 0 0 1 0 1 0 1
3 05 05 0 0 05 1 0 0 1 0 1 0 1
3 05 1f 1 0 00 0 1 0 1 1 1 1 1
3 05 05 0 0 19 0 1 0 1 1 1 1 1
3 05 05 0 0 00 0 0 0 1 0 1 0 1
3 05 05 0 1 1e 0 0 0 1 0 1 0 1
3 13 05 0 1 00 0 0 0 1 0 1 0 1
3 1c 16 0 0 00 0 0 0 1 0 1 0 1
3 05 05 1 0 00 1 0 0 1 0 1 0 1
3 05 06 1 1 05 1 0 1 1 1 1 0 1
3 1f 05 1 0 0c 0 1 0 1 1 1 1 1
3 13 05 1 0 05 1 0 0 1 0 1 0 1
3 05 05 1 1 00 0 0 0 1 0 1 0 1
3 05 05 0 1 05 0 1 0 1 1 1 1 1
3 11 18 0 0 05 1 0 0 1 0 1 0 1
3 05 12 1 0 05 0 0 0 1 0 1 0 1
3 05 03 1 0 00 1 0 0 1 0 1 0 1
3 14 05 0 1 05 1 0 1 1 1 1 0 1
3 15 1e 0 1 00 1 0 0 1 0 1 0 1
3 05 08 0 0 05 0 1 0 1 1 1 1 1
3 05 05 0 1 0a 0 0 0 1 0 1 0 1
3 0a 05 1 0 0e 0 1 0 1 1 1 1 1
3 05 01 0 0 00 0 0 0 1 0 1 0 1
3 05 05 0 1 00 0 0 0 1 0 1 0 1
3 11 08 1 0 05 0 0 0 1 0 1 0 1
3 05 05 1 0 03 0 0 0 1 0 1 0 1
3 05 05 1 0 05 0 0 0 1 0 1 0 1
3 05 01 0 0 05 1 0 0 1 0 1 0 1
3 05 05 0 0 11 1 0 0 1 0 1 0 1
3 05 1a 1 1 1f 1 0 0 1 0 1 0 1
3 16 01 1 1 0b 0 0 0 1 0 1 0 1
3 05 1a 1 0 0a 0 0 0 1 0 1 0 1
3 05 1f 1 0 05 1 0 1 1 1 1 0 1
3 18 05 0 1 0b 0 0 0 1 0 1 0 1
3 05 17 1 1 05 1 0 1 1 1 1 0 1
3 18 05 1 0 19 0 0 0 1 0 1 0 1
3 16 13 1 0 00 1 1 0 1 1 1 1 1
3 05 1c 0 0 00 1 0 0 1 0 1 0 1
3 05 05 0 0 10 1 1 0 1 1 1 1 1
3 05 1f 1 1 05 1 0 1 1 1 1 0 1
3 04 1b 1 0 00 0 0 0 1 0 1 0 1
3 05 0f 1 0 05 0 0 0 1 0 1 0 1
3 17 05 1 0 00 0 0 0 1 0 1 0 1
3 18 05 0 1 13 1 0 0 1 0 1 0 1
3 05 03 1 0 00 0 0 0 1 0 1 0 1
3 05 09 0 0 05 0 1 0 1 1 1 1 1
3 05 05 0 1 05 1 1 0 1 1 1 1 1
3 04 13 1 0 10 1 0 0 1 0 1 0 1
3 01 05 0 1 00 0 0 0 1 0 1 0 1
3 0a 06 1 0 13 0 1 0 1 1 1 1 1
3 05 1c 0 1 11 0 0 0 1 0 1 0 1
3 1c 05 1 0 05 1 0 0 1 0 1 0 1
3 1a 1e 1 0 00 1 1 0 1 1 1 1 1
3 05 11 1 0 05 1 0 1 1 1 1 0 1
3 05 05 0 0 00 0 0 0 1 0 1 0 1
3 11 05 1 1 05 1 0 1 1 1 1 0 1
3 0c 03 1 1 05 0 0 0 1 0 1 0 1
3 05 1f 0 1 01 1 0 0 1 0 1 0 1
3 08 10 1 0 00 1 0 0 1 0 1 0 1
3 08 05 1 0 05 0 0 0 1 0 1 0 1
3 05 15 0 1 04 0 0 0 1 0 1 0 1
3 05 0c 1 0 00 0 0 0 1 0 1 0 1
3 05 05 1 0 15 1 0 0 1 0 1 0 1
3 17 05 1 1 00 0 0 0 1 0 1 0 1
3 14 05 0 1 00 1 0 0 1 0 1 0 1
3 05 05 0 0 01 0 0 0 1 0 1 0 1
3 05 05 1 1 1e 0 0 0 1 0 1 0 1
3 1f 18 0 1 05 0 0 0 1 0 1 0 1
3 05 05 0 0 0c 0 0 0 1 0 1 0 1
3 05 05 1 0 05 0 0 0 1 0 1 0 1
3 05 05 0 1 0e 1 1 0 1 1 1 1 1
3 09 19 0 1 05 0 0 0 1 0 1 0 1
3 00 05 1 1 12 0 0 0 1 0 1 0 1
3 1b 05 0 0 05 1 1 0 1 1 1 1 1
3 0b 05 0 1 1b 1 0 0 1 0 1 0 1
3 06 05 0 1 05 0 0 0 1 0 1 0 1
3 16 02 0 1 05 1 0 0 1 0 1 0 1
3 04 04 1 0 02 0 0 0 1 0 1 0 1
3 0c 05 1 1 12 0 0 0 1 0 1 0 1
3 08 05 0 0 0d 0 1 0 1 1 1 1 1
3 1d 05 0 1 05 1 0 1 1 1 1 0 1
3 17 02 0 0 00 1 0 0 1 0 1 0 1
3 19 1f 0 0 05 1 0 0 1 0 1 0 1
3 05 05 1 0 1c 1 0 0 1 0 1 0 1
3 1c 05 1 0 00 1 0 0 1 0 1 0 1
3 05 1f 0 0 17 0 0 0 1 0 1 0 1
3 05 0a 1 0 03 1 0 0 1 0 1 0 1
3 05 06 1 0 00 1 0 0 1 0 1 0 1
3 05 05 1 1 06 1 0 0 1 0 1 0 1
3 15 11 1 0 18 1 0 0 1 0 1 0 1
3 1b 05 0 0 16 1 0 0 1 0 1 0 1
3 1a 05 1 1 05 0 0 0 1 0 1 0 1
3 18 04 1 0 05 0 0 0 1 0 1 0 1
3 05 05 0 0 1d 0 0 0 1 0 1 0 1
3 08 05 1 0 05 0 0 0 1 0 1 0 1
3 11 05 1 1 0c 0 1 0 1 1 1 1 1
3 01 05 0 1 05 0 0 0 1 0 1 0 1
3 04 05 1 1 00 0 0 0 1 0 1 0 1
3 09 0d 1 0 05 0 0 0 1 0 1 0 1
3 04 05 0 1 00 1 0 0 1 0 1 0 1
3 05 05 0 1 1e 1 0 0 1 0 1 0 1
3 17 05 1 1 00 1 0 0 1 0 1 0 1
3 0c 13 0 1 05 1 1 0 1 1 1 1 1
3 05 08 0 0 05 0 0 0 1 0 1 0 1
3 05 05 1 0 00 0 0 0 1 0 1 0 1
3 05 16 1 1 00 0 0 0 1 0 1 0 1
3 19 0a 1 1 0e 1 1 0 1 1 1 1 1
3 1a 19 1 1 05 1 1 0 1 1 1 1 1
3 05 05 1 0 00 0 0 0 1 0 1 0 1
3 05 05 0 1 00 1 0 0 1 0 1 0 1
3 05 18 1 0 00 0 0 0 1 0 1 0 1
3 1b 18 0 1 05 0 1 0 1 1 1 1 1
3 1c 0e 1 1 05 0 0 0 1 0 1 0 1
3 11 1f 1 1 05 1 0 0 1 0 1 0 1
3 05 09 1 1 05 0 0 0 1 0 1 0 1
3 05 1d 0 0 05 0 1 0 1 1 1 1 1
3 05 17 0 1 0c 0 0 0 1 0 1 0 1
3 05 1b 1 1 1c 0 0 0 1 0 1 0 1
3 05 05 1 1 00 0 0 0 1 0 1 0 1
3 1a 08 0 0 03 1 1 0 1 1 1 1 1
3 05 06 1 0 00 1 1 0 1 1 1 1 1
3 05 06 0 0 03 1 0 0 1 0 1 0 1
3 19 1e 0 0 00 1 1 0 1 1 1 1 1
3 05 06 0 0 00 0 0 0 1 0 1 0 1
3 1e 05 0 0 05 0 0 0 1 0 1 0 1
3 15 10 0 1 1b 1 0 0 1 0 1 0 1
3 16 05 1 1 00 0 0 0 1 0 1 0 1
3 07 1b 0 0 00 1 0 0 1 0 1 0 1
3 0e 16 0 1 05 1 0 0 1 0 1 0 1
3 05 05 0 1 05 0 0 0 1 0 1 0 1
3 05 05 1 1 17 1 0 0 1 0 1 0 1
3 01 01 0 1 00 1 0 0 1 0 1 0 1
3 11 05 1 1 05 0 0 0 1 0 1 0 1
3 04 1b 0 1 12 1 0 0 1 0 1 0 1
3 1b 0a 0 0 00 0 0 0 1 0 1 0 1
3 1b 05 1 0 11 0 0 0 1 0 1 0 1
3 17 05 0 1 17 0 0 0 1 0 1 0 1
3 1d 05 0 1 06 1 0 0 1 0 1 0 1
3 1d 16 1 1 00 0 0 0 1 0 1 0 1
3 05 05 0 1 00 0 0 0 1 0 1 0 1
3 04 12 0 1 18 1 0 0 1 0 1 0 1
3 05 05 0 1 05 0 0 0 1 0 1 0 1
3 01 0f 0 1 1a 0 0 0 1 0 1 0 1
3 0a 17 1 0 00 1 0 0 1 0 1 0 1
3 05 07 1 1 00 1 0 0 1 0 1 0 1
3 05 18 1 0 00 1 0 0 1 0 1 0 1
3 05 02 0 1 00 0 1 0 1 1 1 1 1
3 0e 0d 0 1 05 1 0 0 1 0 1 0 1
3 05 05 1 1 05 0 1 0 1 1 1 1 1
3 05 13 0 0 05 1 0 0 1 0 1 0 1
3 1c 05 1 0 00 0 0 0 1 0 1 0 1
3 05 0c 0 0 05 1 0 0 1 0 1 0 1
3 05 04 0 0 00 1 0 0 1 0 1 0 1
3 05 12 1 1 05 1 0 1 1 1 1 0 1
3 01 12 1 0 0d 0 0 0 1 0 1 0 1
3 03 1f 0 1 00 1 0 0 1 0 1 0 1
3 1f 0e 1 1 05 1 0 0 1 0 1 0 1
3 05 0a 1 0 05 0 1 0 1 1 1 1 1
3 1e 05 0 1 00 1 0 0 1 0 1 0 1
3 05 03 0 0 00 1 0 0 1 0 1 0 1
3 05 05 1 0 17 1 1 0 1 1 1 1 1
3 05 05 1 1 05 1 1 0 1 1 1 1 1
3 15 0a 0 1 05 1 0 0 1 0 1 0 1
3 11 18 0 1 1f 1 0 0 1 0 1 0 1
3 0d 0b 0 0 05 1 0 0 1 0 1 0 1
3 1b 05 0 0 00 1 0 0 1 0 1 0 1
3 11 05 1 1 00 0 0 0 1 0 1 0 1
3 11 05 0 1 00 1 0 0 1 0 1 0 1
3 05 13 0 1 05 0 0 0 1 0 1 0 1
3 1f 04 0 0 00 0 0 0 1 0 1 0 1
3 05 05 0 1 05 0 0 0 1 0 1 0 1
3 0a 05 0 0 05 0 0 0 1 0 1 0 1
3 05 05 1 1 05 0 0 0 1 0 1 0 1
3 05 0c 0 0 05 1 0 0 1 0 1 0 1
3 17 05 0 0 05 1 0 0 1 0 1 0 1
3 05 01 1 0 05 0 0 0 1 0 1 0 1
3 05 05 1 1 00 0 0 0 1 0 1 0 1
3 05 04 0 0 00 0 0 0 1 0 1 0 1
3 05 05 1 1 00 1 0 0 1 0 1 0 1
3 05 05 1 0 05 1 0 1 1 1 1 0 1
3 05 05 0 1 00 0 0 0 1 0 1 0 1
3 05 07 0 1 05 0 0 0 1 0 1 0 1
3 1b 11 1 0 09 0 0 0 1 0 1 0 1
3 05 05 0 0 05 1 1 0 1 1 1 1 1
3 09 0c 0 0 03 0 0 0 1 0 1 0 1
3 11 02 0 1 0f 0 0 0 1 0 1 0 1
3 04 05 0 0 00 1 0 0 1 0 1 0 1
3 0e 17 1 0 00 1 1 0 1 1 1 1 1
3 08 19 1 1 17 1 0 0 1 0 1 0 1
3 08 13 0 1 1e 0 0 0 1 0 1 0 1
3 05 19 0 1 00 1 1 0 1 1 1 1 1
3 13 03 1 1 11 1 0 0 1 0 1 0 1
3 08 0e 1 1 0d 1 0 0 1 0 1 0 1
3 05 08 0 0 00 0 0 0 1 0 1 0 1
3 0c 05 0 0 16 1 0 0 1 0 1 0 1
3 12 05 0 0 05 0 0 0 1 0 1 0 1
3 05 08 1 0 13 1 0 0 1 0 1 0 1
3 05 05 1 1 05 1 0 1 1 1 1 0 1
3 0d 15 1 1 05 1 0 0 1 0 1 0 1
3 05 08 1 0 00 0 0 0 1 0 1 0 1
3 0f 1d 0 1 05 1 0 0 1 0 1 0 1
3 06 05 1 0 00 1 0 0 1 0 1 0 1
3 12 05 0 0 00 0 0 0 1 0 1 0 1
3 1a 1e 0 0 05 0 1 0 1 1 1 1 1
3 17 05 0 0 00 1 0 0 1 0 1 0 1
3 15 0d 1 1 05 0 1 0 1 1 1 1 1
3 05 1d 1 0 1f 0 0 0 1 0 1 0 1
3 0c 0e 0 1 00 1 0 0 1 0 1 0 1
3 05 05 0 0 00 1 0 0 1 0 1 0 1
3 05 08 1 1 0e 1 0 0 1 0 1 0 1
3 05 18 0 1 04 0 0 0 1 0 1 0 1
3 05 0f 0 1 00 0 0 0 1 0 1 0 1
3 05 05 0 1 05 1 0 1 1 1 1 0 1
3 05 05 1 1 00 1 0 0 1 0 1 0 1
3 05 05 0 1 00 0 0 0 1 0 1 0 1
3 07 05 0 0 00 1 1 0 1 1 1 1 1
3 1a 0b 0 0 00 0 0 0 1 0 1 0 1
3 1e 19 1 0 05 1 0 0 1 0 1 0 1
3 1c 05 1 1 00 0 0 0 1 0 1 0 1
3 10 05 1 0 0d 1 0 0 1 0 1 0 1
3 05 17 1 0 03 0 0 0 1 0 1 0 1
3 04 06 1 1 05 0 0 0 1 0 1 0 1
3 05 0d 0 0 04 1 0 0 1 0 1 0 1
3 05 05 1 0 05 1 0 1 1 1 1 0 1
3 05 12 1 1 00 1 0 0 1 0 1 0 1
3 05 05 0 0 00 0 1 0 1 1 1 1 1
3 03 05 1 1 00 0 0 0 1 0 1 0 1
3 05 18 0 0 00 0 0 0 1 0 1 0 1
3 05 05 1 0 05 0 0 0 1 0 1 0 1
3 1c 17 0 1 0a 1 0 0 1 0 1 0 1
3 07 05 0 1 00 0 0 0 1 0 1 0 1
3 18 07 0 1 05 1 0 0 1 0 1 0 1
3 19 12 1 0 05 1 0 0 1 0 1 0 1
3 05 05 0 1 05 1 0 1 1 1 1 0 1
3 05 07 0 0 1c 0 0 0 1 0 1 0 1
3 1c 1a 0 0 11 1 0 0 1 0 1 0 1
3 0d 0d 1 0 05 1 1 0 1 1 1 1 1
3 08 1e 0 0 00 1 0 0 1 0 1 0 1
3 15 07 1 1 10 1 0 0 1 0 1 0 1
3 05 1e 0 0 17 1 0 0 1 0 1 0 1
3 01 05 1 0 12 1 0 0 1 0 1 0 1
3 08 05 0 1 05 1 0 1 1 1 1 0 1
3 0e 16 0 1 01 0 0 0 1 0 1 0 1
3 05 05 1 0 05 1 1 0 1 1 1 1 1
3 05 05 0 1 05 1 0 1 1 1 1 0 1
3 05 05 1 1 09 1 1 0 1 1 1 1 1
3 05 1e 0 1 00 0 0 0 1 0 1 0 1
3 10 13 0 0 05 0 0 0 1 0 1 0 1
3 19 02 1 0 05 1 0 0 1 0 1 0 1
3 0d 05 1 0 05 0 1 0 1 1 1 1 1
3 13 15 1 1 05 0 0 0 1 0 1 0 1
3 05 05 0 0 05 0 0 0 1 0 1 0 1
3 15 05 1 1 09 1 1 0 1 1 1 1 1
3 07 05 0 0 05 1 0 0 1 0 1 0 1
3 10 05 0 1 15 1 0 0 1 0 1 0 1
3 05 05 1 0 00 0 1 0 1 1 1 1 1
3 1c 0d 0 0 00 1 1 0 1 1 1 1 1
3 0a 06 0 0 00 0 0 0 1 0 1 0 1
3 00 0a 0 1 15 1 0 0 1 0 1 0 1
3 05 05 1 0 05 0 0 0 1 0 1 0 1
3 16 09 1 0 00 1 0 0 1 0 1 0 1
3 1e 10 0 0 00 1 0 0 1 0 1 0 1
3 05 0c 1 0 05 1 0 1 1 1 1 0 1
3 05 15 0 1 05 1 1 0 1 1 1 1 1
3 15 05 0 1 11 1 0 0 1 0 1 0 1
3 05 08 0 0 05 1 0 0 1 0 1 0 1
3 05 1b 1 1 05 0 0 0 1 0 1 0 1
3 05 05 0 1 1d 1 1 0 1 1 1 1 1
3 05 05 1 0 05 0 1 0 1 1 1 1 1
3 1e 05 1 0 05 1 0 0 1 0 1 0 1
3 1c 05 1 1 05 1 0 1 1 1 1 0 1
3 0d 05 1 1 05 0 0 0 1 0 1 0 1
3 06 05 1 0 00 1 1 0 1 1 1 1 1
3 0e 02 1 1 16 1 0 0 1 0 1 0 1
3 05 05 0 0 1c 1 0 0 1 0 1 0 1
3 15 04 1 0 05 1 0 0 1 0 1 0 1
3 05 03 1 0 00 1 0 0 1 0 1 0 1
3 05 05 1 0 06 0 1 0 1 1 1 1 1
3 05 0b 0 1 0e 1 0 0 1 0 1 0 1
3 05 0e 0 0 00 1 0 0 1 0 1 0 1
3 18 05 1 1 00 0 0 0 1 0 1 0 1
3 0b 12 1 1 07 1 1 0 1 1 1 1 1
3 05 05 0 1 0b 1 0 0 1 0 1 0 1
3 05 13 0 1 00 1 0 0 1 0 1 0 1
3 05 05 0 0 05 1 1 0 1 1 1 1 1
3 13 05 0 1 05 1 0 1 1 1 1 0 1
3 05 1b 1 1 00 0 0 0 1 0 1 0 1
3 01 05 0 1 00 1 0 0 1 0 1 0 1
3 05 05 0 0 18 0 0 0 1 0 1 0 1
3 15 05 1 1 00 0 0 0 1 0 1 0 1
3 05 1c 1 1 1c 0 0 0 1 0 1 0 1
3 1e 05 1 0 00 1 0 0 1 0 1 0 1
3 14 12 0 0 0e 0 0 0 1 0 1 0 1
3 00 05 1 1 06 0 0 0 1 0 1 0 1
3 05 06 0 0 05 0 0 0 1 0 1 0 1
3 05 12 1 0 09 1 0 0 1 0 1 0 1
3 1e 05 0 0 16 1 0 0 1 0 1 0 1
3 05 05 0 0 08 1 0 0 1 0 1 0 1
3 0b 05 0 0 05 0 0 0 1 0 1 0 1
3 0c 05 1 1 0a 1 0 0 1 0 1 0 1
3 1b 12 1 0 06 1 0 0 1 0 1 0 1
3 05 05 0 1 05 0 0 0 1 0 1 0 1
3 0c 05 1 1 05 1 1 0 1 1 1 1 1
3 09 0a 1 1 00 0 0 0 1 0 1 0 1
3 05 05 1 0 10 0 0 0 1 0 1 0 1
3 05 05 1 1 05 0 1 0 1 1 1 1 1
3 05 1a 1 1 00 0 1 0 1 1 1 1 1
3 05 05 1 0 00 0 0 0 1 0 1 0 1
3 19 05 0 1 00 1 0 0 1 0 1 0 1
3 05 05 0 1 1e 1 0 0 1 0 1 0 1
3 05 05 0 1 00 0 0 0 1 0 1 0 1
3 12 05 1 0 00 0 0 0 1 0 1 0 1
3 15 1f 1 1 05 1 0 0 1 0 1 0 1
3 05 05 0 1 05 1 0 1 1 1 1 0 1
3 02 05 1 0 00 0 0 0 1 0 1 0 1
3 12 07 1 1 05 1 0 0 1 0 1 0 1
3 05 0d 0 1 00 1 1 0 1 1 1 1 1
3 0b 05 1 0 05 0 0 0 1 0 1 0 1
3 05 05 1 0 06 0 0 0 1 0 1 0 1
3 0f 05 0 1 00 1 0 0 1 0 1 0 1
3 05 05 1 1 00 1 1 0 1 1 1 1 1
3 14 05 1 0 05 0 1 0 1 1 1 1 1
3 05 0b 0 0 05 0 0 0 1 0 1 0 1
3 10 0f 0 0 00 0 0 0 1 0 1 0 1
3 05 13 1 0 05 1 1 0 1 1 1 1 1
3 1a 1f 0 0 04 1 1 0 1 1 1 1 1
3 05 08 0 0 00 0 0 0 1 0 1 0 1
3 05 17 0 0 00 1 1 0 1 1 1 1 1
3 05 05 0 1 02 0 1 0 1 1 1 1 1
3 05 05 0 1 00 0 0 0 1 0 1 0 1
3 05 05 0 0 0a 0 0 0 1 0 1 0 1
3 07 05 1 1 05 1 0 1 1 1 1 0 1
3 05 05 1 0 05 1 0 1 1 1 1 0 1
3 05 05 1 0 05 1 0 1 1 1 1 0 1
3 06 02 1 1 16 1 0 0 1 0 1 0 1
3 05 05 0 0 05 0 0 0 1 0 1 0 1
3 0d 03 0 1 1a 1 0 0 1 0 1 0 1
3 05 05 0 1 06 0 1 0 1 1 1 1 1
3 00 17 0 1 00 0 0 0 1 0 1 0 1
3 1b 1f 0 1 00 1 0 0 1 0 1 0 1
3 05 1c 1 0 05 1 0 1 1 1 1 0 1
3 05 0c 0 1 00 0 0 0 1 0 1 0 1
3 05 14 1 1 00 0 0 0 1 0 1 0 1
3 10 05 0 1 1b 1 0 0 1 0 1 0 1
3 05 06 0 1 06 0 0 0 1 0 1 0 1
3 00 05 0 1 14 1 0 0 1 0 1 0 1
3 05 18 1 1 05 0 0 0 1 0 1 0 1
3 05 03 1 0 05 0 1 0 1 1 1 1 1
3 05 09 1 0 05 1 0 1 1 1 1 0 1
3 03 05 1 0 16 0 0 0 1 0 1 0 1
3 0c 05 0 0 05 0 1 0 1 1 1 1 1
3 05 05 0 0 00 0 1 0 1 1 1 1 1
3 0c 16 0 0 12 1 0 0 1 0 1 0 1
3 05 05 0 0 0f 0 0 0 1 0 1 0 1
3 0c 0b 1 0 00 0 0 0 1 0 1 0 1
3 05 05 1 0 00 1 0 0 1 0 1 0 1
3 05 18 1 1 01 0 0 0 1 0 1 0 1
3 05 05 1 0 00 0 0 0 1 0 1 0 1
3 05 05 1 0 05 0 0 0 1 0 1 0 1
3 04 0b 0 1 05 0 0 0 1 0 1 0 1
3 1b 08 0 0 05 0 0 0 1 0 1 0 1
3 05 0f 1 1 05 1 0 1 1 1 1 0 1
3 05 05 1 0 00 0 1 0 1 1 1 1 1
3 05 0f 0 0 00 0 0 0 1 0 1 0 1
3 02 05 0 0 0d 1 0 0 1 0 1 0 1
3 18 0d 0 0 00 0 0 0 1 0 1 0 1
3 05 05 1 1 00 0 0 0 1 0 1 0 1
3 05 05 0 1 00 1 0 0 1 0 1 0 1
3 1c 05 0 1 1d 1 0 0 1 0 1 0 1
3 03 05 0 1 05 1 0 1 1 1 1 0 1
3 1b 05 0 1 05 1 0 1 1 1 1 0 1
3 04 0e 0 0 05 0 1 0 1 1 1 1 1
3 05 14 1 1 05 1 0 1 1 1 1 0 1
3 05 05 1 1 05 0 0 0 1 0 1 0 1
3 09 05 0 0 00 0 1 0 1 1 1 1 1
3 08 0d 0 1 05 1 0 0 1 0 1 0 1
3 05 1f 1 1 1c 0 0 0 1 0 1 0 1
3 02 11 0 1 05 0 0 0 1 0 1 0 1
3 06 05 1 1 05 1 1 0 1 1 1 1 1
3 15 05 0 1 05 0 0 0 1 0 1 0 1
3 1a 0e 1 1 00 0 1 0 1 1 1 1 1
3 05 05 0 0 10 1 0 0 1 0 1 0 1
3 05 05 0 0 05 0 0 0 1 0 1 0 1
3 0d 05 1 1 11 0 1 0 1 1 1 1 1
3 0a 05 0 0 02 1 0 0 1 0 1 0 1
3 05 1e 1 1 00 0 1 0 1 1 1 1 1
3 09 05 0 1 00 1 0 0 1 0 1 0 1
3 0b 05 0 1 0d 0 0 0 1 0 1 0 1
3 19 05 1 0 15 1 1 0 1 1 1 1 1
3 05 0d 0 1 05 0 0 0 1 0 1 0 1
3 05 05 0 0 19 0 0 0 1 0 1 0 1
3 01 1d 0 1 00 0 1 0 1 1 1 1 1
3 18 01 0 1 05 0 0 0 1 0 1 0 1
3 0c 05 0 0 00 0 0 0 1 0 1 0 1
3 05 05 0 1 00 0 1 0 1 1 1 1 1
3 14 0a 1 1 05 1 1 0 1 1 1 1 1
3 19 09 1 0 10 1 1 0 1 1 1 1 1
3 05 05 0 0 17 0 0 0 1 0 1 0 1
3 05 07 1 0 00 0 0 0 1 0 1 0 1
3 05 05 1 1 14 1 0 0 1 0 1 0 1
3 05 05 0 0 05 1 0 0 1 0 1 0 1
3 0f 05 0 0 05 1 0 0 1 0 1 0 1
3 1f 05 0 1 05 0 1 0 1 1 1 1 1
3 04 05 0 0 00 0 0 0 1 0 1 0 1
3 05 05 1 0 04 1 1 0 1 1 1 1 1
3 18 05 1 0 15 1 0 0 1 0 1 0 1
3 0d 05 1 0 05 1 0 0 1 0 1 0 1
3 17 18 0 1 05 1 0 0 1 0 1 0 1
3 19 05 0 0 05 1 1 0 1 1 1 1 1
3 05 05 0 0 05 1 0 0 1 0 1 0 1
3 10 05 1 1 00 1 0 0 1 0 1 0 1
3 0e 10 1 1 02 1 1 0 1 1 1 1 1
3 05 17 1 1 04 0 1 0 1 1 1 1 1
3 05 0d 1 1 00 0 0 0 1 0 1 0 1
3 05 05 1 1 00 1 0 0 1 0 1 0 1
3 1f 05 1 1 00 1 0 0 1 0 1 0 1
3 05 05 1 1 0c 0 0 0 1 0 1 0 1
3 14 05 1 1 05 0 0 0 1 0 1 0 1
3 02 06 0 1 05 1 0 0 1 0 1 0 1
3 11 08 0 1 05 0 0 0 1 0 1 0 1
3 0a 19 1 0 00 0 1 0 1 1 1 1 1
3 05 05 0 0 05 1 0 0 1 0 1 0 1
3 06 05 0 0 08 1 0 0 1 0 1 0 1
3 05 0b 1 0 07 0 0 0 1 0 1 0 1
3 06 05 0 1 05 0 0 0 1 0 1 0 1
3 05 05 0 0 1f 0 1 0 1 1 1 1 1
3 05 05 1 1 05 0 1 0 1 1 1 1 1
3 05 0d 0 0 00 1 0 0 1 0 1 0 1
3 01 05 1 0 00 1 0 0 1 0 1 0 1
3 05 05 1 0 05 1 1 0 1 1 1 1 1
3 17 05 0 1 05 1 0 1 1 1 1 0 1
3 11 05 0 1 09 1 0 0 1 0 1 0 1
3 05 05 0 0 05 1 0 0 1 0 1 0 1
3 05 05 0 0 05 1 0 0 1 0 1 0 1
3 09 05 0 0 00 1 1 0 1 1 1 1 1
3 17 05 1 0 16 1 1 0 1 1 1 1 1
3 05 0e 1 0 18 1 0 0 1 0 1 0 1
3 05 13 1 0 1c 0 0 0 1 0 1 0 1
3 05 05 1 1 00 0 0 0 1 0 1 0 1
3 0e 05 0 1 0b 0 0 0 1 0 1 0 1
3 1b 05 1 1 1b 1 0 1 1 1 1 0 1
3 05 07 1 0 05 0 1 0 1 1 1 1 1
3 05 05 0 0 00 0 0 0 1 0 1 0 1
3 19 0b 1 0 05 1 0 0 1 0 1 0 1
3 05 05 0 1 0a 0 0 0 1 0 1 0 1
3 05 1e 1 1 00 0 0 0 1 0 1 0 1
3 15 0d 1 0 04 1 0 0 1 0 1 0 1
3 05 12 0 1 0e 0 0 0 1 0 1 0 1
3 03 05 1 1 00 0 1 0 1 1 1 1 1
3 05 05 1 1 1a 0 0 0 1 0 1 0 1
3 05 05 0 0 05 0 1 0 1 1 1 1 1
3 0d 05 0 1 00 1 0 0 1 0 1 0 1
3 05 05 1 1 00 1 0 0 1 0 1 0 1
3 1a 09 1 1 00 1 0 0 1 0 1 0 1
3 05 1b 1 1 1b 0 0 0 1 0 1 0 1
3 03 09 0 0 00 0 0 0 1 0 1 0 1
3 0a 05 1 0 0d 0 0 0 1 0 1 0 1
3 05 05 0 1 05 1 0 1 1 1 1 0 1
3 17 07 0 1 1d 0 0 0 1 0 1 0 1
3 09 1a 1 1 00 1 1 0 1 1 1 1 1
3 15 15 0 1 17 0 0 0 1 0 1 0 1
3 09 05 1 0 00 1 1 0 1 1 1 1 1
3 06 02 0 1 00 1 0 0 1 0 1 0 1
3 04 05 0 1 00 0 0 0 1 0 1 0 1
3 13 14 1 0 00 0 0 0 1 0 1 0 1
3 04 16 0 0 1e 1 0 0 1 0 1 0 1
3 1a 07 1 0 00 0 0 0 1 0 1 0 1
3 07 03 0 1 05 0 0 0 1 0 1 0 1
3 1c 05 1 0 02 0 0 0 1 0 1 0 1
3 08 05 1 1 00 0 0 0 1 0 1 0 1
3 0d 0d 1 1 00 1 0 0 1 0 1 0 1
3 05 11 0 1 00 1 0 0 1 0 1 0 1
3 05 05 1 1 00 0 0 0 1 0 1 0 1
3 05 05 0 0 02 0 0 0 1 0 1 0 1
3 0e 05 1 0 00 1 0 0 1 0 1 0 1
3 05 0d 0 0 05 0 0 0 1 0 1 0 1
3 19 0e 0 0 05 0 0 0 1 0 1 0 1
3 11 09 1 0 05 1 0 0 1 0 1 0 1
3 05 05 1 1 16 1 0 0 1 0 1 0 1
3 0b 08 1 0 19 0 1 0 1 1 1 1 1
3 05 01 0 0 00 1 1 0 1 1 1 1 1
3 19 05 0 1 02 0 0 0 1 0 1 0 1
3 1d 05 1 1 05 0 0 0 1 0 1 0 1
3 05 05 0 0 1d 1 0 0 1 0 1 0 1
3 05 09 0 0 18 0 0 0 1 0 1 0 1
3 1c 0d 1 0 05 0 0 0 1 0 1 0 1
3 0c 05 1 1 05 0 0 0 1 0 1 0 1
3 0f 11 0 1 00 1 0 0 1 0 1 0 1
3 05 05 1 1 0a 1 0 0 1 0 1 0 1
3 1c 05 1 1 00 1 0 0 1 0 1 0 1
3 1c 05 0 1 05 1 0 1 1 1 1 0 1
3 05 15 0 0 17 0 0 0 1 0 1 0 1
3 05 05 0 0 00 0 0 0 1 0 1 0 1
3 0e 08 1 0 00 1 0 0 1 0 1 0 1
3 05 16 1 1 00 0 0 0 1 0 1 0 1
3 0f 06 1 0 00 0 0 0 1 0 1 0 1
3 05 0d 0 1 00 0 1 0 1 1 1 1 1
3 05 04 1 1 05 1 0 1 1 1 1 0 1
3 05 0a 0 0 00 0 0 0 1 0 1 0 1
3 05 05 1 0 1a 1 0 0 1 0 1 0 1
3 07 05 0 1 05 0 0 0 1 0 1 0 1
3 1e 05 0 1 00 0 0 0 1 0 1 0 1
3 05 05 0 0 07 1 0 0 1 0 1 0 1
3 05 05 0 1 05 1 0 1 1 1 1 0 1
3 05 06 0 1 00 0 0 0 1 0 1 0 1
3 00 01 0 0 05 1 1 0 1 1 1 1 1
3 05 05 1 0 00 1 0 0 1 0 1 0 1
3 18 05 0 0 05 0 0 0 1 0 1 0 1
3 05 1c 0 1 02 0 1 0 1 1 1 1 1
3 05 05 1 1 00 1 0 0 1 0 1 0 1
3 07 05 1 1 1a 1 0 0 1 0 1 0 1
3 03 05 1 0 05 0 0 0 1 0 1 0 1
3 05 05 0 0 03 1 0 0 1 0 1 0 1
3 1e 05 1 1 00 0 0 0 1 0 1 0 1
3 05 05 0 1 19 1 0 0 1 0 1 0 1
3 1d 0c 0 1 00 0 0 0 1 0 1 0 1
3 18 05 0 1 00 0 1 0 1 1 1 1 1
3 1d 0d 1 0 05 1 0 0 1 0 1 0 1
3 08 05 0 1 12 1 1 0 1 1 1 1 1
3 05 11 0 0 00 1 0 0 1 0 1 0 1
3 05 1b 0 0 07 1 0 0 1 0 1 0 1
3 0f 04 1 0 00 0 0 0 1 0 1 0 1
3 11 05 0 1 1f 1 0 0 1 0 1 0 1
3 05 0c 0 1 0b 1 0 0 1 0 1 0 1
3 05 05 0 0 05 0 0 0 1 0 1 0 1
3 0d 0a 0 1 0f 0 0 0 1 0 1 0 1
3 01 02 0 0 05 1 0 0 1 0 1 0 1
3 05 05 0 1 00 0 0 0 1 0 1 0 1
3 05 01 0 1 05 0 0 0 1 0 1 0 1
3 05 05 0 1 00 0 1 0 1 1 1 1 1
3 05 05 1 0 00 0 0 0 1 0 1 0 1
3 05 05 0 1 00 0 0 0 1 0 1 0 1
3 05 05 0 0 00 1 0 0 1 0 1 0 1
3 1d 04 1 1 04 0 0 0 1 0 1 0 1
3 19 09 0 1 03 0 0 0 1 0 1 0 1
3 05 0a 0 0 0a 1 0 0 1 0 1 0 1
3 05 05 1 0 05 0 1 0 1 1 1 1 1
3 08 0a 0 1 00 1 0 0 1 0 1 0 1
3 13 05 0 1 05 1 1 0 1 1 1 1 1
3 16 05 0 1 12 1 0 0 1 0 1 0 1
3 05 05 1 1 05 1 0 1 1 1 1 0 1
3 11 16 1 1 00 0 0 0 1 0 1 0 1
3 0f 01 1 1 10 1 0 0 1 0 1 0 1
3 05 0d 0 0 18 1 0 0 1 0 1 0 1
3 05 10 0 0 1a 1 0 0 1 0 1 0 1
3 13 05 0 0 05 1 0 0 1 0 1 0 1
3 05 05 1 1 1c 0 0 0 1 0 1 0 1
3 05 17 0 1 1e 1 0 0 1 0 1 0 1
3 1a 05 0 1 05 1 0 1 1 1 1 0 1
3 05 06 0 0 00 1 0 0 1 0 1 0 1
3 05 1a 1 0 00 0 0 0 1 0 1 0 1
3 11 0c 0 0 00 1 0 0 1 0 1 0 1
3 00 0e 0 0 00 0 1 0 1 1 1 1 1
3 05 1d 1 0 13 0 0 0 1 0 1 0 1
3 17 01 0 1 19 0 0 0 1 0 1 0 1
3 05 14 0 0 16 1 0 0 1 0 1 0 1
3 05 05 1 1 06 1 0 0 1 0 1 0 1
3 05 05 1 0 00 1 1 0 1 1 1 1 1
3 05 05 1 0 11 1 0 0 1 0 1 0 1
3 05 05 0 1 05 0 1 0 1 1 1 1 1
3 0b 05 1 0 00 1 0 0 1 0 1 0 1
3 0e 01 0 0 1d 1 0 0 1 0 1 0 1
3 05 1b 1 0 00 1 0 0 1 0 1 0 1
3 05 01 1 0 00 1 0 0 1 0 1 0 1
3 1c 05 0 0 00 0 0 0 1 0 1 0 1
3 05 0a 1 1 00 0 1 0 1 1 1 1 1
3 05 1d 0 0 05 0 0 0 1 0 1 0 1
3 05 05 1 0 0f 1 0 0 1 0 1 0 1
3 12 1d 0 0 19 0 0 0 1 0 1 0 1
3 15 1c 1 1 00 1 0 0 1 0 1 0 1
3 12 0d 1 1 05 1 0 0 1 0 1 0 1
3 05 05 1 1 11 0 0 0 1 0 1 0 1
3 11 05 0 0 05 0 0 0 1 0 1 0 1
3 13 05 1 1 13 1 0 1 1 1 1 0 1
3 05 1a 1 0 00 0 0 0 1 0 1 0 1
3 05 0f 0 1 07 0 0 0 1 0 1 0 1
3 14 05 1 0 00 1 0 0 1 0 1 0 1
3 14 0e 0 1 1b 1 0 0 1 0 1 0 1
3 05 1b 1 0 1a 1 0 0 1 0 1 0 1
3 09 05 0 0 05 1 0 0 1 0 1 0 1
3 05 1f 1 0 1f 0 0 0 1 0 1 0 1
3 14 00 0 0 12 1 0 0 1 0 1 0 1
3 09 05 0 1 15 1 0 0 1 0 1 0 1
3 1c 00 1 0 0a 0 0 0 1 0 1 0 1
3 0c 05 0 1 0a 1 0 0 1 0 1 0 1
3 0b 0c 0 1 00 1 1 0 1 1 1 1 1
3 05 1e 0 1 15 1 0 0 1 0 1 0 1
3 05 03 1 0 05 1 0 1 1 1 1 0 1
3 0c 0b 0 1 00 0 0 0 1 0 1 0 1
3 05 0c 1 0 00 0 0 0 1 0 1 0 1
3 15 16 1 1 00 0 0 0 1 0 1 0 1
3 05 05 0 1 05 1 0 1 1 1 1 0 1
3 00 05 1 0 05 1 1 0 1 1 1 1 1
3 09 05 1 0 05 0 0 0 1 0 1 0 1
3 1e 19 1 0 05 1 0 0 1 0 1 0 1
3 05 01 0 1 05 0 0 0 1 0 1 0 1
3 0c 0f 1 0 05 1 0 0 1 0 1 0 1
3 05 0c 0 1 05 1 0 0 1 0 1 0 1
3 15 01 0 0 00 0 0 0 1 0 1 0 1
3 0f 05 1 1 00 1 0 0 1 0 1 0 1
3 12 05 0 0 1f 0 0 0 1 0 1 0 1
3 05 0e 0 0 05 1 0 0 1 0 1 0 1
3 17 05 1 1 13 0 0 0 1 0 1 0 1
3 05 11 0 0 17 1 0 0 1 0 1 0 1
3 05 05 0 1 00 1 1 0 1 1 1 1 1
3 05 02 0 0 00 0 1 0 1 1 1 1 1
3 0e 05 1 0 00 0 0 0 1 0 1 0 1
3 05 05 0 0 05 0 0 0 1 0 1 0 1
3 1a 0d 1 0 05 1 0 0 1 0 1 0 1
3 00 05 1 0 00 1 0 0 1 0 1 0 1
3 05 05 0 1 00 1 0 0 1 0 1 0 1
3 05 05 0 1 05 0 0 0 1 0 1 0 1
3 18 05 1 1 0f 0 0 0 1 0 1 0 1
3 05 16 0 1 05 1 0 0 1 0 1 0 1
3 1c 1c 0 1 00 0 1 0 1 1 1 1 1
3 05 05 0 1 00 1 0 0 1 0 1 0 1
3 05 01 0 0 16 0 0 0 1 0 1 0 1
3 05 0b 1 0 05 0 0 0 1 0 1 0 1
3 0a 0f 0 0 05 0 1 0 1 1 1 1 1
3 05 05 0 1 00 1 0 0 1 0 1 0 1
3 1d 05 0 0 05 1 0 0 1 0 1 0 1
3 05 05 1 1 00 0 1 0 1 1 1 1 1
3 05 05 0 0 05 1 0 0 1 0 1 0 1
3 05 18 0 1 00 0 0 0 1 0 1 0 1
3 0a 05 1 0 05 0 0 0 1 0 1 0 1
3 09 05 1 1 00 1 0 0 1 0 1 0 1
3 0d 05 0 1 00 0 1 0 1 1 1 1 1
3 05 09 1 1 05 1 0 1 1 1 1 0 1
3 05 05 1 1 05 0 1 0 1 1 1 1 1
3 14 1d 0 0 05 0 0 0 1 0 1 0 1
3 05 05 1 1 19 1 0 0 1 0 1 0 1
3 05 1f 1 1 00 0 0 0 1 0 1 0 1
3 05 0a 0 0 1c 1 0 0 1 0 1 0 1
3 03 05 1 1 05 1 0 1 1 1 1 0 1
3 14 12 0 1 02 0 0 0 1 0 1 0 1
3 05 12 1 1 00 0 0 0 1 0 1 0 1
3 05 05 1 0 00 1 0 0 1 0 1 0 1
3 1e 05 1 0 00 0 0 0 1 0 1 0 1
3 06 0d 1 0 05 1 0 0 1 0 1 0 1
3 19 05 1 1 00 1 1 0 1 1 1 1 1
3 05 0e 1 0 03 1 0 0 1 0 1 0 1
3 02 1a 1 0 05 0 1 0 1 1 1 1 1
3 1b 05 1 1 05 0 0 0 1 0 1 0 1
3 05 01 1 1 00 0 1 0 1 1 1 1 1
3 05 0f 1 0 0a 0 0 0 1 0 1 0 1
3 14 05 0 0 00 0 0 0 1 0 1 0 1
3 15 17 1 1 05 1 0 0 1 0 1 0 1
3 05 05 1 1 0d 1 0 0 1 0 1 0 1
3 05 1d 0 1 00 0 0 0 1 0 1 0 1
3 11 05 0 1 05 1 0 1 1 1 1 0 1
3 14 05 0 1 00 1 0 0 1 0 1 0 1
3 05 0a 1 1 10 1 0 0 1 0 1 0 1
3 05 00 1 0 00 0 0 0 1 0 1 0 1
3 05 1c 0 0 00 0 0 0 1 0 1 0 1
3 00 0f 0 1 05 1 1 0 1 1 1 1 1
3 05 05 0 1 18 0 1 0 1 1 1 1 1
3 05 05 0 0 05 0 0 0 1 0 1 0 1
3 05 05 1 1 1b 0 0 0 1 0 1 0 1
3 04 1f 1 0 05 1 0 0 1 0 1 0 1
3 06 0e 0 1 19 1 0 0 1 0 1 0 1
3 1c 00 0 0 18 0 0 0 1 0 1 0 1
3 03 05 1 1 00 0 0 0 1 0 1 0 1
3 01 05 1 1 00 0 0 0 1 0 1 0 1
3 05 14 1 0 03 1 0 0 1 0 1 0 1
3 0b 06 1 1 05 1 0 0 1 0 1 0 1
3 05 05 1 1 05 1 0 1 1 1 1 0 1
3 05 05 0 0 05 0 0 0 1 0 1 0 1
3 06 0a 0 1 05 1 0 0 1 0 1 0 1
3 05 05 1 1 16 0 1 0 1 1 1 1 1
3 05 05 1 1 18 0 0 0 1 0 1 0 1
3 05 05 1 0 05 0 0 0 1 0 1 0 1
3 00 11 0 0 00 1 1 0 1 1 1 1 1
3 05 05 0 1 06 1 1 0 1 1 1 1 1
3 05 1e 0 0 05 0 1 0 1 1 1 1 1
3 05 0d 1 1 05 1 0 1 1 1 1 0 1
3 05 17 1 1 00 1 1 0 1 1 1 1 1
3 13 1b 0 0 05 0 0 0 1 0 1 0 1
3 05 17 0 1 05 1 0 0 1 0 1 0 1
3 05 05 0 0 00 0 0 0 1 0 1 0 1
3 05 09 0 1 00 0 1 0 1 1 1 1 1
3 0d 0e 1 1 05 0 0 0 1 0 1 0 1
3 05 1d 0 0 0d 1 0 0 1 0 1 0 1
3 05 05 1 0 00 1 0 0 1 0 1 0 1
3 12 05 1 1 05 1 0 1 1 1 1 0 1
3 05 05 1 1 00 1 1 0 1 1 1 1 1
3 05 05 1 0 05 1 0 1 1 1 1 0 1
3 05 18 1 0 00 1 0 0 1 0 1 0 1
3 05 05 1 1 00 1 0 0 1 0 1 0 1
3 05 00 1 0 05 0 0 0 1 0 1 0 1
3 19 05 0 0 00 1 0 0 1 0 1 0 1
3 05 1e 1 1 11 0 0 0 1 0 1 0 1
3 05 05 1 0 00 0 0 0 1 0 1 0 1
3 08 05 0 1 1b 0 0 0 1 0 1 0 1
3 13 05 0 1 05 0 1 0 1 1 1 1 1
3 05 14 1 1 05 1 0 1 1 1 1 0 1
3 09 06 1 1 00 1 0 0 1 0 1 0 1
3 05 05 1 0 0f 1 0 0 1 0 1 0 1
3 11 05 0 0 05 1 0 0 1 0 1 0 1
3 1f 00 0 1 00 1 0 0 1 0 1 0 1
3 16 05 0 1 10 1 0 0 1 0 1 0 1
3 05 05 0 0 00 1 0 0 1 0 1 0 1
3 05 18 1 0 05 0 0 0 1 0 1 0 1
3 00 05 1 0 04 0 1 0 1 1 1 1 1
3 05 05 0 1 05 0 0 0 1 0 1 0 1
3 05 05 0 0 05 0 1 0 1 1 1 1 1
3 05 0a 1 1 19 1 0 0 1 0 1 0 1
3 05 05 0 1 1e 0 0 0 1 0 1 0 1
3 1d 05 0 1 1d 1 1 0 1 1 1 1 1
3 05 05 0 1 00 0 0 0 1 0 1 0 1
3 05 05 0 1 00 1 1 0 1 1 1 1 1
3 12 05 0 1 05 0 0 0 1 0 1 0 1
3 07 10 1 1 00 1 0 0 1 0 1 0 1
3 02 05 0 1 05 1 0 1 1 1 1 0 1
3 05 05 0 0 05 1 0 0 1 0 1 0 1
3 15 05 1 0 05 1 0 0 1 0 1 0 1
3 05 08 1 0 05 0 0 0 1 0 1 0 1
3 14 13 1 1 00 1 0 0 1 0 1 0 1
3 05 0f 0 1 05 1 0 0 1 0 1 0 1
3 10 05 0 0 0e 0 0 0 1 0 1 0 1
3 0b 1e 0 1 00 0 0 0 1 0 1 0 1
3 0d 05 0 0 1e 1 0 0 1 0 1 0 1
3 16 14 0 0 05 1 0 0 1 0 1 0 1
3 1c 05 0 1 00 1 0 0 1 0 1 0 1
3 04 05 1 0 00 1 1 0 1 1 1 1 1
3 05 05 1 0 05 1 0 1 1 1 1 0 1
3 05 11 1 0 05 1 0 1 1 1 1 0 1
3 1b 05 0 0 0a 0 0 0 1 0 1 0 1
3 15 11 0 1 05 1 0 0 1 0 1 0 1
3 1c 00 0 1 05 0 0 0 1 0 1 0 1
3 17 0c 0 0 00 1 0 0 1 0 1 0 1
3 05 05 1 0 16 1 0 0 1 0 1 0 1
3 05 05 0 1 00 1 0 0 1 0 1 0 1
3 02 05 0 1 05 1 1 0 1 1 1 1 1
3 05 10 0 1 00 0 1 0 1 1 1 1 1
3 12 05 1 0 00 1 0 0 1 0 1 0 1
3 05 05 0 1 0c 0 0 0 1 0 1 0 1
3 05 1c 1 0 00 0 0 0 1 0 1 0 1
3 05 11 1 0 05 0 0 0 1 0 1 0 1
3 05 05 1 1 1c 0 1 0 1 1 1 1 1
3 13 05 0 1 05 1 0 1 1 1 1 0 1
3 05 11 0 1 05 0 1 0 1 1 1 1 1
3 05 05 1 1 05 0 1 0 1 1 1 1 1
3 05 05 0 0 10 1 0 0 1 0 1 0 1
3 05 11 0 0 05 1 1 0 1 1 1 1 1
3 1d 13 0 0 14 1 1 0 1 1 1 1 1
3 05 05 0 0 13 1 0 0 1 0 1 0 1
3 05 16 0 0 05 1 0 0 1 0 1 0 1
3 05 03 0 1 00 1 0 0 1 0 1 0 1
3 17 16 0 0 00 0 0 0 1 0 1 0 1
3 06 0b 1 1 05 1 0 0 1 0 1 0 1
3 05 1a 0 0 00 1 0 0 1 0 1 0 1
3 1a 12 0 1 00 1 1 0 1 1 1 1 1
3 0c 05 1 1 13 1 0 0 1 0 1 0 1
3 0d 1b 0 1 00 1 0 0 1 0 1 0 1
3 05 05 1 1 00 0 0 0 1 0 1 0 1
3 05 05 0 0 00 1 0 0 1 0 1 0 1
3 05 04 1 1 00 0 0 0 1 0 1 0 1
3 17 1b 1 1 05 1 1 0 1 1 1 1 1
3 1f 09 0 1 05 1 1 0 1 1 1 1 1
3 1e 1b 1 1 00 1 0 0 1 0 1 0 1
3 05 05 0 1 00 1 1 0 1 1 1 1 1
3 05 12 1 1 00 0 0 0 1 0 1 0 1
3 05 13 1 1 11 0 0 0 1 0 1 0 1
3 0b 14 0 0 05 1 0 0 1 0 1 0 1
3 12 05 0 1 05 1 1 0 1 1 1 1 1
3 09 07 0 0 05 1 0 0 1 0 1 0 1
3 07 1c 0 0 0d 0 0 0 1 0 1 0 1
3 19 04 0 1 05 1 0 0 1 0 1 0 1
3 05 05 1 0 18 1 0 0 1 0 1 0 1
3 06 07 1 0 00 0 1 0 1 1 1 1 1
3 0a 17 1 1 05 0 0 0 1 0 1 0 1
3 05 05 1 0 05 0 0 0 1 0 1 0 1
3 05 0a 1 1 05 1 0 1 1 1 1 0 1
3 05 1d 0 0 05 1 0 0 1 0 1 0 1
3 07 1a 0 1 17 1 0 0 1 0 1 0 1
3 05 05 1 0 0c 1 1 0 1 1 1 1 1
3 00 01 1 1 05 1 0 0 1 0 1 0 1
3 0b 05 0 0 0a 0 1 0 1 1 1 1 1
3 19 05 0 0 05 0 1 0 1 1 1 1 1
3 05 03 1 1 00 0 0 0 1 0 1 0 1
3 05 05 1 0 05 0 1 0 1 1 1 1 1
3 08 10 1 1 05 0 0 0 1 0 1 0 1
3 05 10 1 1 05 1 0 1 1 1 1 0 1
3 15 05 1 1 05 1 0 1 1 1 1 0 1
3 05 1f 1 0 00 0 0 0 1 0 1 0 1
3 05 05 0 1 1a 0 0 0 1 0 1 0 1
3 05 12 1 1 00 0 0 0 1 0 1 0 1
3 08 05 1 0 05 1 0 0 1 0 1 0 1
3 03 07 0 0 0d 0 0 0 1 0 1 0 1
3 01 13 0 1 05 0 0 0 1 0 1 0 1
3 1c 02 0 0 00 1 0 0 1 0 1 0 1
3 01 05 0 1 05 0 0 0 1 0 1 0 1
3 05 04 1 1 05 1 0 1 1 1 1 0 1
3 17 05 0 1 00 0 1 0 1 1 1 1 1
3 05 05 1 1 00 0 1 0 1 1 1 1 1
3 01 05 1 0 05 0 1 0 1 1 1 1 1
3 05 07 1 0 00 1 0 0 1 0 1 0 1
3 05 05 0 0 00 0 0 0 1 0 1 0 1
3 05 05 1 0 00 1 0 0 1 0 1 0 1
3 14 05 1 1 00 0 0 0 1 0 1 0 1
3 13 17 0 0 05 1 0 0 1 0 1 0 1
3 1f 05 1 0 05 0 1 0 1 1 1 1 1
3 05 05 0 1 18 1 0 0 1 0 1 0 1
3 05 05 1 0 05 1 0 1 1 1 1 0 1
3 05 05 0 0 05 0 0 0 1 0 1 0 1
3 06 05 0 1 00 1 1 0 1 1 1 1 1
3 05 03 0 0 05 1 0 0 1 0 1 0 1
3 0f 1c 1 1 02 0 0 0 1 0 1 0 1
3 03 05 1 1 05 0 0 0 1 0 1 0 1
3 05 10 0 1 00 1 0 0 1 0 1 0 1
3 0c 05 0 1 1b 1 0 0 1 0 1 0 1
3 05 05 0 0 0b 0 0 0 1 0 1 0 1
3 17 06 1 1 00 0 1 0 1 1 1 1 1
3 05 09 0 0 00 0 0 0 1 0 1 0 1
3 0e 02 1 0 05 0 1 0 1 1 1 1 1
3 19 0c 1 0 00 1 0 0 1 0 1 0 1
3 0f 05 0 1 03 1 0 0 1 0 1 0 1
3 08 00 0 0 19 0 1 0 1 1 1 1 1
3 10 05 0 1 16 0 1 0 1 1 1 1 1
3 05 05 1 0 05 1 0 1 1 1 1 0 1
3 1f 05 1 1 0c 1 0 0 1 0 1 0 1
3 10 01 0 1 00 1 0 0 1 0 1 0 1
3 1e 05 0 1 1a 0 0 0 1 0 1 0 1
3 08 05 0 1 05 1 0 1 1 1 1 0 1
3 10 05 1 0 02 1 1 0 1 1 1 1 1
3 05 05 0 0 05 0 0 0 1 0 1 0 1
3 0e 05 1 1 1c 1 0 0 1 0 1 0 1
3 05 15 1 0 05 0 0 0 1 0 1 0 1
3 0d 05 1 1 05 1 0 1 1 1 1 0 1
3 19 13 1 1 10 0 0 0 1 0 1 0 1
3 01 04 0 1 05 0 0 0 1 0 1 0 1
3 12 0d 1 1 00 0 0 0 1 0 1 0 1
3 05 05 0 0 00 1 0 0 1 0 1 0 1
3 05 05 1 0 05 1 0 1 1 1 1 0 1
3 05 05 0 0 05 1 0 0 1 0 1 0 1
3 05 0d 0 0 00 0 0 0 1 0 1 0 1
3 05 05 0 0 00 1 0 0 1 0 1 0 1
3 05 05 0 0 00 1 0 0 1 0 1 0 1
3 0e 14 1 1 09 1 0 0 1 0 1 0 1
3 05 05 1 0 05 1 0 1 1 1 1 0 1
3 05 05 0 0 00 1 0 0 1 0 1 0 1
3 0f 0c 0 0 1c 0 0 0 1 0 1 0 1
3 05 05 1 1 05 1 1 0 1 1 1 1 1
3 14 1b 1 0 08 0 0 0 1 0 1 0 1
3 0f 05 1 0 00 1 1 0 1 1 1 1 1
3 01 15 0 1 00 1 0 0 1 0 1 0 1
3 05 05 1 1 05 1 0 1 1 1 1 0 1
3 1b 1c 1 1 00 1 0 0 1 0 1 0 1
3 0f 05 1 1 05 0 0 0 1 0 1 0 1
3 1c 09 1 1 1e 1 1 0 1 1 1 1 1
3 11 0e 1 1 09 1 0 0 1 0 1 0 1
3 0a 05 1 0 05 0 0 0 1 0 1 0 1
3 05 05 1 0 05 0 0 0 1 0 1 0 1
3 15 05 0 0 19 1 0 0 1 0 1 0 1
3 0c 0a 1 0 00 0 0 0 1 0 1 0 1
3 03 01 0 0 05 1 1 0 1 1 1 1 1
3 05 02 0 1 05 0 0 0 1 0 1 0 1
3 05 09 1 1 17 1 0 0 1 0 1 0 1
3 05 05 0 0 00 1 0 0 1 0 1 0 1
3 05 1c 1 0 1a 1 0 0 1 0 1 0 1
3 1d 0a 0 0 05 1 1 0 1 1 1 1 1
3 05 05 0 0 00 0 0 0 1 0 1 0 1
3 14 0c 1 1 05 1 0 0 1 0 1 0 1
3 13 05 0 0 00 0 0 0 1 0 1 0 1
3 0a 05 0 0 00 1 0 0 1 0 1 0 1
3 12 05 0 0 1e 0 0 0 1 0 1 0 1
3 01 05 1 0 05 1 0 0 1 0 1 0 1
3 05 13 0 1 1f 1 1 0 1 1 1 1 1
3 05 0c 0 0 05 0 1 0 1 1 1 1 1
3 15 05 0 1 1b 1 1 0 1 1 1 1 1
3 0f 05 1 0 00 0 0 0 1 0 1 0 1
3 1a 12 1 0 00 1 0 0 1 0 1 0 1
3 05 05 1 0 12 0 0 0 1 0 1 0 1
3 05 05 1 1 05 1 0 1 1 1 1 0 1
3 1d 11 1 1 1c 1 0 0 1 0 1 0 1
3 05 1f 1 0 00 0 0 0 1 0 1 0 1
3 1e 05 0 0 00 0 0 0 1 0 1 0 1
3 19 06 0 0 00 1 1 0 1 1 1 1 1
3 1f 05 1 1 05 0 0 0 1 0 1 0 1
3 05 1d 0 0 05 0 0 0 1 0 1 0 1
3 05 14 0 1 00 1 0 0 1 0 1 0 1
3 05 05 1 1 1a 1 0 0 1 0 1 0 1
3 05 05 1 0 00 0 1 0 1 1 1 1 1
3 0b 05 1 1 05 1 0 1 1 1 1 0 1
3 05 1a 1 0 00 0 0 0 1 0 1 0 1
3 05 05 1 1 00 0 1 0 1 1 1 1 1
3 05 1c 0 0 05 0 0 0 1 0 1 0 1
3 05 05 0 1 00 0 0 0 1 0 1 0 1
3 05 1b 0 0 09 1 1 0 1 1 1 1 1
3 05 02 1 0 05 0 0 0 1 0 1 0 1
3 06 1e 1 1 00 1 1 0 1 1 1 1 1
3 05 1e 1 0 00 0 0 0 1 0 1 0 1
3 05 05 0 0 05 1 0 0 1 0 1 0 1
3 03 0d 1 0 0f 1 1 0 1 1 1 1 1
3 05 1e 1 0 05 1 0 1 1 1 1 0 1
3 0a 05 1 1 05 0 0 0 1 0 1 0 1
3 08 06 0 1 0a 0 0 0 1 0 1 0 1
3 16 0a 1 0 00 1 1 0 1 1 1 1 1
3 05 05 0 0 00 0 0 0 1 0 1 0 1
3 1c 05 1 1 00 1 0 0 1 0 1 0 1
3 05 05 0 1 00 1 0 0 1 0 1 0 1
3 07 05 0 0 17 0 0 0 1 0 1 0 1
3 00 05 0 0 00 1 0 0 1 0 1 0 1
3 05 00 0 0 00 0 0 0 1 0 1 0 1
3 19 07 0 0 00 0 0 0 1 0 1 0 1
3 0a 05 0 0 08 0 0 0 1 0 1 0 1
3 05 05 1 0 00 0 0 0 1 0 1 0 1
3 05 05 0 0 00 0 1 0 1 1 1 1 1
3 1f 05 0 0 00 0 0 0 1 0 1 0 1
3 05 14 0 1 00 1 0 0 1 0 1 0 1
3 1c 05 1 0 00 1 0 0 1 0 1 0 1
3 0e 18 0 0 05 0 0 0 1 0 1 0 1
3 0b 05 1 0 00 1 0 0 1 0 1 0 1
3 05 05 1 0 00 1 0 0 1 0 1 0 1
3 05 05 1 0 05 1 0 1 1 1 1 0 1
3 04 14 0 0 05 1 0 0 1 0 1 0 1
3 05 1d 0 1 12 0 0 0 1 0 1 0 1
3 0c 05 1 1 05 0 0 0 1 0 1 0 1
3 05 05 1 1 00 1 0 0 1 0 1 0 1
3 05 0b 1 0 04 0 0 0 1 0 1 0 1
3 05 11 1 1 00 1 0 0 1 0 1 0 1
3 01 05 0 1 00 0 0 0 1 0 1 0 1
3 05 05 1 1 05 0 1 0 1 1 1 1 1
3 05 0b 1 0 17 1 0 0 1 0 1 0 1
3 1c 0e 0 0 1e 1 0 0 1 0 1 0 1
3 01 07 0 0 00 1 1 0 1 1 1 1 1
3 1f 15 1 1 1b 0 1 0 1 1 1 1 1
3 05 05 1 0 00 0 0 0 1 0 1 0 1
3 0b 02 1 0 05 0 0 0 1 0 1 0 1
3 03 10 1 0 00 0 0 0 1 0 1 0 1
3 02 05 1 1 1c 1 0 0 1 0 1 0 1
3 0e 05 0 0 05 0 0 0 1 0 1 0 1
3 05 05 0 1 0e 0 0 0 1 0 1 0 1
3 05 0e 1 0 05 1 0 1 1 1 1 0 1
3 05 17 1 1 05 1 1 0 1 1 1 1 1
3 0c 1e 1 0 00 1 1 0 1 1 1 1 1
3 0b 05 1 0 00 1 0 0 1 0 1 0 1
3 05 05 0 1 05 0 0 0 1 0 1 0 1
3 10 05 1 0 00 1 0 0 1 0 1 0 1
3 1d 03 0 0 10 1 0 0 1 0 1 0 1
3 05 16 1 1 03 0 1 0 1 1 1 1 1
3 0a 05 0 0 14 1 0 0 1 0 1 0 1
3 05 07 1 1 00 0 0 0 1 0 1 0 1
3 05 13 1 0 05 1 1 0 1 1 1 1 1
3 05 02 1 1 05 0 0 0 1 0 1 0 1
3 05 11 1 1 00 0 0 0 1 0 1 0 1
3 01 05 0 1 0f 0 1 0 1 1 1 1 1
3 0e 05 0 0 00 0 0 0 1 0 1 0 1
3 11 05 0 0 05 0 0 0 1 0 1 0 1
3 0e 10 1 1 00 1 0 0 1 0 1 0 1
3 05 05 1 1 01 1 1 0 1 1 1 1 1
3 13 0a 1 0 05 0 1 0 1 1 1 1 1
3 05 17 0 0 1f 0 1 0 1 1 1 1 1
3 07 0e 1 0 00 1 1 0 1 1 1 1 1
3 05 09 0 0 0b 1 0 0 1 0 1 0 1
3 05 05 1 0 12 0 0 0 1 0 1 0 1
3 05 05 0 0 00 1 0 0 1 0 1 0 1
3 1e 05 0 0 19 1 0 0 1 0 1 0 1
3 0b 16 0 0 1e 1 0 0 1 0 1 0 1
3 1c 05 0 0 05 0 0 0 1 0 1 0 1
3 05 18 0 0 05 1 0 0 1 0 1 0 1
3 05 16 1 1 05 0 1 0 1 1 1 1 1
3 12 05 0 0 08 0 1 0 1 1 1 1 1
3 05 12 0 0 18 0 0 0 1 0 1 0 1
3 05 0e 0 1 0e 0 0 0 1 0 1 0 1
3 18 19 0 1 05 1 0 0 1 0 1 0 1
3 11 05 1 0 00 0 0 0 1 0 1 0 1
3 05 12 0 1 00 1 0 0 1 0 1 0 1
3 0a 00 0 1 00 1 0 0 1 0 1 0 1
3 16 15 0 0 05 1 0 0 1 0 1 0 1
3 17 10 1 1 00 0 0 0 1 0 1 0 1
3 05 05 0 0 05 0 0 0 1 0 1 0 1
3 05 05 0 0 05 0 0 0 1 0 1 0 1
3 05 17 0 0 12 0 0 0 1 0 1 0 1
3 05 05 1 1 00 0 0 0 1 0 1 0 1
3 18 05 1 1 00 0 0 0 1 0 1 0 1
3 00 05 0 1 00 1 0 0 1 0 1 0 1
3 02 05 1 1 00 1 0 0 1 0 1 0 1
3 06 16 1 1 00 0 0 0 1 0 1 0 1
3 05 05 1 1 05 1 0 1 1 1 1 0 1
3 09 05 1 0 05 1 0 0 1 0 1 0 1
3 0a 0b 1 1 00 0 0 0 1 0 1 0 1
3 15 05 0 1 00 1 0 0 1 0 1 0 1
3 05 13 1 1 00 1 0 0 1 0 1 0 1
3 15 16 1 1 00 0 0 0 1 0 1 0 1
3 05 10 0 1 05 1 0 0 1 0 1 0 1
3 05 05 1 0 05 0 0 0 1 0 1 0 1
3 05 05 0 1 00 0 0 0 1 0 1 0 1
3 05 0f 1 0 00 1 0 0 1 0 1 0 1
3 05 05 0 0 03 0 0 0 1 0 1 0 1
3 05 05 1 1 00 1 0 0 1 0 1 0 1
3 05 07 0 0 04 0 0 0 1 0 1 0 1
3 05 05 0 1 00 1 0 0 1 0 1 0 1
3 05 14 0 1 05 1 1 0 1 1 1 1 1
3 05 05 1 1 00 0 1 0 1 1 1 1 1
3 05 05 0 1 19 0 0 0 1 0 1 0 1
3 05 05 1 0 00 1 0 0 1 0 1 0 1
3 0a 04 1 1 00 0 0 0 1 0 1 0 1
3 05 05 1 1 05 0 0 0 1 0 1 0 1
3 02 05 0 0 17 1 0 0 1 0 1 0 1
3 05 05 0 0 05 0 0 0 1 0 1 0 1
3 05 05 0 1 00 0 0 0 1 0 1 0 1
3 05 05 1 1 05 0 1 0 1 1 1 1 1
3 05 05 1 1 00 1 0 0 1 0 1 0 1
3 01 05 0 0 00 0 0 0 1 0 1 0 1
3 04 05 0 1 00 0 1 0 1 1 1 1 1
3 16 05 1 0 00 0 1 0 1 1 1 1 1
3 05 05 1 1 10 1 0 0 1 0 1 0 1
3 05 05 1 0 0f 0 0 0 1 0 1 0 1
3 05 05 1 1 04 0 0 0 1 0 1 0 1
3 00 12 1 0 05 1 0 0 1 0 1 0 1
3 01 05 0 1 1e 1 1 0 1 1 1 1 1
3 05 05 1 0 06 1 1 0 1 1 1 1 1
3 1b 05 1 1 05 0 0 0 1 0 1 0 1
3 05 05 0 1 00 1 0 0 1 0 1 0 1
3 0a 16 0 1 0a 1 1 0 1 1 1 1 1
3 05 05 0 0 17 0 0 0 1 0 1 0 1
3 05 05 1 0 0b 0 1 0 1 1 1 1 1
3 04 05 1 1 05 0 1 0 1 1 1 1 1
3 1a 05 1 0 05 1 0 0 1 0 1 0 1
3 05 05 0 0 05 0 0 0 1 0 1 0 1
3 1c 05 0 1 00 1 1 0 1 1 1 1 1
3 14 08 0 0 00 1 0 0 1 0 1 0 1
3 0a 08 0 1 13 0 0 0 1 0 1 0 1
3 17 00 0 0 10 0 0 0 1 0 1 0 1
3 05 1d 0 1 05 1 0 0 1 0 1 0 1
3 05 05 1 0 1b 0 0 0 1 0 1 0 1
3 05 00 0 0 05 0 0 0 1 0 1 0 1
3 05 05 0 1 00 1 0 0 1 0 1 0 1
3 05 1a 0 1 08 1 0 0 1 0 1 0 1
3 05 05 0 1 05 0 0 0 1 0 1 0 1
3 05 05 1 1 00 1 0 0 1 0 1 0 1
3 05 05 1 1 17 0 0 0 1 0 1 0 1
3 05 08 1 1 05 1 0 1 1 1 1 0 1
3 05 13 0 1 05 0 0 0 1 0 1 0 1
3 05 01 0 1 10 1 0 0 1 0 1 0 1
3 1a 05 0 0 04 1 0 0 1 0 1 0 1
3 05 05 0 1 0e 1 0 0 1 0 1 0 1
3 08 10 1 0 00 0 0 0 1 0 1 0 1
3 05 05 0 0 0a 1 0 0 1 0 1 0 1
3 05 05 1 1 05 0 0 0 1 0 1 0 1
3 11 14 0 1 00 0 0 0 1 0 1 0 1
3 05 17 1 0 1e 0 1 0 1 1 1 1 1
3 0e 1e 0 0 01 1 0 0 1 0 1 0 1
3 05 17 1 1 00 1 0 0 1 0 1 0 1
3 05 05 1 1 05 0 0 0 1 0 1 0 1
3 05 05 0 0 00 1 0 0 1 0 1 0 1
3 05 05 1 1 05 1 0 1 1 1 1 0 1
3 05 1a 1 1 00 1 0 0 1 0 1 0 1
3 05 0a 1 0 00 1 0 0 1 0 1 0 1
3 05 05 1 1 00 1 0 0 1 0 1 0 1
3 1c 11 0 1 00 1 0 0 1 0 1 0 1
3 03 05 1 0 05 0 0 0 1 0 1 0 1
3 1b 05 1 0 05 0 0 0 1 0 1 0 1
3 02 05 1 0 05 1 1 0 1 1 1 1 1
3 05 1e 0 1 05 0 0 0 1 0 1 0 1
3 18 05 0 1 05 1 1 0 1 1 1 1 1
3 05 05 0 1 00 1 1 0 1 1 1 1 1
3 1c 19 0 0 02 1 0 0 1 0 1 0 1
3 1d 05 0 1 05 1 1 0 1 1 1 1 1
3 04 05 1 0 06 0 1 0 1 1 1 1 1
3 05 05 0 1 00 1 0 0 1 0 1 0 1
3 1a 02 0 0 00 1 1 0 1 1 1 1 1
3 05 05 1 0 00 1 0 0 1 0 1 0 1
3 05 14 0 1 01 1 0 0 1 0 1 0 1
3 1e 17 1 0 14 0 0 0 1 0 1 0 1
3 05 05 1 0 00 0 0 0 1 0 1 0 1
3 03 12 0 1 09 1 1 0 1 1 1 1 1
3 05 05 1 0 00 1 0 0 1 0 1 0 1
3 1a 12 1 1 05 1 0 0 1 0 1 0 1
3 05 03 0 1 05 1 1 0 1 1 1 1 1
3 05 05 1 0 19 1 0 0 1 0 1 0 1
3 05 05 0 0 08 1 0 0 1 0 1 0 1
3 12 0b 0 1 05 0 0 0 1 0 1 0 1
3 13 05 1 1 05 0 0 0 1 0 1 0 1
3 19 05 1 1 00 1 0 0 1 0 1 0 1
3 03 11 0 1 00 0 0 0 1 0 1 0 1
3 05 05 0 1 05 1 0 1 1 1 1 0 1
3 05 05 0 0 00 1 0 0 1 0 1 0 1
3 05 05 0 1 06 0 0 0 1 0 1 0 1
3 0a 05 1 1 00 1 0 0 1 0 1 0 1
3 00 08 1 1 05 1 0 0 1 0 1 0 1
3 05 05 0 0 00 0 0 0 1 0 1 0 1
3 01 15 0 0 1f 1 0 0 1 0 1 0 1
3 05 05 0 0 05 1 0 0 1 0 1 0 1
3 0f 0a 0 1 05 1 0 0 1 0 1 0 1
3 05 13 1 0 00 1 0 0 1 0 1 0 1
3 05 05 1 1 1a 1 0 0 1 0 1 0 1
3 04 05 1 0 00 1 0 0 1 0 1 0 1
3 01 05 0 0 05 1 0 0 1 0 1 0 1
3 05 11 1 1 00 1 0 0 1 0 1 0 1
3 05 05 0 1 06 0 0 0 1 0 1 0 1
3 05 06 0 1 13 1 0 0 1 0 1 0 1
3 05 05 0 1 00 0 0 0 1 0 1 0 1
3 05 10 1 1 05 0 0 0 1 0 1 0 1
3 16 05 0 0 05 1 0 0 1 0 1 0 1
3 05 01 0 0 00 0 1 0 1 1 1 1 1
3 08 05 0 0 00 0 0 0 1 0 1 0 1
3 10 17 0 1 00 0 0 0 1 0 1 0 1
3 02 05 1 0 00 0 0 0 1 0 1 0 1
3 13 05 1 1 05 1 1 0 1 1 1 1 1
3 05 05 1 0 05 1 0 1 1 1 1 0 1
3 05 05 0 0 05 1 0 0 1 0 1 0 1
3 13 0e 1 1 00 0 0 0 1 0 1 0 1
3 00 05 1 1 0e 0 1 0 1 1 1 1 1
3 05 05 0 1 05 1 0 1 1 1 1 0 1
3 05 05 1 1 00 1 0 0 1 0 1 0 1
3 05 1e 1 0 00 0 0 0 1 0 1 0 1
3 07 12 1 1 00 1 0 0 1 0 1 0 1
3 18 05 0 0 0b 0 0 0 1 0 1 0 1
3 05 05 1 1 00 0 1 0 1 1 1 1 1
3 05 05 0 1 05 0 0 0 1 0 1 0 1
3 0d 05 0 0 08 0 1 0 1 1 1 1 1
3 14 05 1 0 05 1 0 0 1 0 1 0 1
3 1b 00 0 0 05 0 0 0 1 0 1 0 1
3 05 06 0 1 00 1 0 0 1 0 1 0 1
3 05 03 0 0 05 0 0 0 1 0 1 0 1
3 0c 09 0 1 05 0 0 0 1 0 1 0 1
3 05 05 0 1 05 1 0 1 1 1 1 0 1
3 18 05 1 1 00 0 1 0 1 1 1 1 1
3 0d 05 0 0 00 0 0 0 1 0 1 0 1
3 05 05 1 0 00 0 1 0 1 1 1 1 1
3 11 15 0 1 00 0 0 0 1 0 1 0 1
3 06 05 0 1 0f 1 0 0 1 0 1 0 1
3 05 1b 0 0 02 1 0 0 1 0 1 0 1
3 05 06 1 0 00 1 0 0 1 0 1 0 1
3 04 05 1 0 05 0 1 0 1 1 1 1 1
3 1a 0f 1 1 00 0 0 0 1 0 1 0 1
3 05 00 1 0 05 0 0 0 1 0 1 0 1
3 19 13 0 1 00 0 0 0 1 0 1 0 1
3 10 0f 0 1 00 1 0 0 1 0 1 0 1
3 05 02 1 0 05 1 0 1 1 1 1 0 1
3 05 05 0 1 00 0 0 0 1 0 1 0 1
3 05 05 0 1 00 0 0 0 1 0 1 0 1
3 18 05 0 1 1b 0 1 0 1 1 1 1 1
3 05 1c 0 1 05 0 0 0 1 0 1 0 1
3 0e 0c 0 1 00 1 0 0 1 0 1 0 1
3 04 05 0 1 05 0 1 0 1 1 1 1 1
3 1e 05 1 0 1f 0 0 0 1 0 1 0 1
3 05 15 0 0 19 1 0 0 1 0 1 0 1
3 05 00 1 0 1c 1 0 0 1 0 1 0 1
3 05 16 1 0 00 1 0 0 1 0 1 0 1
3 04 05 0 0 00 1 0 0 1 0 1 0 1
3 0a 05 0 1 07 1 0 0 1 0 1 0 1
3 05 00 1 0 05 1 0 1 1 1 1 0 1
3 02 08 0 1 00 0 0 0 1 0 1 0 1
3 12 05 0 1 05 1 0 1 1 1 1 0 1
3 05 05 0 0 00 0 1 0 1 1 1 1 1
3 02 05 0 1 1c 1 0 0 1 0 1 0 1
3 0e 01 1 0 00 1 0 0 1 0 1 0 1
3 0e 08 0 0 05 1 0 0 1 0 1 0 1
3 05 19 1 0 00 1 0 0 1 0 1 0 1
3 18 10 1 0 00 0 1 0 1 1 1 1 1
3 1f 17 0 1 00 0 0 0 1 0 1 0 1
3 0e 05 0 1 00 0 1 0 1 1 1 1 1
3 05 05 1 1 07 0 0 0 1 0 1 0 1
3 1f 05 1 0 00 0 0 0 1 0 1 0 1
3 08 15 1 0 00 1 1 0 1 1 1 1 1
3 10 05 1 0 00 1 0 0 1 0 1 0 1
3 16 05 0 1 0b 0 0 0 1 0 1 0 1
3 05 04 1 0 05 1 0 1 1 1 1 0 1
3 05 05 0 1 05 0 1 0 1 1 1 1 1
3 18 05 0 0 00 1 0 0 1 0 1 0 1
3 09 05 0 1 00 0 0 0 1 0 1 0 1
3 05 13 1 1 00 1 1 0 1 1 1 1 1
3 05 05 1 0 00 1 0 0 1 0 1 0 1
3 05 05 0 1 1b 0 0 0 1 0 1 0 1
3 05 0e 0 0 00 1 0 0 1 0 1 0 1
3 01 05 0 0 03 1 0 0 1 0 1 0 1
3 11 05 0 1 15 1 0 0 1 0 1 0 1
3 1b 13 1 0 00 0 1 0 1 1 1 1 1
3 05 05 0 1 0a 0 0 0 1 0 1 0 1
3 05 05 0 0 07 0 0 0 1 0 1 0 1
3 05 05 0 1 05 0 0 0 1 0 1 0 1
3 05 01 1 1 00 0 1 0 1 1 1 1 1
3 05 05 1 0 00 1 0 0 1 0 1 0 1
3 05 05 0 1 06 1 1 0 1 1 1 1 1
3 05 05 1 1 16 0 1 0 1 1 1 1 1
3 05 0c 1 1 05 0 0 0 1 0 1 0 1
3 07 1c 0 0 00 0 0 0 1 0 1 0 1
3 0d 05 0 0 09 0 0 0 1 0 1 0 1
3 05 05 0 1 05 1 0 1 1 1 1 0 1
3 05 05 0 0 01 1 0 0 1 0 1 0 1
3 08 05 1 0 00 0 1 0 1 1 1 1 1
3 05 05 1 0 1a 1 1 0 1 1 1 1 1
3 05 05 1 1 18 1 1 0 1 1 1 1 1
3 07 0a 0 0 05 0 1 0 1 1 1 1 1
3 05 05 0 0 00 1 0 0 1 0 1 0 1
3 05 0b 1 0 19 1 1 0 1 1 1 1 1
3 05 05 1 1 00 0 0 0 1 0 1 0 1
3 0d 05 0 0 00 0 0 0 1 0 1 0 1
3 0b 05 1 0 14 0 0 0 1 0 1 0 1
3 00 00 1 1 05 1 0 0 1 0 1 0 1
3 05 02 1 1 05 1 0 1 1 1 1 0 1
3 19 05 1 0 09 1 0 0 1 0 1 0 1
3 05 05 1 1 00 1 0 0 1 0 1 0 1
3 05 11 0 0 05 0 0 0 1 0 1 0 1
3 12 15 0 1 05 1 0 0 1 0 1 0 1
3 05 17 1 0 1a 1 1 0 1 1 1 1 1
3 0a 08 0 1 05 1 0 0 1 0 1 0 1
3 1c 1b 0 1 1c 0 0 0 1 0 1 0 1
3 0f 15 1 1 1e 1 0 0 1 0 1 0 1
3 06 03 1 1 05 0 0 0 1 0 1 0 1
3 1b 05 0 1 18 0 0 0 1 0 1 0 1
3 05 05 1 0 00 1 1 0 1 1 1 1 1
3 05 15 1 0 00 0 1 0 1 1 1 1 1
3 05 10 0 1 1a 1 1 0 1 1 1 1 1
3 1a 05 1 1 0a 1 1 0 1 1 1 1 1
3 16 05 0 0 05 1 0 0 1 0 1 0 1
3 05 1d 0 0 01 0 0 0 1 0 1 0 1
3 05 05 0 1 13 1 0 0 1 0 1 0 1
3 10 05 0 1 18 1 0 0 1 0 1 0 1
3 05 05 0 0 13 0 0 0 1 0 1 0 1
3 05 05 1 0 05 0 0 0 1 0 1 0 1
3 05 05 1 0 00 0 1 0 1 1 1 1 1
3 05 05 0 0 05 1 0 0 1 0 1 0 1
3 09 06 0 1 05 1 0 0 1 0 1 0 1
3 17 05 1 1 00 0 0 0 1 0 1 0 1
3 08 05 1 0 15 1 0 0 1 0 1 0 1
3 05 0d 0 1 05 0 0 0 1 0 1 0 1
3 06 01 1 0 07 1 0 0 1 0 1 0 1
3 05 05 0 1 1c 1 1 0 1 1 1 1 1
3 05 05 0 0 00 0 0 0 1 0 1 0 1
3 05 11 0 0 00 0 1 0 1 1 1 1 1
3 13 05 0 0 05 0 1 0 1 1 1 1 1
3 0d 00 1 1 05 1 0 0 1 0 1 0 1
3 19 1f 0 1 03 0 0 0 1 0 1 0 1
3 05 16 1 1 00 0 0 0 1 0 1 0 1
3 05 05 0 1 00 0 0 0 1 0 1 0 1
3 05 05 1 1 00 1 0 0 1 0 1 0 1
3 05 05 1 1 00 1 0 0 1 0 1 0 1
3 17 0f 0 1 00 0 0 0 1 0 1 0 1
3 05 1e 1 1 05 1 0 1 1 1 1 0 1
3 18 05 0 1 19 1 0 0 1 0 1 0 1
3 14 05 1 1 00 1 0 0 1 0 1 0 1
3 05 03 1 1 00 0 0 0 1 0 1 0 1
3 05 05 0 1 00 0 1 0 1 1 1 1 1
3 05 05 0 0 10 1 0 0 1 0 1 0 1
3 17 14 0 0 00 0 0 0 1 0 1 0 1
3 03 05 1 1 05 1 1 0 1 1 1 1 1
3 05 09 0 1 1e 1 0 0 1 0 1 0 1
3 12 05 0 1 05 0 0 0 1 0 1 0 1
3 05 05 1 0 06 1 0 0 1 0 1 0 1
3 07 05 0 0 05 1 0 0 1 0 1 0 1
3 09 05 0 0 0c 1 0 0 1 0 1 0 1
3 1a 05 1 0 05 0 0 0 1 0 1 0 1
3 05 08 1 0 00 1 0 0 1 0 1 0 1
3 12 15 1 0 00 0 0 0 1 0 1 0 1
3 05 15 1 1 00 1 0 0 1 0 1 0 1
3 03 0f 0 0 0e 0 1 0 1 1 1 1 1
3 05 14 1 1 00 0 0 0 1 0 1 0 1
3 0e 05 0 0 05 0 0 0 1 0 1 0 1
3 10 05 0 0 06 0 1 0 1 1 1 1 1
3 05 15 1 0 00 0 0 0 1 0 1 0 1
3 05 05 1 0 00 1 0 0 1 0 1 0 1
3 05 05 1 0 0e 0 0 0 1 0 1 0 1
3 05 09 0 0 00 0 0 0 1 0 1 0 1
3 05 05 0 1 05 0 0 0 1 0 1 0 1
3 05 05 0 1 1f 0 0 0 1 0 1 0 1
3 05 07 0 1 00 0 0 0 1 0 1 0 1
3 0c 05 1 1 00 1 0 0 1 0 1 0 1
3 05 05 1 0 15 1 0 0 1 0 1 0 1
3 08 05 0 1 05 0 0 0 1 0 1 0 1
3 05 05 0 1 05 1 0 1 1 1 1 0 1
3 05 05 1 1 05 1 0 1 1 1 1 0 1
3 13 1d 1 0 1b 1 0 0 1 0 1 0 1
3 16 05 1 1 05 1 0 1 1 1 1 0 1
3 1c 15 0 1 00 0 0 0 1 0 1 0 1
3 05 05 0 1 04 0 0 0 1 0 1 0 1
3 05 05 1 1 05 1 0 1 1 1 1 0 1
3 0b 05 0 0 1c 0 0 0 1 0 1 0 1
3 1b 1c 0 1 00 1 0 0 1 0 1 0 1
3 0f 0e 1 0 00 1 0 0 1 0 1 0 1
3 0a 05 0 1 05 0 0 0 1 0 1 0 1
3 05 05 0 1 05 1 1 0 1 1 1 1 1
3 05 1e 0 1 00 0 0 0 1 0 1 0 1
3 04 05 1 1 05 1 0 1 1 1 1 0 1
3 0c 0b 1 0 00 0 0 0 1 0 1 0 1
3 05 05 1 0 1b 0 1 0 1 1 1 1 1
3 05 1c 1 1 1b 1 0 0 1 0 1 0 1
3 14 15 1 0 05 1 0 0 1 0 1 0 1
3 1e 12 1 0 05 1 0 0 1 0 1 0 1
3 0b 05 1 0 05 0 0 0 1 0 1 0 1
3 01 05 0 0 05 1 0 0 1 0 1 0 1
3 05 19 0 1 0c 1 0 0 1 0 1 0 1
3 10 17 1 0 1c 0 0 0 1 0 1 0 1
3 05 0f 0 1 04 1 0 0 1 0 1 0 1
3 05 05 0 0 06 0 0 0 1 0 1 0 1
3 05 05 0 0 05 0 0 0 1 0 1 0 1
3 10 1b 0 1 1c 1 0 0 1 0 1 0 1
3 05 05 1 1 05 0 0 0 1 0 1 0 1
3 12 05 0 0 00 0 0 0 1 0 1 0 1
3 05 05 0 1 12 1 1 0 1 1 1 1 1
3 02 00 0 0 0f 1 1 0 1 1 1 1 1
3 1b 05 1 0 05 0 0 0 1 0 1 0 1
3 01 02 0 1 00 0 0 0 1 0 1 0 1
3 05 05 1 0 05 0 0 0 1 0 1 0 1
3 05 1e 0 1 18 1 0 0 1 0 1 0 1
3 0f 05 0 1 05 0 0 0 1 0 1 0 1
3 05 05 1 0 05 0 0 0 1 0 1 0 1
3 02 05 1 1 05 0 0 0 1 0 1 0 1
3 07 05 0 0 08 1 0 0 1 0 1 0 1
3 12 05 0 0 05 0 0 0 1 0 1 0 1
3 0b 05 1 1 05 1 1 0 1 1 1 1 1
3 0b 1d 0 1 14 1 0 0 1 0 1 0 1
3 05 13 1 1 00 1 0 0 1 0 1 0 1
3 05 04 0 0 00 1 0 0 1 0 1 0 1
3 05 05 1 1 05 1 0 1 1 1 1 0 1
3 05 05 0 0 05 0 0 0 1 0 1 0 1
3 12 05 1 1 05 1 1 0 1 1 1 1 1
3 13 19 0 0 05 1 0 0 1 0 1 0 1
3 13 05 1 1 05 0 0 0 1 0 1 0 1
3 08 05 1 1 00 1 0 0 1 0 1 0 1
3 05 05 0 0 05 1 0 0 1 0 1 0 1
3 05 11 1 0 16 0 1 0 1 1 1 1 1
3 00 0d 1 1 09 1 1 0 1 1 1 1 1
3 05 0f 1 1 00 0 0 0 1 0 1 0 1
3 00 05 1 0 05 1 0 0 1 0 1 0 1
3 05 07 1 1 05 0 0 0 1 0 1 0 1
3 05 1b 0 1 00 0 0 0 1 0 1 0 1
3 10 17 0 0 05 0 0 0 1 0 1 0 1
3 05 05 1 1 05 1 1 0 1 1 1 1 1
3 05 11 0 1 00 0 0 0 1 0 1 0 1
3 1a 05 1 0 07 1 1 0 1 1 1 1 1
