0 1 f 0 f
0 0 f 1 f
0 0 f 2 f
0 0 f 4 f
0 0 f 8 f
0 0 f 1 f
0 0 f 2 f
0 0 f 4 f
0 0 f 8 f
0 0 f 1 f
0 0 f 2 f
0 0 f 4 f
0 0 f 8 f
1 0 4 4 f
1 0 4 4 f
1 0 4 4 f
1 0 4 4 f
1 0 4 4 f
1 0 4 4 f
2 1 0 0 f
2 0 1 1 f
2 0 9 8 f
2 0 9 1 f
2 0 9 8 f
2 0 6 2 f
2 0 6 4 f
2 0 6 2 f
2 0 0 0 f
2 0 0 0 f
2 0 8 8 f
2 0 1 1 f
3 0 0 0 f
3 0 0 0 f
3 0 2 2 f
3 0 0 0 f
3 0 2 2 f
4 0 1 1 f
4 0 8 8 f
4 0 2 2 f
4 0 a 8 f
4 0 6 2 f
4 0 2 2 f
4 0 d 4 f
4 0 9 8 f
4 0 0 0 f
4 0 1 1 f
4 0 f 2 f
4 0 b 8 f
4 0 2 2 f
4 0 e 4 f
4 0 b 8 f
4 0 c 4 f
4 0 3 1 f
4 0 7 2 f
4 0 0 0 f
4 0 4 4 f
4 0 4 4 f
4 0 8 8 f
4 0 4 4 f
4 0 9 8 f
4 0 2 2 f
4 0 1 1 f
4 0 c 4 f
4 0 7 1 f
4 0 6 2 f
4 0 d 4 f
4 0 e 8 f
4 0 a 2 f
4 0 2 2 f
4 0 9 8 f
4 0 b 1 f
4 0 f 2 f
4 0 3 1 f
4 0 f 2 f
4 0 a 8 f
4 0 e 2 f
4 0 7 4 f
4 0 2 2 f
4 0 8 8 f
4 0 c 4 f
4 0 6 2 f
4 0 6 4 f
4 0 d 8 f
4 0 7 1 f
4 0 f 2 f
4 0 6 4 f
4 0 8 8 f
4 0 2 2 f
4 0 a 8 f
4 0 e 2 f
4 0 f 4 f
4 0 a 8 f
4 0 3 1 f
4 0 8 8 f
4 0 2 2 f
4 0 a 8 f
4 0 8 8 f
4 0 7 1 f
4 0 c 4 f
4 0 2 2 f
4 0 e 4 f
4 0 8 8 f
4 0 8 8 f
4 0 b 1 f
4 0 b 2 f
4 0 c 4 f
4 0 b 8 f
4 0 3 1 f
4 0 5 4 f
4 0 e 8 f
4 0 8 8 f
4 0 5 1 f
4 0 c 4 f
4 0 c 8 f
4 0 6 2 f
4 0 f 4 f
4 0 b 8 f
4 0 6 2 f
4 0 0 0 f
4 0 7 4 f
4 0 a 8 f
4 0 a 2 f
4 0 9 8 f
4 0 f 1 f
4 0 0 0 f
4 0 1 1 f
4 0 6 2 f
4 0 b 8 f
4 0 7 1 f
4 0 5 4 f
4 0 3 1 f
4 0 f 2 f
4 0 e 4 f
4 0 b 8 f
4 0 d 1 f
4 0 5 4 f
4 0 1 1 f
4 0 1 1 f
4 0 3 2 f
4 0 8 8 f
4 0 7 1 f
4 0 d 4 f
4 0 b 8 f
4 0 2 2 f
4 0 5 4 f
4 0 4 4 f
4 0 0 0 f
4 0 7 1 f
4 0 5 4 f
4 0 4 4 f
4 0 5 1 f
4 0 e 2 f
4 0 5 4 f
4 0 5 1 f
4 0 c 4 f
4 0 5 1 f
4 0 d 4 f
4 0 5 1 f
4 0 2 2 f
4 0 9 8 f
4 0 b 1 f
4 0 0 0 f
4 0 5 4 f
4 0 7 1 f
4 0 4 4 f
4 0 9 8 f
4 0 4 4 f
4 0 4 4 f
4 0 1 1 f
4 0 e 2 f
4 0 d 4 f
4 0 5 1 f
4 0 c 4 f
4 0 e 8 f
4 0 a 2 f
4 0 4 4 f
4 0 1 1 f
4 0 6 2 f
4 0 f 4 f
4 0 8 8 f
4 0 3 1 f
4 0 6 2 f
4 0 3 1 f
4 0 f 2 f
4 0 4 4 f
4 0 2 2 f
4 0 f 4 f
4 0 4 4 f
4 0 8 8 f
4 0 e 2 f
4 0 7 4 f
4 0 6 2 f
4 0 e 4 f
4 0 b 8 f
4 0 9 1 f
4 0 f 2 f
4 0 4 4 f
4 0 d 8 f
4 0 6 2 f
4 0 6 4 f
4 0 d 8 f
4 0 0 0 f
4 0 4 4 f
4 0 3 1 f
4 0 3 2 f
4 0 2 2 f
4 0 5 4 f
4 0 6 2 f
4 0 f 4 f
4 0 8 8 f
4 0 d 1 f
4 0 9 8 f
4 0 0 0 f
4 0 6 2 f
4 0 d 4 f
4 0 4 4 f
4 0 c 8 f
4 0 d 1 f
4 0 a 2 f
4 0 6 4 f
4 0 5 1 f
4 0 f 2 f
4 0 2 2 f
4 0 e 4 f
4 0 4 4 f
4 0 a 8 f
4 0 a 2 f
4 0 2 2 f
4 0 8 8 f
4 1 d 0 f
4 0 4 4 f
4 0 6 2 f
4 0 e 4 f
4 0 6 2 f
4 0 4 4 f
4 0 3 1 f
4 0 9 8 f
4 0 8 8 f
4 0 d 1 f
4 0 a 2 f
4 1 d 0 f
4 0 d 1 f
4 0 8 8 f
4 0 b 1 f
4 0 d 4 f
4 0 e 8 f
4 0 8 8 f
4 0 8 8 f
4 0 f 1 f
4 0 c 4 f
4 0 6 2 f
4 0 c 4 f
4 0 8 8 f
4 0 1 1 f
4 0 1 1 f
4 0 a 2 f
4 0 6 4 f
4 0 5 1 f
4 0 d 4 f
4 0 c 8 f
4 0 0 0 f
4 0 a 2 f
4 0 a 8 f
4 0 d 1 f
4 0 8 8 f
4 0 a 2 f
4 0 6 4 f
4 0 6 2 f
4 0 b 8 f
4 0 1 1 f
4 0 2 2 f
4 0 e 4 f
4 0 f 8 f
4 0 6 2 f
4 0 0 0 f
4 0 1 1 f
4 0 4 4 f
4 0 4 4 f
4 0 1 1 f
4 0 3 2 f
4 0 a 8 f
4 0 c 4 f
4 0 0 0 f
4 0 c 8 f
4 0 5 1 f
4 0 0 0 f
4 0 e 2 f
4 0 f 4 f
4 0 2 2 f
4 0 7 4 f
4 0 9 8 f
4 0 5 1 f
4 0 7 2 f
4 0 c 4 f
4 0 2 2 f
4 0 e 4 f
4 0 0 0 f
4 0 5 1 f
4 0 c 4 f
4 0 b 8 f
4 0 1 1 f
4 0 2 2 f
4 0 2 2 f
4 0 2 2 f
4 0 1 1 f
4 0 0 0 f
4 0 5 4 f
4 0 f 8 f
4 0 c 4 f
4 0 9 8 f
4 0 6 2 f
4 0 c 4 f
4 0 f 8 f
4 0 3 1 f
4 0 5 4 f
4 0 f 8 f
4 0 4 4 f
4 0 4 4 f
4 0 0 0 f
4 0 d 8 f
4 0 4 4 f
4 0 5 1 f
4 0 d 4 f
4 0 e 8 f
4 0 1 1 f
4 0 d 4 f
4 1 f 0 f
4 0 a 2 f
4 0 4 4 f
4 0 3 1 f
4 0 f 2 f
4 0 7 4 f
4 0 9 8 f
4 0 5 1 f
4 0 9 8 f
4 0 5 1 f
4 0 9 8 f
4 0 1 1 f
4 0 d 4 f
4 0 5 1 f
4 0 9 8 f
4 0 b 1 f
4 0 f 2 f
4 0 f 4 f
4 0 0 0 f
4 0 5 1 f
4 0 7 2 f
4 0 2 2 f
4 0 4 4 f
4 0 d 8 f
4 0 7 1 f
4 0 b 2 f
4 0 f 4 f
4 0 a 8 f
4 0 7 1 f
4 0 9 8 f
4 0 e 2 f
4 0 9 8 f
4 0 f 1 f
4 0 a 2 f
4 0 f 4 f
4 0 9 8 f
4 0 6 2 f
4 0 6 4 f
4 0 e 8 f
4 0 e 2 f
4 0 3 1 f
4 0 b 2 f
4 0 a 8 f
4 0 9 1 f
4 0 2 2 f
4 0 d 4 f
4 0 0 0 f
4 0 8 8 f
4 0 a 2 f
4 0 3 1 f
4 0 f 2 f
4 0 b 8 f
4 0 5 1 f
4 0 2 2 f
4 0 6 4 f
4 0 b 8 f
4 0 2 2 f
4 0 c 4 f
4 0 b 8 f
4 0 5 1 f
4 0 c 4 f
4 0 4 4 f
4 0 4 4 f
4 0 6 2 f
4 0 e 4 f
4 0 7 1 f
4 0 c 4 f
4 0 e 8 f
4 0 f 1 f
4 0 5 4 f
4 0 7 1 f
4 0 c 4 f
4 0 5 1 f
4 0 7 2 f
4 0 b 8 f
4 0 5 1 f
4 0 7 2 f
4 0 f 4 f
4 0 c 8 f
4 0 5 1 f
4 0 b 2 f
4 0 e 4 f
4 0 1 1 f
4 0 7 2 f
4 0 c 4 f
4 0 5 1 f
4 0 7 2 f
4 0 e 4 f
4 0 c 8 f
4 0 a 2 f
4 0 f 4 f
4 0 b 8 f
4 0 7 1 f
4 0 e 2 f
4 0 7 4 f
4 0 2 2 f
4 0 b 8 f
4 0 0 0 f
4 0 c 4 f
4 0 4 4 f
4 0 b 8 f
4 0 9 1 f
4 0 3 2 f
4 0 6 4 f
4 0 4 4 f
4 0 5 1 f
4 0 7 2 f
4 0 4 4 f
4 0 c 8 f
4 0 0 0 f
4 0 3 1 f
4 0 4 4 f
4 0 6 2 f
4 0 6 4 f
4 0 a 8 f
4 0 d 1 f
4 0 c 4 f
4 0 1 1 f
4 0 b 2 f
4 0 6 4 f
4 0 c 8 f
4 0 b 1 f
4 0 d 4 f
4 0 5 1 f
4 0 5 4 f
4 0 8 8 f
4 0 2 2 f
4 0 2 2 f
4 0 9 8 f
4 0 f 1 f
4 0 2 2 f
4 0 2 2 f
4 0 3 1 f
4 0 3 2 f
4 0 3 1 f
4 0 7 2 f
4 0 2 2 f
4 0 2 2 f
4 0 5 4 f
4 0 2 2 f
4 0 0 0 f
4 0 e 4 f
4 0 d 8 f
4 0 a 2 f
4 0 d 4 f
4 0 e 8 f
4 0 b 1 f
4 0 1 1 f
4 0 e 2 f
4 0 a 8 f
4 0 0 0 f
4 0 3 1 f
4 0 d 4 f
4 0 7 1 f
4 0 2 2 f
4 0 7 4 f
4 0 e 8 f
4 0 e 2 f
4 0 5 4 f
4 0 e 8 f
4 0 b 1 f
4 0 1 1 f
4 0 7 2 f
4 0 a 8 f
4 0 0 0 f
4 0 0 0 f
4 0 a 2 f
4 0 6 4 f
4 0 4 4 f
4 0 4 4 f
4 0 6 2 f
4 0 e 4 f
4 0 a 8 f
4 0 4 4 f
4 0 c 8 f
4 0 e 2 f
4 0 c 4 f
4 0 f 8 f
4 0 d 1 f
4 0 7 2 f
4 0 a 8 f
4 0 8 8 f
4 0 8 8 f
4 0 9 1 f
4 0 6 2 f
4 0 2 2 f
4 0 f 4 f
4 0 4 4 f
4 0 3 1 f
4 0 a 2 f
4 0 b 8 f
4 0 0 0 f
4 0 5 1 f
4 0 f 2 f
4 0 e 4 f
4 0 d 8 f
4 0 1 1 f
4 0 3 2 f
4 0 a 8 f
4 0 0 0 f
4 0 4 4 f
4 0 d 8 f
4 0 6 2 f
4 0 6 4 f
4 0 6 2 f
4 0 d 4 f
4 0 9 8 f
4 0 a 2 f
4 0 1 1 f
4 0 7 2 f
4 0 f 4 f
4 0 8 8 f
4 0 3 1 f
4 0 c 4 f
4 0 2 2 f
4 0 3 1 f
4 0 c 4 f
4 0 c 8 f
4 0 5 1 f
4 0 a 2 f
4 0 3 1 f
4 0 8 8 f
4 0 9 1 f
4 0 a 2 f
4 0 8 8 f
4 0 b 1 f
4 0 6 2 f
4 0 d 4 f
4 0 2 2 f
4 0 2 2 f
4 0 6 4 f
4 0 0 0 f
4 0 6 2 f
4 0 1 1 f
4 0 3 2 f
4 0 b 8 f
4 0 b 1 f
4 0 9 8 f
4 0 1 1 f
4 0 0 0 f
4 0 d 4 f
4 0 2 2 f
4 0 1 1 f
4 0 6 2 f
4 0 5 4 f
4 0 8 8 f
4 0 5 1 f
4 0 7 2 f
4 0 1 1 f
4 0 e 2 f
4 0 5 4 f
4 0 e 8 f
4 0 b 1 f
4 0 7 2 f
4 0 a 8 f
4 0 e 2 f
4 0 9 8 f
4 0 7 1 f
4 0 5 4 f
4 0 5 1 f
4 0 c 4 f
4 0 d 8 f
4 0 f 1 f
4 0 c 4 f
4 0 0 0 f
4 0 3 1 f
4 0 9 8 f
4 0 4 4 f
4 0 a 8 f
4 0 4 4 f
4 0 b 8 f
4 0 6 2 f
4 0 8 8 f
4 0 6 2 f
4 0 f 4 f
4 0 9 8 f
4 0 0 0 f
4 0 f 1 f
4 0 2 2 f
4 0 5 4 f
4 0 8 8 f
4 0 c 4 f
4 0 b 8 f
4 0 c 4 f
4 0 9 8 f
4 0 6 2 f
4 0 0 0 f
4 0 c 4 f
4 0 1 1 f
4 0 5 4 f
4 0 8 8 f
4 0 f 1 f
4 0 5 4 f
4 0 d 8 f
4 0 a 2 f
4 0 3 1 f
4 0 7 2 f
4 0 f 4 f
4 0 a 8 f
4 0 5 1 f
4 0 e 2 f
4 0 b 8 f
4 0 9 1 f
4 0 5 4 f
4 0 e 8 f
4 0 d 1 f
4 0 d 4 f
4 0 4 4 f
4 0 7 1 f
4 0 9 8 f
4 0 4 4 f
4 0 c 8 f
4 0 8 8 f
4 0 1 1 f
4 0 4 4 f
4 0 0 0 f
4 0 a 8 f
4 0 5 1 f
4 0 7 2 f
4 0 8 8 f
4 0 b 1 f
4 0 9 8 f
4 0 9 1 f
4 0 a 2 f
4 0 a 8 f
4 0 4 4 f
4 0 8 8 f
4 0 6 2 f
4 0 0 0 f
4 0 8 8 f
4 0 7 1 f
4 0 d 4 f
4 0 6 2 f
4 0 9 8 f
4 0 b 1 f
4 0 4 4 f
4 0 2 2 f
4 0 d 4 f
4 0 2 2 f
4 0 7 4 f
4 0 e 8 f
4 0 a 2 f
4 0 6 4 f
4 0 e 8 f
4 0 0 0 f
4 0 8 8 f
4 0 9 1 f
4 0 1 1 f
4 0 0 0 f
4 0 5 4 f
4 0 0 0 f
4 0 b 8 f
4 0 d 1 f
4 0 9 8 f
4 0 1 1 f
4 0 9 8 f
4 0 a 2 f
4 0 1 1 f
4 0 5 4 f
4 0 1 1 f
4 0 9 8 f
4 0 4 4 f
4 0 e 8 f
4 0 d 1 f
4 0 6 2 f
4 0 5 4 f
4 0 0 0 f
4 0 4 4 f
4 0 f 8 f
4 0 6 2 f
4 0 b 8 f
4 0 8 8 f
4 0 1 1 f
4 0 5 4 f
4 0 2 2 f
4 0 0 0 f
4 0 5 4 f
4 0 6 2 f
4 0 9 8 f
4 0 b 1 f
4 0 c 4 f
4 0 7 1 f
4 0 8 8 f
4 0 6 2 f
4 0 3 1 f
4 0 d 4 f
4 0 1 1 f
4 0 a 2 f
4 0 1 1 f
4 0 1 1 f
4 0 8 8 f
4 0 b 1 f
4 0 2 2 f
4 0 3 1 f
4 0 5 4 f
4 0 e 8 f
4 0 5 1 f
4 0 0 0 f
4 0 3 2 f
4 0 5 4 f
4 0 d 8 f
4 0 c 4 f
4 0 b 8 f
4 0 a 2 f
4 0 e 4 f
4 0 d 8 f
4 0 3 1 f
4 0 b 2 f
4 0 c 4 f
4 0 4 4 f
4 0 e 8 f
4 0 e 2 f
4 0 7 4 f
4 0 8 8 f
4 0 9 1 f
4 0 1 1 f
4 0 b 2 f
4 0 5 4 f
4 0 a 8 f
4 0 f 1 f
4 0 9 8 f
4 0 f 1 f
4 0 b 2 f
4 0 f 4 f
4 0 3 1 f
4 0 a 2 f
4 0 e 4 f
4 0 b 8 f
4 0 0 0 f
4 0 d 1 f
4 0 b 2 f
4 0 e 4 f
4 0 b 8 f
4 0 2 2 f
4 0 9 8 f
4 0 e 2 f
4 0 4 4 f
4 0 a 8 f
4 0 c 4 f
4 0 4 4 f
4 0 0 0 f
4 0 6 2 f
4 0 7 4 f
4 0 7 1 f
4 0 0 0 f
4 0 a 2 f
4 0 c 4 f
4 0 a 8 f
4 0 1 1 f
4 0 3 2 f
4 0 a 8 f
4 0 c 4 f
4 0 5 1 f
4 0 a 2 f
4 0 5 4 f
4 0 3 1 f
4 0 0 0 f
4 0 a 2 f
4 0 c 4 f
4 0 2 2 f
4 0 9 8 f
4 0 0 0 f
4 0 d 1 f
4 0 a 2 f
4 0 9 8 f
4 0 5 1 f
4 0 c 4 f
4 0 c 8 f
4 0 9 1 f
4 0 b 2 f
4 0 5 4 f
4 0 c 8 f
4 0 f 1 f
4 0 4 4 f
4 0 a 8 f
4 0 2 2 f
4 0 5 4 f
4 0 d 8 f
4 0 1 1 f
4 0 7 2 f
4 0 0 0 f
4 0 d 4 f
4 0 9 8 f
4 0 0 0 f
4 0 3 1 f
4 0 0 0 f
4 0 c 4 f
4 0 1 1 f
4 0 5 4 f
4 0 2 2 f
4 0 7 4 f
4 0 1 1 f
4 0 c 4 f
4 0 b 8 f
4 0 5 1 f
4 0 7 2 f
4 0 d 4 f
4 0 d 8 f
4 0 7 1 f
4 0 0 0 f
4 0 9 8 f
4 0 8 8 f
4 0 6 2 f
4 0 d 4 f
4 0 0 0 f
4 0 9 8 f
4 0 1 1 f
4 0 b 2 f
4 0 8 8 f
4 0 f 1 f
4 0 2 2 f
4 0 0 0 f
4 0 8 8 f
4 0 b 1 f
4 0 4 4 f
4 0 6 2 f
4 0 6 4 f
4 0 c 8 f
4 0 4 4 f
4 0 b 8 f
4 0 4 4 f
4 0 7 1 f
4 0 9 8 f
4 0 4 4 f
4 0 1 1 f
4 0 a 2 f
4 0 4 4 f
4 0 9 8 f
4 0 1 1 f
4 0 3 2 f
4 0 c 4 f
4 0 8 8 f
4 0 3 1 f
4 0 b 2 f
4 0 c 4 f
4 0 0 0 f
4 0 0 0 f
4 0 f 8 f
4 0 f 1 f
4 0 c 4 f
4 0 c 8 f
4 0 a 2 f
4 0 2 2 f
4 0 7 4 f
4 0 4 4 f
4 0 c 8 f
4 0 3 1 f
4 0 1 1 f
4 0 8 8 f
4 0 d 1 f
4 0 2 2 f
4 0 d 4 f
4 0 e 8 f
4 0 e 2 f
4 0 c 4 f
4 0 3 1 f
4 0 a 2 f
4 0 a 8 f
4 0 b 1 f
4 0 8 8 f
4 0 e 2 f
4 0 a 8 f
4 0 a 2 f
4 0 8 8 f
4 0 c 4 f
4 0 a 8 f
4 0 3 1 f
4 0 3 2 f
4 0 7 4 f
4 0 f 8 f
4 0 4 4 f
4 0 b 8 f
4 0 c 4 f
4 0 7 1 f
4 0 1 1 f
4 0 0 0 f
4 0 c 4 f
4 0 f 8 f
4 0 9 1 f
4 0 1 1 f
4 0 d 4 f
4 0 0 0 f
4 0 0 0 f
4 0 c 8 f
4 0 1 1 f
4 0 a 2 f
4 0 9 8 f
4 0 8 8 f
4 0 e 2 f
4 0 4 4 f
4 0 2 2 f
4 0 e 4 f
4 0 c 8 f
4 0 d 1 f
4 0 8 8 f
4 0 e 2 f
4 0 a 8 f
4 0 d 1 f
4 0 e 2 f
4 0 6 4 f
4 0 8 8 f
4 0 f 1 f
4 0 2 2 f
4 0 d 4 f
4 0 4 4 f
4 0 f 8 f
4 0 1 1 f
4 0 b 2 f
4 0 f 4 f
4 0 d 8 f
4 0 a 2 f
4 0 0 0 f
4 0 0 0 f
4 0 2 2 f
4 0 f 4 f
4 0 e 8 f
4 0 4 4 f
4 0 2 2 f
4 0 d 4 f
4 0 f 8 f
4 0 b 1 f
4 0 1 1 f
4 0 c 4 f
4 0 b 8 f
4 0 5 1 f
4 0 d 4 f
4 0 d 8 f
4 0 f 1 f
4 0 f 2 f
4 0 1 1 f
4 0 1 1 f
4 0 b 2 f
4 0 9 8 f
4 0 9 1 f
4 0 a 2 f
4 0 d 4 f
4 0 7 1 f
4 0 1 1 f
4 0 4 4 f
4 0 d 8 f
4 0 e 2 f
4 0 f 4 f
4 0 4 4 f
4 0 4 4 f
4 0 1 1 f
4 0 2 2 f
4 0 1 1 f
4 0 0 0 f
4 0 0 0 f
4 0 7 2 f
4 0 2 2 f
4 0 e 4 f
4 0 4 4 f
4 0 8 8 f
4 0 5 1 f
4 0 4 4 f
4 0 c 8 f
4 0 e 2 f
4 0 c 4 f
4 0 8 8 f
4 0 f 1 f
4 0 2 2 f
4 0 5 4 f
4 0 2 2 f
4 0 3 1 f
4 0 b 2 f
4 0 a 8 f
4 0 8 8 f
4 0 9 1 f
4 0 f 2 f
4 0 9 8 f
4 0 7 1 f
4 0 1 1 f
4 0 c 4 f
4 0 c 8 f
4 0 3 1 f
4 0 6 2 f
4 0 3 1 f
4 0 1 1 f
4 0 7 2 f
4 0 5 4 f
4 0 9 8 f
4 0 d 1 f
4 0 b 2 f
4 0 6 4 f
4 0 b 8 f
4 0 5 1 f
4 0 b 2 f
4 0 0 0 f
4 0 7 4 f
4 0 4 4 f
4 0 3 1 f
4 0 f 2 f
4 0 6 4 f
4 0 e 8 f
4 0 a 2 f
4 0 5 4 f
4 0 3 1 f
4 0 8 8 f
4 0 8 8 f
4 0 e 2 f
4 0 7 4 f
4 0 0 0 f
4 0 6 2 f
4 0 a 8 f
4 0 d 1 f
4 0 5 4 f
4 0 b 8 f
4 0 3 1 f
4 0 4 4 f
4 0 5 1 f
4 0 e 2 f
4 0 a 8 f
4 0 6 2 f
4 0 d 4 f
4 0 9 8 f
4 0 2 2 f
4 0 e 4 f
4 0 1 1 f
4 0 e 2 f
4 0 d 4 f
4 0 3 1 f
4 0 1 1 f
4 0 3 2 f
4 0 c 4 f
4 0 a 8 f
4 0 2 2 f
4 0 c 4 f
4 0 c 8 f
4 0 8 8 f
4 0 7 1 f
4 0 b 2 f
4 0 1 1 f
4 0 3 2 f
4 0 b 8 f
4 0 4 4 f
4 0 d 8 f
4 0 2 2 f
4 0 1 1 f
4 0 5 4 f
4 0 1 1 f
4 0 3 2 f
4 0 a 8 f
4 0 0 0 f
4 0 b 1 f
4 0 d 4 f
4 0 9 8 f
4 0 5 1 f
4 0 b 2 f
4 0 2 2 f
4 0 4 4 f
4 0 f 8 f
4 0 6 2 f
4 0 a 8 f
4 0 e 2 f
4 0 c 4 f
4 0 c 8 f
4 0 c 4 f
4 0 b 8 f
4 0 d 1 f
4 0 a 2 f
4 0 d 4 f
4 0 2 2 f
4 0 0 0 f
4 0 7 4 f
4 0 3 1 f
4 0 2 2 f
4 0 5 4 f
4 0 a 8 f
4 0 8 8 f
4 0 5 1 f
4 0 a 2 f
4 0 7 4 f
4 0 a 8 f
4 0 5 1 f
4 0 6 2 f
4 0 7 4 f
4 0 d 8 f
4 0 1 1 f
4 0 1 1 f
4 0 8 8 f
4 0 c 4 f
4 0 4 4 f
4 0 b 8 f
4 0 b 1 f
4 0 0 0 f
4 0 6 2 f
4 0 c 4 f
4 0 6 2 f
4 0 f 4 f
4 0 7 1 f
4 0 c 4 f
4 0 8 8 f
4 0 7 1 f
4 0 6 2 f
4 0 b 8 f
4 0 3 1 f
4 0 a 2 f
4 0 1 1 f
4 0 d 4 f
4 0 3 1 f
4 0 e 2 f
4 0 d 4 f
4 0 6 2 f
4 0 f 4 f
4 0 5 1 f
4 0 b 2 f
4 0 e 4 f
4 0 e 8 f
4 0 2 2 f
4 0 e 4 f
4 0 a 8 f
4 0 6 2 f
4 0 9 8 f
4 0 b 1 f
4 0 c 4 f
4 0 d 8 f
4 0 1 1 f
4 0 9 8 f
4 0 d 1 f
4 0 b 2 f
4 0 2 2 f
4 0 2 2 f
4 0 a 8 f
4 0 6 2 f
4 0 c 4 f
4 0 3 1 f
4 0 2 2 f
4 0 3 1 f
4 0 c 4 f
4 0 c 8 f
4 0 3 1 f
4 0 2 2 f
4 0 3 1 f
4 0 2 2 f
4 0 a 8 f
4 0 d 1 f
4 0 8 8 f
4 0 0 0 f
4 0 2 2 f
4 0 3 1 f
4 0 0 0 f
4 0 9 8 f
4 0 c 4 f
4 0 7 1 f
4 0 7 2 f
4 0 0 0 f
4 0 c 4 f
4 0 a 8 f
4 0 5 1 f
4 0 0 0 f
4 0 5 4 f
4 0 5 1 f
4 0 3 2 f
4 0 c 4 f
4 0 8 8 f
4 0 f 1 f
4 0 e 2 f
4 0 e 4 f
4 0 1 1 f
4 0 5 4 f
4 0 f 8 f
4 0 8 8 f
4 0 0 0 f
4 0 1 1 f
4 0 d 4 f
4 0 3 1 f
4 0 6 2 f
4 0 e 4 f
4 0 e 8 f
4 0 4 4 f
4 0 7 1 f
4 0 3 2 f
4 0 b 8 f
4 0 d 1 f
4 0 1 1 f
4 0 4 4 f
4 0 d 8 f
4 0 3 1 f
4 0 5 4 f
4 0 4 4 f
4 0 d 8 f
4 0 9 1 f
4 0 4 4 f
4 0 1 1 f
4 0 5 4 f
4 0 f 8 f
4 0 6 2 f
4 0 1 1 f
4 0 b 2 f
4 0 2 2 f
4 0 4 4 f
4 0 4 4 f
4 0 9 8 f
4 0 7 1 f
4 0 f 2 f
4 0 3 1 f
4 0 b 2 f
4 0 3 1 f
4 0 0 0 f
4 0 f 2 f
4 0 d 4 f
4 0 6 2 f
4 0 a 8 f
4 0 c 4 f
4 0 6 2 f
4 0 1 1 f
4 0 3 2 f
4 0 c 4 f
4 0 2 2 f
4 0 7 4 f
4 0 0 0 f
4 0 2 2 f
4 0 1 1 f
4 0 6 2 f
4 0 3 1 f
4 0 5 4 f
4 0 f 8 f
4 0 3 1 f
4 0 a 2 f
4 0 e 4 f
4 0 d 8 f
4 0 7 1 f
4 0 b 2 f
4 0 f 4 f
4 0 8 8 f
4 0 8 8 f
4 0 2 2 f
4 0 d 4 f
4 0 e 8 f
4 0 8 8 f
4 0 8 8 f
4 0 c 4 f
4 0 f 8 f
4 0 b 1 f
4 0 c 4 f
4 0 b 8 f
4 0 6 2 f
4 0 a 8 f
4 0 0 0 f
4 0 3 1 f
4 0 e 2 f
4 0 f 4 f
4 0 8 8 f
4 0 7 1 f
4 0 6 2 f
4 0 c 4 f
4 0 5 1 f
4 0 b 2 f
4 0 4 4 f
4 0 5 1 f
4 0 1 1 f
4 0 0 0 f
4 0 5 4 f
4 0 8 8 f
4 0 8 8 f
4 0 4 4 f
4 0 8 8 f
4 0 0 0 f
4 0 f 1 f
4 0 8 8 f
4 0 b 1 f
4 0 1 1 f
4 0 d 4 f
4 0 c 8 f
4 0 a 2 f
4 0 e 4 f
4 0 9 8 f
4 0 3 1 f
4 0 6 2 f
4 0 4 4 f
4 0 9 8 f
4 0 d 1 f
4 0 9 8 f
4 0 d 1 f
4 0 3 2 f
4 0 f 4 f
4 0 a 8 f
4 0 a 2 f
4 0 7 4 f
4 0 b 8 f
4 0 b 1 f
4 0 7 2 f
4 0 0 0 f
4 0 5 4 f
4 0 4 4 f
4 0 c 8 f
4 0 c 4 f
4 0 9 8 f
4 0 4 4 f
4 0 6 2 f
4 0 0 0 f
4 0 c 4 f
4 0 4 4 f
4 0 d 8 f
4 0 3 1 f
4 0 4 4 f
4 0 2 2 f
4 0 3 1 f
4 0 8 8 f
4 0 f 1 f
4 0 2 2 f
4 0 d 4 f
4 0 b 8 f
4 0 7 1 f
4 0 a 2 f
4 0 b 8 f
4 0 3 1 f
4 0 c 4 f
4 0 f 8 f
4 0 d 1 f
4 0 b 2 f
4 0 5 4 f
4 0 f 8 f
4 0 8 8 f
4 0 c 4 f
4 0 f 8 f
4 0 7 1 f
4 0 0 0 f
4 0 8 8 f
4 0 f 1 f
4 0 0 0 f
4 0 4 4 f
4 0 a 8 f
4 0 d 1 f
4 0 c 4 f
4 0 5 1 f
4 0 4 4 f
4 0 2 2 f
4 0 6 4 f
4 0 8 8 f
4 0 6 2 f
4 0 e 4 f
4 0 c 8 f
4 0 4 4 f
4 0 9 8 f
4 0 7 1 f
4 0 4 4 f
4 0 e 8 f
4 0 2 2 f
4 0 8 8 f
4 0 6 2 f
4 0 e 4 f
4 0 5 1 f
4 0 b 2 f
4 0 b 8 f
4 0 b 1 f
4 0 9 8 f
4 0 f 1 f
4 0 8 8 f
4 0 5 1 f
4 0 6 2 f
4 0 4 4 f
4 0 d 8 f
4 0 4 4 f
4 0 3 1 f
4 0 7 2 f
4 0 2 2 f
4 0 9 8 f
4 0 f 1 f
4 0 6 2 f
4 0 6 4 f
4 0 7 1 f
4 0 4 4 f
4 0 5 1 f
4 0 1 1 f
4 0 9 8 f
4 0 c 4 f
4 0 5 1 f
4 0 4 4 f
4 0 7 1 f
4 0 e 2 f
4 0 c 4 f
4 0 4 4 f
4 0 f 8 f
4 0 8 8 f
4 0 7 1 f
4 0 6 2 f
4 0 7 4 f
4 0 c 8 f
4 0 6 2 f
4 0 0 0 f
4 0 f 4 f
4 0 e 8 f
4 0 3 1 f
4 0 4 4 f
4 0 0 0 f
4 0 5 1 f
4 0 b 2 f
4 0 e 4 f
4 0 5 1 f
4 0 5 4 f
4 0 6 2 f
4 0 c 4 f
4 0 5 1 f
4 0 c 4 f
4 0 7 1 f
4 0 e 2 f
4 0 f 4 f
4 0 4 4 f
4 0 c 8 f
4 0 9 1 f
4 0 7 2 f
4 0 9 8 f
4 0 6 2 f
4 0 7 4 f
4 0 2 2 f
4 0 5 4 f
4 0 7 1 f
4 0 2 2 f
4 0 c 4 f
4 0 7 1 f
4 0 e 2 f
4 0 d 4 f
4 0 e 8 f
4 0 3 1 f
4 0 4 4 f
4 0 5 1 f
4 0 6 2 f
4 0 1 1 f
4 0 2 2 f
4 0 3 1 f
4 0 8 8 f
4 0 8 8 f
4 0 2 2 f
4 0 1 1 f
4 0 5 4 f
4 0 a 8 f
4 0 d 1 f
4 0 9 8 f
4 0 8 8 f
4 0 3 1 f
4 0 1 1 f
4 0 0 0 f
4 0 4 4 f
4 0 f 8 f
4 0 8 8 f
4 0 f 1 f
4 0 3 2 f
4 0 8 8 f
4 0 8 8 f
4 0 2 2 f
4 0 5 4 f
4 0 9 8 f
4 0 a 2 f
4 0 4 4 f
4 0 c 8 f
4 0 a 2 f
4 0 d 4 f
4 0 0 0 f
4 0 4 4 f
4 0 6 2 f
4 0 2 2 f
4 0 9 8 f
4 0 3 1 f
4 0 b 2 f
4 0 4 4 f
4 0 4 4 f
4 0 2 2 f
4 0 5 4 f
4 0 9 8 f
4 0 1 1 f
4 0 7 2 f
4 0 5 4 f
4 0 b 8 f
4 0 f 1 f
4 0 f 2 f
4 0 a 8 f
4 0 c 4 f
4 0 4 4 f
4 0 7 1 f
4 0 7 2 f
4 0 5 4 f
4 0 a 8 f
4 0 6 2 f
4 0 8 8 f
4 0 4 4 f
4 0 9 8 f
4 0 0 0 f
4 0 d 1 f
4 0 2 2 f
4 0 d 4 f
4 0 e 8 f
4 0 b 1 f
4 0 4 4 f
4 0 e 8 f
4 0 9 1 f
4 0 2 2 f
4 0 b 8 f
4 0 e 2 f
4 0 d 4 f
4 0 9 8 f
4 0 f 1 f
4 0 9 8 f
4 0 4 4 f
4 0 0 0 f
4 0 d 8 f
4 0 8 8 f
4 0 6 2 f
4 0 0 0 f
4 0 b 8 f
4 0 9 1 f
4 0 3 2 f
4 0 f 4 f
4 0 f 8 f
4 0 8 8 f
4 0 8 8 f
4 0 b 1 f
4 0 e 2 f
4 0 5 4 f
4 0 c 8 f
4 0 9 1 f
4 0 b 2 f
4 0 4 4 f
4 0 7 1 f
4 0 6 2 f
4 0 4 4 f
4 0 2 2 f
4 0 4 4 f
4 0 8 8 f
4 0 9 1 f
4 0 2 2 f
4 0 9 8 f
4 0 3 1 f
4 0 0 0 f
4 0 4 4 f
4 0 e 8 f
4 0 c 4 f
4 0 3 1 f
4 0 d 4 f
4 0 0 0 f
4 0 c 8 f
4 0 8 8 f
4 0 7 1 f
4 0 5 4 f
4 0 7 1 f
4 0 d 4 f
4 0 2 2 f
4 0 a 8 f
4 0 8 8 f
4 0 a 2 f
4 0 7 4 f
4 0 3 1 f
4 0 8 8 f
4 0 9 1 f
4 0 9 8 f
4 0 c 4 f
4 0 6 2 f
4 0 7 4 f
4 0 0 0 f
4 0 3 1 f
4 0 7 2 f
4 0 3 1 f
4 0 6 2 f
4 0 9 8 f
4 0 c 4 f
4 0 f 8 f
4 0 8 8 f
4 0 b 1 f
4 0 1 1 f
4 0 2 2 f
4 0 0 0 f
4 0 3 1 f
4 0 d 4 f
4 0 1 1 f
4 0 3 2 f
4 0 7 4 f
4 0 8 8 f
4 0 1 1 f
4 0 a 2 f
4 0 4 4 f
4 0 c 8 f
4 0 0 0 f
4 0 1 1 f
4 0 7 2 f
4 0 6 4 f
4 0 b 8 f
4 0 7 1 f
4 0 d 4 f
4 0 e 8 f
4 0 b 1 f
4 0 0 0 f
4 0 f 2 f
4 0 4 4 f
4 0 c 8 f
4 0 e 2 f
4 0 6 4 f
4 0 8 8 f
4 0 3 1 f
4 0 b 2 f
4 0 6 4 f
4 0 3 1 f
4 0 c 4 f
4 0 b 8 f
4 0 f 1 f
4 0 c 4 f
4 0 1 1 f
4 0 0 0 f
4 0 0 0 f
4 0 c 4 f
4 0 b 8 f
4 0 5 1 f
4 0 5 4 f
4 0 7 1 f
4 0 2 2 f
4 0 5 4 f
4 0 7 1 f
4 0 d 4 f
4 0 c 8 f
4 0 7 1 f
4 0 f 2 f
4 0 f 4 f
4 0 5 1 f
4 0 1 1 f
4 0 2 2 f
4 0 7 4 f
4 0 e 8 f
4 0 c 4 f
4 0 8 8 f
4 0 0 0 f
4 0 f 1 f
4 0 e 2 f
4 0 6 4 f
4 0 c 8 f
4 0 1 1 f
4 0 4 4 f
4 0 0 0 f
4 0 f 8 f
4 0 8 8 f
4 0 e 2 f
4 0 2 2 f
4 0 7 4 f
4 0 e 8 f
4 0 b 1 f
4 0 f 2 f
4 0 f 4 f
4 0 d 8 f
4 0 a 2 f
4 0 a 8 f
4 0 4 4 f
4 0 5 1 f
4 0 8 8 f
4 0 f 1 f
4 0 c 4 f
4 0 7 1 f
4 0 a 2 f
4 0 5 4 f
4 0 e 8 f
4 0 5 1 f
4 0 4 4 f
4 0 9 8 f
4 0 f 1 f
4 0 9 8 f
4 0 a 2 f
4 0 e 4 f
4 0 c 8 f
4 0 a 2 f
4 0 4 4 f
4 0 b 8 f
4 0 b 1 f
4 0 c 4 f
4 0 0 0 f
4 0 2 2 f
4 0 3 1 f
4 0 6 2 f
4 0 d 4 f
4 0 c 8 f
4 0 b 1 f
4 0 0 0 f
4 0 2 2 f
4 0 d 4 f
4 0 9 8 f
4 0 9 1 f
4 0 0 0 f
4 0 f 2 f
4 0 7 4 f
4 0 d 8 f
4 0 a 2 f
4 0 7 4 f
4 0 f 8 f
4 0 7 1 f
4 0 9 8 f
4 0 0 0 f
4 0 d 1 f
4 0 2 2 f
4 0 2 2 f
4 0 1 1 f
4 0 5 4 f
4 0 c 8 f
4 0 5 1 f
4 0 1 1 f
4 0 8 8 f
4 0 d 1 f
4 0 b 2 f
4 0 7 4 f
4 0 3 1 f
4 0 9 8 f
4 0 a 2 f
4 0 a 8 f
4 0 5 1 f
4 0 5 4 f
4 0 8 8 f
4 0 c 4 f
4 0 2 2 f
4 0 1 1 f
4 0 6 2 f
4 0 5 4 f
4 0 d 8 f
4 0 b 1 f
4 0 b 2 f
4 0 6 4 f
4 0 0 0 f
4 0 3 1 f
4 0 a 2 f
4 0 1 1 f
4 0 b 2 f
4 0 7 4 f
4 0 b 8 f
4 0 4 4 f
4 0 7 1 f
4 0 3 2 f
4 0 e 4 f
4 0 7 1 f
4 0 8 8 f
4 0 2 2 f
4 0 e 4 f
4 0 3 1 f
4 0 3 2 f
4 0 a 8 f
4 0 8 8 f
4 0 2 2 f
4 0 0 0 f
4 0 5 4 f
4 0 d 8 f
4 0 e 2 f
4 0 9 8 f
4 0 1 1 f
4 0 8 8 f
4 0 3 1 f
4 0 f 2 f
4 0 f 4 f
4 0 7 1 f
4 0 7 2 f
4 0 2 2 f
4 0 f 4 f
4 0 a 8 f
4 0 a 2 f
4 0 f 4 f
4 0 5 1 f
4 0 8 8 f
4 0 f 1 f
4 0 2 2 f
4 0 c 4 f
4 0 6 2 f
4 0 4 4 f
4 0 7 1 f
4 0 6 2 f
4 0 a 8 f
4 0 3 1 f
4 0 8 8 f
4 0 8 8 f
4 0 3 1 f
4 0 d 4 f
4 0 6 2 f
4 0 0 0 f
4 0 0 0 f
4 0 a 8 f
4 0 b 1 f
4 0 8 8 f
4 0 b 1 f
4 0 b 2 f
4 0 5 4 f
4 0 a 8 f
4 0 a 2 f
4 0 f 4 f
4 0 0 0 f
4 0 8 8 f
4 0 9 1 f
4 0 f 2 f
4 0 7 4 f
4 0 0 0 f
4 0 8 8 f
4 0 f 1 f
4 0 8 8 f
4 0 5 1 f
4 0 b 2 f
4 0 d 4 f
4 0 7 1 f
4 0 d 4 f
4 0 c 8 f
4 0 f 1 f
4 0 b 2 f
4 0 1 1 f
4 0 e 2 f
4 0 f 4 f
4 0 2 2 f
4 0 b 8 f
4 0 c 4 f
4 0 9 8 f
4 0 4 4 f
4 0 4 4 f
4 0 4 4 f
4 0 9 8 f
4 0 2 2 f
4 0 e 4 f
4 0 5 1 f
4 0 8 8 f
4 0 6 2 f
4 0 3 1 f
4 0 5 4 f
4 0 f 8 f
4 0 3 1 f
4 0 7 2 f
4 0 7 4 f
4 0 a 8 f
4 0 2 2 f
4 0 3 1 f
4 0 8 8 f
4 0 0 0 f
4 0 4 4 f
4 0 d 8 f
4 0 7 1 f
4 0 2 2 f
4 0 3 1 f
4 0 b 2 f
4 0 6 4 f
4 0 7 1 f
4 0 9 8 f
4 0 8 8 f
4 0 4 4 f
4 0 a 8 f
4 0 7 1 f
4 0 3 2 f
4 0 c 4 f
4 0 b 8 f
4 0 c 4 f
4 0 6 2 f
4 0 6 4 f
4 0 1 1 f
4 0 a 2 f
4 0 6 4 f
4 0 6 2 f
4 0 f 4 f
4 0 3 1 f
4 0 c 4 f
4 0 1 1 f
4 0 d 4 f
4 0 b 8 f
4 0 d 1 f
4 0 4 4 f
4 0 6 2 f
4 0 2 2 f
4 0 b 8 f
4 0 f 1 f
4 0 7 2 f
4 0 d 4 f
4 0 5 1 f
4 0 9 8 f
4 0 4 4 f
4 0 c 8 f
4 0 8 8 f
4 0 8 8 f
4 0 d 1 f
4 0 7 2 f
4 0 d 4 f
4 0 2 2 f
4 0 c 4 f
4 0 1 1 f
4 0 b 2 f
4 0 a 8 f
4 0 5 1 f
4 0 f 2 f
4 0 3 1 f
4 0 5 4 f
4 0 7 1 f
4 0 8 8 f
4 0 9 1 f
4 0 4 4 f
4 0 f 8 f
4 0 2 2 f
4 0 6 4 f
4 0 4 4 f
4 0 1 1 f
4 0 b 2 f
4 0 0 0 f
4 0 4 4 f
4 0 7 1 f
4 0 4 4 f
4 0 9 8 f
4 0 8 8 f
4 0 6 2 f
4 0 e 4 f
4 0 3 1 f
4 0 6 2 f
4 0 5 4 f
4 0 4 4 f
4 0 1 1 f
4 0 f 2 f
4 0 d 4 f
4 0 c 8 f
4 0 3 1 f
4 0 7 2 f
4 0 5 4 f
4 0 5 1 f
4 0 f 2 f
4 0 3 1 f
4 0 e 2 f
4 0 6 4 f
4 0 3 1 f
4 0 5 4 f
4 0 9 8 f
4 0 b 1 f
4 0 0 0 f
4 0 e 2 f
4 0 a 8 f
4 0 d 1 f
4 0 b 2 f
4 0 3 1 f
4 0 a 2 f
4 0 7 4 f
4 0 c 8 f
4 0 d 1 f
4 0 f 2 f
4 0 0 0 f
4 0 3 1 f
4 0 d 4 f
4 0 a 8 f
4 0 4 4 f
4 0 7 1 f
4 0 f 2 f
4 0 a 8 f
4 0 b 1 f
4 0 8 8 f
4 0 6 2 f
4 0 4 4 f
4 0 8 8 f
4 0 e 2 f
4 0 4 4 f
4 0 4 4 f
4 0 4 4 f
4 0 6 2 f
4 0 f 4 f
4 0 c 8 f
4 0 d 1 f
4 0 5 4 f
4 0 6 2 f
4 0 c 4 f
4 0 c 8 f
4 0 6 2 f
4 0 7 4 f
4 0 5 1 f
4 0 5 4 f
4 0 1 1 f
4 0 2 2 f
4 0 e 4 f
4 0 3 1 f
4 0 b 2 f
4 0 1 1 f
4 0 c 4 f
4 0 1 1 f
4 0 e 2 f
4 0 6 4 f
4 0 2 2 f
4 0 9 8 f
4 0 7 1 f
4 0 5 4 f
4 0 4 4 f
4 0 4 4 f
4 0 7 1 f
4 0 f 2 f
4 0 3 1 f
4 0 0 0 f
4 0 7 2 f
4 0 4 4 f
4 0 f 8 f
4 0 a 2 f
4 0 6 4 f
4 0 c 8 f
4 0 9 1 f
4 0 0 0 f
4 0 c 4 f
4 0 9 8 f
4 0 2 2 f
4 0 9 8 f
4 0 f 1 f
4 0 5 4 f
4 0 f 8 f
4 0 4 4 f
4 0 2 2 f
4 0 9 8 f
4 0 1 1 f
4 1 d 0 f
4 0 7 1 f
4 0 8 8 f
4 0 8 8 f
4 0 3 1 f
4 0 f 2 f
4 0 f 4 f
4 0 6 2 f
4 0 6 4 f
4 0 c 8 f
4 0 5 1 f
4 0 c 4 f
4 0 4 4 f
4 0 6 2 f
4 0 d 4 f
4 0 7 1 f
4 0 a 2 f
4 0 4 4 f
4 0 c 8 f
