0 5555 1 1
0 aaaa 1 1
0 5554 0 1
0 2aaa 0 1
0 d555 0 1
0 0000 0 1
0 ffff 0 1
1 7555 0 1
1 7e7a 0 1
1 3c04 0 1
1 d5b8 0 1
1 841c 0 1
1 5515 0 1
1 ca8f 0 1
1 555d 0 1
1 d555 0 1
1 d555 0 1
1 1199 0 1
1 aaa2 0 1
1 5575 0 1
1 fd85 0 1
1 d555 0 1
1 a2b8 0 1
1 aaea 0 1
1 e296 0 1
1 4555 0 1
1 bc20 0 1
1 9f4c 0 1
1 b029 0 1
1 a1f3 0 1
1 1cfa 0 1
1 779e 0 1
1 8492 0 1
1 aaab 0 1
1 6ef9 0 1
1 a8aa 0 1
1 5545 0 1
1 1555 0 1
1 8bb8 0 1
1 43ac 0 1
1 af70 0 1
1 aeaa 0 1
1 6521 0 1
1 baaa 0 1
1 ac9e 0 1
1 7555 0 1
1 8aaa 0 1
1 262b 0 1
1 4180 0 1
1 9d2f 0 1
1 8f79 0 1
1 6195 0 1
1 8bc2 0 1
1 8ae7 0 1
1 c114 0 1
1 55d5 0 1
1 3284 0 1
1 5551 0 1
1 7555 0 1
1 eaaa 0 1
1 48e4 0 1
1 5455 0 1
1 2aaa 0 1
1 4555 0 1
1 bc48 0 1
1 8410 0 1
1 9198 0 1
1 6a65 0 1
1 a8aa 0 1
1 7555 0 1
1 baaa 0 1
1 2262 0 1
1 d5d8 0 1
1 bd09 0 1
1 aaea 0 1
1 4f98 0 1
1 aaea 0 1
1 797c 0 1
1 555d 0 1
1 8b11 0 1
1 0106 0 1
1 55d5 0 1
1 911f 0 1
1 9283 0 1
1 5455 0 1
1 aaae 0 1
1 c699 0 1
1 aaba 0 1
1 baaa 0 1
1 eaaa 0 1
1 a913 0 1
1 e08a 0 1
1 a8aa 0 1
1 60a5 0 1
1 deb6 0 1
1 5d55 0 1
1 55d5 0 1
1 9425 0 1
1 aa8a 0 1
1 a2aa 0 1
1 7ccc 0 1
1 8ece 0 1
1 7555 0 1
1 0258 0 1
1 d30c 0 1
1 b894 0 1
1 5455 0 1
1 eaaa 0 1
1 3240 0 1
1 5155 0 1
1 9549 0 1
1 8dc1 0 1
1 5545 0 1
1 c67b 0 1
1 55d5 0 1
1 a2aa 0 1
1 701d 0 1
1 24f6 0 1
1 aeaa 0 1
1 361b 0 1
1 f621 0 1
1 a2aa 0 1
1 5554 0 1
1 c384 0 1
1 5f6a 0 1
1 7555 0 1
1 66ff 0 1
1 aaa2 0 1
1 aaa2 0 1
1 a8aa 0 1
1 baaa 0 1
1 aaa2 0 1
1 555d 0 1
1 0e95 0 1
1 5515 0 1
1 55d5 0 1
1 5575 0 1
1 3c7a 0 1
1 af7a 0 1
1 fa92 0 1
1 e934 0 1
1 fbaf 0 1
1 5c74 0 1
1 d181 0 1
1 5545 0 1
1 5545 0 1
1 fb5d 0 1
1 4850 0 1
1 5155 0 1
1 aaab 0 1
1 ccab 0 1
1 eaaa 0 1
1 555d 0 1
1 5515 0 1
1 5d55 0 1
1 efc9 0 1
1 4fbc 0 1
1 6c42 0 1
1 5755 0 1
1 c9a0 0 1
1 0f48 0 1
1 9dfd 0 1
1 42fc 0 1
1 eaaa 0 1
1 de32 0 1
1 4251 0 1
1 64d1 0 1
1 aa8a 0 1
1 8ee4 0 1
1 1555 0 1
1 5155 0 1
1 eaaa 0 1
1 abaa 0 1
1 cdcb 0 1
1 5d55 0 1
1 2539 0 1
1 baaa 0 1
1 3c69 0 1
1 abaa 0 1
1 f46a 0 1
1 eaaa 0 1
1 b72a 0 1
1 5155 0 1
1 cc0e 0 1
1 40e5 0 1
1 9184 0 1
1 5515 0 1
1 aa2a 0 1
1 4555 0 1
1 aa2a 0 1
1 5d55 0 1
1 aaa2 0 1
1 e722 0 1
1 404d 0 1
1 555d 0 1
1 84bf 0 1
1 8aaa 0 1
1 4984 0 1
1 5551 0 1
1 ded1 0 1
1 c984 0 1
1 a8aa 0 1
1 aaa8 0 1
1 5557 0 1
1 5554 0 1
1 aa2a 0 1
1 aaba 0 1
1 5455 0 1
1 e4a8 0 1
1 baaa 0 1
1 50ed 0 1
1 d555 0 1
1 d555 0 1
1 3873 0 1
1 8aaa 0 1
1 217f 0 1
1 eedf 0 1
1 af4c 0 1
1 a8b2 0 1
1 346f 0 1
1 5d55 0 1
1 4ea1 0 1
1 1555 0 1
1 9155 0 1
1 01d8 0 1
1 ca0d 0 1
1 1555 0 1
1 555d 0 1
1 d555 0 1
1 aaab 0 1
1 ac4d 0 1
1 0613 0 1
1 b785 0 1
1 5575 0 1
1 aaae 0 1
1 b65b 0 1
1 4c91 0 1
1 239a 0 1
1 a8aa 0 1
1 8aaa 0 1
1 555d 0 1
1 c4fb 0 1
1 a2aa 0 1
1 fa1f 0 1
1 abaa 0 1
1 5551 0 1
1 b802 0 1
1 5d55 0 1
1 e81c 0 1
1 5515 0 1
1 aa8a 0 1
1 1a3c 0 1
1 e831 0 1
1 4fda 0 1
1 b200 0 1
1 6c88 0 1
1 1609 0 1
1 baaa 0 1
1 f5a8 0 1
1 0e8c 0 1
1 87f4 0 1
1 baaa 0 1
1 4555 0 1
1 6cfe 0 1
1 d555 0 1
1 4b84 0 1
1 5545 0 1
1 5575 0 1
1 5455 0 1
1 a6d5 0 1
1 9894 0 1
1 d9ed 0 1
1 5515 0 1
1 aaba 0 1
1 7930 0 1
1 4c89 0 1
1 4ef8 0 1
1 aaab 0 1
1 5551 0 1
1 63b0 0 1
1 974c 0 1
1 aaa2 0 1
1 eaaa 0 1
1 9973 0 1
1 d90d 0 1
1 c830 0 1
1 15fd 0 1
1 555d 0 1
1 5755 0 1
1 5554 0 1
1 7555 0 1
1 8986 0 1
1 0052 0 1
1 7555 0 1
1 aaba 0 1
1 93f2 0 1
1 aaab 0 1
1 5155 0 1
1 bf1b 0 1
1 4035 0 1
1 5545 0 1
1 aaea 0 1
1 79e3 0 1
1 baaa 0 1
1 7e72 0 1
1 5624 0 1
1 aaae 0 1
1 abaa 0 1
1 777a 0 1
1 abdc 0 1
1 5155 0 1
1 5c98 0 1
1 6af0 0 1
1 c671 0 1
1 43ec 0 1
1 aaa2 0 1
1 a2aa 0 1
1 5155 0 1
1 aaa8 0 1
1 aaa8 0 1
1 eaaa 0 1
1 3e96 0 1
1 f1ea 0 1
1 5455 0 1
1 d0e6 0 1
1 1555 0 1
1 14e4 0 1
1 aa8a 0 1
1 7555 0 1
1 1026 0 1
1 aa8a 0 1
1 a3c1 0 1
1 7215 0 1
1 aaab 0 1
1 5455 0 1
1 38ec 0 1
1 a2aa 0 1
1 eaaa 0 1
1 baaa 0 1
1 aaea 0 1
1 aaa2 0 1
1 5554 0 1
1 aaae 0 1
1 255a 0 1
1 57e8 0 1
1 cdeb 0 1
1 93cd 0 1
1 86a2 0 1
1 6c1e 0 1
1 a98d 0 1
1 5371 0 1
1 d03a 0 1
1 6010 0 1
1 5f8b 0 1
1 a8aa 0 1
1 cbf1 0 1
1 7e3c 0 1
1 e7ae 0 1
1 1fc1 0 1
1 43a7 0 1
1 4555 0 1
1 9c7c 0 1
1 88c1 0 1
1 c67e 0 1
1 e18d 0 1
1 5755 0 1
1 5557 0 1
1 893d 0 1
1 e175 0 1
1 aeaa 0 1
1 5575 0 1
1 0253 0 1
1 5755 0 1
1 690b 0 1
1 0b06 0 1
1 5d55 0 1
1 a8aa 0 1
1 27b8 0 1
1 844b 0 1
1 2aaa 0 1
1 5557 0 1
1 aaea 0 1
1 555d 0 1
1 5515 0 1
1 555d 0 1
1 a8aa 0 1
1 5575 0 1
1 5d55 0 1
1 55d5 0 1
1 9c83 0 1
1 b528 0 1
1 5bf9 0 1
1 eaaa 0 1
1 4d88 0 1
1 d555 0 1
1 abaa 0 1
1 4555 0 1
1 5755 0 1
1 74d4 0 1
1 80cb 0 1
1 2edf 0 1
1 e67a 0 1
1 555d 0 1
1 7d07 0 1
1 5515 0 1
1 aaa2 0 1
1 5e2e 0 1
1 955d 0 1
1 fb84 0 1
1 535d 0 1
1 0e68 0 1
1 36c3 0 1
1 9aff 0 1
1 a835 0 1
1 8186 0 1
1 c337 0 1
1 593f 0 1
1 aeaa 0 1
1 5554 0 1
1 bd45 0 1
1 a7da 0 1
1 aaba 0 1
1 aeaa 0 1
1 abaa 0 1
1 5551 0 1
1 537c 0 1
1 aaae 0 1
1 4555 0 1
1 4555 0 1
1 2aaa 0 1
1 7709 0 1
1 2492 0 1
1 abaa 0 1
1 6d74 0 1
1 5755 0 1
1 5d55 0 1
1 aaea 0 1
1 7555 0 1
1 5545 0 1
1 2aaa 0 1
1 ae62 0 1
1 3088 0 1
1 5545 0 1
1 1555 0 1
1 a8aa 0 1
1 5755 0 1
1 a2aa 0 1
1 3ad4 0 1
1 5755 0 1
1 5575 0 1
1 a8c5 0 1
1 aa8a 0 1
1 ff3b 0 1
1 2997 0 1
1 5515 0 1
1 a8aa 0 1
1 baaa 0 1
1 aa8a 0 1
1 4d25 0 1
1 c0f4 0 1
1 2aaa 0 1
1 41ab 0 1
1 baaa 0 1
1 6edc 0 1
1 0082 0 1
1 abaa 0 1
1 2929 0 1
1 aaea 0 1
1 3c8c 0 1
1 e15b 0 1
1 9988 0 1
1 8d0c 0 1
1 5755 0 1
1 baaa 0 1
1 c37e 0 1
1 a8d5 0 1
1 f7e6 0 1
1 5455 0 1
1 aeaa 0 1
1 c265 0 1
1 55d5 0 1
1 5155 0 1
1 53df 0 1
1 aa8a 0 1
1 fa47 0 1
1 dfe8 0 1
1 d555 0 1
1 8aaa 0 1
1 5755 0 1
1 5515 0 1
1 f0e8 0 1
1 d555 0 1
1 aaa2 0 1
1 5557 0 1
1 555d 0 1
1 8c05 0 1
1 b4a9 0 1
1 2409 0 1
1 aaa2 0 1
1 72cb 0 1
1 1767 0 1
1 aa8a 0 1
1 aa8a 0 1
1 55d5 0 1
1 0ea0 0 1
1 55d5 0 1
1 aaa8 0 1
1 a2aa 0 1
1 8a84 0 1
1 3788 0 1
1 724c 0 1
1 aa2a 0 1
1 5551 0 1
1 d525 0 1
1 8b30 0 1
1 5d55 0 1
1 494c 0 1
1 119b 0 1
1 5827 0 1
1 abe4 0 1
1 16a8 0 1
1 2aaa 0 1
1 7c9d 0 1
1 5455 0 1
1 aa8a 0 1
1 aaea 0 1
1 5755 0 1
1 eaf9 0 1
1 aeaa 0 1
1 a2aa 0 1
1 9e13 0 1
1 abaa 0 1
1 4555 0 1
1 eaaa 0 1
1 5575 0 1
1 7555 0 1
1 5554 0 1
1 f078 0 1
1 c606 0 1
1 b0f5 0 1
1 03a4 0 1
1 d299 0 1
1 5545 0 1
1 0c44 0 1
1 a8aa 0 1
1 12ec 0 1
1 be0a 0 1
1 baaa 0 1
1 695a 0 1
1 92ec 0 1
1 4555 0 1
1 5455 0 1
1 1555 0 1
1 9c3d 0 1
1 6514 0 1
1 555d 0 1
1 55d5 0 1
1 3a00 0 1
1 9622 0 1
1 aaab 0 1
1 b8b9 0 1
1 182c 0 1
1 e109 0 1
1 95d5 0 1
1 4555 0 1
1 5575 0 1
1 338e 0 1
1 9ebb 0 1
1 5554 0 1
1 1ecc 0 1
1 5155 0 1
1 a2aa 0 1
1 aaa8 0 1
1 aaab 0 1
1 555d 0 1
1 a8aa 0 1
1 39f8 0 1
1 79c7 0 1
1 64bd 0 1
1 55d5 0 1
1 aaa2 0 1
1 26b4 0 1
1 eaaa 0 1
1 a172 0 1
1 aaa8 0 1
1 5515 0 1
1 5455 0 1
1 dd21 0 1
1 7555 0 1
1 b200 0 1
1 aa8a 0 1
1 baaa 0 1
1 f91b 0 1
1 e179 0 1
1 c7a4 0 1
1 eabd 0 1
1 f2c6 0 1
1 4555 0 1
1 4bf7 0 1
1 f67d 0 1
1 786c 0 1
1 a55a 0 1
1 aaba 0 1
1 aaae 0 1
1 5515 0 1
1 4555 0 1
1 d628 0 1
1 4555 0 1
1 fd27 0 1
1 5557 0 1
1 7e06 0 1
1 4678 0 1
1 abaa 0 1
1 35e5 0 1
1 1555 0 1
1 6dca 0 1
1 5155 0 1
1 7555 0 1
1 58b0 0 1
1 d10e 0 1
1 a8aa 0 1
1 5515 0 1
1 aaea 0 1
1 aaa2 0 1
1 4555 0 1
1 aa2a 0 1
1 5455 0 1
1 aaa8 0 1
1 3dd8 0 1
1 ba01 0 1
1 5515 0 1
1 1555 0 1
1 555d 0 1
1 5554 0 1
1 733f 0 1
1 3325 0 1
1 a918 0 1
1 aaba 0 1
1 aaba 0 1
1 535e 0 1
1 7b98 0 1
1 a2aa 0 1
1 144e 0 1
1 1632 0 1
1 aaba 0 1
1 f7d4 0 1
1 98e4 0 1
1 c409 0 1
1 a17a 0 1
1 55d5 0 1
1 5557 0 1
1 cda9 0 1
1 5155 0 1
1 baaa 0 1
1 2aaa 0 1
1 898e 0 1
1 1555 0 1
1 aaba 0 1
1 d8a9 0 1
1 eaec 0 1
1 55d5 0 1
1 fec0 0 1
1 7555 0 1
1 1555 0 1
1 6339 0 1
1 aeaa 0 1
1 a2aa 0 1
1 aaae 0 1
1 2c56 0 1
1 555d 0 1
1 5155 0 1
1 3c24 0 1
1 2aaa 0 1
1 5557 0 1
1 14b3 0 1
1 cb23 0 1
1 421a 0 1
1 eaaa 0 1
1 bb43 0 1
1 aaa2 0 1
1 f128 0 1
1 55d5 0 1
1 eaaa 0 1
1 aaae 0 1
1 7555 0 1
1 2aaa 0 1
1 b1a0 0 1
1 a8aa 0 1
1 0478 0 1
1 5554 0 1
1 555d 0 1
1 aeaa 0 1
1 aaea 0 1
1 6bf6 0 1
1 aa2a 0 1
1 b9af 0 1
1 1ad2 0 1
1 4bb4 0 1
1 c5b7 0 1
1 aaab 0 1
1 aa2a 0 1
1 abaa 0 1
1 eaaa 0 1
1 d555 0 1
1 abaa 0 1
1 aa8a 0 1
1 55d5 0 1
1 8aaa 0 1
1 5515 0 1
1 f23b 0 1
1 7879 0 1
1 de9f 0 1
1 5f8a 0 1
1 abaa 0 1
1 aa2a 0 1
1 0461 0 1
1 aaea 0 1
1 c9f3 0 1
1 555d 0 1
1 15bc 0 1
1 ba29 0 1
1 6e84 0 1
1 e527 0 1
1 aaa2 0 1
1 a2aa 0 1
1 5551 0 1
1 aeaa 0 1
1 5d55 0 1
1 5eae 0 1
1 2174 0 1
1 b291 0 1
1 8cb3 0 1
1 a112 0 1
1 aaa2 0 1
1 5575 0 1
1 9f47 0 1
1 baaa 0 1
1 d555 0 1
1 5755 0 1
1 3173 0 1
1 ba08 0 1
1 a0cf 0 1
1 27b6 0 1
1 5554 0 1
1 4235 0 1
1 7555 0 1
1 baaa 0 1
1 2bae 0 1
1 aaa8 0 1
1 aaea 0 1
1 c8bd 0 1
1 0a92 0 1
1 d07f 0 1
1 a0c3 0 1
1 55d5 0 1
1 aaa8 0 1
1 8586 0 1
1 d0ec 0 1
1 64e8 0 1
1 a8aa 0 1
1 5557 0 1
1 062e 0 1
1 6965 0 1
1 5551 0 1
1 2df5 0 1
1 aeaa 0 1
1 b7f4 0 1
1 8aaa 0 1
1 a8aa 0 1
1 6b66 0 1
1 c2c9 0 1
1 8aaa 0 1
1 3150 0 1
1 a4f1 0 1
1 1cf6 0 1
1 4d59 0 1
1 a8aa 0 1
1 83e2 0 1
1 df55 0 1
1 55d5 0 1
1 5554 0 1
1 a480 0 1
1 4866 0 1
1 8aaa 0 1
1 12df 0 1
1 aa2a 0 1
1 4555 0 1
1 5575 0 1
1 7630 0 1
1 e763 0 1
1 8a1d 0 1
1 bcf9 0 1
1 5554 0 1
1 dbe4 0 1
1 3a6b 0 1
1 12ed 0 1
1 eaaa 0 1
1 bfa7 0 1
1 555d 0 1
1 0839 0 1
1 eb0e 0 1
1 4555 0 1
1 aaea 0 1
1 14c6 0 1
1 9fe3 0 1
1 5554 0 1
1 1d46 0 1
1 5557 0 1
1 db0d 0 1
1 aa2a 0 1
1 5557 0 1
1 a2aa 0 1
1 16ca 0 1
1 5d55 0 1
1 aeaa 0 1
1 90b9 0 1
1 2e31 0 1
1 aaa2 0 1
1 2a07 0 1
1 6f18 0 1
1 aaa2 0 1
1 8a46 0 1
1 a2aa 0 1
1 555d 0 1
1 aaae 0 1
1 5155 0 1
1 aaae 0 1
1 ec10 0 1
1 555d 0 1
1 d555 0 1
1 760a 0 1
1 3538 0 1
1 de74 0 1
1 aeaa 0 1
1 2179 0 1
1 9344 0 1
1 a427 0 1
1 5545 0 1
1 aaba 0 1
1 33e8 0 1
1 555d 0 1
1 baaa 0 1
1 1555 0 1
1 aaa8 0 1
1 f5a9 0 1
1 aaea 0 1
1 aaae 0 1
1 9b76 0 1
1 1921 0 1
1 91fb 0 1
1 e17b 0 1
1 e366 0 1
1 97f0 0 1
1 40c1 0 1
1 baaa 0 1
1 d555 0 1
1 0194 0 1
1 2aaa 0 1
1 5515 0 1
1 9939 0 1
1 4555 0 1
1 d5d5 0 1
1 71df 0 1
1 5557 0 1
1 aaae 0 1
1 c93f 0 1
1 aa8a 0 1
1 eaaa 0 1
1 aaba 0 1
1 3364 0 1
1 74bf 0 1
1 aea8 0 1
1 5755 0 1
1 7bb2 0 1
1 258a 0 1
1 7258 0 1
1 d006 0 1
1 5575 0 1
1 f46f 0 1
1 5545 0 1
1 501f 0 1
1 abaa 0 1
1 5557 0 1
1 aaba 0 1
1 4d2b 0 1
1 55d5 0 1
1 aaba 0 1
1 c5b9 0 1
1 5755 0 1
1 d1de 0 1
1 5515 0 1
1 683d 0 1
1 555d 0 1
1 5554 0 1
1 8a31 0 1
1 abaa 0 1
1 5155 0 1
1 f2d7 0 1
1 0d32 0 1
1 d04b 0 1
1 0f77 0 1
1 a8aa 0 1
1 fb13 0 1
1 baaa 0 1
1 aaa8 0 1
1 76bd 0 1
1 65d5 0 1
1 54a3 0 1
1 5515 0 1
1 25da 0 1
1 77d3 0 1
1 555d 0 1
1 aa8a 0 1
1 054a 0 1
1 aaa8 0 1
1 5554 0 1
1 9613 0 1
1 aaa2 0 1
1 555d 0 1
1 0f3f 0 1
1 baaa 0 1
1 555d 0 1
1 aaa2 0 1
1 5755 0 1
1 8ea2 0 1
1 aa8a 0 1
1 aaa8 0 1
1 5545 0 1
1 aa2a 0 1
1 942d 0 1
1 26c3 0 1
1 8697 0 1
1 2aaa 0 1
1 a8aa 0 1
1 7b36 0 1
1 eaaa 0 1
1 a8aa 0 1
1 c7f2 0 1
1 abaa 0 1
1 4c6d 0 1
1 bfec 0 1
1 3d8d 0 1
1 8aaa 0 1
1 5455 0 1
1 362f 0 1
1 75d0 0 1
1 d418 0 1
1 5515 0 1
1 057b 0 1
1 5aa4 0 1
1 ad14 0 1
1 3de5 0 1
1 55d5 0 1
1 9ac0 0 1
1 5155 0 1
1 ea64 0 1
1 555d 0 1
1 5755 0 1
1 1555 0 1
1 8aaa 0 1
1 3702 0 1
1 d6c6 0 1
1 aaa8 0 1
1 5755 0 1
1 7555 0 1
1 e08f 0 1
1 aa8a 0 1
1 5575 0 1
1 55d5 0 1
1 a560 0 1
1 55d5 0 1
1 eaaa 0 1
1 8731 0 1
1 bd6c 0 1
1 d555 0 1
1 aeaa 0 1
1 3318 0 1
1 aeaa 0 1
1 bba4 0 1
1 0ae8 0 1
1 5a7c 0 1
1 5155 0 1
1 6c40 0 1
1 add0 0 1
1 5455 0 1
1 a2aa 0 1
1 5575 0 1
1 9e5f 0 1
1 5545 0 1
1 aaea 0 1
1 a2aa 0 1
1 ae32 0 1
1 7713 0 1
1 aa2a 0 1
1 5755 0 1
1 2ba9 0 1
1 fbb8 0 1
1 d3be 0 1
1 5455 0 1
1 8aef 0 1
1 d555 0 1
1 aaab 0 1
1 1b25 0 1
1 0d55 0 1
1 9bba 0 1
1 960b 0 1
1 ff60 0 1
1 2dd9 0 1
1 5ae7 0 1
1 727c 0 1
1 2f76 0 1
1 aeaa 0 1
1 173f 0 1
1 7ae5 0 1
1 1555 0 1
1 5455 0 1
1 c03c 0 1
1 5d55 0 1
1 5515 0 1
1 8d77 0 1
1 abaa 0 1
1 5488 0 1
1 d6f9 0 1
1 aaa8 0 1
1 5557 0 1
1 5155 0 1
1 b725 0 1
1 aaa8 0 1
1 3bfe 0 1
1 5d55 0 1
1 5155 0 1
1 7555 0 1
1 aeaa 0 1
1 a2aa 0 1
1 3158 0 1
1 aaea 0 1
1 5575 0 1
1 55d5 0 1
1 39ca 0 1
1 6fa4 0 1
1 eaaa 0 1
1 1555 0 1
1 57c1 0 1
1 aa8a 0 1
1 aaea 0 1
1 aaae 0 1
1 baaa 0 1
1 c694 0 1
1 5575 0 1
1 1188 0 1
1 a8aa 0 1
1 a272 0 1
1 1555 0 1
1 0dec 0 1
1 5545 0 1
1 5557 0 1
1 55d5 0 1
1 eaaa 0 1
1 5755 0 1
1 5155 0 1
1 a680 0 1
1 5575 0 1
1 5557 0 1
1 2aaa 0 1
1 abe8 0 1
1 226c 0 1
1 a2aa 0 1
1 fe00 0 1
1 0726 0 1
1 aaea 0 1
1 6eb4 0 1
1 5554 0 1
1 2aaa 0 1
1 0be0 0 1
1 5135 0 1
1 386a 0 1
1 5557 0 1
1 5551 0 1
1 aeaa 0 1
1 406a 0 1
1 30ee 0 1
1 7555 0 1
1 aa8a 0 1
1 5557 0 1
1 4d5c 0 1
1 aaae 0 1
1 dbd0 0 1
1 abaa 0 1
1 bef4 0 1
1 a8aa 0 1
1 887a 0 1
1 0e1d 0 1
1 aaea 0 1
1 775d 0 1
1 8aaa 0 1
1 d768 0 1
1 aa8a 0 1
1 aaa2 0 1
1 5455 0 1
1 5575 0 1
1 44d1 0 1
1 d40b 0 1
1 33d2 0 1
1 5554 0 1
1 aa8a 0 1
1 ab46 0 1
1 1555 0 1
1 1f62 0 1
1 7555 0 1
1 5155 0 1
1 1ccb 0 1
1 2234 0 1
1 4dfc 0 1
1 aaab 0 1
1 5155 0 1
1 5545 0 1
1 5551 0 1
1 a2aa 0 1
1 1679 0 1
1 1555 0 1
1 aaa8 0 1
1 6ed1 0 1
1 eaaa 0 1
1 aeaa 0 1
1 224d 0 1
1 b633 0 1
1 9dd7 0 1
1 aaa2 0 1
1 1555 0 1
1 b070 0 1
1 2aaa 0 1
1 aaea 0 1
1 aa2a 0 1
1 aaea 0 1
1 aaab 0 1
1 fb93 0 1
1 55d5 0 1
1 99fd 0 1
1 f496 0 1
1 a8aa 0 1
1 e6e8 0 1
1 ceb7 0 1
1 dd2a 0 1
1 be54 0 1
1 59db 0 1
1 aaa8 0 1
1 5515 0 1
1 aaae 0 1
1 04ed 0 1
1 abaa 0 1
1 5551 0 1
1 aa2a 0 1
1 5557 0 1
1 64bf 0 1
1 b41c 0 1
1 ef00 0 1
1 8edb 0 1
1 b0bc 0 1
1 aeaa 0 1
1 55d5 0 1
1 5cee 0 1
1 a2aa 0 1
1 b889 0 1
1 e505 0 1
1 5155 0 1
1 5545 0 1
1 5d55 0 1
1 632f 0 1
1 f337 0 1
1 abaa 0 1
1 5755 0 1
1 a8aa 0 1
1 1555 0 1
1 5515 0 1
1 aaa8 0 1
1 aeaa 0 1
1 7119 0 1
1 bf0c 0 1
1 50ef 0 1
1 5155 0 1
1 aa2a 0 1
1 8d78 0 1
1 dcf6 0 1
1 555d 0 1
1 74d1 0 1
1 d555 0 1
1 5755 0 1
1 aaba 0 1
1 aaae 0 1
1 8150 0 1
1 cb31 0 1
1 3262 0 1
1 5554 0 1
1 a8aa 0 1
1 4992 0 1
1 abaa 0 1
1 aa2a 0 1
1 5545 0 1
1 5554 0 1
1 93f2 0 1
1 2aaa 0 1
1 44a5 0 1
1 5155 0 1
1 8aaa 0 1
1 aa8a 0 1
1 5557 0 1
1 5155 0 1
1 1555 0 1
1 82de 0 1
1 7555 0 1
1 eaaa 0 1
1 2aaa 0 1
1 68ee 0 1
1 5557 0 1
1 3ac6 0 1
1 072b 0 1
1 e99c 0 1
1 1555 0 1
1 1b38 0 1
1 950e 0 1
1 8309 0 1
1 7ecc 0 1
1 44db 0 1
1 d555 0 1
1 5551 0 1
1 bce9 0 1
1 b98d 0 1
1 aa2a 0 1
1 83e0 0 1
1 4555 0 1
1 3481 0 1
1 0df0 0 1
1 555d 0 1
1 7555 0 1
1 4065 0 1
1 79b4 0 1
1 2366 0 1
1 aaae 0 1
1 5554 0 1
1 a8aa 0 1
1 5492 0 1
1 5551 0 1
1 acdd 0 1
1 5a2a 0 1
1 3dd4 0 1
1 5cdd 0 1
1 aaea 0 1
1 4555 0 1
1 3f52 0 1
1 aa8a 0 1
1 5155 0 1
1 5554 0 1
1 6362 0 1
1 2ec0 0 1
1 8857 0 1
1 5551 0 1
1 d340 0 1
1 aaea 0 1
1 6718 0 1
1 555d 0 1
1 4b51 0 1
1 5d55 0 1
1 0e68 0 1
1 a2aa 0 1
1 2e85 0 1
1 2503 0 1
1 adf3 0 1
1 1f54 0 1
1 d555 0 1
1 692e 0 1
1 03ce 0 1
1 555d 0 1
1 727e 0 1
1 5d55 0 1
1 4395 0 1
1 7dc8 0 1
1 5554 0 1
1 a8aa 0 1
1 fcd4 0 1
1 9c7f 0 1
1 8aaa 0 1
1 8aaa 0 1
1 555d 0 1
1 abaa 0 1
1 5455 0 1
1 8aaa 0 1
1 aaae 0 1
1 1867 0 1
1 aaba 0 1
1 7ec8 0 1
1 a2aa 0 1
1 8922 0 1
1 acef 0 1
1 0d11 0 1
1 55d5 0 1
1 d555 0 1
1 7637 0 1
1 cc4d 0 1
1 3411 0 1
1 edd1 0 1
1 d602 0 1
1 aa2a 0 1
1 8c93 0 1
1 30fb 0 1
1 f637 0 1
1 aeaa 0 1
1 8aaa 0 1
1 13f2 0 1
1 aa8a 0 1
1 1524 0 1
1 4c4f 0 1
1 9406 0 1
1 7f1b 0 1
1 65a8 0 1
1 aaa8 0 1
1 892e 0 1
1 aaa2 0 1
1 5455 0 1
1 5545 0 1
1 8494 0 1
1 d555 0 1
1 0d89 0 1
1 4dca 0 1
1 a8aa 0 1
1 551b 0 1
1 d043 0 1
1 555d 0 1
1 030e 0 1
1 aeaa 0 1
1 5557 0 1
1 8ece 0 1
1 aaab 0 1
1 a8aa 0 1
1 22e6 0 1
1 8a11 0 1
1 a8aa 0 1
1 43de 0 1
1 aeaa 0 1
1 baaa 0 1
1 4387 0 1
1 a2aa 0 1
1 aaa8 0 1
1 a2aa 0 1
1 e89a 0 1
1 aaa2 0 1
1 9341 0 1
1 d555 0 1
1 5557 0 1
1 ef23 0 1
1 aaea 0 1
1 b8d7 0 1
1 d555 0 1
1 ae95 0 1
1 ee90 0 1
1 a2aa 0 1
1 7555 0 1
1 aaab 0 1
1 7555 0 1
1 aaae 0 1
1 82ae 0 1
1 70ce 0 1
1 c609 0 1
1 aaae 0 1
1 4555 0 1
1 7555 0 1
1 5554 0 1
1 5554 0 1
1 3d16 0 1
1 bbde 0 1
1 8e23 0 1
1 abaa 0 1
1 5155 0 1
1 4557 0 1
1 84c5 0 1
1 9193 0 1
1 2562 0 1
1 8b2a 0 1
1 2da1 0 1
1 5755 0 1
1 aaba 0 1
1 f0cf 0 1
1 1555 0 1
1 a8aa 0 1
1 4555 0 1
1 5455 0 1
1 5551 0 1
1 5dac 0 1
1 3f78 0 1
1 aeaa 0 1
1 3b24 0 1
1 7a9c 0 1
1 55d5 0 1
1 4064 0 1
1 66c7 0 1
1 e8c6 0 1
1 4555 0 1
1 aaab 0 1
1 b30f 0 1
1 8056 0 1
1 2c48 0 1
1 60c1 0 1
1 555d 0 1
1 5d55 0 1
1 5551 0 1
1 1482 0 1
1 2277 0 1
1 4315 0 1
1 aaab 0 1
1 abaa 0 1
1 5d55 0 1
1 aaa2 0 1
1 5551 0 1
1 b7cd 0 1
1 909f 0 1
1 2aaa 0 1
1 84ab 0 1
1 6b85 0 1
1 0860 0 1
1 9de5 0 1
1 aaae 0 1
1 aaea 0 1
1 35eb 0 1
1 bdbf 0 1
1 67b9 0 1
1 4937 0 1
1 5d55 0 1
1 cd68 0 1
1 8aaa 0 1
1 d8a4 0 1
1 aaab 0 1
1 5575 0 1
1 a2aa 0 1
1 5155 0 1
1 eaaa 0 1
1 5554 0 1
1 1402 0 1
1 7487 0 1
1 55d5 0 1
1 1555 0 1
1 8aaa 0 1
1 abaa 0 1
1 dc3a 0 1
1 ef05 0 1
1 5545 0 1
1 b8f6 0 1
1 4a73 0 1
1 1c03 0 1
1 2a54 0 1
1 762b 0 1
1 f1e0 0 1
1 4838 0 1
1 4555 0 1
1 9725 0 1
1 4371 0 1
1 aaae 0 1
1 27f8 0 1
1 c131 0 1
1 5545 0 1
1 2aaa 0 1
1 bf45 0 1
1 abeb 0 1
1 aaea 0 1
1 7a2b 0 1
1 fd47 0 1
1 7e4b 0 1
1 5515 0 1
1 aa8a 0 1
1 7555 0 1
1 5155 0 1
1 a67e 0 1
1 8aaa 0 1
1 9d09 0 1
1 a8aa 0 1
1 4abe 0 1
1 55d5 0 1
1 6d67 0 1
1 5018 0 1
1 b062 0 1
1 fdb1 0 1
1 3503 0 1
1 5260 0 1
1 63e2 0 1
1 5551 0 1
1 aaea 0 1
1 2aaa 0 1
1 5551 0 1
1 aa2a 0 1
1 d644 0 1
1 5d55 0 1
1 065f 0 1
1 1f7b 0 1
1 6bda 0 1
1 c190 0 1
1 56ec 0 1
1 0a11 0 1
1 08ae 0 1
1 5155 0 1
1 5554 0 1
1 55d5 0 1
1 7555 0 1
1 66eb 0 1
1 aaea 0 1
1 aaae 0 1
1 5455 0 1
1 2b15 0 1
1 448d 0 1
1 5d55 0 1
1 69df 0 1
1 7664 0 1
1 3ea2 0 1
1 5155 0 1
1 a93f 0 1
1 9011 0 1
1 f5f5 0 1
1 a2c9 0 1
1 6d77 0 1
1 5889 0 1
1 5515 0 1
1 5455 0 1
1 555d 0 1
1 aa2a 0 1
1 1555 0 1
1 5575 0 1
1 c5fa 0 1
1 5515 0 1
1 5515 0 1
1 91ee 0 1
1 0736 0 1
1 cc92 0 1
1 aaa2 0 1
1 ccf4 0 1
1 5575 0 1
1 6186 0 1
1 7205 0 1
1 881e 0 1
1 55d5 0 1
1 5575 0 1
1 76e6 0 1
1 d9f1 0 1
1 bbf2 0 1
1 6d7b 0 1
1 d3b9 0 1
1 d434 0 1
1 1555 0 1
1 d555 0 1
1 84ae 0 1
1 20fe 0 1
1 5557 0 1
1 555d 0 1
1 7dd3 0 1
1 eb74 0 1
1 f25c 0 1
1 a5d3 0 1
1 5889 0 1
1 aaa8 0 1
1 31ad 0 1
1 7555 0 1
1 27a8 0 1
1 5b13 0 1
1 baaa 0 1
1 5d55 0 1
1 5155 0 1
1 b731 0 1
1 b1b5 0 1
1 07b1 0 1
1 a8aa 0 1
1 1555 0 1
1 555d 0 1
1 a2aa 0 1
1 2c8f 0 1
1 7555 0 1
1 6c06 0 1
1 e47c 0 1
1 67aa 0 1
1 4e6a 0 1
1 5d55 0 1
1 c46f 0 1
1 5515 0 1
1 cd29 0 1
1 4555 0 1
1 ee76 0 1
1 a8aa 0 1
1 a2aa 0 1
1 74d3 0 1
1 6fa1 0 1
1 5554 0 1
1 aaab 0 1
1 aaa8 0 1
1 a8aa 0 1
1 aaa8 0 1
1 5755 0 1
1 aaae 0 1
1 4555 0 1
1 5455 0 1
1 838e 0 1
1 7916 0 1
1 060c 0 1
1 5545 0 1
1 1555 0 1
1 555d 0 1
1 8aaa 0 1
1 2aaa 0 1
1 aaa8 0 1
1 5545 0 1
1 aaba 0 1
1 b2f3 0 1
1 dc26 0 1
1 559a 0 1
1 fa17 0 1
1 cf49 0 1
1 a2aa 0 1
1 cc1f 0 1
1 a2aa 0 1
1 a2aa 0 1
1 aaa2 0 1
1 5551 0 1
1 5554 0 1
1 0b41 0 1
1 1e9d 0 1
1 2aaa 0 1
1 7555 0 1
1 5554 0 1
1 aa8a 0 1
1 69c6 0 1
1 8250 0 1
1 21e9 0 1
1 d27c 0 1
1 1555 0 1
1 aaa8 0 1
1 5545 0 1
1 5515 0 1
1 9d42 0 1
1 555d 0 1
1 8086 0 1
1 2e85 0 1
1 2b95 0 1
1 14bc 0 1
1 fcad 0 1
1 faf1 0 1
1 aaba 0 1
1 b1a8 0 1
1 978c 0 1
1 aaba 0 1
1 5155 0 1
1 d503 0 1
1 5575 0 1
1 5557 0 1
1 aaab 0 1
1 d22d 0 1
1 1d10 0 1
1 2451 0 1
1 99a7 0 1
1 aaea 0 1
1 aeaa 0 1
1 5a86 0 1
1 aeaa 0 1
1 ed35 0 1
1 aaba 0 1
1 114d 0 1
1 fc06 0 1
1 5672 0 1
1 e598 0 1
1 a8aa 0 1
1 a2aa 0 1
1 baaa 0 1
1 a880 0 1
1 6384 0 1
1 7021 0 1
1 dac0 0 1
1 aaea 0 1
1 9365 0 1
1 5155 0 1
1 560d 0 1
1 682d 0 1
1 858b 0 1
1 a479 0 1
1 7555 0 1
1 20ae 0 1
1 6433 0 1
1 aaa8 0 1
1 5455 0 1
1 414e 0 1
1 590a 0 1
1 7c10 0 1
1 4f09 0 1
1 aaae 0 1
1 c7bb 0 1
1 abaa 0 1
1 a12e 0 1
1 abaa 0 1
1 aaa8 0 1
1 aaa8 0 1
1 5515 0 1
1 0789 0 1
1 5545 0 1
1 312c 0 1
1 b9ec 0 1
1 55d5 0 1
1 aeaa 0 1
1 5755 0 1
1 baaa 0 1
1 4d19 0 1
1 5551 0 1
1 1548 0 1
1 6802 0 1
1 808f 0 1
1 9457 0 1
1 ed89 0 1
1 aaab 0 1
1 cf88 0 1
1 a8aa 0 1
1 5e15 0 1
1 aa8a 0 1
1 555d 0 1
1 5027 0 1
1 05f2 0 1
1 f6e0 0 1
1 aaa2 0 1
1 e7b6 0 1
1 eaaa 0 1
1 8587 0 1
1 aaba 0 1
1 a2aa 0 1
1 d555 0 1
1 1e10 0 1
1 15a6 0 1
1 4031 0 1
1 7dff 0 1
1 aaab 0 1
1 aaab 0 1
1 761d 0 1
1 5551 0 1
1 3674 0 1
1 eaaa 0 1
1 2aaa 0 1
1 60ca 0 1
1 5554 0 1
1 555d 0 1
1 5554 0 1
1 7555 0 1
1 aaab 0 1
1 2aaa 0 1
1 0951 0 1
1 5515 0 1
1 e73d 0 1
1 6094 0 1
1 baaa 0 1
1 9de6 0 1
1 7555 0 1
1 822a 0 1
1 f380 0 1
1 b38a 0 1
1 5d55 0 1
1 2d18 0 1
1 eaaa 0 1
1 15f3 0 1
1 01df 0 1
1 55d5 0 1
1 aa8a 0 1
1 6cdb 0 1
1 7555 0 1
1 55d5 0 1
1 a0cd 0 1
1 55d5 0 1
1 5575 0 1
1 d0e2 0 1
1 aaa8 0 1
1 1555 0 1
1 d555 0 1
1 11fc 0 1
1 54f4 0 1
1 629a 0 1
1 8dee 0 1
1 ff46 0 1
1 aaae 0 1
1 abaa 0 1
1 2411 0 1
1 4555 0 1
1 5155 0 1
1 5551 0 1
1 bd12 0 1
1 3542 0 1
1 6d93 0 1
1 9dae 0 1
1 b77d 0 1
1 dc44 0 1
1 31b3 0 1
1 abaa 0 1
1 5557 0 1
1 aa8a 0 1
1 5545 0 1
1 d555 0 1
1 b7d2 0 1
1 8aaa 0 1
1 6bed 0 1
1 5554 0 1
1 5575 0 1
1 bd5b 0 1
1 4555 0 1
1 2aaa 0 1
1 9798 0 1
1 dc19 0 1
1 5406 0 1
1 5d88 0 1
1 d2df 0 1
1 688d 0 1
1 a8ac 0 1
1 0119 0 1
1 9a93 0 1
1 aa2a 0 1
1 2d15 0 1
1 6290 0 1
1 5d55 0 1
1 9646 0 1
1 382f 0 1
1 eed5 0 1
1 d8a2 0 1
1 14c3 0 1
1 f144 0 1
1 98ff 0 1
1 ea44 0 1
1 d555 0 1
1 4ee2 0 1
1 2aaa 0 1
1 e62e 0 1
1 5554 0 1
1 5551 0 1
1 c7c1 0 1
1 0d8d 0 1
1 df9d 0 1
1 73f6 0 1
1 aaae 0 1
1 5515 0 1
1 1555 0 1
1 195e 0 1
1 aaea 0 1
1 7003 0 1
1 d555 0 1
1 bc72 0 1
1 5d55 0 1
1 2851 0 1
1 9c15 0 1
1 8194 0 1
1 c114 0 1
1 aaab 0 1
1 1555 0 1
1 8929 0 1
1 5755 0 1
1 5455 0 1
1 aaba 0 1
1 c9c9 0 1
1 3110 0 1
1 52d3 0 1
1 55d5 0 1
1 295a 0 1
1 aaba 0 1
1 aaea 0 1
1 aaae 0 1
1 2aaa 0 1
1 aaab 0 1
1 5551 0 1
1 aaba 0 1
1 d919 0 1
1 ba30 0 1
1 8aaa 0 1
1 bfbf 0 1
1 5d55 0 1
1 7555 0 1
1 b4ff 0 1
1 8433 0 1
1 5155 0 1
1 2003 0 1
1 711e 0 1
1 0a0c 0 1
1 1555 0 1
1 f2c9 0 1
1 aa2a 0 1
1 b189 0 1
1 899e 0 1
1 78ce 0 1
1 5c0d 0 1
1 5455 0 1
1 a12d 0 1
1 9376 0 1
1 ff91 0 1
1 aaae 0 1
1 aaae 0 1
1 a188 0 1
1 cb6a 0 1
1 5455 0 1
1 eaaa 0 1
1 8aaa 0 1
1 aaba 0 1
1 aa2a 0 1
1 eaaa 0 1
1 aa2a 0 1
1 baaa 0 1
1 63e7 0 1
1 1555 0 1
1 ba9b 0 1
1 87f7 0 1
1 a8aa 0 1
1 aaae 0 1
1 aaba 0 1
1 9fe0 0 1
1 aa2a 0 1
1 47d5 0 1
1 13e7 0 1
1 e4dc 0 1
1 89ae 0 1
1 2aaa 0 1
1 aa2a 0 1
1 12d4 0 1
1 a2aa 0 1
1 e745 0 1
1 17da 0 1
1 5455 0 1
1 4555 0 1
1 5554 0 1
1 aaba 0 1
1 712c 0 1
1 7555 0 1
1 f755 0 1
1 3af7 0 1
1 5557 0 1
1 512a 0 1
1 edc7 0 1
1 5c80 0 1
1 5755 0 1
1 baaa 0 1
1 43df 0 1
1 b4f2 0 1
1 6209 0 1
1 ef15 0 1
1 eb3c 0 1
1 2aaa 0 1
1 4a73 0 1
1 fba4 0 1
1 8f71 0 1
1 aaab 0 1
1 99b1 0 1
1 a1fc 0 1
1 6bb3 0 1
1 55d5 0 1
1 abaa 0 1
1 1525 0 1
1 9cff 0 1
1 aa2a 0 1
1 55fd 0 1
1 57f3 0 1
1 029d 0 1
1 9b85 0 1
1 350d 0 1
1 8aaa 0 1
1 baaa 0 1
1 8468 0 1
1 aeaa 0 1
1 1069 0 1
1 4555 0 1
1 264a 0 1
1 5551 0 1
1 aaea 0 1
1 1555 0 1
1 5155 0 1
1 2707 0 1
1 b0b8 0 1
1 aaea 0 1
1 baaa 0 1
1 ef81 0 1
1 a8aa 0 1
1 3a27 0 1
1 37fa 0 1
1 5455 0 1
1 5b46 0 1
1 a8aa 0 1
1 1555 0 1
1 5554 0 1
1 5551 0 1
1 3fbd 0 1
1 aaae 0 1
1 d555 0 1
1 e619 0 1
1 758e 0 1
1 a0b5 0 1
1 aaa2 0 1
1 baaa 0 1
1 aeaa 0 1
1 a8aa 0 1
1 70aa 0 1
1 199c 0 1
1 abaa 0 1
1 5551 0 1
1 d131 0 1
1 08df 0 1
1 aaab 0 1
1 aaae 0 1
1 83ca 0 1
1 0245 0 1
1 aaea 0 1
1 aaa2 0 1
1 fd2b 0 1
1 5515 0 1
1 363f 0 1
1 c353 0 1
1 3ecd 0 1
1 1958 0 1
1 d555 0 1
