0 1 0 00 00 0 1 0 1 0000 ffff
0 0 1 fd 05 1 1 0 1 0000 0000
0 0 0 00 00 1 1 0 1 0000 0000
0 0 0 00 00 1 1 0 1 0000 0000
0 0 0 00 00 1 1 0 1 0000 0000
0 0 0 00 00 1 1 0 1 0000 0000
0 0 0 00 00 1 1 0 1 0000 0000
0 0 0 00 00 1 1 0 1 0000 0000
0 0 0 00 00 1 1 0 1 0000 0000
0 0 0 00 00 0 1 1 1 fff1 ffff
0 0 1 05 fd 1 1 0 1 0000 0000
0 0 0 00 00 1 1 0 1 0000 0000
0 0 0 00 00 1 1 0 1 0000 0000
0 0 0 00 00 1 1 0 1 0000 0000
0 0 0 00 00 1 1 0 1 0000 0000
0 0 0 00 00 1 1 0 1 0000 0000
0 0 0 00 00 1 1 0 1 0000 0000
0 0 0 00 00 1 1 0 1 0000 0000
0 0 0 00 00 0 1 1 1 fff1 ffff
0 0 1 fd fb 1 1 0 1 0000 0000
0 0 0 00 00 1 1 0 1 0000 0000
0 0 0 00 00 1 1 0 1 0000 0000
0 0 0 00 00 1 1 0 1 0000 0000
0 0 0 00 00 1 1 0 1 0000 0000
0 0 0 00 00 1 1 0 1 0000 0000
0 0 0 00 00 1 1 0 1 0000 0000
0 0 0 00 00 1 1 0 1 0000 0000
0 0 0 00 00 0 1 1 1 000f ffff
0 0 1 07 09 1 1 0 1 0000 0000
0 0 0 00 00 1 1 0 1 0000 0000
0 0 0 00 00 1 1 0 1 0000 0000
0 0 0 00 00 1 1 0 1 0000 0000
0 0 0 00 00 1 1 0 1 0000 0000
0 0 0 00 00 1 1 0 1 0000 0000
0 0 0 00 00 1 1 0 1 0000 0000
0 0 0 00 00 1 1 0 1 0000 0000
0 0 0 00 00 0 1 1 1 003f ffff
1 0 1 00 00 1 1 0 1 0000 0000
1 0 0 00 00 1 1 0 1 0000 0000
1 0 0 00 00 1 1 0 1 0000 0000
1 0 0 00 00 1 1 0 1 0000 0000
1 0 0 00 00 1 1 0 1 0000 0000
1 0 0 00 00 1 1 0 1 0000 0000
1 0 0 00 00 1 1 0 1 0000 0000
1 0 0 00 00 1 1 0 1 0000 0000
1 0 0 00 00 0 1 1 1 0000 ffff
1 0 1 00 01 1 1 0 1 0000 0000
1 0 0 00 00 1 1 0 1 0000 0000
1 0 0 00 00 1 1 0 1 0000 0000
1 0 0 00 00 1 1 0 1 0000 0000
1 0 0 00 00 1 1 0 1 0000 0000
1 0 0 00 00 1 1 0 1 0000 0000
1 0 0 00 00 1 1 0 1 0000 0000
1 0 0 00 00 1 1 0 1 0000 0000
1 0 0 00 00 0 1 1 1 0000 ffff
1 0 1 00 7f 1 1 0 1 0000 0000
1 0 0 00 00 1 1 0 1 0000 0000
1 0 0 00 00 1 1 0 1 0000 0000
1 0 0 00 00 1 1 0 1 0000 0000
1 0 0 00 00 1 1 0 1 0000 0000
1 0 0 00 00 1 1 0 1 0000 0000
1 0 0 00 00 1 1 0 1 0000 0000
1 0 0 00 00 1 1 0 1 0000 0000
1 0 0 00 00 0 1 1 1 0000 ffff
1 0 1 00 80 1 1 0 1 0000 0000
1 0 0 00 00 1 1 0 1 0000 0000
1 0 0 00 00 1 1 0 1 0000 0000
1 0 0 00 00 1 1 0 1 0000 0000
1 0 0 00 00 1 1 0 1 0000 0000
1 0 0 00 00 1 1 0 1 0000 0000
1 0 0 00 00 1 1 0 1 0000 0000
1 0 0 00 00 1 1 0 1 0000 0000
1 0 0 00 00 0 1 1 1 0000 ffff
1 0 1 00 ff 1 1 0 1 0000 0000
1 0 0 00 00 1 1 0 1 0000 0000
1 0 0 00 00 1 1 0 1 0000 0000
1 0 0 00 00 1 1 0 1 0000 0000
1 0 0 00 00 1 1 0 1 0000 0000
1 0 0 00 00 1 1 0 1 0000 0000
1 0 0 00 00 1 1 0 1 0000 0000
1 0 0 00 00 1 1 0 1 0000 0000
1 0 0 00 00 0 1 1 1 0000 ffff
1 0 1 01 00 1 1 0 1 0000 0000
1 0 0 00 00 1 1 0 1 0000 0000
1 0 0 00 00 1 1 0 1 0000 0000
1 0 0 00 00 1 1 0 1 0000 0000
1 0 0 00 00 1 1 0 1 0000 0000
1 0 0 00 00 1 1 0 1 0000 0000
1 0 0 00 00 1 1 0 1 0000 0000
1 0 0 00 00 1 1 0 1 0000 0000
1 0 0 00 00 0 1 1 1 0000 ffff
1 0 1 01 01 1 1 0 1 0000 0000
1 0 0 00 00 1 1 0 1 0000 0000
1 0 0 00 00 1 1 0 1 0000 0000
1 0 0 00 00 1 1 0 1 0000 0000
1 0 0 00 00 1 1 0 1 0000 0000
1 0 0 00 00 1 1 0 1 0000 0000
1 0 0 00 00 1 1 0 1 0000 0000
1 0 0 00 00 1 1 0 1 0000 0000
1 0 0 00 00 0 1 1 1 0001 ffff
1 0 1 01 7f 1 1 0 1 0000 0000
1 0 0 00 00 1 1 0 1 0000 0000
1 0 0 00 00 1 1 0 1 0000 0000
1 0 0 00 00 1 1 0 1 0000 0000
1 0 0 00 00 1 1 0 1 0000 0000
1 0 0 00 00 1 1 0 1 0000 0000
1 0 0 00 00 1 1 0 1 0000 0000
1 0 0 00 00 1 1 0 1 0000 0000
1 0 0 00 00 0 1 1 1 007f ffff
1 0 1 01 80 1 1 0 1 0000 0000
1 0 0 00 00 1 1 0 1 0000 0000
1 0 0 00 00 1 1 0 1 0000 0000
1 0 0 00 00 1 1 0 1 0000 0000
1 0 0 00 00 1 1 0 1 0000 0000
1 0 0 00 00 1 1 0 1 0000 0000
1 0 0 00 00 1 1 0 1 0000 0000
1 0 0 00 00 1 1 0 1 0000 0000
1 0 0 00 00 0 1 1 1 ff80 ffff
1 0 1 01 ff 1 1 0 1 0000 0000
1 0 0 00 00 1 1 0 1 0000 0000
1 0 0 00 00 1 1 0 1 0000 0000
1 0 0 00 00 1 1 0 1 0000 0000
1 0 0 00 00 1 1 0 1 0000 0000
1 0 0 00 00 1 1 0 1 0000 0000
1 0 0 00 00 1 1 0 1 0000 0000
1 0 0 00 00 1 1 0 1 0000 0000
1 0 0 00 00 0 1 1 1 ffff ffff
1 0 1 7f 00 1 1 0 1 0000 0000
1 0 0 00 00 1 1 0 1 0000 0000
1 0 0 00 00 1 1 0 1 0000 0000
1 0 0 00 00 1 1 0 1 0000 0000
1 0 0 00 00 1 1 0 1 0000 0000
1 0 0 00 00 1 1 0 1 0000 0000
1 0 0 00 00 1 1 0 1 0000 0000
1 0 0 00 00 1 1 0 1 0000 0000
1 0 0 00 00 0 1 1 1 0000 ffff
1 0 1 7f 01 1 1 0 1 0000 0000
1 0 0 00 00 1 1 0 1 0000 0000
1 0 0 00 00 1 1 0 1 0000 0000
1 0 0 00 00 1 1 0 1 0000 0000
1 0 0 00 00 1 1 0 1 0000 0000
1 0 0 00 00 1 1 0 1 0000 0000
1 0 0 00 00 1 1 0 1 0000 0000
1 0 0 00 00 1 1 0 1 0000 0000
1 0 0 00 00 0 1 1 1 007f ffff
1 0 1 7f 7f 1 1 0 1 0000 0000
1 0 0 00 00 1 1 0 1 0000 0000
1 0 0 00 00 1 1 0 1 0000 0000
1 0 0 00 00 1 1 0 1 0000 0000
1 0 0 00 00 1 1 0 1 0000 0000
1 0 0 00 00 1 1 0 1 0000 0000
1 0 0 00 00 1 1 0 1 0000 0000
1 0 0 00 00 1 1 0 1 0000 0000
1 0 0 00 00 0 1 1 1 3f01 ffff
1 0 1 7f 80 1 1 0 1 0000 0000
1 0 0 00 00 1 1 0 1 0000 0000
1 0 0 00 00 1 1 0 1 0000 0000
1 0 0 00 00 1 1 0 1 0000 0000
1 0 0 00 00 1 1 0 1 0000 0000
1 0 0 00 00 1 1 0 1 0000 0000
1 0 0 00 00 1 1 0 1 0000 0000
1 0 0 00 00 1 1 0 1 0000 0000
1 0 0 00 00 0 1 1 1 c080 ffff
1 0 1 7f ff 1 1 0 1 0000 0000
1 0 0 00 00 1 1 0 1 0000 0000
1 0 0 00 00 1 1 0 1 0000 0000
1 0 0 00 00 1 1 0 1 0000 0000
1 0 0 00 00 1 1 0 1 0000 0000
1 0 0 00 00 1 1 0 1 0000 0000
1 0 0 00 00 1 1 0 1 0000 0000
1 0 0 00 00 1 1 0 1 0000 0000
1 0 0 00 00 0 1 1 1 ff81 ffff
1 0 1 80 00 1 1 0 1 0000 0000
1 0 0 00 00 1 1 0 1 0000 0000
1 0 0 00 00 1 1 0 1 0000 0000
1 0 0 00 00 1 1 0 1 0000 0000
1 0 0 00 00 1 1 0 1 0000 0000
1 0 0 00 00 1 1 0 1 0000 0000
1 0 0 00 00 1 1 0 1 0000 0000
1 0 0 00 00 1 1 0 1 0000 0000
1 0 0 00 00 0 1 1 1 0000 ffff
1 0 1 80 01 1 1 0 1 0000 0000
1 0 0 00 00 1 1 0 1 0000 0000
1 0 0 00 00 1 1 0 1 0000 0000
1 0 0 00 00 1 1 0 1 0000 0000
1 0 0 00 00 1 1 0 1 0000 0000
1 0 0 00 00 1 1 0 1 0000 0000
1 0 0 00 00 1 1 0 1 0000 0000
1 0 0 00 00 1 1 0 1 0000 0000
1 0 0 00 00 0 1 1 1 ff80 ffff
1 0 1 80 7f 1 1 0 1 0000 0000
1 0 0 00 00 1 1 0 1 0000 0000
1 0 0 00 00 1 1 0 1 0000 0000
1 0 0 00 00 1 1 0 1 0000 0000
1 0 0 00 00 1 1 0 1 0000 0000
1 0 0 00 00 1 1 0 1 0000 0000
1 0 0 00 00 1 1 0 1 0000 0000
1 0 0 00 00 1 1 0 1 0000 0000
1 0 0 00 00 0 1 1 1 c080 ffff
1 0 1 80 80 1 1 0 1 0000 0000
1 0 0 00 00 1 1 0 1 0000 0000
1 0 0 00 00 1 1 0 1 0000 0000
1 0 0 00 00 1 1 0 1 0000 0000
1 0 0 00 00 1 1 0 1 0000 0000
1 0 0 00 00 1 1 0 1 0000 0000
1 0 0 00 00 1 1 0 1 0000 0000
1 0 0 00 00 1 1 0 1 0000 0000
1 0 0 00 00 0 1 1 1 4000 ffff
1 0 1 80 ff 1 1 0 1 0000 0000
1 0 0 00 00 1 1 0 1 0000 0000
1 0 0 00 00 1 1 0 1 0000 0000
1 0 0 00 00 1 1 0 1 0000 0000
1 0 0 00 00 1 1 0 1 0000 0000
1 0 0 00 00 1 1 0 1 0000 0000
1 0 0 00 00 1 1 0 1 0000 0000
1 0 0 00 00 1 1 0 1 0000 0000
1 0 0 00 00 0 1 1 1 0080 ffff
1 0 1 ff 00 1 1 0 1 0000 0000
1 0 0 00 00 1 1 0 1 0000 0000
1 0 0 00 00 1 1 0 1 0000 0000
1 0 0 00 00 1 1 0 1 0000 0000
1 0 0 00 00 1 1 0 1 0000 0000
1 0 0 00 00 1 1 0 1 0000 0000
1 0 0 00 00 1 1 0 1 0000 0000
1 0 0 00 00 1 1 0 1 0000 0000
1 0 0 00 00 0 1 1 1 0000 ffff
1 0 1 ff 01 1 1 0 1 0000 0000
1 0 0 00 00 1 1 0 1 0000 0000
1 0 0 00 00 1 1 0 1 0000 0000
1 0 0 00 00 1 1 0 1 0000 0000
1 0 0 00 00 1 1 0 1 0000 0000
1 0 0 00 00 1 1 0 1 0000 0000
1 0 0 00 00 1 1 0 1 0000 0000
1 0 0 00 00 1 1 0 1 0000 0000
1 0 0 00 00 0 1 1 1 ffff ffff
1 0 1 ff 7f 1 1 0 1 0000 0000
1 0 0 00 00 1 1 0 1 0000 0000
1 0 0 00 00 1 1 0 1 0000 0000
1 0 0 00 00 1 1 0 1 0000 0000
1 0 0 00 00 1 1 0 1 0000 0000
1 0 0 00 00 1 1 0 1 0000 0000
1 0 0 00 00 1 1 0 1 0000 0000
1 0 0 00 00 1 1 0 1 0000 0000
1 0 0 00 00 0 1 1 1 ff81 ffff
1 0 1 ff 80 1 1 0 1 0000 0000
1 0 0 00 00 1 1 0 1 0000 0000
1 0 0 00 00 1 1 0 1 0000 0000
1 0 0 00 00 1 1 0 1 0000 0000
1 0 0 00 00 1 1 0 1 0000 0000
1 0 0 00 00 1 1 0 1 0000 0000
1 0 0 00 00 1 1 0 1 0000 0000
1 0 0 00 00 1 1 0 1 0000 0000
1 0 0 00 00 0 1 1 1 0080 ffff
1 0 1 ff ff 1 1 0 1 0000 0000
1 0 0 00 00 1 1 0 1 0000 0000
1 0 0 00 00 1 1 0 1 0000 0000
1 0 0 00 00 1 1 0 1 0000 0000
1 0 0 00 00 1 1 0 1 0000 0000
1 0 0 00 00 1 1 0 1 0000 0000
1 0 0 00 00 1 1 0 1 0000 0000
1 0 0 00 00 1 1 0 1 0000 0000
1 0 0 00 00 0 1 1 1 0001 ffff
2 0 0 3d 2d 0 1 0 1 0001 ffff
2 0 0 b3 22 0 1 0 1 0001 ffff
2 0 0 c3 f5 0 1 0 1 0001 ffff
2 0 1 2e cc 1 1 0 1 0000 0000
2 0 0 82 3d 1 1 0 1 0000 0000
2 0 1 4a 48 1 1 0 1 0000 0000
2 0 0 72 b7 1 1 0 1 0000 0000
2 0 1 c9 6a 1 1 0 1 0000 0000
2 0 1 9f b3 1 1 0 1 0000 0000
2 0 0 d0 b9 1 1 0 1 0000 0000
2 0 0 82 c4 1 1 0 1 0000 0000
2 0 1 0d 5e 0 1 1 1 f6a8 ffff
2 0 0 56 c0 0 1 0 1 f6a8 ffff
2 0 0 98 a0 0 1 0 1 f6a8 ffff
2 0 0 d9 48 0 1 0 1 f6a8 ffff
2 0 0 ab 5d 0 1 0 1 f6a8 ffff
2 0 1 d8 38 1 1 0 1 0000 0000
2 0 1 95 70 1 1 0 1 0000 0000
2 0 1 bf 12 1 1 0 1 0000 0000
2 0 1 9b da 1 1 0 1 0000 0000
2 0 1 e7 ac 1 1 0 1 0000 0000
2 0 0 d6 c1 1 1 0 1 0000 0000
2 0 0 54 55 1 1 0 1 0000 0000
2 0 0 ad 48 1 1 0 1 0000 0000
2 0 0 64 37 0 1 1 1 f740 ffff
2 0 0 7f cd 0 1 0 1 f740 ffff
2 0 0 1c 9a 0 1 0 1 f740 ffff
2 0 0 15 67 0 1 0 1 f740 ffff
2 0 1 91 bc 1 1 0 1 0000 0000
2 0 1 c3 29 1 1 0 1 0000 0000
2 0 1 2a 00 1 1 0 1 0000 0000
2 0 0 f1 46 1 1 0 1 0000 0000
2 0 0 13 f4 1 1 0 1 0000 0000
2 0 0 36 bc 1 1 0 1 0000 0000
2 0 1 7c b4 1 1 0 1 0000 0000
2 0 1 90 f4 1 1 0 1 0000 0000
2 0 1 0e c6 0 1 1 1 1d7c ffff
2 0 1 a1 c3 1 1 0 1 0000 0000
2 0 0 55 10 1 1 0 1 0000 0000
2 0 0 22 95 1 1 0 1 0000 0000
2 0 1 84 47 1 1 0 1 0000 0000
2 0 0 a2 69 1 1 0 1 0000 0000
2 0 0 b7 03 1 1 0 1 0000 0000
2 0 0 f6 a8 1 1 0 1 0000 0000
2 0 0 65 f9 1 1 0 1 0000 0000
2 0 0 54 f9 0 1 1 1 16a3 ffff
2 0 0 a1 ec 0 1 0 1 16a3 ffff
2 0 1 6e 18 1 1 0 1 0000 0000
2 0 0 7d 9d 1 1 0 1 0000 0000
2 0 0 fc 1a 1 1 0 1 0000 0000
2 0 0 10 59 1 1 0 1 0000 0000
2 0 0 20 e6 1 1 0 1 0000 0000
2 0 0 b2 91 1 1 0 1 0000 0000
2 0 0 ca 33 1 1 0 1 0000 0000
2 0 0 27 28 1 1 0 1 0000 0000
2 0 0 2b 2b 0 1 1 1 0a50 ffff
2 0 0 48 93 0 1 0 1 0a50 ffff
2 0 1 c5 b0 1 1 0 1 0000 0000
2 0 0 a0 b3 1 1 0 1 0000 0000
2 0 0 d3 38 1 1 0 1 0000 0000
2 0 1 fd dc 1 1 0 1 0000 0000
2 0 0 19 12 1 1 0 1 0000 0000
2 0 0 cf c0 1 1 0 1 0000 0000
2 0 0 7d 7f 1 1 0 1 0000 0000
2 0 1 b1 89 1 1 0 1 0000 0000
2 0 0 77 a5 0 1 1 1 1270 ffff
2 0 0 ac f2 0 1 0 1 1270 ffff
2 0 0 16 b4 0 1 0 1 1270 ffff
2 0 1 4a 51 1 1 0 1 0000 0000
2 0 0 8d 24 1 1 0 1 0000 0000
2 0 0 e9 c0 1 1 0 1 0000 0000
2 0 0 9e dd 1 1 0 1 0000 0000
2 0 0 d8 3d 1 1 0 1 0000 0000
2 0 0 32 93 1 1 0 1 0000 0000
2 0 0 f6 d4 1 1 0 1 0000 0000
2 0 1 50 e5 1 1 0 1 0000 0000
2 0 0 74 1e 0 1 1 1 176a ffff
2 0 0 0b c3 0 1 0 1 176a ffff
2 0 0 e4 e6 0 1 0 1 176a ffff
2 0 0 e0 a8 0 1 0 1 176a ffff
2 0 0 be 31 0 1 0 1 176a ffff
2 0 1 07 6e 1 1 0 1 0000 0000
2 0 1 3c 1a 1 1 0 1 0000 0000
2 0 0 a1 69 1 1 0 1 0000 0000
2 0 0 83 29 1 1 0 1 0000 0000
2 0 0 68 9c 1 1 0 1 0000 0000
2 0 0 8e 53 1 1 0 1 0000 0000
2 0 0 4a a4 1 1 0 1 0000 0000
2 0 0 8b d4 1 1 0 1 0000 0000
2 0 1 ef e2 0 1 1 1 0302 ffff
2 0 1 25 12 1 1 0 1 0000 0000
2 0 0 8d 91 1 1 0 1 0000 0000
2 0 0 ae 9a 1 1 0 1 0000 0000
2 0 0 c6 ce 1 1 0 1 0000 0000
2 0 0 41 a3 1 1 0 1 0000 0000
2 0 0 34 f3 1 1 0 1 0000 0000
2 0 1 af cb 1 1 0 1 0000 0000
2 0 1 ef 87 1 1 0 1 0000 0000
2 0 1 a3 ec 0 1 1 1 029a ffff
2 0 0 0c cd 0 1 0 1 029a ffff
2 0 0 62 a0 0 1 0 1 029a ffff
2 0 0 a8 f4 0 1 0 1 029a ffff
2 0 0 5a b7 0 1 0 1 029a ffff
2 0 0 3d 64 0 1 0 1 029a ffff
2 0 0 0e 48 0 1 0 1 029a ffff
2 0 1 2a 3a 1 1 0 1 0000 0000
2 0 1 46 12 1 1 0 1 0000 0000
2 0 1 d2 6a 1 1 0 1 0000 0000
2 0 0 b2 03 1 1 0 1 0000 0000
2 0 1 d8 3d 1 1 0 1 0000 0000
2 0 0 ab 19 1 1 0 1 0000 0000
2 0 0 bf d5 1 1 0 1 0000 0000
2 0 1 3c 79 1 1 0 1 0000 0000
2 0 0 93 75 0 1 1 1 0984 ffff
2 0 0 23 ff 0 1 0 1 0984 ffff
2 0 1 bd 88 1 1 0 1 0000 0000
2 0 0 f9 d3 1 1 0 1 0000 0000
2 0 0 a2 d6 1 1 0 1 0000 0000
2 0 0 c8 3d 1 1 0 1 0000 0000
2 0 0 e9 0a 1 1 0 1 0000 0000
2 0 1 f3 dc 1 1 0 1 0000 0000
2 0 1 7b e4 1 1 0 1 0000 0000
2 0 0 10 d0 1 1 0 1 0000 0000
2 0 0 01 26 0 1 1 1 1f68 ffff
2 0 0 a4 37 0 1 0 1 1f68 ffff
2 0 0 74 20 0 1 0 1 1f68 ffff
2 0 1 2a dc 1 1 0 1 0000 0000
2 0 0 8f 40 1 1 0 1 0000 0000
2 0 0 dc 64 1 1 0 1 0000 0000
2 0 0 91 ce 1 1 0 1 0000 0000
2 0 0 3c ec 1 1 0 1 0000 0000
2 0 0 da 4e 1 1 0 1 0000 0000
2 0 1 44 d1 1 1 0 1 0000 0000
2 0 0 9b b5 1 1 0 1 0000 0000
2 0 1 e9 87 0 1 1 1 fa18 ffff
2 0 0 c2 69 0 1 0 1 fa18 ffff
2 0 1 a7 8d 1 1 0 1 0000 0000
2 0 1 2e f7 1 1 0 1 0000 0000
2 0 0 9f 61 1 1 0 1 0000 0000
2 0 0 9d f1 1 1 0 1 0000 0000
2 0 1 1f 9b 1 1 0 1 0000 0000
2 0 0 68 3e 1 1 0 1 0000 0000
2 0 1 0b d0 1 1 0 1 0000 0000
2 0 1 8f ff 1 1 0 1 0000 0000
2 0 0 4a 4f 0 1 1 1 27fb ffff
2 0 1 e3 0d 1 1 0 1 0000 0000
2 0 0 1a ec 1 1 0 1 0000 0000
2 0 0 2e c2 1 1 0 1 0000 0000
2 0 0 d4 50 1 1 0 1 0000 0000
2 0 1 43 cd 1 1 0 1 0000 0000
2 0 1 57 2c 1 1 0 1 0000 0000
2 0 1 13 f9 1 1 0 1 0000 0000
2 0 0 4e 8e 1 1 0 1 0000 0000
2 0 1 75 87 0 1 1 1 fe87 ffff
2 0 1 31 25 1 1 0 1 0000 0000
2 0 1 06 ff 1 1 0 1 0000 0000
2 0 1 83 0e 1 1 0 1 0000 0000
2 0 1 da 57 1 1 0 1 0000 0000
2 0 0 b3 80 1 1 0 1 0000 0000
2 0 0 40 c3 1 1 0 1 0000 0000
2 0 0 eb b0 1 1 0 1 0000 0000
2 0 0 28 2a 1 1 0 1 0000 0000
2 0 0 4c 99 0 1 1 1 0715 ffff
2 0 0 f9 74 0 1 0 1 0715 ffff
2 0 0 3d 0a 0 1 0 1 0715 ffff
2 0 1 59 2b 1 1 0 1 0000 0000
2 0 1 1f 1a 1 1 0 1 0000 0000
2 0 0 82 5a 1 1 0 1 0000 0000
2 0 0 d7 f1 1 1 0 1 0000 0000
2 0 1 94 c3 1 1 0 1 0000 0000
2 0 0 a4 7c 1 1 0 1 0000 0000
2 0 0 15 2a 1 1 0 1 0000 0000
2 0 0 55 e3 1 1 0 1 0000 0000
2 0 0 b9 93 0 1 1 1 0ef3 ffff
2 0 1 81 c5 1 1 0 1 0000 0000
2 0 1 f5 3c 1 1 0 1 0000 0000
2 0 0 0b 60 1 1 0 1 0000 0000
2 0 1 4e de 1 1 0 1 0000 0000
2 0 1 6a 7a 1 1 0 1 0000 0000
2 0 0 4e ae 1 1 0 1 0000 0000
2 0 0 59 1e 1 1 0 1 0000 0000
2 0 1 63 5c 1 1 0 1 0000 0000
2 0 1 d0 c1 0 1 1 1 1d45 ffff
2 0 0 8d 72 0 1 0 1 1d45 ffff
2 0 0 87 d7 0 1 0 1 1d45 ffff
2 0 0 d3 44 0 1 0 1 1d45 ffff
2 0 0 30 96 0 1 0 1 1d45 ffff
2 0 0 62 f8 0 1 0 1 1d45 ffff
2 0 0 15 df 0 1 0 1 1d45 ffff
2 0 1 bb 23 1 1 0 1 0000 0000
2 0 0 94 e9 1 1 0 1 0000 0000
2 0 0 fd ca 1 1 0 1 0000 0000
2 0 0 f9 24 1 1 0 1 0000 0000
2 0 0 62 19 1 1 0 1 0000 0000
2 0 1 a0 d2 1 1 0 1 0000 0000
2 0 0 d5 d0 1 1 0 1 0000 0000
2 0 1 10 b9 1 1 0 1 0000 0000
2 0 0 09 a5 0 1 1 1 f691 ffff
2 0 1 af 0e 1 1 0 1 0000 0000
2 0 0 72 1c 1 1 0 1 0000 0000
2 0 0 64 a4 1 1 0 1 0000 0000
2 0 0 d0 7b 1 1 0 1 0000 0000
2 0 1 67 64 1 1 0 1 0000 0000
2 0 1 ac b1 1 1 0 1 0000 0000
2 0 1 df fe 1 1 0 1 0000 0000
2 0 1 7a 9e 1 1 0 1 0000 0000
2 0 1 68 34 0 1 1 1 fb92 ffff
2 0 1 f5 8d 1 1 0 1 0000 0000
2 0 0 2b 1e 1 1 0 1 0000 0000
2 0 0 0c 44 1 1 0 1 0000 0000
2 0 1 c4 97 1 1 0 1 0000 0000
2 0 0 9a de 1 1 0 1 0000 0000
2 0 0 bc 9d 1 1 0 1 0000 0000
2 0 0 28 93 1 1 0 1 0000 0000
2 0 0 bc 66 1 1 0 1 0000 0000
2 0 0 e1 d0 0 1 1 1 04f1 ffff
2 0 1 db 94 1 1 0 1 0000 0000
2 0 0 fd d9 1 1 0 1 0000 0000
2 0 1 52 96 1 1 0 1 0000 0000
2 0 0 b3 78 1 1 0 1 0000 0000
2 0 0 28 83 1 1 0 1 0000 0000
2 0 0 ae 14 1 1 0 1 0000 0000
2 0 1 2d dd 1 1 0 1 0000 0000
2 0 1 06 aa 1 1 0 1 0000 0000
2 0 1 e6 80 0 1 1 1 0f9c ffff
2 0 0 1f 0d 0 1 0 1 0f9c ffff
2 0 1 36 0d 1 1 0 1 0000 0000
2 0 0 68 82 1 1 0 1 0000 0000
2 0 1 24 77 1 1 0 1 0000 0000
2 0 0 5c c7 1 1 0 1 0000 0000
2 0 0 79 09 1 1 0 1 0000 0000
2 0 0 04 76 1 1 0 1 0000 0000
2 0 0 9c 53 1 1 0 1 0000 0000
2 0 0 c3 25 1 1 0 1 0000 0000
2 0 1 8d 69 0 1 1 1 02be ffff
2 0 1 f8 6b 1 1 0 1 0000 0000
2 0 1 0f 58 1 1 0 1 0000 0000
2 0 0 7b 7c 1 1 0 1 0000 0000
2 0 1 e1 3c 1 1 0 1 0000 0000
2 0 1 77 8c 1 1 0 1 0000 0000
2 0 1 90 0f 1 1 0 1 0000 0000
2 0 0 34 7b 1 1 0 1 0000 0000
2 0 0 ed d5 1 1 0 1 0000 0000
2 0 0 34 f9 0 1 1 1 fca8 ffff
2 0 0 f4 a7 0 1 0 1 fca8 ffff
2 0 0 ab a7 0 1 0 1 fca8 ffff
2 0 0 4d cd 0 1 0 1 fca8 ffff
2 0 1 af cf 1 1 0 1 0000 0000
2 0 0 6e 09 1 1 0 1 0000 0000
2 0 0 50 ad 1 1 0 1 0000 0000
2 0 0 07 b7 1 1 0 1 0000 0000
2 0 0 ac 93 1 1 0 1 0000 0000
2 0 0 c1 c2 1 1 0 1 0000 0000
2 0 0 22 14 1 1 0 1 0000 0000
2 0 1 6b 85 1 1 0 1 0000 0000
2 0 0 c0 aa 0 1 1 1 0f81 ffff
2 0 0 46 e6 0 1 0 1 0f81 ffff
2 0 0 c6 1c 0 1 0 1 0f81 ffff
2 0 0 9c 96 0 1 0 1 0f81 ffff
2 0 1 62 2d 1 1 0 1 0000 0000
2 0 1 10 54 1 1 0 1 0000 0000
2 0 1 06 0d 1 1 0 1 0000 0000
2 0 0 d8 e7 1 1 0 1 0000 0000
2 0 0 94 6c 1 1 0 1 0000 0000
2 0 0 f7 c8 1 1 0 1 0000 0000
2 0 0 56 3f 1 1 0 1 0000 0000
2 0 0 55 67 1 1 0 1 0000 0000
2 0 0 c7 39 0 1 1 1 113a ffff
2 0 0 5e 76 0 1 0 1 113a ffff
2 0 0 c0 71 0 1 0 1 113a ffff
2 0 1 11 eb 1 1 0 1 0000 0000
2 0 0 5e 32 1 1 0 1 0000 0000
2 0 0 3e 5f 1 1 0 1 0000 0000
2 0 0 e5 c7 1 1 0 1 0000 0000
2 0 1 c4 6e 1 1 0 1 0000 0000
2 0 0 44 bc 1 1 0 1 0000 0000
2 0 0 e6 0a 1 1 0 1 0000 0000
2 0 1 6f 98 1 1 0 1 0000 0000
2 0 0 16 17 0 1 1 1 fe9b ffff
2 0 0 3f c4 0 1 0 1 fe9b ffff
2 0 0 d6 7b 0 1 0 1 fe9b ffff
2 0 1 0d ca 1 1 0 1 0000 0000
2 0 0 60 3c 1 1 0 1 0000 0000
2 0 0 f4 3c 1 1 0 1 0000 0000
2 0 1 a0 b1 1 1 0 1 0000 0000
2 0 0 cf 64 1 1 0 1 0000 0000
2 0 1 61 28 1 1 0 1 0000 0000
2 1 1 d6 fa 0 1 0 1 0000 ffff
2 0 0 86 10 0 1 0 1 0000 ffff
2 0 1 fe b0 1 1 0 1 0000 0000
2 0 0 81 ee 1 1 0 1 0000 0000
2 0 1 fa 9d 1 1 0 1 0000 0000
2 0 0 a9 bc 1 1 0 1 0000 0000
2 0 0 4d 35 1 1 0 1 0000 0000
2 0 0 a9 59 1 1 0 1 0000 0000
2 0 0 ee 7b 1 1 0 1 0000 0000
2 0 0 e2 1e 1 1 0 1 0000 0000
2 0 0 ff 8f 0 1 1 1 00a0 ffff
2 0 0 ea 6f 0 1 0 1 00a0 ffff
2 0 0 5b 2c 0 1 0 1 00a0 ffff
2 0 1 27 ce 1 1 0 1 0000 0000
2 0 0 df 28 1 1 0 1 0000 0000
2 0 0 eb 38 1 1 0 1 0000 0000
2 0 1 8a f5 1 1 0 1 0000 0000
2 0 0 61 36 1 1 0 1 0000 0000
2 0 1 c7 df 1 1 0 1 0000 0000
2 0 0 fd 18 1 1 0 1 0000 0000
2 0 0 2f ec 1 1 0 1 0000 0000
2 0 0 fe c6 0 1 1 1 f862 ffff
2 0 0 d5 00 0 1 0 1 f862 ffff
2 0 0 02 4b 0 1 0 1 f862 ffff
2 0 0 3f 5d 0 1 0 1 f862 ffff
2 0 1 cf 2b 1 1 0 1 0000 0000
2 0 0 4c 0f 1 1 0 1 0000 0000
2 0 0 03 10 1 1 0 1 0000 0000
2 0 0 aa 5b 1 1 0 1 0000 0000
2 0 0 6b e5 1 1 0 1 0000 0000
2 0 0 52 f1 1 1 0 1 0000 0000
2 0 0 36 9a 1 1 0 1 0000 0000
2 0 1 a0 87 1 1 0 1 0000 0000
2 0 1 78 3e 0 1 1 1 f7c5 ffff
2 0 1 10 90 1 1 0 1 0000 0000
2 0 0 95 15 1 1 0 1 0000 0000
2 0 0 f7 3f 1 1 0 1 0000 0000
2 0 0 e0 79 1 1 0 1 0000 0000
2 0 0 be 03 1 1 0 1 0000 0000
2 0 0 23 18 1 1 0 1 0000 0000
2 0 1 e8 0a 1 1 0 1 0000 0000
2 0 0 47 96 1 1 0 1 0000 0000
2 0 0 bd 92 0 1 1 1 f900 ffff
2 0 0 79 1a 0 1 0 1 f900 ffff
2 0 0 a3 41 0 1 0 1 f900 ffff
2 0 0 a1 1d 0 1 0 1 f900 ffff
2 0 0 14 ab 0 1 0 1 f900 ffff
2 0 0 d1 7b 0 1 0 1 f900 ffff
2 0 1 7a dc 1 1 0 1 0000 0000
2 0 0 25 f1 1 1 0 1 0000 0000
2 0 0 bf c3 1 1 0 1 0000 0000
2 0 1 c7 38 1 1 0 1 0000 0000
2 0 1 8b 8f 1 1 0 1 0000 0000
2 0 0 4f d1 1 1 0 1 0000 0000
2 0 1 42 6f 1 1 0 1 0000 0000
2 0 1 e1 4b 1 1 0 1 0000 0000
2 0 0 53 4e 0 1 1 1 eed8 ffff
2 0 1 f9 de 1 1 0 1 0000 0000
2 0 0 14 c7 1 1 0 1 0000 0000
2 0 0 6e 3c 1 1 0 1 0000 0000
2 0 0 d6 24 1 1 0 1 0000 0000
2 0 0 5f d9 1 1 0 1 0000 0000
2 0 1 6b 8a 1 1 0 1 0000 0000
2 0 1 56 cb 1 1 0 1 0000 0000
2 0 0 67 0d 1 1 0 1 0000 0000
2 0 0 0e 19 0 1 1 1 00ee ffff
2 0 0 f2 c7 0 1 0 1 00ee ffff
2 0 0 63 cd 0 1 0 1 00ee ffff
2 0 0 97 60 0 1 0 1 00ee ffff
2 0 0 04 69 0 1 0 1 00ee ffff
2 0 0 55 ee 0 1 0 1 00ee ffff
2 0 0 70 29 0 1 0 1 00ee ffff
2 0 1 54 f0 1 1 0 1 0000 0000
2 0 0 c1 38 1 1 0 1 0000 0000
2 0 0 f7 f0 1 1 0 1 0000 0000
2 0 0 75 73 1 1 0 1 0000 0000
2 0 0 d6 19 1 1 0 1 0000 0000
2 0 0 1c 45 1 1 0 1 0000 0000
2 0 0 39 ad 1 1 0 1 0000 0000
2 0 0 9c 57 1 1 0 1 0000 0000
2 0 0 1e 6d 0 1 1 1 fac0 ffff
2 0 0 ac cc 0 1 0 1 fac0 ffff
2 0 0 ed b7 0 1 0 1 fac0 ffff
2 0 0 36 6a 0 1 0 1 fac0 ffff
2 0 0 3b a8 0 1 0 1 fac0 ffff
2 0 1 f6 75 1 1 0 1 0000 0000
2 0 1 92 48 1 1 0 1 0000 0000
2 0 0 a2 d6 1 1 0 1 0000 0000
2 0 0 90 46 1 1 0 1 0000 0000
2 0 0 9f 8d 1 1 0 1 0000 0000
2 0 0 be aa 1 1 0 1 0000 0000
2 0 1 e9 f0 1 1 0 1 0000 0000
2 0 0 4a 83 1 1 0 1 0000 0000
2 0 0 9c d1 0 1 1 1 fb6e ffff
2 0 1 ba 93 1 1 0 1 0000 0000
2 0 0 30 e1 1 1 0 1 0000 0000
2 0 0 db 59 1 1 0 1 0000 0000
2 0 0 5d 36 1 1 0 1 0000 0000
2 0 0 c2 54 1 1 0 1 0000 0000
2 0 1 39 9b 1 1 0 1 0000 0000
2 0 0 0d a3 1 1 0 1 0000 0000
2 0 0 c8 9d 1 1 0 1 0000 0000
2 0 0 a8 41 0 1 1 1 1dce ffff
2 0 0 bb 4c 0 1 0 1 1dce ffff
2 0 1 b8 14 1 1 0 1 0000 0000
2 0 0 08 4d 1 1 0 1 0000 0000
2 0 0 de ae 1 1 0 1 0000 0000
2 0 0 90 d8 1 1 0 1 0000 0000
2 0 0 00 76 1 1 0 1 0000 0000
2 0 0 3f 1f 1 1 0 1 0000 0000
2 0 1 f4 75 1 1 0 1 0000 0000
2 0 0 dc f7 1 1 0 1 0000 0000
2 0 1 25 83 0 1 1 1 fa60 ffff
2 0 0 e7 f9 0 1 0 1 fa60 ffff
2 0 0 b4 7e 0 1 0 1 fa60 ffff
2 0 1 0c b8 1 1 0 1 0000 0000
2 0 1 be 36 1 1 0 1 0000 0000
2 0 0 f8 2b 1 1 0 1 0000 0000
2 0 1 10 b8 1 1 0 1 0000 0000
2 0 0 ba c5 1 1 0 1 0000 0000
2 0 0 31 82 1 1 0 1 0000 0000
2 0 0 4e ad 1 1 0 1 0000 0000
2 0 0 19 a7 1 1 0 1 0000 0000
2 0 1 8d 4f 0 1 1 1 fca0 ffff
2 0 1 46 02 1 1 0 1 0000 0000
2 0 0 bc 5d 1 1 0 1 0000 0000
2 0 0 fa 3b 1 1 0 1 0000 0000
2 0 1 dd 71 1 1 0 1 0000 0000
2 0 1 ba cf 1 1 0 1 0000 0000
2 0 0 c7 f0 1 1 0 1 0000 0000
2 0 0 54 f3 1 1 0 1 0000 0000
2 0 0 c6 8f 1 1 0 1 0000 0000
2 0 0 41 e1 0 1 1 1 008c ffff
2 0 1 d4 f5 1 1 0 1 0000 0000
2 0 1 39 95 1 1 0 1 0000 0000
2 0 0 e9 bc 1 1 0 1 0000 0000
2 0 1 80 4f 1 1 0 1 0000 0000
2 0 0 2a 7e 1 1 0 1 0000 0000
2 0 0 a7 6f 1 1 0 1 0000 0000
2 0 1 df 89 1 1 0 1 0000 0000
2 0 0 6f 60 1 1 0 1 0000 0000
2 0 0 88 92 0 1 1 1 01e4 ffff
2 0 0 70 d1 0 1 0 1 01e4 ffff
2 0 0 50 40 0 1 0 1 01e4 ffff
2 0 0 dc 2b 0 1 0 1 01e4 ffff
2 0 1 62 56 1 1 0 1 0000 0000
2 0 0 e7 53 1 1 0 1 0000 0000
2 0 0 41 bb 1 1 0 1 0000 0000
2 0 0 af ea 1 1 0 1 0000 0000
2 0 0 97 a2 1 1 0 1 0000 0000
2 0 0 e3 12 1 1 0 1 0000 0000
2 0 0 b3 22 1 1 0 1 0000 0000
2 0 1 2d d3 1 1 0 1 0000 0000
2 0 0 b0 d8 0 1 1 1 20ec ffff
2 0 0 ae 57 0 1 0 1 20ec ffff
2 0 0 80 17 0 1 0 1 20ec ffff
2 0 0 af 22 0 1 0 1 20ec ffff
2 0 0 d1 1c 0 1 0 1 20ec ffff
2 0 0 fa fe 0 1 0 1 20ec ffff
2 0 1 04 4b 1 1 0 1 0000 0000
2 0 0 f1 58 1 1 0 1 0000 0000
2 0 0 26 84 1 1 0 1 0000 0000
2 0 0 e1 e9 1 1 0 1 0000 0000
2 0 1 ef bb 1 1 0 1 0000 0000
2 0 0 e6 c3 1 1 0 1 0000 0000
2 0 1 c2 d1 1 1 0 1 0000 0000
2 0 0 7d 58 1 1 0 1 0000 0000
2 0 0 7e 27 0 1 1 1 012c ffff
2 0 1 3f 34 1 1 0 1 0000 0000
2 0 1 90 7b 1 1 0 1 0000 0000
2 0 0 2b 67 1 1 0 1 0000 0000
2 0 0 05 b8 1 1 0 1 0000 0000
2 0 0 7b ac 1 1 0 1 0000 0000
2 0 0 f9 93 1 1 0 1 0000 0000
2 0 1 49 08 1 1 0 1 0000 0000
2 0 0 28 69 1 1 0 1 0000 0000
2 0 0 57 72 0 1 1 1 0ccc ffff
2 0 0 86 9b 0 1 0 1 0ccc ffff
2 0 0 60 2b 0 1 0 1 0ccc ffff
2 0 0 0c 52 0 1 0 1 0ccc ffff
2 0 0 d0 9d 0 1 0 1 0ccc ffff
2 0 0 9f b7 0 1 0 1 0ccc ffff
2 0 0 a8 60 0 1 0 1 0ccc ffff
2 0 0 07 65 0 1 0 1 0ccc ffff
2 0 0 d6 68 0 1 0 1 0ccc ffff
2 0 0 2d db 0 1 0 1 0ccc ffff
2 0 0 42 c5 0 1 0 1 0ccc ffff
2 0 1 7d ff 1 1 0 1 0000 0000
2 0 0 79 27 1 1 0 1 0000 0000
2 0 0 df 60 1 1 0 1 0000 0000
2 0 0 f9 84 1 1 0 1 0000 0000
2 0 1 8e a0 1 1 0 1 0000 0000
2 0 0 ee 96 1 1 0 1 0000 0000
2 0 0 d5 d9 1 1 0 1 0000 0000
2 0 0 bd bf 1 1 0 1 0000 0000
2 0 0 e9 77 0 1 1 1 ff83 ffff
2 0 0 e7 6d 0 1 0 1 ff83 ffff
2 0 0 eb 83 0 1 0 1 ff83 ffff
2 0 1 84 1d 1 1 0 1 0000 0000
2 0 0 47 b4 1 1 0 1 0000 0000
2 0 0 6e 76 1 1 0 1 0000 0000
2 0 0 6a d9 1 1 0 1 0000 0000
2 0 0 9e 10 1 1 0 1 0000 0000
2 0 1 f1 4e 1 1 0 1 0000 0000
2 0 0 b3 c1 1 1 0 1 0000 0000
2 0 0 ba 37 1 1 0 1 0000 0000
2 0 0 c5 bb 0 1 1 1 f1f4 ffff
2 0 0 9e 93 0 1 0 1 f1f4 ffff
2 0 0 af d8 0 1 0 1 f1f4 ffff
2 0 1 70 45 1 1 0 1 0000 0000
2 0 0 10 55 1 1 0 1 0000 0000
2 0 1 48 31 1 1 0 1 0000 0000
2 0 1 13 27 1 1 0 1 0000 0000
2 0 0 a3 5f 1 1 0 1 0000 0000
2 0 1 f2 64 1 1 0 1 0000 0000
2 0 0 3a fd 1 1 0 1 0000 0000
2 0 1 4c 6c 1 1 0 1 0000 0000
2 0 0 17 f5 0 1 1 1 1e30 ffff
2 0 0 df 94 0 1 0 1 1e30 ffff
2 0 0 af 0d 0 1 0 1 1e30 ffff
2 0 1 43 23 1 1 0 1 0000 0000
2 0 0 21 1c 1 1 0 1 0000 0000
2 0 1 08 7f 1 1 0 1 0000 0000
2 0 1 67 21 1 1 0 1 0000 0000
2 0 0 96 c6 1 1 0 1 0000 0000
2 0 0 b9 8e 1 1 0 1 0000 0000
2 0 0 93 90 1 1 0 1 0000 0000
2 0 0 b7 26 1 1 0 1 0000 0000
2 0 1 66 ec 0 1 1 1 0929 ffff
2 0 0 96 d8 0 1 0 1 0929 ffff
2 0 0 f9 84 0 1 0 1 0929 ffff
2 0 0 6c 6a 0 1 0 1 0929 ffff
2 0 1 41 72 1 1 0 1 0000 0000
2 0 1 84 dd 1 1 0 1 0000 0000
2 0 1 2b c1 1 1 0 1 0000 0000
2 0 0 8a 16 1 1 0 1 0000 0000
2 0 0 1e 00 1 1 0 1 0000 0000
2 0 0 5e db 1 1 0 1 0000 0000
2 0 1 86 c0 1 1 0 1 0000 0000
2 0 0 aa 91 1 1 0 1 0000 0000
2 0 1 f1 8f 0 1 1 1 1cf2 ffff
2 0 0 e9 d0 0 1 0 1 1cf2 ffff
2 0 1 5a f7 1 1 0 1 0000 0000
2 0 0 85 3a 1 1 0 1 0000 0000
2 0 0 02 93 1 1 0 1 0000 0000
2 0 0 29 06 1 1 0 1 0000 0000
2 0 0 96 64 1 1 0 1 0000 0000
2 0 0 4b 13 1 1 0 1 0000 0000
2 0 0 5c d7 1 1 0 1 0000 0000
2 0 0 0a 83 1 1 0 1 0000 0000
2 0 1 ce 52 0 1 1 1 fcd6 ffff
2 0 0 e7 be 0 1 0 1 fcd6 ffff
2 0 0 5d 82 0 1 0 1 fcd6 ffff
2 0 0 71 cf 0 1 0 1 fcd6 ffff
2 0 1 d7 ce 1 1 0 1 0000 0000
2 0 0 ee 85 1 1 0 1 0000 0000
2 0 0 b6 e2 1 1 0 1 0000 0000
2 0 0 a8 c5 1 1 0 1 0000 0000
2 0 0 bc b3 1 1 0 1 0000 0000
2 0 0 1b 60 1 1 0 1 0000 0000
2 0 0 bc 67 1 1 0 1 0000 0000
2 0 0 c6 d3 1 1 0 1 0000 0000
2 0 0 39 ed 0 1 1 1 0802 ffff
2 0 0 8a 51 0 1 0 1 0802 ffff
2 0 1 6b af 1 1 0 1 0000 0000
2 0 0 55 00 1 1 0 1 0000 0000
2 0 0 22 fd 1 1 0 1 0000 0000
2 0 0 e6 c4 1 1 0 1 0000 0000
2 0 1 28 f6 1 1 0 1 0000 0000
2 0 0 d1 23 1 1 0 1 0000 0000
2 0 1 fe 6d 1 1 0 1 0000 0000
2 0 0 b5 1b 1 1 0 1 0000 0000
2 0 0 67 43 0 1 1 1 de25 ffff
2 0 1 71 94 1 1 0 1 0000 0000
2 0 0 06 a0 1 1 0 1 0000 0000
2 0 0 85 3c 1 1 0 1 0000 0000
2 0 0 43 56 1 1 0 1 0000 0000
2 0 0 60 de 1 1 0 1 0000 0000
2 0 0 35 52 1 1 0 1 0000 0000
2 0 1 6e 6d 1 1 0 1 0000 0000
2 0 0 1d f3 1 1 0 1 0000 0000
2 0 0 b5 c0 0 1 1 1 d054 ffff
2 0 0 58 6e 0 1 0 1 d054 ffff
2 0 0 9e cc 0 1 0 1 d054 ffff
2 0 0 4b 80 0 1 0 1 d054 ffff
2 0 1 81 b5 1 1 0 1 0000 0000
2 0 1 46 98 1 1 0 1 0000 0000
2 0 1 2b 97 1 1 0 1 0000 0000
2 0 0 73 e1 1 1 0 1 0000 0000
2 0 1 79 67 1 1 0 1 0000 0000
2 0 0 98 91 1 1 0 1 0000 0000
2 0 0 52 bb 1 1 0 1 0000 0000
2 0 1 0f 9f 1 1 0 1 0000 0000
2 0 0 36 74 0 1 1 1 2535 ffff
2 0 0 0a 3a 0 1 0 1 2535 ffff
2 0 1 6a a3 1 1 0 1 0000 0000
2 0 0 64 20 1 1 0 1 0000 0000
2 0 0 8b 8b 1 1 0 1 0000 0000
2 0 0 87 6a 1 1 0 1 0000 0000
2 0 0 26 18 1 1 0 1 0000 0000
2 0 0 dc 19 1 1 0 1 0000 0000
2 0 0 09 f7 1 1 0 1 0000 0000
2 0 0 72 61 1 1 0 1 0000 0000
2 0 0 a9 df 0 1 1 1 d97e ffff
2 0 0 7f c7 0 1 0 1 d97e ffff
2 0 0 f9 72 0 1 0 1 d97e ffff
2 0 0 84 67 0 1 0 1 d97e ffff
2 0 1 60 2d 1 1 0 1 0000 0000
2 0 0 f9 40 1 1 0 1 0000 0000
2 0 0 dd 88 1 1 0 1 0000 0000
2 0 1 fd e0 1 1 0 1 0000 0000
2 0 1 3d 96 1 1 0 1 0000 0000
2 0 0 ff cf 1 1 0 1 0000 0000
2 0 0 7c 4f 1 1 0 1 0000 0000
2 0 0 83 ed 1 1 0 1 0000 0000
2 0 1 6f aa 0 1 1 1 10e0 ffff
2 0 0 5e 2e 0 1 0 1 10e0 ffff
2 0 0 b6 e5 0 1 0 1 10e0 ffff
2 0 1 cf 86 1 1 0 1 0000 0000
2 0 1 54 7f 1 1 0 1 0000 0000
2 0 0 c1 e8 1 1 0 1 0000 0000
2 0 0 3b 31 1 1 0 1 0000 0000
2 0 0 78 5f 1 1 0 1 0000 0000
2 0 1 8f 0d 1 1 0 1 0000 0000
2 0 0 fe 9e 1 1 0 1 0000 0000
2 0 0 3d 7a 1 1 0 1 0000 0000
2 0 1 58 99 0 1 1 1 175a ffff
2 0 0 fc f5 0 1 0 1 175a ffff
2 0 1 e9 9a 1 1 0 1 0000 0000
2 0 0 62 f0 1 1 0 1 0000 0000
2 0 0 23 c4 1 1 0 1 0000 0000
2 0 0 2e 1f 1 1 0 1 0000 0000
2 0 1 76 74 1 1 0 1 0000 0000
2 0 0 09 05 1 1 0 1 0000 0000
2 0 1 ad d1 1 1 0 1 0000 0000
2 0 1 70 e0 1 1 0 1 0000 0000
2 0 1 4d 86 0 1 1 1 092a ffff
2 0 1 6b 3a 1 1 0 1 0000 0000
2 0 0 3a af 1 1 0 1 0000 0000
2 0 0 a1 b5 1 1 0 1 0000 0000
2 0 0 4c 50 1 1 0 1 0000 0000
2 0 0 bb 1d 1 1 0 1 0000 0000
2 0 0 93 80 1 1 0 1 0000 0000
2 0 1 05 1f 1 1 0 1 0000 0000
2 0 0 b6 4e 1 1 0 1 0000 0000
2 0 1 bc 39 0 1 1 1 183e ffff
2 0 1 0e 96 1 1 0 1 0000 0000
2 0 0 e6 3a 1 1 0 1 0000 0000
2 0 0 b0 35 1 1 0 1 0000 0000
2 0 1 30 df 1 1 0 1 0000 0000
2 0 0 e7 41 1 1 0 1 0000 0000
2 0 0 da e5 1 1 0 1 0000 0000
2 0 1 88 67 1 1 0 1 0000 0000
2 0 0 4b 0a 1 1 0 1 0000 0000
2 0 1 73 69 0 1 1 1 fa34 ffff
2 0 0 a2 cc 0 1 0 1 fa34 ffff
2 0 1 00 03 1 1 0 1 0000 0000
2 0 0 91 2c 1 1 0 1 0000 0000
2 0 0 22 32 1 1 0 1 0000 0000
2 0 1 e6 a3 1 1 0 1 0000 0000
2 0 1 71 51 1 1 0 1 0000 0000
2 0 0 6f c6 1 1 0 1 0000 0000
2 0 0 f5 6f 1 1 0 1 0000 0000
2 0 0 ef 21 1 1 0 1 0000 0000
2 0 0 06 b5 0 1 1 1 0000 ffff
2 0 0 87 c8 0 1 0 1 0000 ffff
2 0 0 bd 1a 0 1 0 1 0000 ffff
2 0 0 53 2d 0 1 0 1 0000 ffff
2 0 0 4a e7 0 1 0 1 0000 ffff
2 0 0 9f 61 0 1 0 1 0000 ffff
2 0 0 ca a7 0 1 0 1 0000 ffff
2 0 1 f2 c4 1 1 0 1 0000 0000
2 0 1 71 9b 1 1 0 1 0000 0000
2 0 0 10 76 1 1 0 1 0000 0000
2 0 1 5f a2 1 1 0 1 0000 0000
2 0 1 2a cf 1 1 0 1 0000 0000
2 0 0 d7 76 1 1 0 1 0000 0000
2 0 1 40 a7 1 1 0 1 0000 0000
2 0 1 5c db 1 1 0 1 0000 0000
2 0 0 8e 13 0 1 1 1 0348 ffff
2 0 1 01 6f 1 1 0 1 0000 0000
2 0 0 76 c2 1 1 0 1 0000 0000
2 0 0 54 bd 1 1 0 1 0000 0000
2 0 1 87 de 1 1 0 1 0000 0000
2 0 0 97 cc 1 1 0 1 0000 0000
2 0 1 69 d6 1 1 0 1 0000 0000
2 0 1 c0 c1 1 1 0 1 0000 0000
2 0 0 56 2e 1 1 0 1 0000 0000
2 0 0 d6 88 0 1 1 1 006f ffff
2 0 0 e7 f5 0 1 0 1 006f ffff
2 0 0 88 a3 0 1 0 1 006f ffff
2 0 0 d5 af 0 1 0 1 006f ffff
2 0 0 ec 48 0 1 0 1 006f ffff
2 0 1 bb dc 1 1 0 1 0000 0000
2 0 0 0a aa 1 1 0 1 0000 0000
2 0 1 3b 6e 1 1 0 1 0000 0000
2 0 0 04 20 1 1 0 1 0000 0000
2 0 0 31 75 1 1 0 1 0000 0000
2 0 0 33 7d 1 1 0 1 0000 0000
2 0 0 2e f3 1 1 0 1 0000 0000
2 0 0 b6 56 1 1 0 1 0000 0000
2 0 1 fa 87 0 1 1 1 09b4 ffff
2 0 0 7c 2a 0 1 0 1 09b4 ffff
2 0 0 98 98 0 1 0 1 09b4 ffff
2 0 0 e8 08 0 1 0 1 09b4 ffff
2 0 0 db 48 0 1 0 1 09b4 ffff
2 0 1 2b a3 1 1 0 1 0000 0000
2 0 1 91 9a 1 1 0 1 0000 0000
2 0 1 9e dd 1 1 0 1 0000 0000
2 0 0 60 af 1 1 0 1 0000 0000
2 0 0 b8 3d 1 1 0 1 0000 0000
2 0 0 54 34 1 1 0 1 0000 0000
2 0 0 de 35 1 1 0 1 0000 0000
2 0 0 5f 8f 1 1 0 1 0000 0000
2 0 1 31 c2 0 1 1 1 f061 ffff
2 0 0 2e ec 0 1 0 1 f061 ffff
2 0 0 58 6d 0 1 0 1 f061 ffff
2 0 0 f0 43 0 1 0 1 f061 ffff
2 0 0 cf 97 0 1 0 1 f061 ffff
2 0 0 3e e9 0 1 0 1 f061 ffff
2 0 0 4a 6e 0 1 0 1 f061 ffff
2 0 0 11 d1 0 1 0 1 f061 ffff
2 0 0 43 65 0 1 0 1 f061 ffff
2 0 0 8e a2 0 1 0 1 f061 ffff
2 0 0 de f4 0 1 0 1 f061 ffff
2 0 0 f9 f2 0 1 0 1 f061 ffff
2 0 1 3d f9 1 1 0 1 0000 0000
2 0 0 92 82 1 1 0 1 0000 0000
2 0 1 d8 b0 1 1 0 1 0000 0000
2 0 0 2c db 1 1 0 1 0000 0000
2 0 0 25 7d 1 1 0 1 0000 0000
2 0 1 58 89 1 1 0 1 0000 0000
2 0 0 d1 78 1 1 0 1 0000 0000
2 0 1 74 23 1 1 0 1 0000 0000
2 0 0 14 6b 0 1 1 1 fe55 ffff
2 0 0 a4 f5 0 1 0 1 fe55 ffff
2 0 0 2f e0 0 1 0 1 fe55 ffff
2 0 1 93 75 1 1 0 1 0000 0000
2 0 1 12 d9 1 1 0 1 0000 0000
2 0 1 ca 27 1 1 0 1 0000 0000
2 0 0 c5 d6 1 1 0 1 0000 0000
2 0 0 6f 14 1 1 0 1 0000 0000
2 0 0 4d 4c 1 1 0 1 0000 0000
2 0 1 6e 6d 1 1 0 1 0000 0000
2 0 0 19 35 1 1 0 1 0000 0000
2 0 0 fc a4 0 1 1 1 ce2f ffff
2 1 0 26 ec 0 1 0 1 0000 ffff
2 0 0 c4 c4 0 1 0 1 0000 ffff
2 0 0 65 e8 0 1 0 1 0000 ffff
2 0 0 7e 89 0 1 0 1 0000 ffff
2 0 0 1b 52 0 1 0 1 0000 ffff
2 0 1 dc bc 1 1 0 1 0000 0000
2 0 0 da 9c 1 1 0 1 0000 0000
2 0 0 a5 35 1 1 0 1 0000 0000
2 0 1 c1 6c 1 1 0 1 0000 0000
2 0 0 46 a2 1 1 0 1 0000 0000
2 0 0 b6 65 1 1 0 1 0000 0000
2 0 0 36 64 1 1 0 1 0000 0000
2 0 1 d1 03 1 1 0 1 0000 0000
2 0 0 52 c6 0 1 1 1 0990 ffff
2 0 1 79 f0 1 1 0 1 0000 0000
2 0 0 1a 91 1 1 0 1 0000 0000
2 0 0 a2 35 1 1 0 1 0000 0000
2 0 0 a6 85 1 1 0 1 0000 0000
2 0 0 d5 27 1 1 0 1 0000 0000
2 0 0 73 73 1 1 0 1 0000 0000
2 0 0 c6 53 1 1 0 1 0000 0000
2 0 0 21 4e 1 1 0 1 0000 0000
2 0 1 45 6a 0 1 1 1 f870 ffff
2 0 0 4b ac 0 1 0 1 f870 ffff
2 0 1 19 56 1 1 0 1 0000 0000
2 0 0 ff 17 1 1 0 1 0000 0000
2 0 0 d4 c5 1 1 0 1 0000 0000
2 0 0 55 ef 1 1 0 1 0000 0000
2 0 1 0c 62 1 1 0 1 0000 0000
2 0 0 09 14 1 1 0 1 0000 0000
2 0 1 07 e0 1 1 0 1 0000 0000
2 0 0 b5 35 1 1 0 1 0000 0000
2 0 0 81 b9 0 1 1 1 0866 ffff
2 0 1 0c 57 1 1 0 1 0000 0000
2 0 1 09 b2 1 1 0 1 0000 0000
2 0 0 b1 05 1 1 0 1 0000 0000
2 0 1 4d 31 1 1 0 1 0000 0000
2 0 0 be 43 1 1 0 1 0000 0000
2 0 0 0b f6 1 1 0 1 0000 0000
2 0 0 86 ac 1 1 0 1 0000 0000
2 0 0 14 dd 1 1 0 1 0000 0000
2 0 0 7d 6b 0 1 1 1 0414 ffff
2 0 1 3f e1 1 1 0 1 0000 0000
2 0 0 b4 80 1 1 0 1 0000 0000
2 0 1 1d 6b 1 1 0 1 0000 0000
2 0 0 14 f7 1 1 0 1 0000 0000
2 0 0 ea 5c 1 1 0 1 0000 0000
2 0 1 6b bf 1 1 0 1 0000 0000
2 0 0 18 37 1 1 0 1 0000 0000
2 0 0 9f 6d 1 1 0 1 0000 0000
2 0 1 08 d1 0 1 1 1 f85f ffff
2 0 0 66 71 0 1 0 1 f85f ffff
2 0 0 48 20 0 1 0 1 f85f ffff
2 0 0 52 0c 0 1 0 1 f85f ffff
2 0 0 ba 6c 0 1 0 1 f85f ffff
2 0 1 9c 49 1 1 0 1 0000 0000
2 0 0 d6 65 1 1 0 1 0000 0000
2 0 1 b8 bc 1 1 0 1 0000 0000
2 0 0 fb 78 1 1 0 1 0000 0000
2 0 1 ea 71 1 1 0 1 0000 0000
2 0 0 f3 54 1 1 0 1 0000 0000
2 0 0 e7 d0 1 1 0 1 0000 0000
2 0 1 39 47 1 1 0 1 0000 0000
2 0 0 09 60 0 1 1 1 e37c ffff
2 0 0 5f b1 0 1 0 1 e37c ffff
2 0 0 6d 6f 0 1 0 1 e37c ffff
2 0 0 66 6a 0 1 0 1 e37c ffff
2 0 0 8e 04 0 1 0 1 e37c ffff
2 0 0 87 7b 0 1 0 1 e37c ffff
2 0 0 28 68 0 1 0 1 e37c ffff
2 0 0 76 5b 0 1 0 1 e37c ffff
2 0 0 d9 d0 0 1 0 1 e37c ffff
2 0 0 b0 c6 0 1 0 1 e37c ffff
2 0 1 22 7e 1 1 0 1 0000 0000
2 0 0 4f fa 1 1 0 1 0000 0000
2 0 0 b7 b7 1 1 0 1 0000 0000
2 0 0 93 e4 1 1 0 1 0000 0000
2 0 0 4a 88 1 1 0 1 0000 0000
2 0 0 75 e7 1 1 0 1 0000 0000
2 0 0 c8 b2 1 1 0 1 0000 0000
2 0 0 b8 1d 1 1 0 1 0000 0000
2 0 1 6d 3f 0 1 1 1 10bc ffff
2 0 0 80 f3 0 1 0 1 10bc ffff
2 0 0 03 f6 0 1 0 1 10bc ffff
2 0 0 fe f2 0 1 0 1 10bc ffff
2 0 1 0a ee 1 1 0 1 0000 0000
2 0 0 03 ad 1 1 0 1 0000 0000
2 0 0 a9 6f 1 1 0 1 0000 0000
2 0 0 12 fc 1 1 0 1 0000 0000
2 0 0 bd d0 1 1 0 1 0000 0000
2 0 1 58 9e 1 1 0 1 0000 0000
2 0 0 a6 6c 1 1 0 1 0000 0000
2 0 0 75 85 1 1 0 1 0000 0000
2 0 1 fa 47 0 1 1 1 ff4c ffff
2 0 1 73 42 1 1 0 1 0000 0000
2 0 1 d0 57 1 1 0 1 0000 0000
2 0 0 ae 64 1 1 0 1 0000 0000
2 0 0 4e f2 1 1 0 1 0000 0000
2 0 1 34 5b 1 1 0 1 0000 0000
2 0 0 da 3d 1 1 0 1 0000 0000
2 0 0 bb 51 1 1 0 1 0000 0000
2 0 0 a8 bd 1 1 0 1 0000 0000
2 0 0 5f d9 0 1 1 1 1da6 ffff
2 0 0 c2 3d 0 1 0 1 1da6 ffff
2 0 0 79 32 0 1 0 1 1da6 ffff
2 0 0 b0 23 0 1 0 1 1da6 ffff
2 0 1 32 20 1 1 0 1 0000 0000
2 0 0 9d 56 1 1 0 1 0000 0000
2 0 1 f8 e1 1 1 0 1 0000 0000
2 0 0 91 b0 1 1 0 1 0000 0000
2 0 0 91 98 1 1 0 1 0000 0000
2 0 0 ed a9 1 1 0 1 0000 0000
2 0 0 23 46 1 1 0 1 0000 0000
2 0 1 09 df 1 1 0 1 0000 0000
2 0 0 48 72 0 1 1 1 0640 ffff
2 0 0 3b 8b 0 1 0 1 0640 ffff
2 0 0 e4 78 0 1 0 1 0640 ffff
2 0 0 7a 1d 0 1 0 1 0640 ffff
2 0 0 93 45 0 1 0 1 0640 ffff
2 0 0 a0 d7 0 1 0 1 0640 ffff
2 0 1 76 a5 1 1 0 1 0000 0000
2 0 0 4b 39 1 1 0 1 0000 0000
2 0 0 db 9b 1 1 0 1 0000 0000
2 0 0 09 e1 1 1 0 1 0000 0000
2 0 1 b1 72 1 1 0 1 0000 0000
2 0 0 8b 5a 1 1 0 1 0000 0000
2 0 0 ea 81 1 1 0 1 0000 0000
2 0 0 6c b5 1 1 0 1 0000 0000
2 0 0 1b a0 0 1 1 1 d60e ffff
2 0 0 c9 3c 0 1 0 1 d60e ffff
2 0 0 9c bb 0 1 0 1 d60e ffff
2 0 0 ad b3 0 1 0 1 d60e ffff
2 0 1 20 72 1 1 0 1 0000 0000
2 0 0 97 fb 1 1 0 1 0000 0000
2 0 1 60 71 1 1 0 1 0000 0000
2 0 1 f7 54 1 1 0 1 0000 0000
2 0 0 e0 ba 1 1 0 1 0000 0000
2 0 1 0f 6b 1 1 0 1 0000 0000
2 0 0 c6 d7 1 1 0 1 0000 0000
2 0 1 9d ea 1 1 0 1 0000 0000
2 0 1 2c ee 0 1 1 1 0e40 ffff
2 0 0 de 43 0 1 0 1 0e40 ffff
2 0 1 81 98 1 1 0 1 0000 0000
2 0 0 56 5e 1 1 0 1 0000 0000
2 0 1 dd bd 1 1 0 1 0000 0000
2 0 0 1e 47 1 1 0 1 0000 0000
2 0 0 04 ec 1 1 0 1 0000 0000
2 0 0 5e 6f 1 1 0 1 0000 0000
2 0 0 dd 0c 1 1 0 1 0000 0000
2 0 0 8e 20 1 1 0 1 0000 0000
2 0 0 d6 ce 0 1 1 1 3398 ffff
2 0 1 3b c2 1 1 0 1 0000 0000
2 0 0 91 3a 1 1 0 1 0000 0000
2 0 0 64 36 1 1 0 1 0000 0000
2 0 1 39 0a 1 1 0 1 0000 0000
2 0 0 18 d1 1 1 0 1 0000 0000
2 0 0 52 f8 1 1 0 1 0000 0000
2 0 0 43 47 1 1 0 1 0000 0000
2 0 0 73 71 1 1 0 1 0000 0000
2 0 0 6e 67 0 1 1 1 f1b6 ffff
2 0 0 39 77 0 1 0 1 f1b6 ffff
2 0 0 9e 9b 0 1 0 1 f1b6 ffff
2 0 0 f7 6a 0 1 0 1 f1b6 ffff
2 0 0 5a e4 0 1 0 1 f1b6 ffff
2 0 1 e5 58 1 1 0 1 0000 0000
2 0 0 4b 86 1 1 0 1 0000 0000
2 0 1 b7 b7 1 1 0 1 0000 0000
2 0 0 06 1c 1 1 0 1 0000 0000
2 0 0 47 af 1 1 0 1 0000 0000
2 0 0 fb 1d 1 1 0 1 0000 0000
2 0 0 34 be 1 1 0 1 0000 0000
2 0 0 81 f0 1 1 0 1 0000 0000
2 0 1 41 f9 0 1 1 1 f6b8 ffff
2 0 0 77 1d 0 1 0 1 f6b8 ffff
2 0 0 f6 3f 0 1 0 1 f6b8 ffff
2 0 0 bd 29 0 1 0 1 f6b8 ffff
2 0 1 63 cd 1 1 0 1 0000 0000
2 0 0 bf 8c 1 1 0 1 0000 0000
2 0 0 56 1a 1 1 0 1 0000 0000
2 0 1 96 69 1 1 0 1 0000 0000
2 0 0 89 75 1 1 0 1 0000 0000
2 0 0 d1 52 1 1 0 1 0000 0000
2 0 0 ed 15 1 1 0 1 0000 0000
2 0 0 7e 22 1 1 0 1 0000 0000
2 0 0 ef 59 0 1 1 1 ec47 ffff
2 0 0 d3 ee 0 1 0 1 ec47 ffff
2 0 0 c4 bb 0 1 0 1 ec47 ffff
2 0 0 e5 fe 0 1 0 1 ec47 ffff
2 0 0 d8 22 0 1 0 1 ec47 ffff
2 0 0 bc 0d 0 1 0 1 ec47 ffff
2 0 0 0a 0d 0 1 0 1 ec47 ffff
2 0 0 22 86 0 1 0 1 ec47 ffff
2 0 0 63 47 0 1 0 1 ec47 ffff
2 0 0 3d 26 0 1 0 1 ec47 ffff
2 0 0 8a c1 0 1 0 1 ec47 ffff
2 0 0 dd f5 0 1 0 1 ec47 ffff
2 0 1 e4 26 1 1 0 1 0000 0000
2 0 1 22 c9 1 1 0 1 0000 0000
2 0 0 99 c9 1 1 0 1 0000 0000
2 0 0 17 68 1 1 0 1 0000 0000
2 0 0 16 23 1 1 0 1 0000 0000
2 0 0 a2 34 1 1 0 1 0000 0000
2 0 0 65 aa 1 1 0 1 0000 0000
2 0 0 09 ff 1 1 0 1 0000 0000
2 0 0 5e 9d 0 1 1 1 fbd8 ffff
2 0 1 14 66 1 1 0 1 0000 0000
2 0 0 be 08 1 1 0 1 0000 0000
2 0 0 94 19 1 1 0 1 0000 0000
2 0 0 cd 20 1 1 0 1 0000 0000
2 0 0 ce f5 1 1 0 1 0000 0000
2 0 0 53 db 1 1 0 1 0000 0000
2 0 0 73 a0 1 1 0 1 0000 0000
2 0 1 b4 a0 1 1 0 1 0000 0000
2 0 0 45 15 0 1 1 1 07f8 ffff
2 0 0 da 17 0 1 0 1 07f8 ffff
2 0 0 b3 75 0 1 0 1 07f8 ffff
2 0 0 e3 ad 0 1 0 1 07f8 ffff
2 0 0 59 76 0 1 0 1 07f8 ffff
2 0 1 3b ab 1 1 0 1 0000 0000
2 0 0 f5 9f 1 1 0 1 0000 0000
2 0 0 32 a4 1 1 0 1 0000 0000
2 0 0 0b 89 1 1 0 1 0000 0000
2 0 0 b5 79 1 1 0 1 0000 0000
2 0 0 20 95 1 1 0 1 0000 0000
2 0 0 3e 31 1 1 0 1 0000 0000
2 0 0 2d 69 1 1 0 1 0000 0000
2 0 0 1a 00 0 1 1 1 ec69 ffff
2 0 0 45 f5 0 1 0 1 ec69 ffff
2 0 0 ce 6f 0 1 0 1 ec69 ffff
2 0 0 57 c5 0 1 0 1 ec69 ffff
2 0 0 cb 9e 0 1 0 1 ec69 ffff
2 0 1 f0 a2 1 1 0 1 0000 0000
2 0 0 4a bf 1 1 0 1 0000 0000
2 0 1 de 2d 1 1 0 1 0000 0000
2 0 1 a6 5c 1 1 0 1 0000 0000
2 0 0 e7 8d 1 1 0 1 0000 0000
2 0 1 a9 55 1 1 0 1 0000 0000
2 0 0 ab 32 1 1 0 1 0000 0000
2 0 0 33 9f 1 1 0 1 0000 0000
2 0 0 1e 08 0 1 1 1 05e0 ffff
2 0 0 b7 c0 0 1 0 1 05e0 ffff
2 0 0 8d 53 0 1 0 1 05e0 ffff
2 0 0 b0 a0 0 1 0 1 05e0 ffff
2 0 0 2c 6a 0 1 0 1 05e0 ffff
2 0 0 88 0a 0 1 0 1 05e0 ffff
2 0 0 57 c5 0 1 0 1 05e0 ffff
2 0 1 75 c2 1 1 0 1 0000 0000
2 0 0 c0 32 1 1 0 1 0000 0000
2 0 0 d7 ab 1 1 0 1 0000 0000
2 0 0 1c d1 1 1 0 1 0000 0000
2 0 0 4d 3d 1 1 0 1 0000 0000
2 0 1 15 5b 1 1 0 1 0000 0000
2 0 0 83 f0 1 1 0 1 0000 0000
2 0 0 ce 14 1 1 0 1 0000 0000
2 0 1 32 ed 0 1 1 1 e3aa ffff
2 0 1 9d 8d 1 1 0 1 0000 0000
2 0 1 93 9d 1 1 0 1 0000 0000
2 0 0 ec 09 1 1 0 1 0000 0000
2 0 0 25 b5 1 1 0 1 0000 0000
2 0 1 f0 57 1 1 0 1 0000 0000
2 0 1 84 bc 1 1 0 1 0000 0000
2 0 0 79 a5 1 1 0 1 0000 0000
2 0 0 f1 ef 1 1 0 1 0000 0000
2 0 0 f8 d2 0 1 1 1 2c79 ffff
2 0 1 e9 33 1 1 0 1 0000 0000
2 0 0 c9 43 1 1 0 1 0000 0000
2 0 0 a0 fd 1 1 0 1 0000 0000
2 0 1 eb 48 1 1 0 1 0000 0000
2 0 1 b5 f6 1 1 0 1 0000 0000
2 0 0 ca 5a 1 1 0 1 0000 0000
2 0 0 86 91 1 1 0 1 0000 0000
2 0 0 f3 c4 1 1 0 1 0000 0000
2 0 0 d4 be 0 1 1 1 fb6b ffff
2 0 0 88 9d 0 1 0 1 fb6b ffff
2 0 0 29 b3 0 1 0 1 fb6b ffff
2 0 1 0b a4 1 1 0 1 0000 0000
2 0 1 b3 51 1 1 0 1 0000 0000
2 0 0 3f 78 1 1 0 1 0000 0000
2 0 0 15 ad 1 1 0 1 0000 0000
2 0 0 e8 bd 1 1 0 1 0000 0000
2 0 0 2c 7d 1 1 0 1 0000 0000
2 0 1 03 8f 1 1 0 1 0000 0000
2 0 0 ec 28 1 1 0 1 0000 0000
2 0 1 5b 6c 0 1 1 1 fc0c ffff
2 0 1 1b b6 1 1 0 1 0000 0000
2 0 0 99 fd 1 1 0 1 0000 0000
2 0 0 4a 6c 1 1 0 1 0000 0000
2 0 0 a7 67 1 1 0 1 0000 0000
2 0 1 64 32 1 1 0 1 0000 0000
2 0 1 02 14 1 1 0 1 0000 0000
2 0 0 1e 6c 1 1 0 1 0000 0000
2 0 1 8b a7 1 1 0 1 0000 0000
2 0 1 de 70 0 1 1 1 f832 ffff
2 0 0 5a d7 0 1 0 1 f832 ffff
2 0 0 3f e6 0 1 0 1 f832 ffff
2 0 0 70 56 0 1 0 1 f832 ffff
2 0 0 43 aa 0 1 0 1 f832 ffff
2 0 0 95 09 0 1 0 1 f832 ffff
2 0 0 53 99 0 1 0 1 f832 ffff
2 0 1 d5 29 1 1 0 1 0000 0000
2 0 0 d1 ca 1 1 0 1 0000 0000
2 0 0 71 a5 1 1 0 1 0000 0000
2 0 1 bb 80 1 1 0 1 0000 0000
2 0 1 0a 5e 1 1 0 1 0000 0000
2 0 0 20 82 1 1 0 1 0000 0000
2 0 0 a3 45 1 1 0 1 0000 0000
2 0 0 df 2c 1 1 0 1 0000 0000
2 0 0 5f 57 0 1 1 1 f91d ffff
2 0 0 85 4a 0 1 0 1 f91d ffff
2 0 0 41 c6 0 1 0 1 f91d ffff
2 0 0 db 7d 0 1 0 1 f91d ffff
2 0 0 16 00 0 1 0 1 f91d ffff
2 0 0 b6 4c 0 1 0 1 f91d ffff
2 0 0 84 c2 0 1 0 1 f91d ffff
2 0 0 f9 e7 0 1 0 1 f91d ffff
2 0 1 fd 3e 1 1 0 1 0000 0000
2 0 1 c7 b5 1 1 0 1 0000 0000
2 0 1 39 1f 1 1 0 1 0000 0000
2 0 0 73 97 1 1 0 1 0000 0000
2 0 0 f5 5c 1 1 0 1 0000 0000
2 0 1 17 2a 1 1 0 1 0000 0000
2 0 0 9a 5d 1 1 0 1 0000 0000
2 0 0 fc 4c 1 1 0 1 0000 0000
2 0 0 c0 5f 0 1 1 1 ff46 ffff
2 0 0 6a 6e 0 1 0 1 ff46 ffff
2 0 0 de 12 0 1 0 1 ff46 ffff
2 0 0 ea f2 0 1 0 1 ff46 ffff
2 0 1 64 26 1 1 0 1 0000 0000
2 0 1 82 f6 1 1 0 1 0000 0000
2 0 0 0b 51 1 1 0 1 0000 0000
2 0 0 1a 44 1 1 0 1 0000 0000
2 0 0 a0 10 1 1 0 1 0000 0000
2 0 0 c7 f1 1 1 0 1 0000 0000
2 0 0 e3 dc 1 1 0 1 0000 0000
2 0 1 6b 15 1 1 0 1 0000 0000
2 0 0 15 44 0 1 1 1 0ed8 ffff
2 0 1 75 f0 1 1 0 1 0000 0000
2 0 1 53 7d 1 1 0 1 0000 0000
2 0 0 fe 21 1 1 0 1 0000 0000
2 0 0 fb 56 1 1 0 1 0000 0000
2 0 1 82 61 1 1 0 1 0000 0000
2 0 0 95 29 1 1 0 1 0000 0000
2 0 0 fb c0 1 1 0 1 0000 0000
2 0 1 40 26 1 1 0 1 0000 0000
2 0 0 8a 9b 0 1 1 1 f8b0 ffff
2 0 1 36 58 1 1 0 1 0000 0000
2 0 1 ec a9 1 1 0 1 0000 0000
2 0 1 56 08 1 1 0 1 0000 0000
2 0 0 b3 8e 1 1 0 1 0000 0000
2 0 0 4a 5b 1 1 0 1 0000 0000
2 0 0 18 ff 1 1 0 1 0000 0000
2 0 0 a5 de 1 1 0 1 0000 0000
2 0 0 d7 b0 1 1 0 1 0000 0000
2 1 1 3b d1 0 1 0 1 0000 ffff
2 0 0 a5 84 0 1 0 1 0000 ffff
2 0 0 7c d7 0 1 0 1 0000 ffff
2 0 0 9f 84 0 1 0 1 0000 ffff
2 0 1 c4 57 1 1 0 1 0000 0000
2 0 0 d6 49 1 1 0 1 0000 0000
2 0 0 8c 1c 1 1 0 1 0000 0000
2 0 0 40 59 1 1 0 1 0000 0000
2 0 0 b0 32 1 1 0 1 0000 0000
2 0 1 e6 08 1 1 0 1 0000 0000
2 0 0 f3 ef 1 1 0 1 0000 0000
2 0 1 d6 5f 1 1 0 1 0000 0000
2 0 0 34 13 0 1 1 1 eb9c ffff
2 0 0 f9 fe 0 1 0 1 eb9c ffff
2 0 1 f2 98 1 1 0 1 0000 0000
2 0 0 c2 a5 1 1 0 1 0000 0000
2 0 1 db b4 1 1 0 1 0000 0000
2 0 0 e6 09 1 1 0 1 0000 0000
2 0 0 01 50 1 1 0 1 0000 0000
2 0 0 fb 44 1 1 0 1 0000 0000
2 0 1 2e 9b 1 1 0 1 0000 0000
2 0 1 81 c8 1 1 0 1 0000 0000
2 0 1 59 a0 0 1 1 1 05b0 ffff
2 0 1 47 4a 1 1 0 1 0000 0000
2 0 0 4d 92 1 1 0 1 0000 0000
2 0 1 a5 ee 1 1 0 1 0000 0000
2 0 0 7d a6 1 1 0 1 0000 0000
2 0 0 ee c0 1 1 0 1 0000 0000
2 0 1 4c 2d 1 1 0 1 0000 0000
2 0 0 dd b0 1 1 0 1 0000 0000
2 0 0 cd a1 1 1 0 1 0000 0000
2 0 0 2f 79 0 1 1 1 1486 ffff
2 0 0 38 7d 0 1 0 1 1486 ffff
2 0 0 f8 0d 0 1 0 1 1486 ffff
2 0 1 54 9f 1 1 0 1 0000 0000
2 0 0 5a 13 1 1 0 1 0000 0000
2 0 0 8d 28 1 1 0 1 0000 0000
2 0 0 94 fa 1 1 0 1 0000 0000
2 0 0 47 81 1 1 0 1 0000 0000
2 0 0 92 87 1 1 0 1 0000 0000
2 0 0 35 15 1 1 0 1 0000 0000
2 0 0 a0 64 1 1 0 1 0000 0000
2 0 0 61 ec 0 1 1 1 e02c ffff
2 0 0 16 f1 0 1 0 1 e02c ffff
2 0 0 77 95 0 1 0 1 e02c ffff
2 0 0 7a 85 0 1 0 1 e02c ffff
2 0 1 9f d1 1 1 0 1 0000 0000
2 0 1 8b 48 1 1 0 1 0000 0000
2 0 1 17 35 1 1 0 1 0000 0000
2 0 0 8d 93 1 1 0 1 0000 0000
2 0 0 31 e3 1 1 0 1 0000 0000
2 0 1 79 75 1 1 0 1 0000 0000
2 0 0 13 a6 1 1 0 1 0000 0000
2 0 0 9d 68 1 1 0 1 0000 0000
2 0 0 0d 6f 0 1 1 1 11cf ffff
2 0 0 0c a9 0 1 0 1 11cf ffff
2 0 0 e0 9c 0 1 0 1 11cf ffff
2 0 0 31 45 0 1 0 1 11cf ffff
2 0 0 88 43 0 1 0 1 11cf ffff
2 0 1 25 b4 1 1 0 1 0000 0000
2 0 1 6e 24 1 1 0 1 0000 0000
2 0 1 7f 33 1 1 0 1 0000 0000
2 0 1 e2 15 1 1 0 1 0000 0000
2 0 0 9b 79 1 1 0 1 0000 0000
2 0 1 9b ba 1 1 0 1 0000 0000
2 0 0 fc 39 1 1 0 1 0000 0000
2 0 1 ca 9e 1 1 0 1 0000 0000
2 0 0 8b d1 0 1 1 1 f504 ffff
2 0 0 dc 91 0 1 0 1 f504 ffff
2 0 0 b9 60 0 1 0 1 f504 ffff
2 0 0 7b 29 0 1 0 1 f504 ffff
2 0 0 9f e3 0 1 0 1 f504 ffff
2 0 1 f9 c8 1 1 0 1 0000 0000
2 0 0 de 1d 1 1 0 1 0000 0000
2 0 0 29 d0 1 1 0 1 0000 0000
2 0 1 b2 f9 1 1 0 1 0000 0000
2 0 0 23 86 1 1 0 1 0000 0000
2 0 0 91 f8 1 1 0 1 0000 0000
2 0 0 25 ac 1 1 0 1 0000 0000
2 0 0 7c 5e 1 1 0 1 0000 0000
2 0 0 8e 8a 0 1 1 1 0188 ffff
2 0 0 6a 1f 0 1 0 1 0188 ffff
2 0 0 51 79 0 1 0 1 0188 ffff
2 0 0 45 34 0 1 0 1 0188 ffff
2 0 1 27 6c 1 1 0 1 0000 0000
2 0 0 97 96 1 1 0 1 0000 0000
2 0 0 5c dd 1 1 0 1 0000 0000
2 0 0 3b 10 1 1 0 1 0000 0000
2 0 1 9e 5f 1 1 0 1 0000 0000
2 0 1 bc dc 1 1 0 1 0000 0000
2 0 1 96 d5 1 1 0 1 0000 0000
2 0 1 e4 4e 1 1 0 1 0000 0000
2 0 1 43 a6 0 1 1 1 1074 ffff
2 0 1 99 28 1 1 0 1 0000 0000
2 0 0 ad 94 1 1 0 1 0000 0000
2 0 1 08 65 1 1 0 1 0000 0000
2 0 1 1e 96 1 1 0 1 0000 0000
2 0 0 42 72 1 1 0 1 0000 0000
2 0 0 19 08 1 1 0 1 0000 0000
2 0 0 e0 a5 1 1 0 1 0000 0000
2 0 0 dc 98 1 1 0 1 0000 0000
2 0 1 19 00 0 1 1 1 efe8 ffff
2 0 0 35 f1 0 1 0 1 efe8 ffff
2 0 0 45 58 0 1 0 1 efe8 ffff
2 0 0 58 14 0 1 0 1 efe8 ffff
2 0 0 03 05 0 1 0 1 efe8 ffff
2 0 1 51 c1 1 1 0 1 0000 0000
2 0 0 28 0c 1 1 0 1 0000 0000
2 0 0 af f9 1 1 0 1 0000 0000
2 0 0 0d 38 1 1 0 1 0000 0000
2 0 0 dc 44 1 1 0 1 0000 0000
2 0 0 fa 9b 1 1 0 1 0000 0000
2 0 0 a6 96 1 1 0 1 0000 0000
2 0 0 b7 8b 1 1 0 1 0000 0000
2 0 0 ec 7d 0 1 1 1 ec11 ffff
2 0 0 52 a4 0 1 0 1 ec11 ffff
2 0 0 f5 fe 0 1 0 1 ec11 ffff
2 0 0 a5 b0 0 1 0 1 ec11 ffff
2 0 1 d7 d8 1 1 0 1 0000 0000
2 0 0 d6 fb 1 1 0 1 0000 0000
2 0 0 49 b1 1 1 0 1 0000 0000
2 0 0 34 21 1 1 0 1 0000 0000
2 0 1 4b cc 1 1 0 1 0000 0000
2 0 1 90 c2 1 1 0 1 0000 0000
2 0 1 95 01 1 1 0 1 0000 0000
2 0 0 de 1e 1 1 0 1 0000 0000
2 0 1 93 02 0 1 1 1 0668 ffff
2 0 1 c9 4a 1 1 0 1 0000 0000
2 0 0 d0 7f 1 1 0 1 0000 0000
2 0 0 fd 12 1 1 0 1 0000 0000
2 0 0 63 dd 1 1 0 1 0000 0000
2 0 0 4a fb 1 1 0 1 0000 0000
2 0 1 75 18 1 1 0 1 0000 0000
2 0 0 9e 97 1 1 0 1 0000 0000
2 0 1 0b 2f 1 1 0 1 0000 0000
2 0 0 61 42 0 1 1 1 f01a ffff
2 0 0 07 ff 0 1 0 1 f01a ffff
2 0 0 ba 40 0 1 0 1 f01a ffff
2 0 0 ef e6 0 1 0 1 f01a ffff
2 0 1 88 64 1 1 0 1 0000 0000
2 0 1 21 ff 1 1 0 1 0000 0000
2 0 0 5f e4 1 1 0 1 0000 0000
2 0 0 a3 ab 1 1 0 1 0000 0000
2 0 0 0d 6d 1 1 0 1 0000 0000
2 0 0 7a 5b 1 1 0 1 0000 0000
2 0 1 f8 b0 1 1 0 1 0000 0000
2 0 1 bb 84 1 1 0 1 0000 0000
2 0 0 5e 47 0 1 1 1 d120 ffff
2 0 1 68 1c 1 1 0 1 0000 0000
2 0 0 9c 61 1 1 0 1 0000 0000
2 0 1 32 e1 1 1 0 1 0000 0000
2 0 1 5c fc 1 1 0 1 0000 0000
2 0 1 3e a3 1 1 0 1 0000 0000
2 0 0 0f c8 1 1 0 1 0000 0000
2 0 0 75 4f 1 1 0 1 0000 0000
2 0 1 8c 69 1 1 0 1 0000 0000
2 0 0 7c b7 0 1 1 1 0b60 ffff
2 0 1 fe 99 1 1 0 1 0000 0000
2 0 0 a3 4f 1 1 0 1 0000 0000
2 0 0 65 6e 1 1 0 1 0000 0000
2 0 1 cf b7 1 1 0 1 0000 0000
2 0 1 f2 50 1 1 0 1 0000 0000
2 0 1 d9 4c 1 1 0 1 0000 0000
2 0 1 f4 02 1 1 0 1 0000 0000
2 0 0 77 ea 1 1 0 1 0000 0000
2 0 1 9c 48 0 1 1 1 00ce ffff
2 0 0 c7 31 0 1 0 1 00ce ffff
2 0 0 6f d3 0 1 0 1 00ce ffff
2 0 0 f9 52 0 1 0 1 00ce ffff
2 0 0 a6 a3 0 1 0 1 00ce ffff
2 0 1 b6 08 1 1 0 1 0000 0000
2 0 1 aa 23 1 1 0 1 0000 0000
2 0 0 1c 2e 1 1 0 1 0000 0000
2 0 0 fa 24 1 1 0 1 0000 0000
2 0 0 09 b4 1 1 0 1 0000 0000
2 0 0 a8 19 1 1 0 1 0000 0000
2 0 0 c6 20 1 1 0 1 0000 0000
2 0 0 06 41 1 1 0 1 0000 0000
2 0 0 10 dd 0 1 1 1 fdb0 ffff
2 0 1 49 99 1 1 0 1 0000 0000
2 0 0 7a 2c 1 1 0 1 0000 0000
2 0 1 14 50 1 1 0 1 0000 0000
2 0 0 6d 1c 1 1 0 1 0000 0000
2 0 0 89 e7 1 1 0 1 0000 0000
2 0 0 7d 56 1 1 0 1 0000 0000
2 0 1 30 60 1 1 0 1 0000 0000
2 0 0 b2 d2 1 1 0 1 0000 0000
2 0 0 40 9f 0 1 1 1 e2a1 ffff
2 0 0 19 c7 0 1 0 1 e2a1 ffff
2 0 1 ba 31 1 1 0 1 0000 0000
2 0 1 7b 2c 1 1 0 1 0000 0000
2 0 0 e3 09 1 1 0 1 0000 0000
2 0 0 e5 6d 1 1 0 1 0000 0000
2 0 1 8d 4a 1 1 0 1 0000 0000
2 0 0 eb ba 1 1 0 1 0000 0000
2 0 1 a3 a9 1 1 0 1 0000 0000
2 0 0 12 02 1 1 0 1 0000 0000
2 0 0 ae f6 0 1 1 1 f29a ffff
2 0 0 ff 99 0 1 0 1 f29a ffff
2 0 0 37 c9 0 1 0 1 f29a ffff
2 0 1 52 cb 1 1 0 1 0000 0000
2 0 0 75 63 1 1 0 1 0000 0000
2 0 0 13 0e 1 1 0 1 0000 0000
2 0 0 08 6e 1 1 0 1 0000 0000
2 0 0 9b 3f 1 1 0 1 0000 0000
2 0 0 c0 d3 1 1 0 1 0000 0000
2 0 1 11 e0 1 1 0 1 0000 0000
2 0 0 ae 62 1 1 0 1 0000 0000
2 0 0 65 11 0 1 1 1 ef06 ffff
2 0 1 47 58 1 1 0 1 0000 0000
2 0 0 8d db 1 1 0 1 0000 0000
2 0 0 57 80 1 1 0 1 0000 0000
2 0 0 90 b6 1 1 0 1 0000 0000
2 0 0 e9 dd 1 1 0 1 0000 0000
2 0 0 0b ca 1 1 0 1 0000 0000
2 0 0 aa 05 1 1 0 1 0000 0000
2 0 1 2f 6f 1 1 0 1 0000 0000
2 0 0 8d 7c 0 1 1 1 1868 ffff
2 0 0 a2 f0 0 1 0 1 1868 ffff
2 0 0 a3 80 0 1 0 1 1868 ffff
2 0 0 2c 3c 0 1 0 1 1868 ffff
2 0 0 b2 d5 0 1 0 1 1868 ffff
2 0 0 3c de 0 1 0 1 1868 ffff
2 0 0 64 54 0 1 0 1 1868 ffff
2 0 1 5c 23 1 1 0 1 0000 0000
2 0 0 c9 72 1 1 0 1 0000 0000
2 0 0 4e 24 1 1 0 1 0000 0000
2 0 1 c1 b4 1 1 0 1 0000 0000
2 0 0 e2 d4 1 1 0 1 0000 0000
2 0 1 f2 ed 1 1 0 1 0000 0000
2 0 1 67 40 1 1 0 1 0000 0000
2 0 1 d7 0e 1 1 0 1 0000 0000
2 0 0 7c a7 0 1 1 1 0c94 ffff
2 0 0 ea 23 0 1 0 1 0c94 ffff
2 0 0 39 2b 0 1 0 1 0c94 ffff
2 0 1 43 a1 1 1 0 1 0000 0000
2 0 0 9e 92 1 1 0 1 0000 0000
2 0 0 6b 55 1 1 0 1 0000 0000
2 0 0 b9 ad 1 1 0 1 0000 0000
2 0 1 51 a4 1 1 0 1 0000 0000
2 0 0 bb ff 1 1 0 1 0000 0000
2 0 0 ff 94 1 1 0 1 0000 0000
2 0 1 03 41 1 1 0 1 0000 0000
2 0 1 e6 e7 0 1 1 1 e723 ffff
2 0 0 49 7a 0 1 0 1 e723 ffff
2 0 0 2d ec 0 1 0 1 e723 ffff
2 0 0 08 21 0 1 0 1 e723 ffff
2 0 1 af 21 1 1 0 1 0000 0000
2 0 1 b2 67 1 1 0 1 0000 0000
2 0 1 80 db 1 1 0 1 0000 0000
2 0 0 90 ba 1 1 0 1 0000 0000
2 0 1 af 74 1 1 0 1 0000 0000
2 0 0 ec e5 1 1 0 1 0000 0000
2 0 0 e7 47 1 1 0 1 0000 0000
2 0 0 a5 c3 1 1 0 1 0000 0000
2 0 0 a4 7d 0 1 1 1 f58f ffff
2 0 1 6b 97 1 1 0 1 0000 0000
2 0 0 be 41 1 1 0 1 0000 0000
2 0 0 75 7f 1 1 0 1 0000 0000
2 0 1 9e 23 1 1 0 1 0000 0000
2 0 0 ff 80 1 1 0 1 0000 0000
2 0 0 40 bd 1 1 0 1 0000 0000
2 0 0 05 b2 1 1 0 1 0000 0000
2 0 0 1a a0 1 1 0 1 0000 0000
2 0 0 e2 f0 0 1 1 1 d41d ffff
2 0 0 98 43 0 1 0 1 d41d ffff
2 0 1 b4 d5 1 1 0 1 0000 0000
2 0 0 4d 04 1 1 0 1 0000 0000
2 0 0 4f 4b 1 1 0 1 0000 0000
2 0 0 35 80 1 1 0 1 0000 0000
2 0 0 ab c6 1 1 0 1 0000 0000
2 0 0 c3 de 1 1 0 1 0000 0000
2 0 0 29 95 1 1 0 1 0000 0000
2 0 1 a9 bb 1 1 0 1 0000 0000
2 0 1 9c 7f 0 1 1 1 0cc4 ffff
2 0 0 ae 03 0 1 0 1 0cc4 ffff
2 0 0 cf d3 0 1 0 1 0cc4 ffff
2 0 1 58 f3 1 1 0 1 0000 0000
2 0 1 40 9f 1 1 0 1 0000 0000
2 0 0 47 8b 1 1 0 1 0000 0000
2 0 1 44 a2 1 1 0 1 0000 0000
2 0 0 47 82 1 1 0 1 0000 0000
2 0 0 f6 c6 1 1 0 1 0000 0000
2 0 0 b1 d1 1 1 0 1 0000 0000
2 0 0 27 ef 1 1 0 1 0000 0000
2 0 0 26 06 0 1 1 1 fb88 ffff
2 0 0 bb 4f 0 1 0 1 fb88 ffff
2 0 1 dc 81 1 1 0 1 0000 0000
2 0 1 5b 1d 1 1 0 1 0000 0000
2 0 0 0f 8f 1 1 0 1 0000 0000
2 0 0 9c e8 1 1 0 1 0000 0000
2 0 0 b4 aa 1 1 0 1 0000 0000
2 0 0 12 64 1 1 0 1 0000 0000
2 0 1 75 77 1 1 0 1 0000 0000
2 0 0 ee 58 1 1 0 1 0000 0000
2 0 1 7b 32 0 1 1 1 11dc ffff
2 0 1 59 c1 1 1 0 1 0000 0000
2 0 0 e4 01 1 1 0 1 0000 0000
2 0 0 de af 1 1 0 1 0000 0000
2 0 1 4b cf 1 1 0 1 0000 0000
2 0 0 24 f1 1 1 0 1 0000 0000
2 0 1 c4 fb 1 1 0 1 0000 0000
2 0 0 bc 73 1 1 0 1 0000 0000
2 0 0 0d 70 1 1 0 1 0000 0000
2 0 0 0c 00 0 1 1 1 ea19 ffff
2 0 1 b5 74 1 1 0 1 0000 0000
2 0 0 40 91 1 1 0 1 0000 0000
2 0 0 95 65 1 1 0 1 0000 0000
2 0 0 c2 ef 1 1 0 1 0000 0000
2 0 0 cf ec 1 1 0 1 0000 0000
2 0 0 45 a7 1 1 0 1 0000 0000
2 0 0 e5 d2 1 1 0 1 0000 0000
2 0 0 41 e6 1 1 0 1 0000 0000
2 0 0 b5 7f 0 1 1 1 de04 ffff
2 0 1 c2 7e 1 1 0 1 0000 0000
2 0 0 26 f9 1 1 0 1 0000 0000
2 0 1 18 78 1 1 0 1 0000 0000
2 0 0 6c d0 1 1 0 1 0000 0000
2 0 0 ae ea 1 1 0 1 0000 0000
2 0 0 b3 a9 1 1 0 1 0000 0000
2 0 1 80 62 1 1 0 1 0000 0000
2 0 1 ea e9 1 1 0 1 0000 0000
2 0 0 d5 7f 0 1 1 1 e17c ffff
2 0 1 0d 7f 1 1 0 1 0000 0000
2 0 0 57 93 1 1 0 1 0000 0000
2 0 0 86 3e 1 1 0 1 0000 0000
2 0 0 6d 7f 1 1 0 1 0000 0000
2 0 0 a4 86 1 1 0 1 0000 0000
2 0 0 51 af 1 1 0 1 0000 0000
2 0 0 d5 d1 1 1 0 1 0000 0000
2 0 0 36 6a 1 1 0 1 0000 0000
2 0 0 6f 44 0 1 1 1 0673 ffff
2 0 0 0b 8a 0 1 0 1 0673 ffff
2 0 0 59 85 0 1 0 1 0673 ffff
2 0 0 3d 4f 0 1 0 1 0673 ffff
2 0 1 4c ad 1 1 0 1 0000 0000
2 0 0 2c a2 1 1 0 1 0000 0000
2 0 0 e8 a9 1 1 0 1 0000 0000
2 0 0 61 79 1 1 0 1 0000 0000
2 0 0 07 76 1 1 0 1 0000 0000
2 0 0 ca 41 1 1 0 1 0000 0000
2 0 1 ae 38 1 1 0 1 0000 0000
2 0 0 70 d3 1 1 0 1 0000 0000
2 0 0 cb 53 0 1 1 1 e75c ffff
2 0 1 ee dc 1 1 0 1 0000 0000
2 0 1 08 13 1 1 0 1 0000 0000
2 0 0 a0 cf 1 1 0 1 0000 0000
2 0 1 bd a4 1 1 0 1 0000 0000
2 0 0 5d 1a 1 1 0 1 0000 0000
2 0 0 88 3f 1 1 0 1 0000 0000
2 0 0 a9 d3 1 1 0 1 0000 0000
2 0 0 52 6c 1 1 0 1 0000 0000
2 0 0 c8 07 0 1 1 1 0288 ffff
2 0 0 ee 0b 0 1 0 1 0288 ffff
2 0 0 5a 56 0 1 0 1 0288 ffff
2 0 0 6e 32 0 1 0 1 0288 ffff
2 0 0 99 c2 0 1 0 1 0288 ffff
2 0 1 ac 99 1 1 0 1 0000 0000
2 0 0 df 35 1 1 0 1 0000 0000
2 0 0 c1 78 1 1 0 1 0000 0000
2 0 0 7a 14 1 1 0 1 0000 0000
2 0 0 fa e1 1 1 0 1 0000 0000
2 0 1 b9 dd 1 1 0 1 0000 0000
2 0 0 0d 29 1 1 0 1 0000 0000
2 0 0 44 d5 1 1 0 1 0000 0000
2 0 0 f9 4a 0 1 1 1 21cc ffff
2 0 0 35 12 0 1 0 1 21cc ffff
2 0 1 d1 7e 1 1 0 1 0000 0000
2 0 1 47 9d 1 1 0 1 0000 0000
2 0 0 ce a3 1 1 0 1 0000 0000
2 0 0 82 d2 1 1 0 1 0000 0000
2 1 0 30 56 0 1 0 1 0000 ffff
2 0 1 be f9 1 1 0 1 0000 0000
2 0 0 f3 56 1 1 0 1 0000 0000
2 0 1 ee 34 1 1 0 1 0000 0000
2 0 1 42 50 1 1 0 1 0000 0000
2 0 1 21 ad 1 1 0 1 0000 0000
2 0 0 23 11 1 1 0 1 0000 0000
2 0 0 b4 f6 1 1 0 1 0000 0000
2 0 0 77 fc 1 1 0 1 0000 0000
2 0 0 63 19 0 1 1 1 01ce ffff
2 0 0 e9 f3 0 1 0 1 01ce ffff
2 0 0 70 a3 0 1 0 1 01ce ffff
2 0 1 01 a8 1 1 0 1 0000 0000
2 0 0 dd 9b 1 1 0 1 0000 0000
2 0 0 05 5c 1 1 0 1 0000 0000
2 0 0 69 17 1 1 0 1 0000 0000
2 0 1 c0 1c 1 1 0 1 0000 0000
2 0 0 f3 a1 1 1 0 1 0000 0000
2 0 1 b9 06 1 1 0 1 0000 0000
2 0 1 ce 5c 1 1 0 1 0000 0000
2 0 0 b8 ba 0 1 1 1 ffa8 ffff
2 0 0 fa fb 0 1 0 1 ffa8 ffff
2 0 0 ba 31 0 1 0 1 ffa8 ffff
2 0 0 3a 0b 0 1 0 1 ffa8 ffff
2 0 0 50 9a 0 1 0 1 ffa8 ffff
2 0 0 e6 27 0 1 0 1 ffa8 ffff
2 0 0 8e 8f 0 1 0 1 ffa8 ffff
2 0 0 1e 79 0 1 0 1 ffa8 ffff
2 0 0 b5 f2 0 1 0 1 ffa8 ffff
2 0 1 88 64 1 1 0 1 0000 0000
2 0 0 b2 3d 1 1 0 1 0000 0000
2 0 0 ca 85 1 1 0 1 0000 0000
2 0 0 ec 30 1 1 0 1 0000 0000
2 0 0 98 1d 1 1 0 1 0000 0000
2 0 0 47 96 1 1 0 1 0000 0000
2 0 0 42 d5 1 1 0 1 0000 0000
2 0 0 a5 30 1 1 0 1 0000 0000
2 0 1 53 b2 0 1 1 1 d120 ffff
2 0 0 2c 3a 0 1 0 1 d120 ffff
2 0 0 38 48 0 1 0 1 d120 ffff
2 0 0 00 fe 0 1 0 1 d120 ffff
2 0 0 07 aa 0 1 0 1 d120 ffff
2 0 0 3f 60 0 1 0 1 d120 ffff
2 1 1 27 3e 0 1 0 1 0000 ffff
2 0 0 a0 fe 0 1 0 1 0000 ffff
2 0 0 3c 17 0 1 0 1 0000 ffff
2 0 0 82 5e 0 1 0 1 0000 ffff
2 0 0 88 7e 0 1 0 1 0000 ffff
2 0 0 e5 41 0 1 0 1 0000 ffff
2 0 1 09 1a 1 1 0 1 0000 0000
2 0 0 32 e8 1 1 0 1 0000 0000
2 0 0 3e 4d 1 1 0 1 0000 0000
2 0 1 4f 82 1 1 0 1 0000 0000
2 0 0 58 6b 1 1 0 1 0000 0000
2 0 0 e1 98 1 1 0 1 0000 0000
2 0 0 9c b4 1 1 0 1 0000 0000
2 0 0 da dc 1 1 0 1 0000 0000
2 0 0 2b 7d 0 1 1 1 00ea ffff
2 0 0 8b 03 0 1 0 1 00ea ffff
2 0 1 44 70 1 1 0 1 0000 0000
2 0 0 95 24 1 1 0 1 0000 0000
2 0 0 95 a8 1 1 0 1 0000 0000
2 0 1 96 4c 1 1 0 1 0000 0000
2 0 0 4d a1 1 1 0 1 0000 0000
2 0 0 d5 78 1 1 0 1 0000 0000
2 0 0 22 ac 1 1 0 1 0000 0000
2 0 0 41 9f 1 1 0 1 0000 0000
2 0 0 e3 78 0 1 1 1 1dc0 ffff
2 0 1 91 07 1 1 0 1 0000 0000
2 0 0 ee e9 1 1 0 1 0000 0000
2 0 1 ea e9 1 1 0 1 0000 0000
2 0 1 ef be 1 1 0 1 0000 0000
2 0 0 93 c7 1 1 0 1 0000 0000
2 0 1 5c 8d 1 1 0 1 0000 0000
2 0 0 4e 62 1 1 0 1 0000 0000
2 0 0 58 ef 1 1 0 1 0000 0000
2 0 0 6a 15 0 1 1 1 fcf7 ffff
2 0 1 31 25 1 1 0 1 0000 0000
2 0 0 89 21 1 1 0 1 0000 0000
2 0 0 7e 64 1 1 0 1 0000 0000
2 0 1 78 5a 1 1 0 1 0000 0000
2 0 0 16 37 1 1 0 1 0000 0000
2 0 0 fa af 1 1 0 1 0000 0000
2 0 1 46 76 1 1 0 1 0000 0000
2 0 0 49 08 1 1 0 1 0000 0000
2 0 0 47 9c 0 1 1 1 0715 ffff
2 0 0 83 ca 0 1 0 1 0715 ffff
2 0 0 1b a4 0 1 0 1 0715 ffff
2 0 0 63 c6 0 1 0 1 0715 ffff
2 0 0 12 84 0 1 0 1 0715 ffff
2 0 1 e3 2c 1 1 0 1 0000 0000
2 0 1 cf 9f 1 1 0 1 0000 0000
2 0 1 78 a5 1 1 0 1 0000 0000
2 0 0 de 7b 1 1 0 1 0000 0000
2 0 0 eb c8 1 1 0 1 0000 0000
2 0 0 47 b1 1 1 0 1 0000 0000
2 0 0 80 cf 1 1 0 1 0000 0000
2 0 1 ce 01 1 1 0 1 0000 0000
2 0 0 f9 f3 0 1 1 1 fb04 ffff
2 0 0 54 a5 0 1 0 1 fb04 ffff
2 0 0 05 cd 0 1 0 1 fb04 ffff
2 0 0 7c 19 0 1 0 1 fb04 ffff
2 0 0 3b 24 0 1 0 1 fb04 ffff
2 0 1 d9 db 1 1 0 1 0000 0000
2 0 0 a0 0f 1 1 0 1 0000 0000
2 0 0 f3 45 1 1 0 1 0000 0000
2 0 1 0f 19 1 1 0 1 0000 0000
2 0 0 6a b1 1 1 0 1 0000 0000
2 0 1 89 e2 1 1 0 1 0000 0000
2 0 0 d9 7b 1 1 0 1 0000 0000
2 0 0 b2 43 1 1 0 1 0000 0000
2 0 1 d7 12 0 1 1 1 05a3 ffff
2 0 0 5f 31 0 1 0 1 05a3 ffff
2 0 1 ae 28 1 1 0 1 0000 0000
2 0 0 fd 10 1 1 0 1 0000 0000
2 0 0 bd 6c 1 1 0 1 0000 0000
2 1 0 8a d0 0 1 0 1 0000 ffff
2 0 0 36 5e 0 1 0 1 0000 ffff
2 0 0 b1 cf 0 1 0 1 0000 ffff
2 0 0 e6 d0 0 1 0 1 0000 ffff
2 0 0 7a 01 0 1 0 1 0000 ffff
2 0 0 0b a6 0 1 0 1 0000 ffff
2 0 0 cd 4b 0 1 0 1 0000 ffff
2 0 1 0e 55 1 1 0 1 0000 0000
2 0 1 cf b0 1 1 0 1 0000 0000
2 0 0 ff d9 1 1 0 1 0000 0000
2 0 0 8a 79 1 1 0 1 0000 0000
2 0 1 aa 14 1 1 0 1 0000 0000
2 0 0 49 80 1 1 0 1 0000 0000
2 0 1 50 99 1 1 0 1 0000 0000
2 0 0 cf 52 1 1 0 1 0000 0000
2 0 0 6c 62 0 1 1 1 04a6 ffff
2 0 0 fe 00 0 1 0 1 04a6 ffff
2 0 1 52 d7 1 1 0 1 0000 0000
2 0 0 41 41 1 1 0 1 0000 0000
2 0 0 d0 1d 1 1 0 1 0000 0000
2 0 0 72 0d 1 1 0 1 0000 0000
2 0 1 b7 3e 1 1 0 1 0000 0000
2 0 0 5e b0 1 1 0 1 0000 0000
2 0 0 6a da 1 1 0 1 0000 0000
2 0 0 70 a9 1 1 0 1 0000 0000
2 0 1 56 72 0 1 1 1 f2de ffff
2 0 1 d9 62 1 1 0 1 0000 0000
2 0 1 ef ae 1 1 0 1 0000 0000
2 0 0 75 54 1 1 0 1 0000 0000
2 0 0 5e d1 1 1 0 1 0000 0000
2 0 0 da 11 1 1 0 1 0000 0000
2 0 0 e1 e6 1 1 0 1 0000 0000
2 0 1 68 1c 1 1 0 1 0000 0000
2 0 0 9c 81 1 1 0 1 0000 0000
2 0 0 ff 94 0 1 1 1 f112 ffff
2 0 0 49 d4 0 1 0 1 f112 ffff
2 0 1 8f c7 1 1 0 1 0000 0000
2 0 1 66 ac 1 1 0 1 0000 0000
2 0 0 eb 7f 1 1 0 1 0000 0000
2 0 0 5a 41 1 1 0 1 0000 0000
2 0 0 3a 96 1 1 0 1 0000 0000
2 0 1 07 69 1 1 0 1 0000 0000
2 0 1 dd 32 1 1 0 1 0000 0000
2 0 1 8b 65 1 1 0 1 0000 0000
2 0 1 70 f7 0 1 1 1 1929 ffff
2 0 1 e8 4c 1 1 0 1 0000 0000
2 0 0 03 c0 1 1 0 1 0000 0000
2 0 0 ae 9f 1 1 0 1 0000 0000
2 0 0 3e 21 1 1 0 1 0000 0000
2 0 0 7c 1f 1 1 0 1 0000 0000
2 0 0 44 28 1 1 0 1 0000 0000
2 0 0 2c 1b 1 1 0 1 0000 0000
2 0 1 7b 15 1 1 0 1 0000 0000
2 0 1 3f 23 0 1 1 1 f8e0 ffff
2 0 0 14 a1 0 1 0 1 f8e0 ffff
2 0 0 5f ff 0 1 0 1 f8e0 ffff
2 0 0 83 85 0 1 0 1 f8e0 ffff
2 0 0 d7 36 0 1 0 1 f8e0 ffff
2 0 0 d6 db 0 1 0 1 f8e0 ffff
2 0 0 a6 6b 0 1 0 1 f8e0 ffff
2 0 1 9e c6 1 1 0 1 0000 0000
2 0 0 98 e0 1 1 0 1 0000 0000
2 0 0 1f 90 1 1 0 1 0000 0000
2 0 0 a7 2b 1 1 0 1 0000 0000
2 0 1 04 8c 1 1 0 1 0000 0000
2 0 0 44 ea 1 1 0 1 0000 0000
2 0 0 b4 e9 1 1 0 1 0000 0000
2 0 0 ff 77 1 1 0 1 0000 0000
2 0 1 fe 18 0 1 1 1 1634 ffff
2 0 0 c8 90 0 1 0 1 1634 ffff
2 0 0 1a 01 0 1 0 1 1634 ffff
2 0 0 4b e0 0 1 0 1 1634 ffff
2 0 0 29 69 0 1 0 1 1634 ffff
2 0 0 66 72 0 1 0 1 1634 ffff
2 0 0 07 d4 0 1 0 1 1634 ffff
2 0 0 78 cd 0 1 0 1 1634 ffff
2 0 0 c2 20 0 1 0 1 1634 ffff
2 0 0 0a 19 0 1 0 1 1634 ffff
2 0 0 fa 09 0 1 0 1 1634 ffff
2 0 0 cd 21 0 1 0 1 1634 ffff
2 0 0 04 14 0 1 0 1 1634 ffff
2 0 1 ef ef 1 1 0 1 0000 0000
2 0 1 d7 bd 1 1 0 1 0000 0000
2 0 1 17 77 1 1 0 1 0000 0000
2 0 0 a7 7c 1 1 0 1 0000 0000
2 0 1 8b 70 1 1 0 1 0000 0000
2 0 1 8b b0 1 1 0 1 0000 0000
2 0 0 2b ea 1 1 0 1 0000 0000
2 0 0 8d 0a 1 1 0 1 0000 0000
2 0 0 d4 8b 0 1 1 1 0121 ffff
2 0 0 86 79 0 1 0 1 0121 ffff
2 0 0 45 cb 0 1 0 1 0121 ffff
2 0 0 5f 0a 0 1 0 1 0121 ffff
2 0 1 6d 21 1 1 0 1 0000 0000
2 0 0 4a d8 1 1 0 1 0000 0000
2 0 0 48 29 1 1 0 1 0000 0000
2 0 0 73 25 1 1 0 1 0000 0000
2 0 0 fc 75 1 1 0 1 0000 0000
2 0 0 61 1f 1 1 0 1 0000 0000
2 0 1 6c e4 1 1 0 1 0000 0000
2 0 0 09 6a 1 1 0 1 0000 0000
2 0 0 57 f8 0 1 1 1 0e0d ffff
2 0 0 e8 b5 0 1 0 1 0e0d ffff
2 0 1 5a 57 1 1 0 1 0000 0000
2 0 0 58 39 1 1 0 1 0000 0000
2 0 0 16 d1 1 1 0 1 0000 0000
2 0 1 20 89 1 1 0 1 0000 0000
2 0 0 ea d2 1 1 0 1 0000 0000
2 0 0 46 aa 1 1 0 1 0000 0000
2 0 1 fb ac 1 1 0 1 0000 0000
2 0 0 5d 7d 1 1 0 1 0000 0000
2 0 0 a1 2e 0 1 1 1 1e96 ffff
2 0 0 7b 64 0 1 0 1 1e96 ffff
2 0 0 21 f2 0 1 0 1 1e96 ffff
2 0 0 f6 4d 0 1 0 1 1e96 ffff
2 0 0 ec 15 0 1 0 1 1e96 ffff
2 0 1 f0 17 1 1 0 1 0000 0000
2 0 0 14 fb 1 1 0 1 0000 0000
2 0 1 83 c8 1 1 0 1 0000 0000
2 0 0 e8 1a 1 1 0 1 0000 0000
2 0 0 a9 47 1 1 0 1 0000 0000
2 0 1 42 55 1 1 0 1 0000 0000
2 0 0 a4 82 1 1 0 1 0000 0000
2 0 0 ba 9d 1 1 0 1 0000 0000
2 0 0 c3 23 0 1 1 1 fe90 ffff
2 0 1 f9 60 1 1 0 1 0000 0000
2 0 1 da 35 1 1 0 1 0000 0000
2 0 0 1c 7f 1 1 0 1 0000 0000
2 0 0 03 fa 1 1 0 1 0000 0000
2 0 0 4c 22 1 1 0 1 0000 0000
2 0 0 40 f6 1 1 0 1 0000 0000
2 0 0 e1 90 1 1 0 1 0000 0000
2 0 0 cd f8 1 1 0 1 0000 0000
2 0 0 75 aa 0 1 1 1 fd60 ffff
2 0 0 e8 7d 0 1 0 1 fd60 ffff
2 0 0 49 91 0 1 0 1 fd60 ffff
2 0 0 f2 9c 0 1 0 1 fd60 ffff
2 0 1 b1 0d 1 1 0 1 0000 0000
2 0 1 93 35 1 1 0 1 0000 0000
2 0 0 52 9a 1 1 0 1 0000 0000
2 0 1 5d 80 1 1 0 1 0000 0000
2 0 0 17 45 1 1 0 1 0000 0000
2 0 0 05 e4 1 1 0 1 0000 0000
2 0 0 d0 8d 1 1 0 1 0000 0000
2 0 1 8b 11 1 1 0 1 0000 0000
2 0 0 a6 0b 0 1 1 1 fbfd ffff
2 0 0 35 9e 0 1 0 1 fbfd ffff
2 0 1 be b0 1 1 0 1 0000 0000
2 0 1 d1 f0 1 1 0 1 0000 0000
2 0 0 83 62 1 1 0 1 0000 0000
2 0 0 2e bb 1 1 0 1 0000 0000
2 0 0 85 20 1 1 0 1 0000 0000
2 0 0 f5 84 1 1 0 1 0000 0000
2 0 0 6c bc 1 1 0 1 0000 0000
2 0 0 67 8a 1 1 0 1 0000 0000
2 0 0 45 3e 0 1 1 1 14a0 ffff
2 0 1 7e 4b 1 1 0 1 0000 0000
2 0 0 4b 39 1 1 0 1 0000 0000
2 0 0 42 92 1 1 0 1 0000 0000
2 0 0 23 05 1 1 0 1 0000 0000
2 0 0 13 df 1 1 0 1 0000 0000
2 0 0 3e 78 1 1 0 1 0000 0000
2 0 0 80 ab 1 1 0 1 0000 0000
2 0 0 8b 4e 1 1 0 1 0000 0000
2 0 0 be 3c 0 1 1 1 24ea ffff
2 0 0 98 a9 0 1 0 1 24ea ffff
2 1 0 f5 26 0 1 0 1 0000 ffff
2 0 0 a9 88 0 1 0 1 0000 ffff
2 0 1 87 05 1 1 0 1 0000 0000
2 0 0 7c 9a 1 1 0 1 0000 0000
2 0 0 c8 b6 1 1 0 1 0000 0000
2 0 0 7e 84 1 1 0 1 0000 0000
2 0 1 dd 7b 1 1 0 1 0000 0000
2 0 1 8b bb 1 1 0 1 0000 0000
2 0 0 d9 7b 1 1 0 1 0000 0000
2 0 0 85 cb 1 1 0 1 0000 0000
2 0 0 8b 35 0 1 1 1 fda3 ffff
2 0 0 61 13 0 1 0 1 fda3 ffff
2 0 0 c0 77 0 1 0 1 fda3 ffff
2 0 1 fc 3e 1 1 0 1 0000 0000
2 0 0 44 25 1 1 0 1 0000 0000
2 0 1 80 d4 1 1 0 1 0000 0000
2 0 1 68 3f 1 1 0 1 0000 0000
2 0 1 41 01 1 1 0 1 0000 0000
2 0 0 e0 45 1 1 0 1 0000 0000
2 0 0 e9 e1 1 1 0 1 0000 0000
2 0 0 24 4c 1 1 0 1 0000 0000
2 0 1 05 c8 0 1 1 1 ff08 ffff
2 0 0 52 71 0 1 0 1 ff08 ffff
2 0 0 47 9c 0 1 0 1 ff08 ffff
2 0 1 6d 24 1 1 0 1 0000 0000
2 0 0 00 73 1 1 0 1 0000 0000
2 0 0 ae 2f 1 1 0 1 0000 0000
2 0 0 9f c4 1 1 0 1 0000 0000
2 0 0 2b 23 1 1 0 1 0000 0000
2 0 1 ee cf 1 1 0 1 0000 0000
2 0 0 6a 95 1 1 0 1 0000 0000
2 0 0 f1 89 1 1 0 1 0000 0000
2 0 0 56 c1 0 1 1 1 0f54 ffff
2 0 0 ab b9 0 1 0 1 0f54 ffff
2 0 0 c6 3c 0 1 0 1 0f54 ffff
2 0 0 1d ef 0 1 0 1 0f54 ffff
2 0 0 50 37 0 1 0 1 0f54 ffff
2 0 0 18 7d 0 1 0 1 0f54 ffff
2 0 1 cb 99 1 1 0 1 0000 0000
2 0 0 17 a0 1 1 0 1 0000 0000
2 0 0 0b 22 1 1 0 1 0000 0000
2 0 1 c4 4b 1 1 0 1 0000 0000
2 0 0 a5 83 1 1 0 1 0000 0000
2 0 0 35 06 1 1 0 1 0000 0000
2 0 0 8c 5b 1 1 0 1 0000 0000
2 0 0 c8 51 1 1 0 1 0000 0000
2 0 1 39 8f 0 1 1 1 1553 ffff
2 0 1 ac 57 1 1 0 1 0000 0000
2 0 0 71 cc 1 1 0 1 0000 0000
2 0 0 87 f2 1 1 0 1 0000 0000
2 0 1 d9 84 1 1 0 1 0000 0000
2 0 0 30 07 1 1 0 1 0000 0000
2 0 0 ed e7 1 1 0 1 0000 0000
2 0 1 34 eb 1 1 0 1 0000 0000
2 0 0 68 c8 1 1 0 1 0000 0000
2 0 0 a9 b2 0 1 1 1 e374 ffff
2 0 1 75 2f 1 1 0 1 0000 0000
2 0 0 91 73 1 1 0 1 0000 0000
2 0 1 cf 0a 1 1 0 1 0000 0000
2 0 0 85 35 1 1 0 1 0000 0000
2 0 1 f1 60 1 1 0 1 0000 0000
2 0 0 6a 00 1 1 0 1 0000 0000
2 0 1 fe 04 1 1 0 1 0000 0000
2 0 0 5d 94 1 1 0 1 0000 0000
2 0 0 b2 68 0 1 1 1 157b ffff
2 0 0 64 3e 0 1 0 1 157b ffff
2 0 0 35 f7 0 1 0 1 157b ffff
2 0 0 92 99 0 1 0 1 157b ffff
2 0 0 6a 0e 0 1 0 1 157b ffff
2 0 0 37 da 0 1 0 1 157b ffff
2 0 0 d6 bc 0 1 0 1 157b ffff
2 0 1 e8 21 1 1 0 1 0000 0000
2 0 0 cc 97 1 1 0 1 0000 0000
2 0 0 4a cf 1 1 0 1 0000 0000
2 0 0 fd b6 1 1 0 1 0000 0000
2 0 0 32 3d 1 1 0 1 0000 0000
2 0 1 fd 69 1 1 0 1 0000 0000
2 0 0 0d c1 1 1 0 1 0000 0000
2 0 0 ea 4e 1 1 0 1 0000 0000
2 0 0 a6 ff 0 1 1 1 fce8 ffff
2 0 0 a8 26 0 1 0 1 fce8 ffff
2 0 1 24 a4 1 1 0 1 0000 0000
2 0 1 e4 e0 1 1 0 1 0000 0000
2 0 0 b0 8c 1 1 0 1 0000 0000
2 0 1 eb a5 1 1 0 1 0000 0000
2 0 0 fe 2e 1 1 0 1 0000 0000
2 0 0 71 2d 1 1 0 1 0000 0000
2 0 0 f3 e0 1 1 0 1 0000 0000
2 0 0 2e dd 1 1 0 1 0000 0000
2 0 0 81 cc 0 1 1 1 f310 ffff
2 0 0 7f c4 0 1 0 1 f310 ffff
2 0 0 8e d7 0 1 0 1 f310 ffff
2 0 0 3d c0 0 1 0 1 f310 ffff
2 0 0 6f 69 0 1 0 1 f310 ffff
2 0 0 5a 96 0 1 0 1 f310 ffff
2 0 0 c6 e4 0 1 0 1 f310 ffff
2 0 0 af 4c 0 1 0 1 f310 ffff
2 0 0 75 8b 0 1 0 1 f310 ffff
2 0 0 e6 6f 0 1 0 1 f310 ffff
2 0 1 6e f6 1 1 0 1 0000 0000
2 0 0 3c b6 1 1 0 1 0000 0000
2 0 0 e2 10 1 1 0 1 0000 0000
2 0 0 7f f0 1 1 0 1 0000 0000
2 0 0 08 a6 1 1 0 1 0000 0000
2 0 0 96 e4 1 1 0 1 0000 0000
2 0 0 d4 28 1 1 0 1 0000 0000
2 0 0 44 56 1 1 0 1 0000 0000
2 0 0 94 80 0 1 1 1 fbb4 ffff
2 0 0 ca d2 0 1 0 1 fbb4 ffff
2 0 0 37 7c 0 1 0 1 fbb4 ffff
2 0 1 6c 45 1 1 0 1 0000 0000
2 0 0 a4 90 1 1 0 1 0000 0000
2 0 0 ee 45 1 1 0 1 0000 0000
2 0 0 ed 60 1 1 0 1 0000 0000
2 0 1 a2 7c 1 1 0 1 0000 0000
2 0 0 51 3d 1 1 0 1 0000 0000
2 0 1 d5 56 1 1 0 1 0000 0000
2 0 1 c6 52 1 1 0 1 0000 0000
2 0 0 2f 6f 0 1 1 1 1d1c ffff
2 0 0 a9 a0 0 1 0 1 1d1c ffff
2 0 1 95 e4 1 1 0 1 0000 0000
2 0 0 2e 64 1 1 0 1 0000 0000
2 0 0 03 8d 1 1 0 1 0000 0000
2 0 0 1d 42 1 1 0 1 0000 0000
2 0 0 e4 57 1 1 0 1 0000 0000
2 0 0 2c 2d 1 1 0 1 0000 0000
2 0 0 0e 06 1 1 0 1 0000 0000
2 0 0 60 d9 1 1 0 1 0000 0000
2 0 0 96 d5 0 1 1 1 0bb4 ffff
2 0 0 b4 ca 0 1 0 1 0bb4 ffff
2 0 0 62 9a 0 1 0 1 0bb4 ffff
2 0 1 af 9e 1 1 0 1 0000 0000
2 0 0 48 03 1 1 0 1 0000 0000
2 0 0 bd 15 1 1 0 1 0000 0000
2 0 0 b8 eb 1 1 0 1 0000 0000
2 0 0 86 46 1 1 0 1 0000 0000
2 0 0 9b 77 1 1 0 1 0000 0000
2 0 0 d5 a0 1 1 0 1 0000 0000
2 0 0 a4 25 1 1 0 1 0000 0000
2 0 1 0c 02 0 1 1 1 1f02 ffff
2 0 1 3f f7 1 1 0 1 0000 0000
2 0 1 fa 48 1 1 0 1 0000 0000
2 0 0 b9 20 1 1 0 1 0000 0000
2 0 0 09 87 1 1 0 1 0000 0000
2 0 1 62 08 1 1 0 1 0000 0000
2 0 0 5a 78 1 1 0 1 0000 0000
2 0 0 88 8b 1 1 0 1 0000 0000
2 0 0 af 70 1 1 0 1 0000 0000
2 0 0 60 03 0 1 1 1 fdc9 ffff
2 0 0 51 ab 0 1 0 1 fdc9 ffff
2 0 0 e9 dc 0 1 0 1 fdc9 ffff
2 0 1 06 f2 1 1 0 1 0000 0000
2 0 1 36 e3 1 1 0 1 0000 0000
2 0 0 f1 8e 1 1 0 1 0000 0000
2 0 0 60 22 1 1 0 1 0000 0000
2 0 0 f8 68 1 1 0 1 0000 0000
2 0 0 eb 65 1 1 0 1 0000 0000
2 0 1 07 88 1 1 0 1 0000 0000
2 0 0 c4 3e 1 1 0 1 0000 0000
2 0 1 15 5b 0 1 1 1 ffac ffff
2 0 0 a2 7c 0 1 0 1 ffac ffff
2 0 0 c7 d9 0 1 0 1 ffac ffff
2 0 0 22 e4 0 1 0 1 ffac ffff
2 0 0 2e 07 0 1 0 1 ffac ffff
2 0 0 a0 21 0 1 0 1 ffac ffff
2 0 0 ff 7d 0 1 0 1 ffac ffff
2 0 0 a9 b7 0 1 0 1 ffac ffff
2 0 0 3f 4f 0 1 0 1 ffac ffff
2 0 0 7e 46 0 1 0 1 ffac ffff
2 0 0 99 f8 0 1 0 1 ffac ffff
2 0 0 f9 fa 0 1 0 1 ffac ffff
2 0 1 98 67 1 1 0 1 0000 0000
2 0 0 a9 03 1 1 0 1 0000 0000
2 0 0 95 c4 1 1 0 1 0000 0000
2 0 0 8d 47 1 1 0 1 0000 0000
2 0 1 2d 92 1 1 0 1 0000 0000
2 0 0 fa dc 1 1 0 1 0000 0000
2 0 0 05 0f 1 1 0 1 0000 0000
2 0 0 2a ae 1 1 0 1 0000 0000
2 0 0 b5 7b 0 1 1 1 d628 ffff
2 0 0 08 4f 0 1 0 1 d628 ffff
2 0 0 e7 c3 0 1 0 1 d628 ffff
2 0 0 a5 9e 0 1 0 1 d628 ffff
2 0 0 4b 84 0 1 0 1 d628 ffff
2 0 1 ed 65 1 1 0 1 0000 0000
2 0 0 32 c0 1 1 0 1 0000 0000
2 0 0 eb 45 1 1 0 1 0000 0000
2 0 1 0b a7 1 1 0 1 0000 0000
2 0 0 58 76 1 1 0 1 0000 0000
2 0 0 3d 1d 1 1 0 1 0000 0000
2 0 1 d8 d5 1 1 0 1 0000 0000
2 0 0 fb 80 1 1 0 1 0000 0000
2 0 0 da d8 0 1 1 1 f881 ffff
2 0 0 95 da 0 1 0 1 f881 ffff
2 0 0 bb 60 0 1 0 1 f881 ffff
2 0 0 df 12 0 1 0 1 f881 ffff
2 0 1 66 a4 1 1 0 1 0000 0000
2 0 0 63 d9 1 1 0 1 0000 0000
2 0 0 87 aa 1 1 0 1 0000 0000
2 0 0 7e 5f 1 1 0 1 0000 0000
2 0 0 68 58 1 1 0 1 0000 0000
2 0 0 89 01 1 1 0 1 0000 0000
2 0 0 7b 32 1 1 0 1 0000 0000
2 0 1 c9 c0 1 1 0 1 0000 0000
2 0 1 a4 bb 0 1 1 1 db58 ffff
2 0 0 2e bb 0 1 0 1 db58 ffff
2 0 1 5f e1 1 1 0 1 0000 0000
2 0 1 a4 fb 1 1 0 1 0000 0000
2 0 1 df 25 1 1 0 1 0000 0000
2 0 1 8f b8 1 1 0 1 0000 0000
2 0 0 39 a9 1 1 0 1 0000 0000
2 0 0 2a eb 1 1 0 1 0000 0000
2 0 0 6c 37 1 1 0 1 0000 0000
2 0 0 a4 51 1 1 0 1 0000 0000
2 0 0 ca 3f 0 1 1 1 f47f ffff
2 0 0 7e a9 0 1 0 1 f47f ffff
2 0 0 f4 ce 0 1 0 1 f47f ffff
2 0 0 be 89 0 1 0 1 f47f ffff
2 0 0 c7 69 0 1 0 1 f47f ffff
2 0 0 60 fb 0 1 0 1 f47f ffff
2 0 1 e7 8d 1 1 0 1 0000 0000
2 0 0 d7 3a 1 1 0 1 0000 0000
2 0 1 c2 54 1 1 0 1 0000 0000
2 0 1 a5 40 1 1 0 1 0000 0000
2 0 1 28 9a 1 1 0 1 0000 0000
2 0 0 3c 77 1 1 0 1 0000 0000
2 0 0 10 12 1 1 0 1 0000 0000
2 0 0 fc 30 1 1 0 1 0000 0000
2 0 0 f0 eb 0 1 1 1 0b3b ffff
2 0 0 9b 0e 0 1 0 1 0b3b ffff
2 0 0 cc e5 0 1 0 1 0b3b ffff
2 0 0 a3 23 0 1 0 1 0b3b ffff
2 0 0 57 9d 0 1 0 1 0b3b ffff
2 0 0 76 09 0 1 0 1 0b3b ffff
2 0 0 b9 9b 0 1 0 1 0b3b ffff
2 0 0 7e d8 0 1 0 1 0b3b ffff
2 0 0 84 1e 0 1 0 1 0b3b ffff
2 0 0 2b 96 0 1 0 1 0b3b ffff
2 0 0 80 05 0 1 0 1 0b3b ffff
2 0 0 73 f7 0 1 0 1 0b3b ffff
2 0 0 46 fd 0 1 0 1 0b3b ffff
2 0 1 28 88 1 1 0 1 0000 0000
2 0 0 f8 d1 1 1 0 1 0000 0000
2 0 0 ca 0c 1 1 0 1 0000 0000
2 0 0 cf a8 1 1 0 1 0000 0000
2 0 0 28 73 1 1 0 1 0000 0000
2 0 0 9f 94 1 1 0 1 0000 0000
2 0 0 99 c9 1 1 0 1 0000 0000
2 0 0 ba 50 1 1 0 1 0000 0000
2 0 0 b4 62 0 1 1 1 ed40 ffff
2 0 0 7a 12 0 1 0 1 ed40 ffff
2 0 0 9c 30 0 1 0 1 ed40 ffff
2 0 0 b4 a7 0 1 0 1 ed40 ffff
2 0 1 78 19 1 1 0 1 0000 0000
2 0 0 bd 16 1 1 0 1 0000 0000
2 0 0 2a 20 1 1 0 1 0000 0000
2 0 0 be b8 1 1 0 1 0000 0000
2 0 1 0a 84 1 1 0 1 0000 0000
2 0 0 6a a9 1 1 0 1 0000 0000
2 0 0 12 84 1 1 0 1 0000 0000
2 0 0 2a 86 1 1 0 1 0000 0000
2 0 0 0e 9a 0 1 1 1 0bb8 ffff
2 0 0 c0 c3 0 1 0 1 0bb8 ffff
2 0 0 91 65 0 1 0 1 0bb8 ffff
2 0 0 9f 9b 0 1 0 1 0bb8 ffff
2 0 0 d3 af 0 1 0 1 0bb8 ffff
2 0 1 05 0a 1 1 0 1 0000 0000
2 0 0 42 3e 1 1 0 1 0000 0000
2 0 1 bd ce 1 1 0 1 0000 0000
2 0 0 4a e1 1 1 0 1 0000 0000
2 0 0 a9 41 1 1 0 1 0000 0000
2 0 0 27 e1 1 1 0 1 0000 0000
2 0 0 95 28 1 1 0 1 0000 0000
2 0 0 9f 2b 1 1 0 1 0000 0000
2 0 0 91 aa 0 1 1 1 0032 ffff
2 0 0 2b 1e 0 1 0 1 0032 ffff
2 0 1 ca d9 1 1 0 1 0000 0000
2 0 0 fd f4 1 1 0 1 0000 0000
2 0 0 c4 5c 1 1 0 1 0000 0000
2 0 1 41 b6 1 1 0 1 0000 0000
2 0 0 30 36 1 1 0 1 0000 0000
2 0 0 c1 e8 1 1 0 1 0000 0000
2 0 0 08 f2 1 1 0 1 0000 0000
2 0 1 03 fd 1 1 0 1 0000 0000
2 0 1 d8 35 0 1 1 1 083a ffff
2 0 1 b0 06 1 1 0 1 0000 0000
2 0 0 f7 7e 1 1 0 1 0000 0000
2 0 1 2c ec 1 1 0 1 0000 0000
2 0 1 71 7a 1 1 0 1 0000 0000
2 0 0 74 88 1 1 0 1 0000 0000
2 0 0 16 dd 1 1 0 1 0000 0000
2 0 1 99 a7 1 1 0 1 0000 0000
2 0 0 09 0a 1 1 0 1 0000 0000
2 0 0 22 d1 0 1 1 1 fe20 ffff
2 0 1 eb 62 1 1 0 1 0000 0000
2 0 0 cf 96 1 1 0 1 0000 0000
2 0 0 d3 72 1 1 0 1 0000 0000
2 0 1 c9 aa 1 1 0 1 0000 0000
2 0 0 8c 44 1 1 0 1 0000 0000
2 0 0 6c 9b 1 1 0 1 0000 0000
2 0 1 43 94 1 1 0 1 0000 0000
2 0 0 49 8a 1 1 0 1 0000 0000
2 0 0 61 ab 0 1 1 1 f7f6 ffff
2 0 1 16 37 1 1 0 1 0000 0000
2 0 0 85 73 1 1 0 1 0000 0000
2 0 1 4e 68 1 1 0 1 0000 0000
2 0 0 c6 a6 1 1 0 1 0000 0000
2 0 0 b3 d8 1 1 0 1 0000 0000
2 0 0 08 a9 1 1 0 1 0000 0000
2 0 0 91 6f 1 1 0 1 0000 0000
2 0 0 3c b2 1 1 0 1 0000 0000
2 0 0 32 cf 0 1 1 1 04ba ffff
2 0 0 12 20 0 1 0 1 04ba ffff
2 0 1 dc 5d 1 1 0 1 0000 0000
2 0 1 98 d8 1 1 0 1 0000 0000
2 0 1 66 3d 1 1 0 1 0000 0000
2 0 0 4b 5f 1 1 0 1 0000 0000
2 0 0 eb 56 1 1 0 1 0000 0000
2 0 1 86 fc 1 1 0 1 0000 0000
2 0 0 f7 e4 1 1 0 1 0000 0000
2 0 0 eb 22 1 1 0 1 0000 0000
2 0 0 08 b3 0 1 1 1 f2ec ffff
2 0 0 da b2 0 1 0 1 f2ec ffff
2 0 1 86 6f 1 1 0 1 0000 0000
2 0 1 23 a0 1 1 0 1 0000 0000
2 0 1 f7 c4 1 1 0 1 0000 0000
2 0 0 a2 60 1 1 0 1 0000 0000
2 0 0 7d 1f 1 1 0 1 0000 0000
2 0 0 98 9d 1 1 0 1 0000 0000
2 0 0 d1 0d 1 1 0 1 0000 0000
2 0 0 d7 5e 1 1 0 1 0000 0000
2 0 0 7d f0 0 1 1 1 cb1a ffff
2 0 0 b3 69 0 1 0 1 cb1a ffff
2 0 0 ab c7 0 1 0 1 cb1a ffff
2 0 1 5b 42 1 1 0 1 0000 0000
2 0 0 2c c3 1 1 0 1 0000 0000
2 0 1 18 c3 1 1 0 1 0000 0000
2 0 1 9c 44 1 1 0 1 0000 0000
2 0 0 91 a9 1 1 0 1 0000 0000
2 0 0 23 82 1 1 0 1 0000 0000
2 0 0 5f 54 1 1 0 1 0000 0000
2 0 0 8b 04 1 1 0 1 0000 0000
2 0 0 e1 69 0 1 1 1 1776 ffff
2 0 0 23 77 0 1 0 1 1776 ffff
2 0 0 5a a5 0 1 0 1 1776 ffff
2 0 0 e6 46 0 1 0 1 1776 ffff
2 0 1 c0 2a 1 1 0 1 0000 0000
2 0 1 a6 cc 1 1 0 1 0000 0000
2 0 1 3d a1 1 1 0 1 0000 0000
2 0 0 8c a7 1 1 0 1 0000 0000
2 0 0 c2 23 1 1 0 1 0000 0000
2 0 0 b5 cf 1 1 0 1 0000 0000
2 0 0 0b 6b 1 1 0 1 0000 0000
2 0 1 b3 5e 1 1 0 1 0000 0000
2 0 0 56 f4 0 1 1 1 f580 ffff
2 0 0 5b cc 0 1 0 1 f580 ffff
2 0 0 25 fe 0 1 0 1 f580 ffff
2 0 0 f1 48 0 1 0 1 f580 ffff
2 0 1 5d 6f 1 1 0 1 0000 0000
2 0 1 b5 86 1 1 0 1 0000 0000
2 0 1 9a e0 1 1 0 1 0000 0000
2 0 0 e9 81 1 1 0 1 0000 0000
2 0 0 5e b3 1 1 0 1 0000 0000
2 0 0 21 ab 1 1 0 1 0000 0000
2 0 1 c4 fa 1 1 0 1 0000 0000
2 0 0 09 22 1 1 0 1 0000 0000
2 0 0 f5 e1 0 1 1 1 2853 ffff
2 0 0 2d 0b 0 1 0 1 2853 ffff
2 0 1 06 0c 1 1 0 1 0000 0000
2 0 0 64 cb 1 1 0 1 0000 0000
2 0 1 d1 83 1 1 0 1 0000 0000
2 0 1 a9 91 1 1 0 1 0000 0000
2 0 0 4c 62 1 1 0 1 0000 0000
2 0 0 7e 30 1 1 0 1 0000 0000
2 0 0 07 ea 1 1 0 1 0000 0000
2 0 1 40 49 1 1 0 1 0000 0000
2 0 0 b5 a9 0 1 1 1 0048 ffff
2 0 1 fa e9 1 1 0 1 0000 0000
2 0 0 11 02 1 1 0 1 0000 0000
2 0 0 0c 9b 1 1 0 1 0000 0000
2 0 0 41 dd 1 1 0 1 0000 0000
2 0 0 f8 9f 1 1 0 1 0000 0000
2 0 1 43 d7 1 1 0 1 0000 0000
2 0 0 ab 9a 1 1 0 1 0000 0000
2 0 0 d8 b1 1 1 0 1 0000 0000
2 0 0 dc e5 0 1 1 1 008a ffff
2 0 0 61 d5 0 1 0 1 008a ffff
2 0 1 50 90 1 1 0 1 0000 0000
2 0 0 91 23 1 1 0 1 0000 0000
2 0 0 fa 1f 1 1 0 1 0000 0000
2 0 0 26 cb 1 1 0 1 0000 0000
2 0 1 2c 9d 1 1 0 1 0000 0000
2 0 1 59 aa 1 1 0 1 0000 0000
2 0 0 f2 47 1 1 0 1 0000 0000
2 0 0 fa c4 1 1 0 1 0000 0000
2 0 1 d6 79 0 1 1 1 dd00 ffff
2 0 0 7b bb 0 1 0 1 dd00 ffff
2 0 0 72 72 0 1 0 1 dd00 ffff
2 0 1 88 cd 1 1 0 1 0000 0000
2 0 0 0e 98 1 1 0 1 0000 0000
2 0 0 14 5b 1 1 0 1 0000 0000
2 0 0 94 7f 1 1 0 1 0000 0000
2 0 1 f9 b7 1 1 0 1 0000 0000
2 0 0 c4 24 1 1 0 1 0000 0000
2 0 1 27 16 1 1 0 1 0000 0000
2 0 1 de f6 1 1 0 1 0000 0000
2 0 1 02 7c 0 1 1 1 17e8 ffff
2 0 0 ed c8 0 1 0 1 17e8 ffff
2 0 1 ce 49 1 1 0 1 0000 0000
2 0 0 2a 9a 1 1 0 1 0000 0000
2 0 0 c8 42 1 1 0 1 0000 0000
2 0 1 98 80 1 1 0 1 0000 0000
2 0 1 27 b8 1 1 0 1 0000 0000
2 0 0 41 64 1 1 0 1 0000 0000
2 0 0 86 15 1 1 0 1 0000 0000
2 0 0 4a 17 1 1 0 1 0000 0000
2 0 1 c8 f9 0 1 1 1 f1be ffff
2 0 0 9c 4b 0 1 0 1 f1be ffff
2 0 0 17 30 0 1 0 1 f1be ffff
2 0 0 7c da 0 1 0 1 f1be ffff
2 0 1 80 9f 1 1 0 1 0000 0000
2 0 1 42 aa 1 1 0 1 0000 0000
2 0 0 cc 48 1 1 0 1 0000 0000
2 0 1 56 8e 1 1 0 1 0000 0000
2 0 0 d0 6a 1 1 0 1 0000 0000
2 0 0 ab 71 1 1 0 1 0000 0000
2 0 0 81 08 1 1 0 1 0000 0000
2 0 1 4a 6f 1 1 0 1 0000 0000
2 0 1 2c 68 0 1 1 1 3080 ffff
2 0 0 6e 7a 0 1 0 1 3080 ffff
2 0 1 f6 1c 1 1 0 1 0000 0000
2 0 0 1a 91 1 1 0 1 0000 0000
2 0 0 e6 14 1 1 0 1 0000 0000
2 0 0 9e 15 1 1 0 1 0000 0000
2 0 1 2e 93 1 1 0 1 0000 0000
2 0 0 4f 9b 1 1 0 1 0000 0000
2 0 0 44 00 1 1 0 1 0000 0000
2 0 1 af 75 1 1 0 1 0000 0000
2 0 1 c6 f3 0 1 1 1 fee8 ffff
2 0 0 1c 12 0 1 0 1 fee8 ffff
2 0 0 13 f2 0 1 0 1 fee8 ffff
2 0 1 a9 03 1 1 0 1 0000 0000
2 0 0 40 bb 1 1 0 1 0000 0000
2 0 0 80 0c 1 1 0 1 0000 0000
2 0 0 49 7a 1 1 0 1 0000 0000
2 0 0 4f 11 1 1 0 1 0000 0000
2 0 0 a3 6a 1 1 0 1 0000 0000
2 0 1 26 11 1 1 0 1 0000 0000
2 0 0 b1 44 1 1 0 1 0000 0000
2 0 1 c1 21 0 1 1 1 fefb ffff
2 0 0 7d df 0 1 0 1 fefb ffff
2 0 1 10 17 1 1 0 1 0000 0000
2 0 1 e2 2a 1 1 0 1 0000 0000
2 0 0 89 4b 1 1 0 1 0000 0000
2 0 0 c4 21 1 1 0 1 0000 0000
2 0 1 ca 5d 1 1 0 1 0000 0000
2 0 0 51 a4 1 1 0 1 0000 0000
2 0 1 e6 fe 1 1 0 1 0000 0000
2 0 0 86 15 1 1 0 1 0000 0000
2 0 0 b3 38 0 1 1 1 0170 ffff
2 0 0 53 59 0 1 0 1 0170 ffff
2 0 0 6b 17 0 1 0 1 0170 ffff
2 0 0 13 89 0 1 0 1 0170 ffff
2 0 1 1d 09 1 1 0 1 0000 0000
2 0 0 1b a5 1 1 0 1 0000 0000
2 0 0 48 e8 1 1 0 1 0000 0000
2 0 1 64 83 1 1 0 1 0000 0000
2 0 1 01 f5 1 1 0 1 0000 0000
2 0 0 7f 7a 1 1 0 1 0000 0000
2 0 0 3e 07 1 1 0 1 0000 0000
2 0 0 c2 3b 1 1 0 1 0000 0000
2 0 0 8c a9 0 1 1 1 0105 ffff
2 0 0 8a 13 0 1 0 1 0105 ffff
2 0 0 9e 0e 0 1 0 1 0105 ffff
2 0 1 64 9b 1 1 0 1 0000 0000
2 0 0 bb 72 1 1 0 1 0000 0000
2 0 1 c7 a1 1 1 0 1 0000 0000
2 0 1 ec 83 1 1 0 1 0000 0000
2 0 0 71 d4 1 1 0 1 0000 0000
2 0 0 3d a9 1 1 0 1 0000 0000
2 0 0 c3 71 1 1 0 1 0000 0000
2 0 0 47 22 1 1 0 1 0000 0000
2 0 0 d5 50 0 1 1 1 d88c ffff
2 0 1 a1 10 1 1 0 1 0000 0000
2 0 0 49 14 1 1 0 1 0000 0000
2 0 0 49 1c 1 1 0 1 0000 0000
2 0 0 17 8d 1 1 0 1 0000 0000
2 0 0 0e fd 1 1 0 1 0000 0000
2 0 0 d4 48 1 1 0 1 0000 0000
2 0 0 02 46 1 1 0 1 0000 0000
2 0 0 1c 7b 1 1 0 1 0000 0000
2 0 0 7f be 0 1 1 1 fa10 ffff
2 0 1 08 11 1 1 0 1 0000 0000
2 0 0 b1 d7 1 1 0 1 0000 0000
2 0 1 ed af 1 1 0 1 0000 0000
2 0 0 6a 5c 1 1 0 1 0000 0000
2 0 0 ce 4c 1 1 0 1 0000 0000
2 0 1 a6 ed 1 1 0 1 0000 0000
2 0 0 ce 84 1 1 0 1 0000 0000
2 0 0 40 09 1 1 0 1 0000 0000
2 0 1 8a f2 0 1 1 1 0088 ffff
2 0 0 74 5c 0 1 0 1 0088 ffff
2 0 0 b7 81 0 1 0 1 0088 ffff
2 0 0 3a 14 0 1 0 1 0088 ffff
2 0 1 c8 38 1 1 0 1 0000 0000
2 0 0 91 90 1 1 0 1 0000 0000
2 0 0 30 da 1 1 0 1 0000 0000
2 0 0 50 26 1 1 0 1 0000 0000
2 0 1 44 4c 1 1 0 1 0000 0000
2 0 1 21 8b 1 1 0 1 0000 0000
2 0 1 a2 37 1 1 0 1 0000 0000
2 0 0 9c 16 1 1 0 1 0000 0000
2 0 1 20 5c 0 1 1 1 f3c0 ffff
2 0 0 c1 e9 0 1 0 1 f3c0 ffff
2 0 0 23 ac 0 1 0 1 f3c0 ffff
2 0 0 07 18 0 1 0 1 f3c0 ffff
2 0 1 b5 66 1 1 0 1 0000 0000
2 0 1 c4 e7 1 1 0 1 0000 0000
2 0 0 55 f4 1 1 0 1 0000 0000
2 0 0 e3 b3 1 1 0 1 0000 0000
2 0 0 d4 60 1 1 0 1 0000 0000
2 0 0 59 4f 1 1 0 1 0000 0000
2 0 0 73 36 1 1 0 1 0000 0000
2 0 0 13 97 1 1 0 1 0000 0000
2 0 1 1e fc 0 1 1 1 e21e ffff
2 0 0 93 a5 0 1 0 1 e21e ffff
2 0 0 5d ba 0 1 0 1 e21e ffff
2 0 1 b0 7c 1 1 0 1 0000 0000
2 0 0 ae ca 1 1 0 1 0000 0000
2 0 0 42 34 1 1 0 1 0000 0000
2 0 1 ac 05 1 1 0 1 0000 0000
2 0 0 0d de 1 1 0 1 0000 0000
2 0 1 c6 59 1 1 0 1 0000 0000
2 0 0 97 bd 1 1 0 1 0000 0000
2 0 0 36 73 1 1 0 1 0000 0000
2 0 1 55 bd 0 1 1 1 d940 ffff
2 0 1 ce 50 1 1 0 1 0000 0000
2 0 0 73 92 1 1 0 1 0000 0000
2 0 0 51 25 1 1 0 1 0000 0000
2 0 0 21 a4 1 1 0 1 0000 0000
2 0 1 e8 8a 1 1 0 1 0000 0000
2 0 0 1f d8 1 1 0 1 0000 0000
2 0 0 bd 4b 1 1 0 1 0000 0000
2 0 0 42 20 1 1 0 1 0000 0000
2 0 1 69 2e 0 1 1 1 f060 ffff
2 0 0 c1 06 0 1 0 1 f060 ffff
2 0 1 ad 9b 1 1 0 1 0000 0000
2 0 1 c0 2d 1 1 0 1 0000 0000
2 0 0 7e 33 1 1 0 1 0000 0000
2 0 0 27 89 1 1 0 1 0000 0000
2 0 1 6f a0 1 1 0 1 0000 0000
2 0 0 d1 c1 1 1 0 1 0000 0000
2 0 0 cc 9e 1 1 0 1 0000 0000
2 0 1 3e 49 1 1 0 1 0000 0000
2 0 0 d5 b2 0 1 1 1 20bf ffff
2 0 0 22 7e 0 1 0 1 20bf ffff
2 0 0 c1 52 0 1 0 1 20bf ffff
2 0 0 56 68 0 1 0 1 20bf ffff
2 0 0 3f bd 0 1 0 1 20bf ffff
2 0 0 67 6a 0 1 0 1 20bf ffff
2 0 0 6f ef 0 1 0 1 20bf ffff
2 0 1 8d 07 1 1 0 1 0000 0000
2 0 0 93 dc 1 1 0 1 0000 0000
2 0 0 9f 42 1 1 0 1 0000 0000
2 0 0 f9 a7 1 1 0 1 0000 0000
2 0 1 f3 e3 1 1 0 1 0000 0000
2 0 0 29 b5 1 1 0 1 0000 0000
2 0 0 e4 ee 1 1 0 1 0000 0000
2 0 1 9e 1a 1 1 0 1 0000 0000
2 0 1 ba 6b 0 1 1 1 fcdb ffff
2 0 1 de e0 1 1 0 1 0000 0000
2 0 1 08 ef 1 1 0 1 0000 0000
2 0 0 2e c5 1 1 0 1 0000 0000
2 0 0 8c 00 1 1 0 1 0000 0000
2 0 0 0a 7b 1 1 0 1 0000 0000
2 0 1 67 e1 1 1 0 1 0000 0000
2 0 0 31 00 1 1 0 1 0000 0000
2 0 1 3a aa 1 1 0 1 0000 0000
2 0 0 14 96 0 1 1 1 0440 ffff
2 0 1 13 4a 1 1 0 1 0000 0000
2 0 1 c7 aa 1 1 0 1 0000 0000
2 0 1 e8 de 1 1 0 1 0000 0000
2 0 0 01 90 1 1 0 1 0000 0000
2 0 0 0a 8d 1 1 0 1 0000 0000
2 0 0 79 f4 1 1 0 1 0000 0000
2 0 0 5d ef 1 1 0 1 0000 0000
2 0 1 28 81 1 1 0 1 0000 0000
2 0 0 79 79 0 1 1 1 057e ffff
2 0 0 9d 3c 0 1 0 1 057e ffff
2 0 0 9c 33 0 1 0 1 057e ffff
2 0 0 d4 77 0 1 0 1 057e ffff
2 0 0 4e b9 0 1 0 1 057e ffff
2 0 0 ae 11 0 1 0 1 057e ffff
2 0 0 07 23 0 1 0 1 057e ffff
2 0 1 e5 16 1 1 0 1 0000 0000
2 0 0 93 60 1 1 0 1 0000 0000
2 0 1 59 12 1 1 0 1 0000 0000
2 0 0 db 5b 1 1 0 1 0000 0000
2 0 1 de f3 1 1 0 1 0000 0000
2 0 0 90 93 1 1 0 1 0000 0000
2 0 0 18 d8 1 1 0 1 0000 0000
2 0 0 28 dd 1 1 0 1 0000 0000
2 0 1 b2 8c 0 1 1 1 fdae ffff
2 0 0 a4 92 0 1 0 1 fdae ffff
2 0 0 7e db 0 1 0 1 fdae ffff
2 0 0 02 19 0 1 0 1 fdae ffff
2 0 1 97 1a 1 1 0 1 0000 0000
2 0 0 58 8f 1 1 0 1 0000 0000
2 0 0 f9 f9 1 1 0 1 0000 0000
2 0 0 07 b0 1 1 0 1 0000 0000
2 0 1 de c4 1 1 0 1 0000 0000
2 0 1 23 ab 1 1 0 1 0000 0000
2 0 0 65 68 1 1 0 1 0000 0000
2 0 0 00 b5 1 1 0 1 0000 0000
2 0 0 8d 7f 0 1 1 1 f556 ffff
2 0 0 7e 14 0 1 0 1 f556 ffff
2 0 1 e5 8f 1 1 0 1 0000 0000
2 0 0 c7 5d 1 1 0 1 0000 0000
2 0 0 69 0c 1 1 0 1 0000 0000
2 0 1 33 74 1 1 0 1 0000 0000
2 0 1 e2 1f 1 1 0 1 0000 0000
2 0 0 2f 72 1 1 0 1 0000 0000
2 0 0 5e 7c 1 1 0 1 0000 0000
2 0 0 a4 9c 1 1 0 1 0000 0000
2 0 0 92 78 0 1 1 1 0beb ffff
2 0 0 24 4e 0 1 0 1 0beb ffff
2 0 0 d2 23 0 1 0 1 0beb ffff
2 0 0 96 79 0 1 0 1 0beb ffff
2 0 0 61 8c 0 1 0 1 0beb ffff
2 0 0 d0 7b 0 1 0 1 0beb ffff
2 0 0 b2 c2 0 1 0 1 0beb ffff
2 0 0 8f 13 0 1 0 1 0beb ffff
2 0 0 de a2 0 1 0 1 0beb ffff
2 0 1 21 a7 1 1 0 1 0000 0000
2 0 1 e3 8d 1 1 0 1 0000 0000
2 0 0 18 94 1 1 0 1 0000 0000
2 0 0 d4 5a 1 1 0 1 0000 0000
2 0 0 a6 23 1 1 0 1 0000 0000
2 0 0 7b 9d 1 1 0 1 0000 0000
2 0 0 f8 28 1 1 0 1 0000 0000
2 0 0 07 ad 1 1 0 1 0000 0000
2 0 1 0d fb 0 1 1 1 f487 ffff
2 0 0 ce 34 0 1 0 1 f487 ffff
2 0 0 5f 53 0 1 0 1 f487 ffff
2 0 0 28 f5 0 1 0 1 f487 ffff
2 0 0 27 20 0 1 0 1 f487 ffff
2 0 0 30 4f 0 1 0 1 f487 ffff
2 0 0 ab 2d 0 1 0 1 f487 ffff
2 0 0 2c 8f 0 1 0 1 f487 ffff
2 0 0 7f 30 0 1 0 1 f487 ffff
2 0 0 97 98 0 1 0 1 f487 ffff
2 0 1 51 1c 1 1 0 1 0000 0000
2 0 0 89 ad 1 1 0 1 0000 0000
2 0 1 da af 1 1 0 1 0000 0000
2 0 0 99 ad 1 1 0 1 0000 0000
2 0 0 43 6d 1 1 0 1 0000 0000
2 0 0 77 c9 1 1 0 1 0000 0000
2 0 1 01 e5 1 1 0 1 0000 0000
2 0 0 c2 f8 1 1 0 1 0000 0000
2 0 0 6c 6d 0 1 1 1 08dc ffff
2 0 1 e7 43 1 1 0 1 0000 0000
2 0 0 a1 93 1 1 0 1 0000 0000
2 0 1 54 a5 1 1 0 1 0000 0000
2 0 0 40 02 1 1 0 1 0000 0000
2 0 0 c0 0c 1 1 0 1 0000 0000
2 0 1 89 e7 1 1 0 1 0000 0000
2 0 0 77 af 1 1 0 1 0000 0000
2 0 1 b4 e3 1 1 0 1 0000 0000
2 0 0 e1 eb 0 1 1 1 f975 ffff
2 0 0 5e 01 0 1 0 1 f975 ffff
2 0 0 1b 00 0 1 0 1 f975 ffff
2 0 0 c8 ea 0 1 0 1 f975 ffff
2 0 1 ba 3d 1 1 0 1 0000 0000
2 0 0 e4 3f 1 1 0 1 0000 0000
2 0 0 ad 8c 1 1 0 1 0000 0000
2 0 0 b5 81 1 1 0 1 0000 0000
2 0 1 69 a0 1 1 0 1 0000 0000
2 0 0 3e 4b 1 1 0 1 0000 0000
2 0 0 d9 c1 1 1 0 1 0000 0000
2 0 1 c3 1d 1 1 0 1 0000 0000
2 0 0 97 48 0 1 1 1 ef52 ffff
2 0 0 61 f4 0 1 0 1 ef52 ffff
2 0 0 ff f8 0 1 0 1 ef52 ffff
2 0 1 e9 77 1 1 0 1 0000 0000
2 0 0 a1 0d 1 1 0 1 0000 0000
2 0 0 cc 17 1 1 0 1 0000 0000
2 0 0 51 71 1 1 0 1 0000 0000
2 0 0 3b 72 1 1 0 1 0000 0000
2 0 0 16 07 1 1 0 1 0000 0000
2 0 0 07 30 1 1 0 1 0000 0000
2 0 0 2f 8f 1 1 0 1 0000 0000
2 0 0 64 47 0 1 1 1 f54f ffff
2 0 0 fa 25 0 1 0 1 f54f ffff
2 0 0 28 88 0 1 0 1 f54f ffff
2 0 1 a2 99 1 1 0 1 0000 0000
2 0 0 64 19 1 1 0 1 0000 0000
2 0 0 f9 6d 1 1 0 1 0000 0000
2 0 0 72 6c 1 1 0 1 0000 0000
2 0 0 65 2a 1 1 0 1 0000 0000
2 0 1 99 16 1 1 0 1 0000 0000
2 0 0 c8 64 1 1 0 1 0000 0000
2 0 0 ab 85 1 1 0 1 0000 0000
2 0 1 49 14 0 1 1 1 25d2 ffff
2 0 1 c0 85 1 1 0 1 0000 0000
2 0 0 ea 13 1 1 0 1 0000 0000
2 0 0 70 bd 1 1 0 1 0000 0000
2 0 0 0f 2e 1 1 0 1 0000 0000
2 0 0 6a b5 1 1 0 1 0000 0000
2 0 0 d1 7e 1 1 0 1 0000 0000
2 0 1 dd eb 1 1 0 1 0000 0000
2 0 0 40 ee 1 1 0 1 0000 0000
2 0 0 00 bf 0 1 1 1 1ec0 ffff
2 0 1 44 69 1 1 0 1 0000 0000
2 0 0 2a cc 1 1 0 1 0000 0000
2 0 0 fe 46 1 1 0 1 0000 0000
2 0 0 4b 71 1 1 0 1 0000 0000
2 0 1 43 1f 1 1 0 1 0000 0000
2 0 0 6c 4b 1 1 0 1 0000 0000
2 0 0 de fe 1 1 0 1 0000 0000
2 0 1 ac ba 1 1 0 1 0000 0000
2 0 0 6b 18 0 1 1 1 1be4 ffff
2 0 1 82 7b 1 1 0 1 0000 0000
2 0 1 cf 6b 1 1 0 1 0000 0000
2 0 1 be df 1 1 0 1 0000 0000
2 0 0 f0 4a 1 1 0 1 0000 0000
2 0 1 91 4d 1 1 0 1 0000 0000
2 0 0 d8 6e 1 1 0 1 0000 0000
2 0 0 e6 6d 1 1 0 1 0000 0000
2 0 0 7a 14 1 1 0 1 0000 0000
2 0 0 f8 96 0 1 1 1 c376 ffff
2 0 0 6c 9d 0 1 0 1 c376 ffff
2 0 1 6f f8 1 1 0 1 0000 0000
2 0 0 a4 7b 1 1 0 1 0000 0000
2 0 0 7f 14 1 1 0 1 0000 0000
2 0 1 4d 20 1 1 0 1 0000 0000
2 0 0 05 39 1 1 0 1 0000 0000
2 0 0 4b ea 1 1 0 1 0000 0000
2 0 0 01 bb 1 1 0 1 0000 0000
2 0 0 8d 04 1 1 0 1 0000 0000
2 0 0 4a 82 0 1 1 1 fc88 ffff
2 0 0 f8 34 0 1 0 1 fc88 ffff
2 0 0 bb 48 0 1 0 1 fc88 ffff
2 0 0 52 c2 0 1 0 1 fc88 ffff
2 0 0 50 1f 0 1 0 1 fc88 ffff
2 0 0 07 94 0 1 0 1 fc88 ffff
2 0 0 9a 69 0 1 0 1 fc88 ffff
2 0 1 39 4c 1 1 0 1 0000 0000
2 0 0 40 8a 1 1 0 1 0000 0000
2 0 0 43 c8 1 1 0 1 0000 0000
2 0 0 fe 10 1 1 0 1 0000 0000
2 0 0 f5 70 1 1 0 1 0000 0000
2 0 0 d5 9c 1 1 0 1 0000 0000
2 0 0 66 09 1 1 0 1 0000 0000
2 0 1 95 ae 1 1 0 1 0000 0000
2 0 0 92 f4 0 1 1 1 10ec ffff
2 0 0 81 e5 0 1 0 1 10ec ffff
2 0 0 73 2f 0 1 0 1 10ec ffff
2 0 0 21 4a 0 1 0 1 10ec ffff
2 0 1 f1 a2 1 1 0 1 0000 0000
2 0 1 b3 11 1 1 0 1 0000 0000
2 0 0 7c 25 1 1 0 1 0000 0000
2 0 0 55 fd 1 1 0 1 0000 0000
2 0 0 8e 53 1 1 0 1 0000 0000
2 0 0 95 73 1 1 0 1 0000 0000
2 0 1 ac b2 1 1 0 1 0000 0000
2 0 0 92 b6 1 1 0 1 0000 0000
2 0 0 18 d9 0 1 1 1 0582 ffff
2 0 0 7c 4c 0 1 0 1 0582 ffff
2 0 0 39 71 0 1 0 1 0582 ffff
2 0 0 f8 b4 0 1 0 1 0582 ffff
2 0 1 21 98 1 1 0 1 0000 0000
2 0 0 78 f3 1 1 0 1 0000 0000
2 0 0 f2 2d 1 1 0 1 0000 0000
2 0 0 11 79 1 1 0 1 0000 0000
2 0 0 63 e1 1 1 0 1 0000 0000
2 0 0 7a 7c 1 1 0 1 0000 0000
2 0 0 8d 2e 1 1 0 1 0000 0000
2 0 1 a5 b6 1 1 0 1 0000 0000
2 0 0 75 ed 0 1 1 1 f298 ffff
2 0 0 9a 18 0 1 0 1 f298 ffff
2 0 1 ae f6 1 1 0 1 0000 0000
2 0 0 f5 af 1 1 0 1 0000 0000
2 0 1 ef 90 1 1 0 1 0000 0000
2 0 1 db 8d 1 1 0 1 0000 0000
2 0 0 5b f1 1 1 0 1 0000 0000
2 0 0 82 a7 1 1 0 1 0000 0000
2 0 0 fa bb 1 1 0 1 0000 0000
2 0 0 af b8 1 1 0 1 0000 0000
2 0 1 e0 fa 0 1 1 1 0334 ffff
2 0 1 0e 68 1 1 0 1 0000 0000
2 0 0 5d ca 1 1 0 1 0000 0000
2 0 0 86 4e 1 1 0 1 0000 0000
2 0 0 19 08 1 1 0 1 0000 0000
2 0 1 1c ca 1 1 0 1 0000 0000
2 0 1 a8 50 1 1 0 1 0000 0000
2 0 1 7f 99 1 1 0 1 0000 0000
2 0 0 52 c1 1 1 0 1 0000 0000
2 0 1 f9 61 0 1 1 1 05b0 ffff
2 0 0 22 25 0 1 0 1 05b0 ffff
2 0 0 31 37 0 1 0 1 05b0 ffff
2 0 1 d1 51 1 1 0 1 0000 0000
2 0 0 d6 bd 1 1 0 1 0000 0000
2 0 0 27 0b 1 1 0 1 0000 0000
2 0 0 86 e1 1 1 0 1 0000 0000
2 0 0 19 e4 1 1 0 1 0000 0000
2 0 0 ce a9 1 1 0 1 0000 0000
2 0 0 ea 2a 1 1 0 1 0000 0000
2 0 0 67 bc 1 1 0 1 0000 0000
2 0 0 58 c7 0 1 1 1 f121 ffff
2 0 1 14 ff 1 1 0 1 0000 0000
2 0 0 f6 bb 1 1 0 1 0000 0000
2 0 0 84 de 1 1 0 1 0000 0000
2 0 0 39 ec 1 1 0 1 0000 0000
2 0 0 ea b8 1 1 0 1 0000 0000
2 0 0 d3 30 1 1 0 1 0000 0000
2 0 0 a5 2f 1 1 0 1 0000 0000
2 0 0 7f 87 1 1 0 1 0000 0000
2 0 0 80 b9 0 1 1 1 ffec ffff
2 0 0 9b 94 0 1 0 1 ffec ffff
2 0 1 52 be 1 1 0 1 0000 0000
2 0 1 29 82 1 1 0 1 0000 0000
2 0 0 7c 85 1 1 0 1 0000 0000
2 0 0 09 f5 1 1 0 1 0000 0000
2 0 1 a9 8e 1 1 0 1 0000 0000
2 0 0 93 5d 1 1 0 1 0000 0000
2 0 0 2f c7 1 1 0 1 0000 0000
2 0 1 79 61 1 1 0 1 0000 0000
2 0 1 fa 99 0 1 1 1 eadc ffff
2 0 1 94 64 1 1 0 1 0000 0000
2 0 1 dc e8 1 1 0 1 0000 0000
2 0 0 30 3e 1 1 0 1 0000 0000
2 0 1 8c 9c 1 1 0 1 0000 0000
2 0 1 d2 9b 1 1 0 1 0000 0000
2 0 0 7e 4a 1 1 0 1 0000 0000
2 0 1 43 a3 1 1 0 1 0000 0000
2 0 0 81 22 1 1 0 1 0000 0000
2 0 1 6c 59 0 1 1 1 d5d0 ffff
2 0 1 bd 18 1 1 0 1 0000 0000
2 0 1 38 8a 1 1 0 1 0000 0000
2 0 0 02 4b 1 1 0 1 0000 0000
2 0 0 a9 14 1 1 0 1 0000 0000
2 0 0 06 34 1 1 0 1 0000 0000
2 0 0 3a 47 1 1 0 1 0000 0000
2 0 0 be 28 1 1 0 1 0000 0000
2 0 0 75 f8 1 1 0 1 0000 0000
2 0 1 9c c9 0 1 1 1 f9b8 ffff
2 0 0 af ad 0 1 0 1 f9b8 ffff
2 0 0 88 6a 0 1 0 1 f9b8 ffff
2 0 0 f4 84 0 1 0 1 f9b8 ffff
2 0 0 1e f8 0 1 0 1 f9b8 ffff
2 0 0 c9 59 0 1 0 1 f9b8 ffff
2 0 0 b9 6f 0 1 0 1 f9b8 ffff
2 0 1 94 04 1 1 0 1 0000 0000
2 0 0 3a 99 1 1 0 1 0000 0000
2 0 0 75 47 1 1 0 1 0000 0000
2 0 0 07 bb 1 1 0 1 0000 0000
2 0 1 84 b2 1 1 0 1 0000 0000
2 0 0 47 1d 1 1 0 1 0000 0000
2 0 1 8e 5c 1 1 0 1 0000 0000
2 0 0 34 1f 1 1 0 1 0000 0000
2 0 0 1c 76 0 1 1 1 fe50 ffff
2 0 1 0f 57 1 1 0 1 0000 0000
2 0 0 d7 46 1 1 0 1 0000 0000
2 0 0 b6 6f 1 1 0 1 0000 0000
2 0 0 96 8b 1 1 0 1 0000 0000
2 0 0 86 28 1 1 0 1 0000 0000
2 0 0 71 a5 1 1 0 1 0000 0000
2 0 1 91 1c 1 1 0 1 0000 0000
2 0 0 1a dd 1 1 0 1 0000 0000
2 0 0 71 ec 0 1 1 1 0519 ffff
2 0 0 1e 8f 0 1 0 1 0519 ffff
2 0 1 12 8f 1 1 0 1 0000 0000
2 0 0 ee 49 1 1 0 1 0000 0000
2 0 1 97 f8 1 1 0 1 0000 0000
2 0 0 c1 28 1 1 0 1 0000 0000
2 0 0 04 fd 1 1 0 1 0000 0000
2 0 1 44 36 1 1 0 1 0000 0000
2 0 0 d0 78 1 1 0 1 0000 0000
2 0 0 42 4d 1 1 0 1 0000 0000
2 0 0 a1 5e 0 1 1 1 f80e ffff
2 0 0 4e 06 0 1 0 1 f80e ffff
2 0 0 96 9c 0 1 0 1 f80e ffff
2 0 1 dc 92 1 1 0 1 0000 0000
2 0 0 65 aa 1 1 0 1 0000 0000
2 0 1 b7 1d 1 1 0 1 0000 0000
2 0 0 96 df 1 1 0 1 0000 0000
2 0 0 12 bc 1 1 0 1 0000 0000
2 0 0 7a 13 1 1 0 1 0000 0000
2 0 0 be f6 1 1 0 1 0000 0000
2 0 1 b9 c7 1 1 0 1 0000 0000
2 0 0 ad 60 0 1 1 1 0f78 ffff
2 0 1 70 8e 1 1 0 1 0000 0000
2 0 0 98 1e 1 1 0 1 0000 0000
2 0 1 65 85 1 1 0 1 0000 0000
2 0 0 6b 58 1 1 0 1 0000 0000
2 0 0 b9 73 1 1 0 1 0000 0000
2 0 1 49 e3 1 1 0 1 0000 0000
2 0 0 30 7c 1 1 0 1 0000 0000
2 0 0 9a d0 1 1 0 1 0000 0000
2 0 0 aa 86 0 1 1 1 ce20 ffff
2 0 1 8f ba 1 1 0 1 0000 0000
2 0 0 5d 5d 1 1 0 1 0000 0000
2 0 1 1d ee 1 1 0 1 0000 0000
2 0 0 77 a7 1 1 0 1 0000 0000
2 0 0 53 18 1 1 0 1 0000 0000
2 0 0 71 91 1 1 0 1 0000 0000
2 0 1 61 cf 1 1 0 1 0000 0000
2 0 0 a6 c5 1 1 0 1 0000 0000
2 0 0 12 79 0 1 1 1 1ee6 ffff
2 0 1 5b d2 1 1 0 1 0000 0000
2 0 0 80 2c 1 1 0 1 0000 0000
2 0 0 ac 77 1 1 0 1 0000 0000
2 0 0 66 46 1 1 0 1 0000 0000
2 0 1 f9 ab 1 1 0 1 0000 0000
2 0 0 48 7c 1 1 0 1 0000 0000
2 0 0 44 32 1 1 0 1 0000 0000
2 0 0 e6 e5 1 1 0 1 0000 0000
2 0 0 a0 f9 0 1 1 1 efa6 ffff
2 0 0 40 8b 0 1 0 1 efa6 ffff
2 0 1 1d fd 1 1 0 1 0000 0000
2 1 0 96 c1 0 1 0 1 0000 ffff
2 0 0 90 f3 0 1 0 1 0000 ffff
2 0 1 57 dd 1 1 0 1 0000 0000
2 0 0 76 12 1 1 0 1 0000 0000
2 0 0 f5 61 1 1 0 1 0000 0000
2 0 1 4d 3e 1 1 0 1 0000 0000
2 0 0 96 5c 1 1 0 1 0000 0000
2 0 0 69 a1 1 1 0 1 0000 0000
2 0 0 b5 0b 1 1 0 1 0000 0000
2 0 1 40 78 1 1 0 1 0000 0000
2 0 0 55 47 0 1 1 1 f41b ffff
2 0 0 68 71 0 1 0 1 f41b ffff
2 0 0 d2 f7 0 1 0 1 f41b ffff
2 0 1 c2 a1 1 1 0 1 0000 0000
2 0 1 7d 31 1 1 0 1 0000 0000
2 0 1 19 f9 1 1 0 1 0000 0000
2 0 0 79 d2 1 1 0 1 0000 0000
2 0 1 91 f9 1 1 0 1 0000 0000
2 0 0 f8 87 1 1 0 1 0000 0000
2 0 0 a3 87 1 1 0 1 0000 0000
2 0 0 08 6f 1 1 0 1 0000 0000
2 0 0 27 37 0 1 1 1 1702 ffff
2 0 1 42 1b 1 1 0 1 0000 0000
2 0 0 77 6f 1 1 0 1 0000 0000
2 0 0 9b 76 1 1 0 1 0000 0000
2 0 0 96 91 1 1 0 1 0000 0000
2 0 1 0a f7 1 1 0 1 0000 0000
2 0 1 e7 70 1 1 0 1 0000 0000
2 0 0 3a 6d 1 1 0 1 0000 0000
2 0 0 76 c6 1 1 0 1 0000 0000
2 0 1 f4 d9 0 1 1 1 06f6 ffff
2 0 0 65 af 0 1 0 1 06f6 ffff
2 0 0 a0 11 0 1 0 1 06f6 ffff
2 0 0 5d f9 0 1 0 1 06f6 ffff
2 0 1 e2 8e 1 1 0 1 0000 0000
2 0 0 c3 61 1 1 0 1 0000 0000
2 0 0 2a c7 1 1 0 1 0000 0000
2 0 0 7b 20 1 1 0 1 0000 0000
2 0 0 bb 0d 1 1 0 1 0000 0000
2 0 0 04 11 1 1 0 1 0000 0000
2 0 0 1b 42 1 1 0 1 0000 0000
2 0 0 d8 a1 1 1 0 1 0000 0000
2 0 0 79 13 0 1 1 1 0d5c ffff
2 0 0 48 52 0 1 0 1 0d5c ffff
2 0 0 91 8a 0 1 0 1 0d5c ffff
2 0 1 f5 3a 1 1 0 1 0000 0000
2 0 0 aa f2 1 1 0 1 0000 0000
2 0 0 3e d1 1 1 0 1 0000 0000
2 0 0 ef 0b 1 1 0 1 0000 0000
2 0 0 07 08 1 1 0 1 0000 0000
2 0 0 6e 00 1 1 0 1 0000 0000
2 0 0 af ef 1 1 0 1 0000 0000
2 0 0 5a df 1 1 0 1 0000 0000
2 0 1 d2 67 0 1 1 1 fd82 ffff
2 0 0 88 d9 0 1 0 1 fd82 ffff
2 0 0 2c f6 0 1 0 1 fd82 ffff
2 0 0 2a 73 0 1 0 1 fd82 ffff
2 0 0 e8 52 0 1 0 1 fd82 ffff
2 0 0 1f da 0 1 0 1 fd82 ffff
2 0 0 4d c5 0 1 0 1 fd82 ffff
2 0 0 f2 a6 0 1 0 1 fd82 ffff
2 0 0 8a 01 0 1 0 1 fd82 ffff
2 0 1 4e 82 1 1 0 1 0000 0000
2 0 0 69 05 1 1 0 1 0000 0000
2 0 0 09 a5 1 1 0 1 0000 0000
2 0 0 e7 8f 1 1 0 1 0000 0000
2 0 1 8e e5 1 1 0 1 0000 0000
2 0 0 27 c7 1 1 0 1 0000 0000
2 0 0 6c 5c 1 1 0 1 0000 0000
2 0 0 c2 46 1 1 0 1 0000 0000
2 0 0 3f e2 0 1 1 1 d99c ffff
2 0 0 3e 7d 0 1 0 1 d99c ffff
2 0 0 b4 3f 0 1 0 1 d99c ffff
2 0 0 9e 6b 0 1 0 1 d99c ffff
2 0 0 2b a6 0 1 0 1 d99c ffff
2 0 0 29 d4 0 1 0 1 d99c ffff
2 0 0 fd 4d 0 1 0 1 d99c ffff
2 0 0 d5 7b 0 1 0 1 d99c ffff
2 0 0 d2 5d 0 1 0 1 d99c ffff
2 0 0 3d 9c 0 1 0 1 d99c ffff
2 0 0 c3 19 0 1 0 1 d99c ffff
2 0 1 c6 36 1 1 0 1 0000 0000
2 0 0 63 f8 1 1 0 1 0000 0000
2 0 1 90 bc 1 1 0 1 0000 0000
2 0 0 4d 26 1 1 0 1 0000 0000
2 0 1 b2 10 1 1 0 1 0000 0000
2 0 0 3e 5a 1 1 0 1 0000 0000
2 0 0 15 5d 1 1 0 1 0000 0000
2 0 0 13 c8 1 1 0 1 0000 0000
2 0 0 96 b8 0 1 1 1 f3c4 ffff
2 0 1 ab 01 1 1 0 1 0000 0000
2 0 0 7f 3a 1 1 0 1 0000 0000
2 0 0 a5 fe 1 1 0 1 0000 0000
2 0 1 f6 76 1 1 0 1 0000 0000
2 0 0 3b e0 1 1 0 1 0000 0000
2 0 1 26 ff 1 1 0 1 0000 0000
2 0 0 69 38 1 1 0 1 0000 0000
2 0 0 b7 b3 1 1 0 1 0000 0000
2 0 0 7b 4e 0 1 1 1 ffab ffff
2 0 1 49 f1 1 1 0 1 0000 0000
2 0 0 99 5a 1 1 0 1 0000 0000
2 0 0 b1 88 1 1 0 1 0000 0000
2 0 0 34 12 1 1 0 1 0000 0000
2 0 1 21 e1 1 1 0 1 0000 0000
2 0 0 c6 25 1 1 0 1 0000 0000
2 0 1 4e ad 1 1 0 1 0000 0000
2 0 0 ed a3 1 1 0 1 0000 0000
2 0 1 0d 04 0 1 1 1 fbb9 ffff
2 0 0 45 e2 0 1 0 1 fbb9 ffff
2 0 0 0a 49 0 1 0 1 fbb9 ffff
2 0 1 89 44 1 1 0 1 0000 0000
2 0 0 f7 ca 1 1 0 1 0000 0000
2 0 1 0b c7 1 1 0 1 0000 0000
2 0 0 4c 3a 1 1 0 1 0000 0000
2 0 0 7f 4f 1 1 0 1 0000 0000
2 0 0 d0 0c 1 1 0 1 0000 0000
2 0 0 f9 53 1 1 0 1 0000 0000
2 0 0 bc 4b 1 1 0 1 0000 0000
2 0 0 7d ea 0 1 1 1 e064 ffff
2 0 0 0f cc 0 1 0 1 e064 ffff
2 0 0 b9 bf 0 1 0 1 e064 ffff
2 0 0 3a d3 0 1 0 1 e064 ffff
2 0 1 62 da 1 1 0 1 0000 0000
2 0 0 d2 fd 1 1 0 1 0000 0000
2 0 1 f9 48 1 1 0 1 0000 0000
2 0 0 fa 30 1 1 0 1 0000 0000
2 0 0 2e 50 1 1 0 1 0000 0000
2 0 0 05 37 1 1 0 1 0000 0000
2 0 0 3c 84 1 1 0 1 0000 0000
2 0 1 23 a5 1 1 0 1 0000 0000
2 0 0 00 00 0 1 1 1 f174 ffff
2 0 0 1a 8d 0 1 0 1 f174 ffff
2 0 0 e1 18 0 1 0 1 f174 ffff
2 0 0 e5 9a 0 1 0 1 f174 ffff
2 0 0 89 4b 0 1 0 1 f174 ffff
2 0 1 5a 41 1 1 0 1 0000 0000
2 0 1 2e fd 1 1 0 1 0000 0000
2 0 0 a8 14 1 1 0 1 0000 0000
2 0 0 d5 03 1 1 0 1 0000 0000
2 0 1 fa b4 1 1 0 1 0000 0000
2 0 0 02 9f 1 1 0 1 0000 0000
2 0 1 f5 f5 1 1 0 1 0000 0000
2 0 0 f7 4c 1 1 0 1 0000 0000
2 0 0 5a 39 0 1 1 1 16da ffff
2 0 1 7b e0 1 1 0 1 0000 0000
2 0 0 67 5d 1 1 0 1 0000 0000
2 0 1 de 9e 1 1 0 1 0000 0000
2 0 1 d7 2b 1 1 0 1 0000 0000
2 0 0 7b 13 1 1 0 1 0000 0000
2 0 0 45 e2 1 1 0 1 0000 0000
2 0 0 69 dd 1 1 0 1 0000 0000
2 0 0 ac 71 1 1 0 1 0000 0000
2 0 0 b1 60 0 1 1 1 f0a0 ffff
2 0 1 d4 b7 1 1 0 1 0000 0000
2 0 0 fb ee 1 1 0 1 0000 0000
2 0 0 30 2d 1 1 0 1 0000 0000
2 0 1 77 d0 1 1 0 1 0000 0000
2 0 1 95 b4 1 1 0 1 0000 0000
2 0 0 50 39 1 1 0 1 0000 0000
2 0 0 78 49 1 1 0 1 0000 0000
2 0 0 be d6 1 1 0 1 0000 0000
2 0 1 58 55 0 1 1 1 0c8c ffff
2 0 1 33 45 1 1 0 1 0000 0000
2 0 0 1b 06 1 1 0 1 0000 0000
2 0 0 a9 9b 1 1 0 1 0000 0000
2 0 1 29 6e 1 1 0 1 0000 0000
2 0 0 78 7c 1 1 0 1 0000 0000
2 0 1 f1 bd 1 1 0 1 0000 0000
2 0 1 66 22 1 1 0 1 0000 0000
2 0 0 46 8e 1 1 0 1 0000 0000
2 0 1 0b 93 0 1 1 1 0dbf ffff
2 0 0 ca 38 0 1 0 1 0dbf ffff
2 0 0 d4 04 0 1 0 1 0dbf ffff
2 0 0 be 48 0 1 0 1 0dbf ffff
2 0 0 2d 6a 0 1 0 1 0dbf ffff
2 0 0 fe 7e 0 1 0 1 0dbf ffff
2 0 0 3c c1 0 1 0 1 0dbf ffff
2 0 0 e0 e6 0 1 0 1 0dbf ffff
2 0 1 f5 c1 1 1 0 1 0000 0000
2 0 0 25 92 1 1 0 1 0000 0000
2 0 0 1d ea 1 1 0 1 0000 0000
2 0 1 76 67 1 1 0 1 0000 0000
2 0 0 e2 8e 1 1 0 1 0000 0000
2 0 1 fd 32 1 1 0 1 0000 0000
2 0 1 7c a3 1 1 0 1 0000 0000
2 0 0 48 ce 1 1 0 1 0000 0000
2 0 0 5a 41 0 1 1 1 02b5 ffff
2 0 0 6f 7e 0 1 0 1 02b5 ffff
2 0 0 f3 8c 0 1 0 1 02b5 ffff
2 0 1 31 01 1 1 0 1 0000 0000
2 0 0 ff d2 1 1 0 1 0000 0000
2 0 0 51 08 1 1 0 1 0000 0000
2 0 0 9a ce 1 1 0 1 0000 0000
2 0 0 fa c9 1 1 0 1 0000 0000
2 0 0 8f 5a 1 1 0 1 0000 0000
2 0 0 da b8 1 1 0 1 0000 0000
2 0 0 8d 1f 1 1 0 1 0000 0000
2 0 0 cc ca 0 1 1 1 0031 ffff
2 0 1 db a2 1 1 0 1 0000 0000
2 0 0 0c d2 1 1 0 1 0000 0000
2 0 1 98 da 1 1 0 1 0000 0000
2 0 1 c9 82 1 1 0 1 0000 0000
2 0 0 d5 e8 1 1 0 1 0000 0000
2 0 0 a0 71 1 1 0 1 0000 0000
2 0 0 99 06 1 1 0 1 0000 0000
2 0 0 b7 e6 1 1 0 1 0000 0000
2 0 0 2e a1 0 1 1 1 0d96 ffff
2 0 0 87 69 0 1 0 1 0d96 ffff
2 0 0 08 de 0 1 0 1 0d96 ffff
2 0 0 43 d8 0 1 0 1 0d96 ffff
2 0 0 ec 3a 0 1 0 1 0d96 ffff
2 0 0 6f d8 0 1 0 1 0d96 ffff
2 0 0 62 7a 0 1 0 1 0d96 ffff
2 0 0 39 f5 0 1 0 1 0d96 ffff
2 0 0 55 5a 0 1 0 1 0d96 ffff
2 0 0 61 12 0 1 0 1 0d96 ffff
2 0 0 fb 5d 0 1 0 1 0d96 ffff
2 0 1 86 72 1 1 0 1 0000 0000
2 0 0 f8 0f 1 1 0 1 0000 0000
2 0 1 3d 4e 1 1 0 1 0000 0000
2 0 0 7d 16 1 1 0 1 0000 0000
2 0 0 7e 10 1 1 0 1 0000 0000
2 0 0 ce f0 1 1 0 1 0000 0000
2 0 0 59 15 1 1 0 1 0000 0000
2 0 0 7f d3 1 1 0 1 0000 0000
2 0 0 bc 26 0 1 1 1 c9ac ffff
2 0 0 f4 93 0 1 0 1 c9ac ffff
2 0 1 61 0f 1 1 0 1 0000 0000
2 0 0 2f bf 1 1 0 1 0000 0000
2 0 1 d9 f5 1 1 0 1 0000 0000
2 0 0 e3 a4 1 1 0 1 0000 0000
2 0 1 6c 24 1 1 0 1 0000 0000
2 0 0 af 2c 1 1 0 1 0000 0000
2 0 0 1e 85 1 1 0 1 0000 0000
2 0 0 be 5b 1 1 0 1 0000 0000
2 0 0 d3 d4 0 1 1 1 05af ffff
2 0 1 73 3a 1 1 0 1 0000 0000
2 0 0 19 b2 1 1 0 1 0000 0000
2 0 0 4a 80 1 1 0 1 0000 0000
2 0 0 09 46 1 1 0 1 0000 0000
2 0 1 9e 46 1 1 0 1 0000 0000
2 0 0 b3 11 1 1 0 1 0000 0000
2 0 1 24 46 1 1 0 1 0000 0000
2 0 1 c9 94 1 1 0 1 0000 0000
2 0 0 12 04 0 1 1 1 1a0e ffff
2 0 0 9f 71 0 1 0 1 1a0e ffff
2 0 0 92 c6 0 1 0 1 1a0e ffff
2 0 1 83 16 1 1 0 1 0000 0000
2 0 0 c5 75 1 1 0 1 0000 0000
2 0 0 a5 5c 1 1 0 1 0000 0000
2 0 0 5a ba 1 1 0 1 0000 0000
2 0 1 73 68 1 1 0 1 0000 0000
2 0 0 0a 39 1 1 0 1 0000 0000
2 0 0 84 09 1 1 0 1 0000 0000
2 0 0 19 05 1 1 0 1 0000 0000
2 0 0 e3 28 0 1 1 1 f542 ffff
2 0 0 88 dc 0 1 0 1 f542 ffff
2 0 0 e9 fa 0 1 0 1 f542 ffff
2 0 0 8a 59 0 1 0 1 f542 ffff
2 0 0 93 d5 0 1 0 1 f542 ffff
2 0 0 27 a4 0 1 0 1 f542 ffff
2 0 1 b4 82 1 1 0 1 0000 0000
2 0 0 38 48 1 1 0 1 0000 0000
2 0 0 ea 96 1 1 0 1 0000 0000
2 0 1 2e a2 1 1 0 1 0000 0000
2 0 0 aa 3b 1 1 0 1 0000 0000
2 0 1 83 22 1 1 0 1 0000 0000
2 0 0 ac 85 1 1 0 1 0000 0000
2 0 0 bc da 1 1 0 1 0000 0000
2 0 0 8b af 0 1 1 1 2568 ffff
2 0 0 74 38 0 1 0 1 2568 ffff
2 0 0 f3 e8 0 1 0 1 2568 ffff
2 0 0 a9 6e 0 1 0 1 2568 ffff
2 0 0 e1 6b 0 1 0 1 2568 ffff
2 0 1 e6 89 1 1 0 1 0000 0000
2 0 0 eb dd 1 1 0 1 0000 0000
2 0 1 3d 78 1 1 0 1 0000 0000
2 0 1 29 44 1 1 0 1 0000 0000
2 0 1 70 00 1 1 0 1 0000 0000
2 0 0 a0 a1 1 1 0 1 0000 0000
2 0 1 52 15 1 1 0 1 0000 0000
2 0 0 ea 71 1 1 0 1 0000 0000
2 0 1 ab 62 0 1 1 1 0c16 ffff
2 0 1 be 92 1 1 0 1 0000 0000
2 0 0 7e 3b 1 1 0 1 0000 0000
2 0 0 13 d8 1 1 0 1 0000 0000
2 0 0 aa 71 1 1 0 1 0000 0000
2 0 0 90 07 1 1 0 1 0000 0000
2 0 1 ed 7f 1 1 0 1 0000 0000
2 0 0 c4 f4 1 1 0 1 0000 0000
2 0 0 be c6 1 1 0 1 0000 0000
2 0 0 66 5a 0 1 1 1 1c5c ffff
2 0 0 a5 f2 0 1 0 1 1c5c ffff
2 0 0 24 e3 0 1 0 1 1c5c ffff
2 0 0 92 aa 0 1 0 1 1c5c ffff
2 0 0 f2 e0 0 1 0 1 1c5c ffff
2 0 0 0b fb 0 1 0 1 1c5c ffff
2 0 0 96 66 0 1 0 1 1c5c ffff
2 0 1 02 34 1 1 0 1 0000 0000
2 0 0 4a 3a 1 1 0 1 0000 0000
2 0 0 d4 20 1 1 0 1 0000 0000
2 0 0 17 5b 1 1 0 1 0000 0000
2 0 0 70 5d 1 1 0 1 0000 0000
2 0 0 52 17 1 1 0 1 0000 0000
2 0 0 61 03 1 1 0 1 0000 0000
2 0 0 72 8f 1 1 0 1 0000 0000
2 0 1 5b 8c 0 1 1 1 0068 ffff
2 0 0 8a 2f 0 1 0 1 0068 ffff
2 0 0 bc 00 0 1 0 1 0068 ffff
2 0 0 b4 bc 0 1 0 1 0068 ffff
2 0 0 3b 29 0 1 0 1 0068 ffff
2 0 0 fc cd 0 1 0 1 0068 ffff
2 0 0 e0 8c 0 1 0 1 0068 ffff
2 0 1 d0 0c 1 1 0 1 0000 0000
2 0 0 c6 b5 1 1 0 1 0000 0000
2 0 0 6d d8 1 1 0 1 0000 0000
2 0 0 24 e0 1 1 0 1 0000 0000
2 0 0 6d 28 1 1 0 1 0000 0000
2 0 1 e3 a5 1 1 0 1 0000 0000
2 0 0 9f e4 1 1 0 1 0000 0000
2 0 0 11 9f 1 1 0 1 0000 0000
2 0 0 a6 1a 0 1 1 1 fdc0 ffff
2 0 0 19 6d 0 1 0 1 fdc0 ffff
2 0 0 68 73 0 1 0 1 fdc0 ffff
2 0 0 01 a5 0 1 0 1 fdc0 ffff
2 0 0 c6 22 0 1 0 1 fdc0 ffff
2 0 0 b1 86 0 1 0 1 fdc0 ffff
2 0 0 89 f4 0 1 0 1 fdc0 ffff
2 0 1 28 f0 1 1 0 1 0000 0000
2 0 1 f2 7d 1 1 0 1 0000 0000
2 0 0 68 9a 1 1 0 1 0000 0000
2 0 0 f0 1d 1 1 0 1 0000 0000
2 0 0 72 93 1 1 0 1 0000 0000
2 0 1 8d bb 1 1 0 1 0000 0000
2 0 1 bb 01 1 1 0 1 0000 0000
2 0 1 be be 1 1 0 1 0000 0000
2 0 0 3d 56 0 1 1 1 fd80 ffff
2 0 1 0b d7 1 1 0 1 0000 0000
2 0 1 a5 77 1 1 0 1 0000 0000
2 0 0 ce aa 1 1 0 1 0000 0000
2 0 0 2b 14 1 1 0 1 0000 0000
