0 1 00 00 00 ff 0 1
0 0 ff 64 00 ff 0 1
0 0 00 64 00 ff 0 1
0 0 ff 64 00 ff 0 1
0 0 00 64 00 ff 0 1
0 0 ff 64 00 ff 0 1
0 0 00 64 00 ff 0 1
0 0 ff 64 00 ff 0 1
0 0 00 64 00 ff 0 1
0 0 ff 64 00 ff 0 1
0 0 00 64 00 ff 0 1
0 0 ff 64 00 ff 0 1
0 0 00 64 00 ff 0 1
0 0 ff 64 00 ff 0 1
0 0 00 64 00 ff 0 1
0 0 ff 64 00 ff 0 1
0 0 00 64 80 ff 1 1
0 0 00 64 80 ff 1 1
0 0 00 64 80 ff 1 1
0 0 00 64 80 ff 1 1
0 0 00 64 80 ff 1 1
0 0 00 64 80 ff 1 1
0 0 00 64 80 ff 1 1
0 0 00 64 80 ff 1 1
0 0 00 64 80 ff 1 1
0 0 00 64 80 ff 1 1
0 0 00 64 80 ff 1 1
0 0 00 64 80 ff 1 1
0 0 00 64 80 ff 1 1
0 0 00 64 80 ff 1 1
0 0 00 64 80 ff 1 1
0 0 00 64 80 ff 1 1
0 0 00 64 00 ff 0 1
0 0 01 0a 00 ff 0 1
0 0 02 0a 00 ff 0 1
0 0 04 0a 00 ff 0 1
0 0 08 0a 00 ff 0 1
0 0 10 0a 00 ff 0 1
0 0 20 0a 00 ff 0 1
0 0 40 0a 00 ff 0 1
0 0 80 0a 00 ff 0 1
0 0 01 0a 00 ff 0 1
0 0 02 0a 00 ff 0 1
0 0 04 0a 00 ff 0 1
0 0 08 0a 00 ff 0 1
0 0 10 0a 00 ff 0 1
0 0 20 0a 00 ff 0 1
0 0 40 0a 00 ff 0 1
0 0 80 0a 1f ff 1 1
1 0 e2 08 1f ff 1 1
1 0 03 6b 1f ff 1 1
1 0 80 6c 1f ff 1 1
1 0 a3 0c 1f ff 1 1
1 0 00 5c 1f ff 1 1
1 0 ef 51 1f ff 1 1
1 0 39 68 1f ff 1 1
1 0 00 6a 1f ff 1 1
1 0 01 12 1f ff 1 1
1 0 03 5a 1f ff 1 1
1 0 d6 41 1f ff 1 1
1 0 02 67 1f ff 1 1
1 0 02 1b 1f ff 1 1
1 0 2b 38 1f ff 1 1
1 0 02 69 1f ff 1 1
1 0 01 75 34 ff 0 1
1 0 03 48 34 ff 0 1
1 0 33 47 34 ff 0 1
1 0 b0 53 34 ff 0 1
1 0 fb 18 34 ff 0 1
1 0 10 04 34 ff 0 1
1 0 00 0d 34 ff 0 1
1 0 51 2e 34 ff 0 1
1 0 02 5a 34 ff 0 1
1 0 f7 0f 34 ff 0 1
1 0 02 65 34 ff 0 1
1 0 02 1d 34 ff 0 1
1 0 01 2d 34 ff 0 1
1 0 00 5d 34 ff 0 1
1 0 02 25 34 ff 0 1
1 0 c9 6b 34 ff 0 1
1 0 aa 7d 31 ff 0 1
1 0 78 75 31 ff 0 1
1 0 01 32 31 ff 0 1
1 0 76 7a 31 ff 0 1
1 0 2e 54 31 ff 0 1
1 0 01 46 31 ff 0 1
1 0 02 70 31 ff 0 1
1 0 6d 0b 31 ff 0 1
1 0 ec 1b 31 ff 0 1
1 0 f2 21 31 ff 0 1
1 0 01 10 31 ff 0 1
1 0 dc 6e 31 ff 0 1
1 0 0e 6b 31 ff 0 1
1 0 d3 11 31 ff 0 1
1 0 02 2e 31 ff 0 1
1 0 e9 09 31 ff 0 1
1 0 00 6c 4a ff 0 1
1 0 c9 2e 4a ff 0 1
1 0 fe 31 4a ff 0 1
1 0 00 32 4a ff 0 1
1 0 02 1c 4a ff 0 1
1 0 00 2c 4a ff 0 1
1 0 c1 20 4a ff 0 1
1 0 77 34 4a ff 0 1
1 0 02 13 4a ff 0 1
1 0 03 7a 4a ff 0 1
1 0 01 16 4a ff 0 1
1 0 00 52 4a ff 0 1
1 0 01 42 4a ff 0 1
1 0 e2 77 4a ff 0 1
1 0 00 67 4a ff 0 1
1 0 a2 00 4a ff 0 1
1 0 6f 67 34 ff 0 1
1 0 3b 3a 34 ff 0 1
1 0 bf 21 34 ff 0 1
1 0 03 48 34 ff 0 1
1 0 03 47 34 ff 0 1
1 0 01 59 34 ff 0 1
1 0 03 69 34 ff 0 1
1 0 03 36 34 ff 0 1
1 0 02 4d 34 ff 0 1
1 0 a8 49 34 ff 0 1
1 0 5d 46 34 ff 0 1
1 0 ea 10 34 ff 0 1
1 0 02 7a 34 ff 0 1
1 0 4d 7f 34 ff 0 1
1 0 72 0d 34 ff 0 1
1 0 03 52 34 ff 0 1
1 0 cc 52 36 ff 0 1
1 0 03 53 36 ff 0 1
1 0 a4 43 36 ff 0 1
1 0 00 25 36 ff 0 1
1 0 03 11 36 ff 0 1
1 0 01 68 36 ff 0 1
1 0 02 3d 36 ff 0 1
1 0 00 27 36 ff 0 1
1 0 0d 33 36 ff 0 1
1 0 00 21 36 ff 0 1
1 0 41 70 36 ff 0 1
1 0 b2 51 36 ff 0 1
1 0 03 0b 36 ff 0 1
1 0 0f 68 36 ff 0 1
1 0 96 16 36 ff 0 1
1 0 00 07 36 ff 0 1
1 0 03 0b 32 ff 1 1
1 0 76 27 32 ff 1 1
1 0 af 18 32 ff 1 1
1 0 01 0a 32 ff 1 1
1 0 a8 1d 32 ff 1 1
1 0 c8 5e 32 ff 1 1
1 0 01 17 32 ff 1 1
1 0 fd 24 32 ff 1 1
1 0 02 33 32 ff 1 1
1 0 03 56 32 ff 1 1
1 0 9c 49 32 ff 1 1
1 0 01 64 32 ff 1 1
1 0 c1 4f 32 ff 1 1
1 0 5a 37 32 ff 1 1
1 0 03 3d 32 ff 1 1
1 0 71 08 32 ff 1 1
1 0 24 50 46 ff 0 1
1 0 03 53 46 ff 0 1
1 0 01 0c 46 ff 0 1
1 0 90 19 46 ff 0 1
1 0 01 04 46 ff 0 1
1 0 9e 15 46 ff 0 1
1 0 71 44 46 ff 0 1
1 0 2c 07 46 ff 0 1
1 0 79 59 46 ff 0 1
1 0 8b 44 46 ff 0 1
1 0 03 3b 46 ff 0 1
1 0 4a 40 46 ff 0 1
1 0 00 6c 46 ff 0 1
1 0 e5 5a 46 ff 0 1
1 0 03 1e 46 ff 0 1
1 0 bd 39 46 ff 0 1
1 0 01 02 43 ff 1 1
1 0 d4 56 43 ff 1 1
1 0 40 6c 43 ff 1 1
1 0 81 16 43 ff 1 1
1 0 01 11 43 ff 1 1
1 0 02 58 43 ff 1 1
1 0 be 50 43 ff 1 1
1 0 4b 24 43 ff 1 1
1 0 f4 7d 43 ff 1 1
1 0 00 66 43 ff 1 1
1 0 01 2f 43 ff 1 1
1 0 03 08 43 ff 1 1
1 0 a4 2e 43 ff 1 1
1 0 00 40 43 ff 1 1
1 0 00 15 43 ff 1 1
1 0 58 2f 43 ff 1 1
1 0 00 13 35 ff 1 1
1 0 89 65 35 ff 1 1
1 0 00 3c 35 ff 1 1
1 0 8a 79 35 ff 1 1
1 0 01 4f 35 ff 1 1
1 0 03 18 35 ff 1 1
1 0 6f 28 35 ff 1 1
1 0 f3 78 35 ff 1 1
1 0 00 33 35 ff 1 1
1 0 2e 33 35 ff 1 1
1 0 00 7e 35 ff 1 1
1 0 5a 71 35 ff 1 1
1 0 03 62 35 ff 1 1
1 0 00 1a 35 ff 1 1
1 0 00 24 35 ff 1 1
1 0 00 11 35 ff 1 1
1 0 ea 1b 33 ff 1 1
1 0 02 19 33 ff 1 1
1 0 cb 40 33 ff 1 1
1 0 53 6c 33 ff 1 1
1 0 82 50 33 ff 1 1
1 0 02 1d 33 ff 1 1
1 0 02 15 33 ff 1 1
1 0 02 56 33 ff 1 1
1 0 01 12 33 ff 1 1
1 0 02 55 33 ff 1 1
1 0 01 1c 33 ff 1 1
1 0 02 47 33 ff 1 1
1 0 00 17 33 ff 1 1
1 0 00 12 33 ff 1 1
1 0 2a 65 33 ff 1 1
1 0 02 4f 33 ff 1 1
1 0 03 4f 1f ff 0 1
1 0 00 2e 1f ff 0 1
1 0 5a 51 1f ff 0 1
1 0 fd 16 1f ff 0 1
1 0 83 07 1f ff 0 1
1 0 53 6c 1f ff 0 1
1 0 97 08 1f ff 0 1
1 0 02 28 1f ff 0 1
1 0 02 08 1f ff 0 1
1 0 c4 11 1f ff 0 1
1 0 bc 24 1f ff 0 1
1 0 9a 1e 1f ff 0 1
1 0 03 7b 1f ff 0 1
1 0 66 1b 1f ff 0 1
1 0 5c 18 1f ff 0 1
1 0 02 16 1f ff 0 1
1 0 01 19 39 ff 1 1
1 0 03 68 39 ff 1 1
1 0 03 19 39 ff 1 1
1 0 f3 45 39 ff 1 1
1 0 03 78 39 ff 1 1
1 0 03 4b 39 ff 1 1
1 0 03 09 39 ff 1 1
1 0 03 68 39 ff 1 1
1 0 09 49 39 ff 1 1
1 0 02 53 39 ff 1 1
1 0 03 5c 39 ff 1 1
1 0 03 08 39 ff 1 1
1 0 00 59 39 ff 1 1
1 0 02 54 39 ff 1 1
1 0 00 70 39 ff 1 1
1 0 03 05 39 ff 1 1
1 0 37 02 18 ff 1 1
1 0 c7 74 18 ff 1 1
1 0 cd 17 18 ff 1 1
1 0 03 17 18 ff 1 1
1 0 01 10 18 ff 1 1
1 0 03 6a 18 ff 1 1
1 0 02 64 18 ff 1 1
1 0 ef 35 18 ff 1 1
1 0 03 3b 18 ff 1 1
1 0 5c 31 18 ff 1 1
1 0 02 74 18 ff 1 1
1 0 95 6d 18 ff 1 1
1 0 00 62 18 ff 1 1
1 0 d4 7d 18 ff 1 1
1 1 10 42 00 ff 0 1
1 0 ba 43 00 ff 0 1
1 0 74 5b 00 ff 0 1
1 0 00 0f 00 ff 0 1
1 0 47 1a 00 ff 0 1
1 0 52 7b 00 ff 0 1
1 0 57 3b 00 ff 0 1
1 0 00 3d 00 ff 0 1
1 0 02 11 00 ff 0 1
1 0 c0 43 00 ff 0 1
1 0 00 68 00 ff 0 1
1 0 00 7f 00 ff 0 1
1 0 02 5a 00 ff 0 1
1 0 02 37 00 ff 0 1
1 0 73 49 00 ff 0 1
1 0 a0 7f 00 ff 0 1
1 0 00 04 2e ff 1 1
1 0 16 53 2e ff 1 1
1 0 00 08 2e ff 1 1
1 0 5b 7e 2e ff 1 1
1 0 01 0b 2e ff 1 1
1 0 01 0b 2e ff 1 1
1 0 03 18 2e ff 1 1
1 0 84 41 2e ff 1 1
1 0 03 72 2e ff 1 1
1 0 9b 67 2e ff 1 1
1 0 00 0c 2e ff 1 1
1 0 01 57 2e ff 1 1
1 0 1a 5c 2e ff 1 1
1 0 01 3e 2e ff 1 1
1 0 03 09 2e ff 1 1
1 0 02 29 2e ff 1 1
1 0 01 47 2d ff 0 1
1 0 9f 56 2d ff 0 1
1 0 0d 79 2d ff 0 1
1 0 f0 66 2d ff 0 1
1 0 16 3d 2d ff 0 1
1 0 01 19 2d ff 0 1
1 0 1b 55 2d ff 0 1
1 0 41 0c 2d ff 0 1
1 0 c9 6e 2d ff 0 1
1 0 00 04 2d ff 0 1
1 0 03 42 2d ff 0 1
1 0 38 66 2d ff 0 1
1 0 1d 40 2d ff 0 1
1 0 16 40 2d ff 0 1
1 0 00 5b 2d ff 0 1
1 0 51 29 2d ff 0 1
1 0 02 2c 3c ff 1 1
1 0 01 4e 3c ff 1 1
1 0 4a 32 3c ff 1 1
1 0 6d 6d 3c ff 1 1
1 0 0a 77 3c ff 1 1
1 0 cb 71 3c ff 1 1
1 0 c1 38 3c ff 1 1
1 0 c7 6a 3c ff 1 1
1 0 01 63 3c ff 1 1
1 0 77 06 3c ff 1 1
1 0 02 47 3c ff 1 1
1 0 dc 55 3c ff 1 1
1 0 56 45 3c ff 1 1
1 0 02 4e 3c ff 1 1
1 0 27 56 3c ff 1 1
1 0 ff 0d 3c ff 1 1
1 0 59 4e 3b ff 0 1
1 0 69 43 3b ff 0 1
1 0 e4 63 3b ff 0 1
1 0 00 0b 3b ff 0 1
1 0 6a 04 3b ff 0 1
1 0 01 78 3b ff 0 1
1 0 01 3b 3b ff 0 1
1 0 01 26 3b ff 0 1
1 0 03 51 3b ff 0 1
1 0 d3 13 3b ff 0 1
1 0 49 0d 3b ff 0 1
1 0 ef 1a 3b ff 0 1
1 0 00 48 3b ff 0 1
1 0 35 5f 3b ff 0 1
1 0 8b 2d 3b ff 0 1
1 0 3d 3d 3b ff 0 1
1 0 0c 45 38 ff 0 1
1 0 02 36 38 ff 0 1
1 0 02 6d 38 ff 0 1
1 0 03 14 38 ff 0 1
1 0 dc 45 38 ff 0 1
1 0 02 18 38 ff 0 1
1 0 02 43 38 ff 0 1
1 0 8f 48 38 ff 0 1
1 0 01 7b 38 ff 0 1
1 0 00 51 38 ff 0 1
1 0 5d 4a 38 ff 0 1
1 0 02 35 38 ff 0 1
1 0 1b 0a 38 ff 0 1
1 0 a5 51 38 ff 0 1
1 0 00 54 38 ff 0 1
1 0 01 2b 38 ff 0 1
1 0 ce 19 39 ff 1 1
1 0 00 11 39 ff 1 1
1 0 34 57 39 ff 1 1
1 0 01 43 39 ff 1 1
1 0 19 14 39 ff 1 1
1 0 62 07 39 ff 1 1
1 0 03 26 39 ff 1 1
1 0 13 39 39 ff 1 1
1 0 c6 16 39 ff 1 1
1 0 01 45 39 ff 1 1
1 0 03 13 39 ff 1 1
1 0 03 2e 39 ff 1 1
1 0 5d 2e 39 ff 1 1
1 0 02 43 39 ff 1 1
1 0 68 56 39 ff 1 1
1 0 15 70 39 ff 1 1
1 0 43 67 3c ff 0 1
1 0 7a 49 3c ff 0 1
1 0 ab 3b 3c ff 0 1
1 0 82 77 3c ff 0 1
1 0 03 42 3c ff 0 1
1 0 03 23 3c ff 0 1
1 0 02 3b 3c ff 0 1
1 0 02 0a 3c ff 0 1
1 0 c1 5d 3c ff 0 1
1 0 00 2d 3c ff 0 1
1 0 1f 27 3c ff 0 1
1 0 01 38 3c ff 0 1
1 0 5f 2d 3c ff 0 1
1 0 03 21 3c ff 0 1
1 0 01 5d 3c ff 0 1
1 0 03 33 3c ff 0 1
1 0 cc 4f 2f ff 0 1
1 0 01 04 2f ff 0 1
1 0 56 3f 2f ff 0 1
1 0 03 3a 2f ff 0 1
1 0 ac 1f 2f ff 0 1
1 0 59 4f 2f ff 0 1
1 0 61 51 2f ff 0 1
1 0 01 73 2f ff 0 1
1 0 50 11 2f ff 0 1
1 0 ad 40 2f ff 0 1
1 0 01 7f 2f ff 0 1
1 0 63 3e 2f ff 0 1
1 0 02 36 2f ff 0 1
1 0 00 4d 2f ff 0 1
1 0 cb 5d 2f ff 0 1
1 0 01 1e 2f ff 0 1
1 0 43 70 3f ff 0 1
1 0 58 69 3f ff 0 1
1 0 00 04 3f ff 0 1
1 0 aa 75 3f ff 0 1
1 0 82 69 3f ff 0 1
1 0 77 12 3f ff 0 1
1 0 9d 2f 3f ff 0 1
1 0 03 0b 3f ff 0 1
1 0 13 45 3f ff 0 1
1 0 5f 2e 3f ff 0 1
1 0 c7 74 3f ff 0 1
1 0 06 28 3f ff 0 1
1 0 02 08 3f ff 0 1
1 0 02 6e 3f ff 0 1
1 0 02 21 3f ff 0 1
1 0 00 34 3f ff 0 1
1 0 00 75 29 ff 0 1
1 0 03 4d 29 ff 0 1
1 0 ec 76 29 ff 0 1
1 0 18 44 29 ff 0 1
1 0 00 3c 29 ff 0 1
1 0 02 25 29 ff 0 1
1 0 40 49 29 ff 0 1
1 0 57 07 29 ff 0 1
1 0 03 08 29 ff 0 1
1 0 01 42 29 ff 0 1
1 0 8c 1c 29 ff 0 1
1 0 b3 74 29 ff 0 1
1 0 00 58 29 ff 0 1
1 0 00 3d 29 ff 0 1
1 0 00 59 29 ff 0 1
1 0 29 50 29 ff 0 1
1 0 aa 36 30 ff 0 1
1 0 00 7d 30 ff 0 1
1 0 03 59 30 ff 0 1
1 0 e4 65 30 ff 0 1
1 0 3d 6c 30 ff 0 1
1 0 ab 7b 30 ff 0 1
1 0 ac 08 30 ff 0 1
1 0 02 16 30 ff 0 1
1 0 01 0e 30 ff 0 1
1 0 00 67 30 ff 0 1
1 0 f3 6b 30 ff 0 1
1 0 e9 26 30 ff 0 1
1 0 a7 79 30 ff 0 1
1 0 d5 10 30 ff 0 1
1 0 77 2e 30 ff 0 1
1 0 ad 5c 30 ff 0 1
1 0 c0 3e 3e ff 0 1
1 0 4c 51 3e ff 0 1
1 0 96 49 3e ff 0 1
1 0 02 4f 3e ff 0 1
1 0 02 5d 3e ff 0 1
1 0 56 6c 3e ff 0 1
1 0 01 44 3e ff 0 1
1 0 02 2e 3e ff 0 1
1 0 02 49 3e ff 0 1
1 0 00 0e 3e ff 0 1
1 0 05 5d 3e ff 0 1
1 0 5a 53 3e ff 0 1
1 0 00 1f 3e ff 0 1
1 0 22 15 3e ff 0 1
1 0 00 50 3e ff 0 1
1 0 67 66 3e ff 0 1
1 0 00 37 30 ff 0 1
1 0 67 03 30 ff 0 1
1 0 00 5c 30 ff 0 1
1 0 64 7a 30 ff 0 1
1 0 a0 4f 30 ff 0 1
1 0 02 33 30 ff 0 1
1 0 57 3c 30 ff 0 1
1 0 02 7a 30 ff 0 1
1 0 07 29 30 ff 0 1
1 0 3e 6d 30 ff 0 1
1 0 90 5b 30 ff 0 1
1 0 01 5a 30 ff 0 1
1 0 01 56 30 ff 0 1
1 0 fe 56 30 ff 0 1
1 0 ae 31 30 ff 0 1
1 0 8d 67 30 ff 0 1
1 0 01 50 39 ff 0 1
1 0 1e 76 39 ff 0 1
1 0 03 3e 39 ff 0 1
1 0 00 21 39 ff 0 1
1 0 00 1c 39 ff 0 1
1 0 00 51 39 ff 0 1
1 0 02 76 39 ff 0 1
1 0 01 19 39 ff 0 1
1 0 00 18 39 ff 0 1
1 0 01 3f 39 ff 0 1
1 0 68 32 39 ff 0 1
1 0 02 47 39 ff 0 1
1 0 01 5b 39 ff 0 1
1 0 03 76 39 ff 0 1
1 0 03 09 39 ff 0 1
1 0 f1 26 39 ff 0 1
1 0 27 5a 25 ff 0 1
1 0 a3 6f 25 ff 0 1
1 0 08 7d 25 ff 0 1
1 0 00 1d 25 ff 0 1
1 0 01 71 25 ff 0 1
1 0 03 05 25 ff 0 1
1 0 01 10 25 ff 0 1
1 0 01 1c 25 ff 0 1
1 0 03 7b 25 ff 0 1
1 0 3b 75 25 ff 0 1
1 0 9f 3f 25 ff 0 1
1 0 f7 5f 25 ff 0 1
1 0 4b 79 25 ff 0 1
1 0 00 31 25 ff 0 1
1 0 02 4a 25 ff 0 1
1 0 03 1c 25 ff 0 1
1 0 02 57 21 ff 0 1
1 0 c6 17 21 ff 0 1
1 0 e3 36 21 ff 0 1
1 0 a7 46 21 ff 0 1
1 0 fa 1e 21 ff 0 1
1 0 02 78 21 ff 0 1
1 0 01 70 21 ff 0 1
1 0 b0 4a 21 ff 0 1
1 0 03 29 21 ff 0 1
1 0 36 46 21 ff 0 1
1 0 4c 74 21 ff 0 1
1 0 5c 44 21 ff 0 1
1 0 00 6b 21 ff 0 1
1 0 03 6b 21 ff 0 1
1 0 a9 1b 21 ff 0 1
1 0 5a 2f 21 ff 0 1
1 0 08 7e 3a ff 0 1
1 0 01 21 3a ff 0 1
1 0 01 0b 3a ff 0 1
1 0 01 21 3a ff 0 1
1 0 22 4a 3a ff 0 1
1 0 34 15 3a ff 0 1
1 0 3d 62 3a ff 0 1
1 0 01 5f 3a ff 0 1
1 0 03 17 3a ff 0 1
1 0 00 45 3a ff 0 1
1 0 42 4a 3a ff 0 1
1 0 00 63 3a ff 0 1
1 0 ef 0e 3a ff 0 1
1 0 33 6c 3a ff 0 1
1 0 02 01 3a ff 0 1
1 0 02 31 3a ff 0 1
1 0 00 01 25 ff 1 1
1 0 0b 17 25 ff 1 1
1 0 4f 06 25 ff 1 1
1 0 00 0c 25 ff 1 1
1 0 00 6f 25 ff 1 1
1 0 01 44 25 ff 1 1
1 0 03 42 25 ff 1 1
1 0 00 0f 25 ff 1 1
1 0 c0 07 25 ff 1 1
1 0 27 62 25 ff 1 1
1 0 01 06 25 ff 1 1
1 0 9b 62 25 ff 1 1
1 0 c7 74 25 ff 1 1
1 0 22 36 25 ff 1 1
1 0 95 5d 25 ff 1 1
1 0 43 4e 25 ff 1 1
1 0 a7 61 35 ff 0 1
1 0 00 11 35 ff 0 1
1 0 02 4e 35 ff 0 1
1 0 d8 28 35 ff 0 1
1 0 77 00 35 ff 0 1
1 0 00 3a 35 ff 0 1
1 0 01 46 35 ff 0 1
1 0 f2 68 35 ff 0 1
1 0 00 04 35 ff 0 1
1 0 14 35 35 ff 0 1
1 0 00 79 35 ff 0 1
1 1 00 7f 00 ff 0 1
1 0 fe 66 00 ff 0 1
1 0 eb 5a 00 ff 0 1
1 0 02 71 00 ff 0 1
1 0 eb 57 00 ff 0 1
1 0 9f 40 00 ff 0 1
1 0 5d 65 00 ff 0 1
1 0 03 6d 00 ff 0 1
1 0 6f 7a 00 ff 0 1
1 0 da 5f 00 ff 0 1
1 0 01 29 00 ff 0 1
1 0 fe 2c 00 ff 0 1
1 0 01 79 00 ff 0 1
1 0 01 42 00 ff 0 1
1 0 03 63 00 ff 0 1
1 0 40 79 00 ff 0 1
1 0 d6 38 47 ff 1 1
1 0 da 3d 47 ff 1 1
1 0 91 5c 47 ff 1 1
1 0 31 20 47 ff 1 1
1 0 28 45 47 ff 1 1
1 0 01 7c 47 ff 1 1
1 0 03 30 47 ff 1 1
1 0 03 7d 47 ff 1 1
1 0 1a 14 47 ff 1 1
1 0 02 08 47 ff 1 1
1 0 cf 0c 47 ff 1 1
1 0 03 7e 47 ff 1 1
1 0 00 10 47 ff 1 1
1 0 01 63 47 ff 1 1
1 0 85 1a 47 ff 1 1
1 0 03 23 47 ff 1 1
1 0 ff 59 2b ff 0 1
1 0 ff 53 2b ff 0 1
1 0 01 22 2b ff 0 1
1 0 02 5a 2b ff 0 1
1 0 00 76 2b ff 0 1
1 0 03 57 2b ff 0 1
1 0 4f 75 2b ff 0 1
1 0 03 64 2b ff 0 1
1 0 39 02 2b ff 0 1
1 0 00 74 2b ff 0 1
1 0 ba 49 2b ff 0 1
1 0 a6 38 2b ff 0 1
1 0 9d 0d 2b ff 0 1
1 0 9e 2e 2b ff 0 1
1 0 ab 39 2b ff 0 1
1 0 01 6d 2b ff 0 1
1 0 8e 5d 36 ff 0 1
1 0 00 01 36 ff 0 1
1 0 24 53 36 ff 0 1
1 0 fd 2c 36 ff 0 1
1 0 02 79 36 ff 0 1
1 0 d5 38 36 ff 0 1
1 0 66 3e 36 ff 0 1
1 0 14 0c 36 ff 0 1
1 0 09 22 36 ff 0 1
1 0 03 37 36 ff 0 1
1 0 03 2e 36 ff 0 1
1 0 02 0a 36 ff 0 1
1 0 0d 7e 36 ff 0 1
1 0 49 21 36 ff 0 1
1 0 e2 61 36 ff 0 1
1 0 02 1b 36 ff 0 1
1 0 d6 0e 3b ff 1 1
1 0 55 60 3b ff 1 1
1 0 01 5f 3b ff 1 1
1 0 c9 5b 3b ff 1 1
1 0 03 41 3b ff 1 1
1 0 01 24 3b ff 1 1
1 0 01 76 3b ff 1 1
1 0 02 2e 3b ff 1 1
1 0 f7 34 3b ff 1 1
1 0 00 67 3b ff 1 1
1 0 5e 2f 3b ff 1 1
1 0 41 57 3b ff 1 1
1 0 00 4f 3b ff 1 1
1 0 02 22 3b ff 1 1
1 0 35 5f 3b ff 1 1
1 0 2a 00 3b ff 1 1
1 0 03 2b 37 ff 1 1
1 0 ad 6e 37 ff 1 1
1 0 c7 49 37 ff 1 1
1 0 03 1c 37 ff 1 1
1 0 01 56 37 ff 1 1
1 0 8f 66 37 ff 1 1
1 0 02 41 37 ff 1 1
1 0 19 4c 37 ff 1 1
1 0 74 7a 37 ff 1 1
1 0 da 7e 37 ff 1 1
1 0 03 00 37 ff 1 1
1 0 03 39 37 ff 1 1
1 0 0e 5e 37 ff 1 1
1 0 ec 46 37 ff 1 1
1 0 bf 76 37 ff 1 1
1 0 15 55 37 ff 1 1
1 0 f8 76 3d ff 0 1
1 0 02 7d 3d ff 0 1
1 0 d4 38 3d ff 0 1
1 0 00 3e 3d ff 0 1
1 0 03 0e 3d ff 0 1
1 0 d3 3b 3d ff 0 1
1 0 01 20 3d ff 0 1
1 0 0e 65 3d ff 0 1
1 0 6d 21 3d ff 0 1
1 0 66 39 3d ff 0 1
1 0 56 77 3d ff 0 1
1 0 7d 08 3d ff 0 1
1 0 50 12 3d ff 0 1
1 0 2c 52 3d ff 0 1
1 0 49 6f 3d ff 0 1
1 0 a9 02 3d ff 0 1
1 0 03 66 3d ff 0 1
1 0 e4 76 3d ff 0 1
1 0 65 02 3d ff 0 1
1 0 03 47 3d ff 0 1
1 0 05 69 3d ff 0 1
1 0 00 26 3d ff 0 1
1 0 00 66 3d ff 0 1
1 0 03 6b 3d ff 0 1
1 0 3a 3e 3d ff 0 1
1 0 40 68 3d ff 0 1
1 0 85 13 3d ff 0 1
1 0 02 6e 3d ff 0 1
1 0 74 66 3d ff 0 1
1 0 03 6c 3d ff 0 1
1 0 00 53 3d ff 0 1
1 0 00 40 3d ff 0 1
1 0 62 08 33 ff 1 1
1 0 02 61 33 ff 1 1
1 0 b8 32 33 ff 1 1
1 0 01 34 33 ff 1 1
1 0 07 43 33 ff 1 1
1 0 03 2e 33 ff 1 1
1 0 58 7d 33 ff 1 1
1 0 36 5b 33 ff 1 1
1 0 01 03 33 ff 1 1
1 0 00 34 33 ff 1 1
1 0 90 56 33 ff 1 1
1 0 8e 63 33 ff 1 1
1 0 20 66 33 ff 1 1
1 0 00 5e 33 ff 1 1
1 0 00 2b 33 ff 1 1
1 0 01 35 33 ff 1 1
1 0 02 41 2e ff 0 1
1 0 00 09 2e ff 0 1
1 1 03 0f 00 ff 0 1
1 0 02 7a 00 ff 0 1
1 0 02 2a 00 ff 0 1
1 0 02 3e 00 ff 0 1
1 0 00 2d 00 ff 0 1
1 0 00 50 00 ff 0 1
1 0 02 4e 00 ff 0 1
1 0 01 11 00 ff 0 1
1 0 e0 35 00 ff 0 1
1 0 02 0e 00 ff 0 1
1 0 01 41 00 ff 0 1
1 0 01 07 00 ff 0 1
1 0 03 46 00 ff 0 1
1 0 8d 10 00 ff 0 1
1 0 3d 46 00 ff 0 1
1 0 f0 6d 00 ff 0 1
1 0 02 1c 21 ff 1 1
1 0 02 3e 21 ff 1 1
1 0 b1 2e 21 ff 1 1
1 0 cc 44 21 ff 1 1
1 0 01 53 21 ff 1 1
1 0 00 4a 21 ff 1 1
1 0 95 44 21 ff 1 1
1 0 0d 4d 21 ff 1 1
1 0 02 60 21 ff 1 1
1 0 e2 2e 21 ff 1 1
1 0 03 14 21 ff 1 1
1 0 70 7e 21 ff 1 1
1 0 02 1e 21 ff 1 1
1 0 01 63 21 ff 1 1
1 0 13 05 21 ff 1 1
1 0 a3 1a 21 ff 1 1
1 0 99 4e 37 ff 0 1
1 0 02 76 37 ff 0 1
1 0 cf 52 37 ff 0 1
1 0 49 4f 37 ff 0 1
1 0 9a 33 37 ff 0 1
1 0 85 5e 37 ff 0 1
1 0 ca 58 37 ff 0 1
1 0 03 4c 37 ff 0 1
1 0 00 31 37 ff 0 1
1 0 a4 55 37 ff 0 1
1 0 f5 03 37 ff 0 1
1 0 01 2f 37 ff 0 1
1 0 01 23 37 ff 0 1
1 0 74 56 37 ff 0 1
1 0 02 63 37 ff 0 1
1 0 13 55 37 ff 0 1
1 0 11 01 3a ff 1 1
1 0 31 67 3a ff 1 1
1 0 f3 38 3a ff 1 1
1 0 f9 7f 3a ff 1 1
1 0 03 0b 3a ff 1 1
1 0 01 5c 3a ff 1 1
1 0 ee 6b 3a ff 1 1
1 0 0a 70 3a ff 1 1
1 0 00 4a 3a ff 1 1
1 0 03 46 3a ff 1 1
1 0 02 5d 3a ff 1 1
1 0 8c 7a 3a ff 1 1
1 0 1a 40 3a ff 1 1
1 0 ef 0a 3a ff 1 1
1 0 03 35 3a ff 1 1
1 0 03 68 3a ff 1 1
1 0 4c 19 35 ff 1 1
1 0 b3 0d 35 ff 1 1
1 1 03 4c 00 ff 0 1
1 0 00 4c 00 ff 0 1
1 0 16 6c 00 ff 0 1
1 0 b1 69 00 ff 0 1
1 0 02 4e 00 ff 0 1
1 0 03 27 00 ff 0 1
1 0 b7 22 00 ff 0 1
1 0 ad 24 00 ff 0 1
1 0 dd 5c 00 ff 0 1
1 0 6c 50 00 ff 0 1
1 0 03 2d 00 ff 0 1
1 0 7d 42 00 ff 0 1
1 0 43 61 00 ff 0 1
1 0 02 7c 00 ff 0 1
1 0 00 42 00 ff 0 1
1 0 01 05 00 ff 0 1
1 0 9b 33 35 ff 1 1
1 0 ca 5c 35 ff 1 1
1 0 07 1f 35 ff 1 1
1 0 72 00 35 ff 1 1
1 0 02 1b 35 ff 1 1
1 0 00 08 35 ff 1 1
1 0 01 01 35 ff 1 1
1 0 00 65 35 ff 1 1
1 0 01 5e 35 ff 1 1
1 0 92 0e 35 ff 1 1
1 0 01 49 35 ff 1 1
1 0 00 01 35 ff 1 1
1 0 02 2f 35 ff 1 1
1 0 00 32 35 ff 1 1
1 0 e8 0b 35 ff 1 1
1 0 57 4d 35 ff 1 1
1 0 2b 31 2f ff 0 1
1 0 01 4a 2f ff 0 1
1 0 82 32 2f ff 0 1
1 0 50 16 2f ff 0 1
1 0 02 70 2f ff 0 1
1 0 04 6c 2f ff 0 1
1 0 83 38 2f ff 0 1
1 0 1e 5d 2f ff 0 1
1 0 02 4e 2f ff 0 1
1 0 5f 0b 2f ff 0 1
1 0 01 3c 2f ff 0 1
1 0 03 12 2f ff 0 1
1 0 03 76 2f ff 0 1
1 0 01 57 2f ff 0 1
1 0 02 7a 2f ff 0 1
1 0 f2 56 2f ff 0 1
1 0 62 53 2f ff 0 1
1 0 a9 7d 2f ff 0 1
1 0 78 0a 2f ff 0 1
1 0 01 29 2f ff 0 1
1 0 e2 65 2f ff 0 1
1 0 9f 3a 2f ff 0 1
1 0 7d 49 2f ff 0 1
1 0 21 0e 2f ff 0 1
1 0 a0 4f 2f ff 0 1
1 0 d2 18 2f ff 0 1
1 0 81 2e 2f ff 0 1
1 0 00 70 2f ff 0 1
1 0 01 60 2f ff 0 1
1 0 03 11 2f ff 0 1
1 0 03 4d 2f ff 0 1
1 0 aa 71 2f ff 0 1
1 0 e3 4c 36 ff 0 1
1 0 4f 03 36 ff 0 1
1 0 03 22 36 ff 0 1
1 0 00 4e 36 ff 0 1
1 0 03 64 36 ff 0 1
1 0 00 2e 36 ff 0 1
1 0 00 3c 36 ff 0 1
1 0 27 61 36 ff 0 1
1 0 01 21 36 ff 0 1
1 0 8e 50 36 ff 0 1
1 0 5a 0a 36 ff 0 1
1 0 03 39 36 ff 0 1
1 0 02 11 36 ff 0 1
1 0 4d 4d 36 ff 0 1
1 0 00 71 36 ff 0 1
1 0 d1 0c 36 ff 0 1
1 0 3d 57 34 ff 0 1
1 0 67 42 34 ff 0 1
1 0 29 47 34 ff 0 1
1 0 03 10 34 ff 0 1
1 0 03 0d 34 ff 0 1
1 0 01 19 34 ff 0 1
1 0 a1 41 34 ff 0 1
1 0 00 17 34 ff 0 1
1 0 73 2e 34 ff 0 1
1 0 03 2e 34 ff 0 1
1 0 00 58 34 ff 0 1
1 0 00 75 34 ff 0 1
1 0 00 6c 34 ff 0 1
1 0 01 69 34 ff 0 1
1 0 00 48 34 ff 0 1
1 0 02 2c 34 ff 0 1
1 0 03 4a 1f ff 0 1
1 0 1e 7e 1f ff 0 1
1 0 b0 1c 1f ff 0 1
1 0 e5 65 1f ff 0 1
1 0 03 3a 1f ff 0 1
1 0 e0 46 1f ff 0 1
1 0 00 39 1f ff 0 1
1 0 01 5d 1f ff 0 1
1 0 01 2c 1f ff 0 1
1 0 46 19 1f ff 0 1
1 0 f3 4e 1f ff 0 1
1 0 03 12 1f ff 0 1
1 0 c4 3e 1f ff 0 1
1 0 a6 20 1f ff 0 1
1 0 03 2b 1f ff 0 1
1 0 01 2e 1f ff 0 1
1 0 03 5c 36 ff 0 1
1 0 00 1b 36 ff 0 1
1 0 cb 2d 36 ff 0 1
1 0 00 59 36 ff 0 1
1 0 03 07 36 ff 0 1
1 0 1d 4d 36 ff 0 1
1 0 02 60 36 ff 0 1
1 0 a3 03 36 ff 0 1
1 0 00 1a 36 ff 0 1
1 0 3f 0d 36 ff 0 1
1 0 02 21 36 ff 0 1
1 0 a2 1d 36 ff 0 1
1 0 01 6a 36 ff 0 1
1 0 00 36 36 ff 0 1
1 0 ed 53 36 ff 0 1
1 0 00 59 36 ff 0 1
1 0 51 5d 3f ff 0 1
1 0 02 73 3f ff 0 1
1 0 02 22 3f ff 0 1
1 0 77 62 3f ff 0 1
1 0 03 7b 3f ff 0 1
1 0 e2 37 3f ff 0 1
1 0 00 72 3f ff 0 1
1 0 02 17 3f ff 0 1
1 0 d6 35 3f ff 0 1
1 0 67 0f 3f ff 0 1
1 0 03 49 3f ff 0 1
1 0 01 4f 3f ff 0 1
1 0 03 77 3f ff 0 1
1 0 f0 3c 3f ff 0 1
1 0 3e 31 3f ff 0 1
1 0 00 10 3f ff 0 1
1 0 02 4f 34 ff 0 1
1 0 03 7f 34 ff 0 1
1 0 03 1e 34 ff 0 1
1 0 02 73 34 ff 0 1
1 0 46 48 34 ff 0 1
1 0 fd 77 34 ff 0 1
1 0 03 40 34 ff 0 1
1 0 da 32 34 ff 0 1
1 0 c6 3f 34 ff 0 1
1 0 15 66 34 ff 0 1
1 0 b6 0e 34 ff 0 1
1 0 02 25 34 ff 0 1
1 0 03 18 34 ff 0 1
1 0 ff 05 34 ff 0 1
1 0 01 46 34 ff 0 1
1 0 5d 27 34 ff 0 1
1 0 60 3e 3d ff 0 1
1 0 02 3e 3d ff 0 1
1 0 03 66 3d ff 0 1
1 0 19 27 3d ff 0 1
1 0 01 2a 3d ff 0 1
1 0 73 36 3d ff 0 1
1 0 6a 12 3d ff 0 1
1 0 00 3a 3d ff 0 1
1 0 70 04 3d ff 0 1
1 0 00 6a 3d ff 0 1
1 0 aa 25 3d ff 0 1
1 0 00 09 3d ff 0 1
1 0 02 64 3d ff 0 1
1 0 01 65 3d ff 0 1
1 0 6f 11 3d ff 0 1
1 0 f4 7d 3d ff 0 1
1 0 03 0b 36 ff 1 1
1 0 26 68 36 ff 1 1
1 0 be 64 36 ff 1 1
1 0 02 2d 36 ff 1 1
1 0 eb 59 36 ff 1 1
1 0 02 0b 36 ff 1 1
1 0 8d 64 36 ff 1 1
1 0 01 63 36 ff 1 1
1 0 6f 78 36 ff 1 1
1 0 66 25 36 ff 1 1
1 0 51 21 36 ff 1 1
1 0 6c 23 36 ff 1 1
1 0 00 77 36 ff 1 1
1 0 8c 75 36 ff 1 1
1 0 03 13 36 ff 1 1
1 0 01 32 36 ff 1 1
1 0 03 08 3c ff 1 1
1 0 43 3d 3c ff 1 1
1 0 02 75 3c ff 1 1
1 0 54 2d 3c ff 1 1
1 0 d9 0b 3c ff 1 1
1 0 32 49 3c ff 1 1
1 0 00 29 3c ff 1 1
1 0 00 04 3c ff 1 1
1 0 00 24 3c ff 1 1
1 0 00 37 3c ff 1 1
1 0 85 69 3c ff 1 1
1 0 be 6e 3c ff 1 1
1 0 71 59 3c ff 1 1
1 0 00 1c 3c ff 1 1
1 0 02 3f 3c ff 1 1
1 0 42 55 3c ff 1 1
1 0 d5 3e 2d ff 0 1
1 0 01 03 2d ff 0 1
1 0 9f 37 2d ff 0 1
1 1 02 4d 00 ff 0 1
1 0 64 7a 00 ff 0 1
1 0 01 0a 00 ff 0 1
1 0 f0 5d 00 ff 0 1
1 0 8e 24 00 ff 0 1
1 0 01 20 00 ff 0 1
1 0 ea 34 00 ff 0 1
1 0 0d 78 00 ff 0 1
1 0 03 58 00 ff 0 1
1 0 01 10 00 ff 0 1
1 0 07 16 00 ff 0 1
1 0 01 7f 00 ff 0 1
1 0 b6 5d 00 ff 0 1
1 0 01 5f 00 ff 0 1
1 0 76 0a 00 ff 0 1
1 0 e9 08 00 ff 0 1
1 0 03 0f 48 ff 1 1
1 0 a6 38 48 ff 1 1
1 0 c1 2c 48 ff 1 1
1 0 08 5a 48 ff 1 1
1 0 88 6c 48 ff 1 1
1 0 03 4a 48 ff 1 1
1 0 00 2d 48 ff 1 1
1 0 02 6a 48 ff 1 1
1 0 01 18 48 ff 1 1
1 0 02 7e 48 ff 1 1
1 0 03 79 48 ff 1 1
1 0 7f 49 48 ff 1 1
1 0 ae 6b 48 ff 1 1
1 0 1e 37 48 ff 1 1
1 0 fa 7e 48 ff 1 1
1 0 3f 42 48 ff 1 1
1 0 f7 0f 31 ff 1 1
1 0 00 0a 31 ff 1 1
1 0 03 0a 31 ff 1 1
1 0 01 3b 31 ff 1 1
1 0 03 7c 31 ff 1 1
1 0 01 1f 31 ff 1 1
1 0 0d 64 31 ff 1 1
1 0 f3 16 31 ff 1 1
1 0 00 79 31 ff 1 1
1 0 02 4a 31 ff 1 1
1 0 16 5e 31 ff 1 1
1 0 03 16 31 ff 1 1
1 0 02 79 31 ff 1 1
1 0 03 5f 31 ff 1 1
1 0 03 65 31 ff 1 1
1 0 f4 67 31 ff 1 1
1 0 30 50 2d ff 0 1
1 0 58 2b 2d ff 0 1
1 0 01 13 2d ff 0 1
1 0 02 6c 2d ff 0 1
1 0 37 3b 2d ff 0 1
1 0 00 02 2d ff 0 1
1 0 03 5e 2d ff 0 1
1 0 02 68 2d ff 0 1
1 0 01 27 2d ff 0 1
1 0 d3 17 2d ff 0 1
1 0 03 29 2d ff 0 1
1 0 db 0c 2d ff 0 1
1 0 03 63 2d ff 0 1
1 0 02 63 2d ff 0 1
1 0 03 2d 2d ff 0 1
1 0 03 79 2d ff 0 1
1 0 8d 4e 2c ff 0 1
1 0 8b 47 2c ff 0 1
1 0 01 53 2c ff 0 1
1 0 56 6f 2c ff 0 1
1 0 8a 68 2c ff 0 1
1 0 c1 7e 2c ff 0 1
1 0 2f 22 2c ff 0 1
1 0 a3 70 2c ff 0 1
1 0 7f 52 2c ff 0 1
1 0 03 11 2c ff 0 1
1 0 01 04 2c ff 0 1
1 0 74 66 2c ff 0 1
1 0 03 15 2c ff 0 1
1 0 00 37 2c ff 0 1
1 0 03 1f 2c ff 0 1
1 0 d0 25 2c ff 0 1
1 0 00 28 3e ff 1 1
1 0 00 41 3e ff 1 1
1 0 02 0e 3e ff 1 1
1 0 04 27 3e ff 1 1
1 0 e8 27 3e ff 1 1
1 0 03 10 3e ff 1 1
1 0 59 7b 3e ff 1 1
1 0 02 5c 3e ff 1 1
1 0 4a 2f 3e ff 1 1
1 0 01 68 3e ff 1 1
1 0 03 38 3e ff 1 1
1 0 02 45 3e ff 1 1
1 0 e5 26 3e ff 1 1
1 0 80 37 3e ff 1 1
1 0 05 16 3e ff 1 1
1 0 3b 1b 3e ff 1 1
1 0 01 1f 35 ff 1 1
1 0 00 04 35 ff 1 1
1 0 0e 41 35 ff 1 1
1 0 73 58 35 ff 1 1
1 0 02 1e 35 ff 1 1
1 0 01 2b 35 ff 1 1
1 0 57 5f 35 ff 1 1
1 0 1b 1f 35 ff 1 1
1 0 02 71 35 ff 1 1
1 0 01 26 35 ff 1 1
1 0 01 66 35 ff 1 1
1 0 02 71 35 ff 1 1
1 0 80 1f 35 ff 1 1
1 0 22 3b 35 ff 1 1
1 0 02 40 35 ff 1 1
1 0 02 0a 35 ff 1 1
1 0 00 2e 25 ff 0 1
1 0 03 4c 25 ff 0 1
1 0 54 67 25 ff 0 1
1 0 02 05 25 ff 0 1
1 0 7f 7c 25 ff 0 1
1 0 8e 3f 25 ff 0 1
1 0 5c 19 25 ff 0 1
1 0 03 67 25 ff 0 1
1 0 36 16 25 ff 0 1
1 0 52 18 25 ff 0 1
1 0 01 44 25 ff 0 1
1 0 03 32 25 ff 0 1
1 0 00 26 25 ff 0 1
1 0 02 48 25 ff 0 1
1 0 7a 4a 25 ff 0 1
1 0 00 0c 25 ff 0 1
1 0 01 5d 39 ff 0 1
1 0 00 3f 39 ff 0 1
1 0 03 0f 39 ff 0 1
1 0 01 70 39 ff 0 1
1 0 1a 33 39 ff 0 1
1 0 24 03 39 ff 0 1
1 0 02 18 39 ff 0 1
1 0 68 3b 39 ff 0 1
1 0 00 70 39 ff 0 1
1 0 01 4e 39 ff 0 1
1 0 02 39 39 ff 0 1
1 0 01 77 39 ff 0 1
1 0 00 7a 39 ff 0 1
1 0 42 32 39 ff 0 1
1 0 02 28 39 ff 0 1
1 0 c4 51 39 ff 0 1
1 0 63 2a 29 ff 0 1
1 0 79 14 29 ff 0 1
1 0 6d 78 29 ff 0 1
1 0 84 40 29 ff 0 1
1 0 00 4b 29 ff 0 1
1 0 24 42 29 ff 0 1
1 0 7f 1b 29 ff 0 1
1 0 00 43 29 ff 0 1
1 0 28 78 29 ff 0 1
1 0 01 56 29 ff 0 1
1 0 02 13 29 ff 0 1
1 0 a8 7d 29 ff 0 1
1 0 00 64 29 ff 0 1
1 0 41 6a 29 ff 0 1
1 0 00 10 29 ff 0 1
1 0 6e 3e 29 ff 0 1
1 0 ac 52 34 ff 0 1
1 0 00 62 34 ff 0 1
1 0 03 16 34 ff 0 1
1 0 01 76 34 ff 0 1
1 0 2e 06 34 ff 0 1
1 0 8c 63 34 ff 0 1
1 0 c4 1e 34 ff 0 1
1 0 d5 0b 34 ff 0 1
1 0 01 77 34 ff 0 1
1 0 02 29 34 ff 0 1
1 0 01 48 34 ff 0 1
1 0 79 04 34 ff 0 1
1 0 00 33 34 ff 0 1
1 0 b0 33 34 ff 0 1
1 0 02 5f 34 ff 0 1
1 0 15 43 34 ff 0 1
1 0 67 12 33 ff 1 1
1 0 02 4e 33 ff 1 1
1 0 03 51 33 ff 1 1
1 0 01 7c 33 ff 1 1
1 0 1b 3a 33 ff 1 1
1 0 02 5c 33 ff 1 1
1 0 01 4a 33 ff 1 1
1 0 3c 34 33 ff 1 1
1 0 eb 5d 33 ff 1 1
1 0 02 57 33 ff 1 1
1 0 00 1d 33 ff 1 1
1 0 93 5e 33 ff 1 1
1 0 b1 59 33 ff 1 1
1 0 f4 2f 33 ff 1 1
1 0 02 2d 33 ff 1 1
1 0 35 61 33 ff 1 1
1 0 02 05 38 ff 1 1
1 0 03 04 38 ff 1 1
1 1 03 55 00 ff 0 1
1 0 d7 6a 00 ff 0 1
1 0 18 51 00 ff 0 1
1 0 5b 7c 00 ff 0 1
1 0 2e 2d 00 ff 0 1
1 0 9e 18 00 ff 0 1
1 0 01 57 00 ff 0 1
1 0 00 60 00 ff 0 1
1 0 50 6f 00 ff 0 1
1 0 00 24 00 ff 0 1
1 0 9e 0e 00 ff 0 1
1 0 b0 12 00 ff 0 1
1 0 ff 05 00 ff 0 1
1 0 03 6a 00 ff 0 1
1 0 03 67 00 ff 0 1
1 0 1a 2e 00 ff 0 1
1 0 8e 6a 3c ff 0 1
1 0 02 3c 3c ff 0 1
1 0 c7 17 3c ff 0 1
1 0 03 64 3c ff 0 1
1 0 45 1d 3c ff 0 1
1 0 a9 7a 3c ff 0 1
1 0 f6 40 3c ff 0 1
1 0 01 7e 3c ff 0 1
1 0 3d 03 3c ff 0 1
1 0 02 24 3c ff 0 1
1 0 01 3a 3c ff 0 1
1 0 00 22 3c ff 0 1
1 0 64 21 3c ff 0 1
1 0 6e 4f 3c ff 0 1
1 0 02 10 3c ff 0 1
1 0 02 45 3c ff 0 1
1 0 01 4c 37 ff 0 1
1 0 00 4e 37 ff 0 1
1 0 50 70 37 ff 0 1
1 0 03 26 37 ff 0 1
1 0 01 2a 37 ff 0 1
1 0 76 07 37 ff 0 1
1 0 45 5b 37 ff 0 1
1 0 00 70 37 ff 0 1
1 0 01 45 37 ff 0 1
1 0 00 39 37 ff 0 1
1 0 21 6b 37 ff 0 1
1 0 01 48 37 ff 0 1
1 0 01 2f 37 ff 0 1
1 0 01 77 37 ff 0 1
1 0 bc 5f 37 ff 0 1
1 0 7e 3c 37 ff 0 1
1 0 3f 5f 25 ff 0 1
1 0 3b 2e 25 ff 0 1
1 0 01 1d 25 ff 0 1
1 0 68 5f 25 ff 0 1
1 0 ef 1f 25 ff 0 1
1 0 02 3f 25 ff 0 1
1 0 02 07 25 ff 0 1
1 0 01 28 25 ff 0 1
1 0 90 46 25 ff 0 1
1 0 e8 30 25 ff 0 1
1 0 02 59 25 ff 0 1
1 0 02 52 25 ff 0 1
1 0 64 2f 25 ff 0 1
1 0 00 31 25 ff 0 1
1 0 02 20 25 ff 0 1
1 0 73 5f 25 ff 0 1
1 0 c2 07 31 ff 1 1
1 0 02 43 31 ff 1 1
1 0 00 5c 31 ff 1 1
1 0 01 19 31 ff 1 1
1 0 02 1f 31 ff 1 1
1 0 02 64 31 ff 1 1
1 0 00 30 31 ff 1 1
1 0 03 23 31 ff 1 1
1 0 46 38 31 ff 1 1
1 0 9b 74 31 ff 1 1
1 0 c1 08 31 ff 1 1
1 0 4f 6c 31 ff 1 1
1 0 01 10 31 ff 1 1
1 0 bc 2b 31 ff 1 1
1 0 02 6e 31 ff 1 1
1 0 b5 25 31 ff 1 1
1 0 00 79 35 ff 0 1
1 0 02 76 35 ff 0 1
1 0 01 4b 35 ff 0 1
1 0 ff 7d 35 ff 0 1
1 0 37 2c 35 ff 0 1
1 0 02 4c 35 ff 0 1
1 0 02 3a 35 ff 0 1
1 0 27 05 35 ff 0 1
1 0 09 72 35 ff 0 1
1 0 00 75 35 ff 0 1
1 0 70 23 35 ff 0 1
1 0 08 42 35 ff 0 1
1 0 01 39 35 ff 0 1
1 0 02 08 35 ff 0 1
1 0 a2 55 35 ff 0 1
1 0 39 26 35 ff 0 1
1 0 d8 7c 30 ff 0 1
1 0 41 19 30 ff 0 1
1 0 de 20 30 ff 0 1
1 0 bd 40 30 ff 0 1
1 0 2c 05 30 ff 0 1
1 0 a0 1a 30 ff 0 1
1 0 00 37 30 ff 0 1
1 0 03 02 30 ff 0 1
1 0 00 62 30 ff 0 1
1 0 0d 4e 30 ff 0 1
1 0 00 59 30 ff 0 1
1 0 c6 4b 30 ff 0 1
1 0 02 6b 30 ff 0 1
1 0 9e 7e 30 ff 0 1
1 0 ef 72 30 ff 0 1
1 0 c9 47 30 ff 0 1
1 0 01 62 35 ff 0 1
1 0 f2 5f 35 ff 0 1
1 0 00 4d 35 ff 0 1
1 0 66 5d 35 ff 0 1
1 0 d3 28 35 ff 0 1
1 0 aa 1f 35 ff 0 1
1 0 03 35 35 ff 0 1
1 0 00 77 35 ff 0 1
1 0 01 32 35 ff 0 1
1 0 02 43 35 ff 0 1
1 0 8d 52 35 ff 0 1
1 0 e0 1a 35 ff 0 1
1 0 01 68 35 ff 0 1
1 0 01 05 35 ff 0 1
1 0 02 27 35 ff 0 1
1 0 00 08 35 ff 0 1
1 0 0f 0f 37 ff 1 1
1 0 02 41 37 ff 1 1
1 0 33 23 37 ff 1 1
1 0 c2 55 37 ff 1 1
1 0 01 05 37 ff 1 1
1 0 03 64 37 ff 1 1
1 0 7e 51 37 ff 1 1
1 0 02 4e 37 ff 1 1
1 0 00 65 37 ff 1 1
1 0 cf 1f 37 ff 1 1
1 0 03 61 37 ff 1 1
1 0 00 3d 37 ff 1 1
1 0 0a 35 37 ff 1 1
1 0 c8 49 37 ff 1 1
1 0 e2 39 37 ff 1 1
1 0 02 79 37 ff 1 1
1 0 00 0f 34 ff 1 1
1 0 03 45 34 ff 1 1
1 0 dc 5c 34 ff 1 1
1 0 23 5c 34 ff 1 1
1 0 17 53 34 ff 1 1
1 0 03 77 34 ff 1 1
1 0 01 26 34 ff 1 1
1 0 00 25 34 ff 1 1
1 0 01 4a 34 ff 1 1
1 0 8d 26 34 ff 1 1
1 0 f5 0d 34 ff 1 1
1 0 03 37 34 ff 1 1
1 0 03 15 34 ff 1 1
1 0 03 57 34 ff 1 1
1 0 8d 30 34 ff 1 1
1 0 01 3e 34 ff 1 1
1 0 93 63 30 ff 0 1
1 0 21 34 30 ff 0 1
1 0 03 16 30 ff 0 1
1 0 b6 6b 30 ff 0 1
1 0 02 61 30 ff 0 1
1 0 02 1c 30 ff 0 1
1 0 83 2b 30 ff 0 1
1 0 01 54 30 ff 0 1
1 0 db 75 30 ff 0 1
1 0 ef 1c 30 ff 0 1
1 0 cb 54 30 ff 0 1
1 0 00 07 30 ff 0 1
1 0 f4 36 30 ff 0 1
1 0 01 32 30 ff 0 1
1 0 94 74 30 ff 0 1
1 0 34 42 30 ff 0 1
1 0 03 4d 38 ff 0 1
1 0 9b 0f 38 ff 0 1
1 0 02 1b 38 ff 0 1
1 0 40 1e 38 ff 0 1
1 0 0b 2e 38 ff 0 1
1 0 a1 0f 38 ff 0 1
1 0 01 38 38 ff 0 1
1 0 03 3a 38 ff 0 1
1 0 01 02 38 ff 0 1
1 0 0d 67 38 ff 0 1
1 0 20 40 38 ff 0 1
1 0 d0 70 38 ff 0 1
1 0 6f 3f 38 ff 0 1
1 0 0c 2b 38 ff 0 1
1 0 02 01 38 ff 0 1
1 0 61 25 38 ff 0 1
1 0 b1 51 34 ff 0 1
1 0 03 4d 34 ff 0 1
1 0 00 6a 34 ff 0 1
1 0 00 44 34 ff 0 1
1 0 03 3d 34 ff 0 1
1 0 38 0b 34 ff 0 1
1 0 03 19 34 ff 0 1
1 0 01 77 34 ff 0 1
1 0 02 78 34 ff 0 1
1 0 01 71 34 ff 0 1
1 0 20 20 34 ff 0 1
1 0 18 27 34 ff 0 1
1 0 03 2c 34 ff 0 1
1 0 00 63 34 ff 0 1
1 0 00 0b 34 ff 0 1
1 0 af 41 34 ff 0 1
1 0 02 57 2d ff 0 1
1 0 03 53 2d ff 0 1
1 0 03 3d 2d ff 0 1
1 0 03 03 2d ff 0 1
1 0 9b 42 2d ff 0 1
1 0 fa 71 2d ff 0 1
1 0 ae 71 2d ff 0 1
1 0 01 6b 2d ff 0 1
1 0 c9 34 2d ff 0 1
1 0 6e 44 2d ff 0 1
1 0 02 0e 2d ff 0 1
1 0 c9 5a 2d ff 0 1
1 0 01 33 2d ff 0 1
1 0 4e 0b 2d ff 0 1
1 0 02 57 2d ff 0 1
1 0 01 42 2d ff 0 1
1 0 37 7e 32 ff 0 1
1 0 87 3c 32 ff 0 1
1 0 0b 0f 32 ff 0 1
1 0 03 67 32 ff 0 1
1 0 27 24 32 ff 0 1
1 0 48 70 32 ff 0 1
1 0 ad 5e 32 ff 0 1
1 0 02 0d 32 ff 0 1
1 0 cf 4a 32 ff 0 1
1 0 3d 66 32 ff 0 1
1 0 85 53 32 ff 0 1
1 0 01 32 32 ff 0 1
1 0 03 35 32 ff 0 1
1 0 09 0f 32 ff 0 1
1 0 01 2e 32 ff 0 1
1 0 03 2f 32 ff 0 1
1 0 02 79 30 ff 0 1
1 0 e9 66 30 ff 0 1
1 0 5d 2a 30 ff 0 1
1 0 03 38 30 ff 0 1
1 0 57 26 30 ff 0 1
1 0 03 30 30 ff 0 1
1 0 03 64 30 ff 0 1
1 0 00 16 30 ff 0 1
1 0 f9 43 30 ff 0 1
1 0 8a 5a 30 ff 0 1
1 0 d9 29 30 ff 0 1
1 0 54 4c 30 ff 0 1
1 0 03 24 30 ff 0 1
1 0 01 24 30 ff 0 1
1 0 01 43 30 ff 0 1
1 0 03 41 30 ff 0 1
1 0 01 6d 32 ff 0 1
1 0 e5 3a 32 ff 0 1
1 0 01 38 32 ff 0 1
1 0 00 13 32 ff 0 1
1 0 f0 74 32 ff 0 1
1 0 e4 04 32 ff 0 1
1 0 44 6f 32 ff 0 1
1 0 02 02 32 ff 0 1
1 0 03 57 32 ff 0 1
1 0 5c 7e 32 ff 0 1
1 0 5c 6c 32 ff 0 1
1 0 2f 36 32 ff 0 1
1 0 23 69 32 ff 0 1
1 0 00 79 32 ff 0 1
1 0 00 5e 32 ff 0 1
1 0 00 21 32 ff 0 1
1 0 36 4a 29 ff 0 1
1 0 02 68 29 ff 0 1
1 0 f3 31 29 ff 0 1
1 0 6b 28 29 ff 0 1
1 0 00 4f 29 ff 0 1
1 0 02 4d 29 ff 0 1
1 0 27 45 29 ff 0 1
1 0 66 7a 29 ff 0 1
1 0 9a 2d 29 ff 0 1
1 0 00 46 29 ff 0 1
1 0 00 2a 29 ff 0 1
1 0 b2 44 29 ff 0 1
1 0 68 56 29 ff 0 1
1 0 01 7a 29 ff 0 1
1 0 03 3e 29 ff 0 1
1 0 eb 5c 29 ff 0 1
1 0 02 7c 37 ff 0 1
1 0 c6 6e 37 ff 0 1
1 0 01 3b 37 ff 0 1
1 0 03 78 37 ff 0 1
1 0 03 26 37 ff 0 1
1 0 02 24 37 ff 0 1
1 0 00 2d 37 ff 0 1
1 0 6d 6d 37 ff 0 1
1 0 58 13 37 ff 0 1
1 0 06 0f 37 ff 0 1
1 0 00 1c 37 ff 0 1
1 0 01 64 37 ff 0 1
1 0 00 50 37 ff 0 1
1 0 01 08 37 ff 0 1
1 0 01 2d 37 ff 0 1
1 0 02 33 37 ff 0 1
1 0 97 35 24 ff 0 1
1 0 03 26 24 ff 0 1
1 0 00 43 24 ff 0 1
1 0 ec 74 24 ff 0 1
1 0 00 43 24 ff 0 1
1 0 00 14 24 ff 0 1
1 0 5f 30 24 ff 0 1
1 0 02 39 24 ff 0 1
1 0 4b 0d 24 ff 0 1
1 0 7d 16 24 ff 0 1
1 0 01 0b 24 ff 0 1
1 0 01 51 24 ff 0 1
1 0 01 59 24 ff 0 1
1 0 02 52 24 ff 0 1
1 0 01 6a 24 ff 0 1
1 0 03 2d 24 ff 0 1
1 0 23 30 2c ff 0 1
1 0 9b 2d 2c ff 0 1
1 0 00 00 2c ff 0 1
1 0 02 27 2c ff 0 1
1 0 01 09 2c ff 0 1
1 0 e0 68 2c ff 0 1
1 0 0a 0d 2c ff 0 1
1 0 5c 58 2c ff 0 1
1 0 01 29 2c ff 0 1
1 0 00 15 2c ff 0 1
1 0 11 63 2c ff 0 1
1 0 5f 13 2c ff 0 1
1 0 01 55 2c ff 0 1
1 0 02 05 2c ff 0 1
1 0 ba 59 2c ff 0 1
1 0 00 35 2c ff 0 1
1 0 5f 33 3b ff 1 1
1 0 01 1e 3b ff 1 1
1 0 01 26 3b ff 1 1
1 0 02 0d 3b ff 1 1
1 0 03 5f 3b ff 1 1
1 0 85 45 3b ff 1 1
1 0 74 13 3b ff 1 1
1 0 dd 46 3b ff 1 1
1 0 fc 5d 3b ff 1 1
1 0 02 60 3b ff 1 1
1 0 00 0e 3b ff 1 1
1 0 37 44 3b ff 1 1
1 0 00 2f 3b ff 1 1
1 0 29 2f 3b ff 1 1
1 0 00 15 3b ff 1 1
1 0 d5 2f 3b ff 1 1
1 0 5b 4d 37 ff 0 1
1 0 02 7c 37 ff 0 1
1 0 00 4e 37 ff 0 1
1 0 53 2f 37 ff 0 1
1 0 02 3d 37 ff 0 1
1 0 85 2c 37 ff 0 1
1 0 d9 2f 37 ff 0 1
1 0 01 7c 37 ff 0 1
1 0 0b 55 37 ff 0 1
1 0 00 64 37 ff 0 1
1 0 6a 03 37 ff 0 1
1 0 a6 14 37 ff 0 1
1 0 dc 0b 37 ff 0 1
1 0 34 06 37 ff 0 1
1 0 02 1e 37 ff 0 1
1 0 db 2d 37 ff 0 1
1 0 02 46 3c ff 0 1
1 0 88 01 3c ff 0 1
1 0 01 37 3c ff 0 1
1 0 b4 08 3c ff 0 1
1 0 01 33 3c ff 0 1
1 0 02 52 3c ff 0 1
1 0 8c 2d 3c ff 0 1
1 0 01 18 3c ff 0 1
1 0 3e 55 3c ff 0 1
1 0 02 43 3c ff 0 1
1 0 e9 73 3c ff 0 1
1 0 43 23 3c ff 0 1
1 0 01 58 3c ff 0 1
1 0 00 56 3c ff 0 1
1 0 f0 26 3c ff 0 1
1 0 d6 6d 3c ff 0 1
1 0 8b 09 3d ff 1 1
1 0 00 49 3d ff 1 1
1 0 3c 37 3d ff 1 1
1 0 76 3b 3d ff 1 1
1 0 5e 0f 3d ff 1 1
1 0 b4 24 3d ff 1 1
1 0 03 08 3d ff 1 1
1 0 f8 78 3d ff 1 1
1 0 f7 73 3d ff 1 1
1 0 00 5f 3d ff 1 1
1 0 02 3d 3d ff 1 1
1 0 af 33 3d ff 1 1
1 0 6d 04 3d ff 1 1
1 0 02 1f 3d ff 1 1
1 0 02 43 3d ff 1 1
1 0 30 69 3d ff 1 1
1 0 87 4e 42 ff 0 1
1 0 00 73 42 ff 0 1
1 0 b4 51 42 ff 0 1
1 0 49 5b 42 ff 0 1
1 0 01 39 42 ff 0 1
1 0 20 0b 42 ff 0 1
1 0 de 26 42 ff 0 1
1 0 01 7a 42 ff 0 1
1 0 03 0c 42 ff 0 1
1 0 d2 6a 42 ff 0 1
1 0 01 20 42 ff 0 1
1 0 bd 1e 42 ff 0 1
1 0 c4 5f 42 ff 0 1
1 0 01 02 42 ff 0 1
1 0 98 10 42 ff 0 1
1 0 01 4b 42 ff 0 1
1 0 f9 1a 46 ff 1 1
1 0 03 58 46 ff 1 1
1 0 02 4d 46 ff 1 1
1 0 6e 30 46 ff 1 1
1 0 02 2d 46 ff 1 1
1 0 01 08 46 ff 1 1
1 0 02 25 46 ff 1 1
1 0 af 39 46 ff 1 1
1 0 ad 29 46 ff 1 1
1 0 03 1b 46 ff 1 1
1 0 01 5a 46 ff 1 1
1 0 02 05 46 ff 1 1
1 0 00 49 46 ff 1 1
1 0 01 73 46 ff 1 1
1 0 33 1a 46 ff 1 1
1 0 03 00 46 ff 1 1
1 0 01 55 29 ff 0 1
1 0 03 54 29 ff 0 1
1 0 00 6f 29 ff 0 1
1 0 62 4d 29 ff 0 1
1 0 03 1c 29 ff 0 1
1 0 4a 60 29 ff 0 1
1 0 13 16 29 ff 0 1
1 0 47 4f 29 ff 0 1
1 0 eb 73 29 ff 0 1
1 0 1a 42 29 ff 0 1
1 0 03 76 29 ff 0 1
1 0 02 6f 29 ff 0 1
1 0 03 43 29 ff 0 1
1 0 01 63 29 ff 0 1
1 0 00 24 29 ff 0 1
1 0 01 6e 29 ff 0 1
1 0 13 5a 26 ff 0 1
1 0 02 09 26 ff 0 1
1 0 01 02 26 ff 0 1
1 0 a9 6c 26 ff 0 1
1 0 00 50 26 ff 0 1
1 0 f7 3b 26 ff 0 1
1 0 02 3d 26 ff 0 1
1 0 e1 60 26 ff 0 1
1 0 03 02 26 ff 0 1
1 0 11 5b 26 ff 0 1
1 0 3a 55 26 ff 0 1
1 0 c0 27 26 ff 0 1
1 0 00 1b 26 ff 0 1
1 0 03 1f 26 ff 0 1
1 0 02 79 26 ff 0 1
1 0 05 61 26 ff 0 1
1 0 01 4d 36 ff 0 1
1 0 00 76 36 ff 0 1
1 0 85 32 36 ff 0 1
1 0 03 15 36 ff 0 1
1 0 02 2e 36 ff 0 1
1 0 e9 1d 36 ff 0 1
1 0 00 5f 36 ff 0 1
1 0 00 5d 36 ff 0 1
1 0 01 50 36 ff 0 1
1 0 ff 15 36 ff 0 1
1 0 bb 07 36 ff 0 1
1 0 00 4f 36 ff 0 1
1 0 2f 69 36 ff 0 1
1 0 01 2d 36 ff 0 1
1 0 a0 11 36 ff 0 1
1 0 00 31 36 ff 0 1
1 0 02 15 32 ff 1 1
1 0 00 44 32 ff 1 1
1 0 fb 5d 32 ff 1 1
1 0 c0 02 32 ff 1 1
1 0 f2 48 32 ff 1 1
1 0 8e 17 32 ff 1 1
1 0 58 0a 32 ff 1 1
1 0 01 06 32 ff 1 1
1 0 00 22 32 ff 1 1
1 0 02 42 32 ff 1 1
1 0 00 29 32 ff 1 1
1 0 b6 7d 32 ff 1 1
1 0 c3 32 32 ff 1 1
1 0 4f 1e 32 ff 1 1
1 0 04 15 32 ff 1 1
1 0 52 64 32 ff 1 1
1 0 02 5d 38 ff 0 1
1 0 01 47 38 ff 0 1
1 0 63 70 38 ff 0 1
1 0 01 0e 38 ff 0 1
1 0 01 10 38 ff 0 1
1 0 2d 61 38 ff 0 1
1 0 01 05 38 ff 0 1
1 0 00 5e 38 ff 0 1
1 0 ca 74 38 ff 0 1
1 0 af 66 38 ff 0 1
1 0 72 7b 38 ff 0 1
1 0 24 19 38 ff 0 1
1 0 00 16 38 ff 0 1
1 0 b8 40 38 ff 0 1
1 0 69 26 38 ff 0 1
1 0 02 4e 38 ff 0 1
1 0 1b 6b 33 ff 0 1
1 0 02 1f 33 ff 0 1
1 0 5f 7c 33 ff 0 1
1 0 74 51 33 ff 0 1
1 0 01 55 33 ff 0 1
1 0 01 24 33 ff 0 1
1 0 e2 2c 33 ff 0 1
1 0 56 17 33 ff 0 1
1 0 00 55 33 ff 0 1
1 0 02 18 33 ff 0 1
1 0 00 30 33 ff 0 1
1 0 35 42 33 ff 0 1
1 0 01 01 33 ff 0 1
1 0 d9 53 33 ff 0 1
1 0 d0 50 33 ff 0 1
1 0 02 5c 33 ff 0 1
1 0 79 6b 37 ff 0 1
1 0 03 0d 37 ff 0 1
1 0 02 43 37 ff 0 1
1 0 ac 2f 37 ff 0 1
1 0 f7 68 37 ff 0 1
1 0 00 16 37 ff 0 1
1 0 57 03 37 ff 0 1
1 0 02 33 37 ff 0 1
1 0 03 0b 37 ff 0 1
1 0 03 15 37 ff 0 1
1 0 00 6c 37 ff 0 1
1 0 00 11 37 ff 0 1
1 0 f2 3f 37 ff 0 1
1 0 00 20 37 ff 0 1
1 0 fd 75 37 ff 0 1
1 0 00 4d 37 ff 0 1
1 0 03 35 3d ff 1 1
1 0 01 4b 3d ff 1 1
1 0 03 5e 3d ff 1 1
1 0 01 56 3d ff 1 1
1 0 8f 6f 3d ff 1 1
1 0 00 15 3d ff 1 1
1 0 00 63 3d ff 1 1
1 0 b3 2c 3d ff 1 1
1 0 90 0b 3d ff 1 1
1 0 c1 2a 3d ff 1 1
1 0 02 0c 3d ff 1 1
1 0 02 62 3d ff 1 1
1 0 02 3e 3d ff 1 1
1 0 00 45 3d ff 1 1
1 0 70 7b 3d ff 1 1
1 0 ea 13 3d ff 1 1
1 0 19 18 29 ff 1 1
1 0 00 35 29 ff 1 1
1 0 01 5f 29 ff 1 1
1 0 a6 0d 29 ff 1 1
1 0 db 27 29 ff 1 1
1 0 03 43 29 ff 1 1
1 0 2c 33 29 ff 1 1
1 0 02 25 29 ff 1 1
1 0 00 4e 29 ff 1 1
1 0 00 15 29 ff 1 1
1 0 03 10 29 ff 1 1
1 0 01 23 29 ff 1 1
1 0 03 77 29 ff 1 1
1 0 d9 26 29 ff 1 1
1 0 03 22 29 ff 1 1
1 0 01 70 29 ff 1 1
1 0 e7 35 31 ff 0 1
1 0 03 6f 31 ff 0 1
1 0 d2 39 31 ff 0 1
1 0 01 4e 31 ff 0 1
1 0 a3 0e 31 ff 0 1
1 0 39 75 31 ff 0 1
1 0 02 33 31 ff 0 1
1 0 02 38 31 ff 0 1
1 0 61 6e 31 ff 0 1
1 0 28 2d 31 ff 0 1
1 0 80 66 31 ff 0 1
1 0 14 5d 31 ff 0 1
1 0 02 2c 31 ff 0 1
1 0 9b 4f 31 ff 0 1
1 0 fe 29 31 ff 0 1
1 0 01 60 31 ff 0 1
1 0 02 4e 3b ff 0 1
1 0 00 61 3b ff 0 1
1 0 a6 40 3b ff 0 1
1 0 01 57 3b ff 0 1
1 0 84 17 3b ff 0 1
1 0 02 20 3b ff 0 1
1 0 59 14 3b ff 0 1
1 0 7a 71 3b ff 0 1
1 0 b0 39 3b ff 0 1
1 0 02 09 3b ff 0 1
1 0 d9 4d 3b ff 0 1
1 0 03 71 3b ff 0 1
1 0 00 46 3b ff 0 1
1 0 ac 46 3b ff 0 1
1 0 00 4a 3b ff 0 1
1 0 35 00 3b ff 0 1
1 0 1f 72 3c ff 0 1
1 0 34 3b 3c ff 0 1
1 0 aa 6f 3c ff 0 1
1 0 1a 01 3c ff 0 1
1 0 03 59 3c ff 0 1
1 0 1b 45 3c ff 0 1
1 0 00 64 3c ff 0 1
1 0 88 0b 3c ff 0 1
1 0 02 6c 3c ff 0 1
1 0 e0 2a 3c ff 0 1
1 0 b2 10 3c ff 0 1
1 0 a5 5d 3c ff 0 1
1 0 3d 27 3c ff 0 1
1 0 03 05 3c ff 0 1
1 0 52 6e 3c ff 0 1
1 0 7a 6a 3c ff 0 1
1 0 d8 09 35 ff 1 1
1 0 02 56 35 ff 1 1
1 0 cf 5b 35 ff 1 1
1 0 82 62 35 ff 1 1
1 0 a8 3b 35 ff 1 1
1 0 4e 2a 35 ff 1 1
1 0 68 16 35 ff 1 1
1 0 17 11 35 ff 1 1
1 0 00 3c 35 ff 1 1
1 0 f2 16 35 ff 1 1
1 0 01 53 35 ff 1 1
1 0 22 2d 35 ff 1 1
1 0 00 1e 35 ff 1 1
1 0 00 5f 35 ff 1 1
1 0 00 6d 35 ff 1 1
1 0 01 74 35 ff 1 1
1 0 18 62 38 ff 0 1
1 0 00 50 38 ff 0 1
1 0 e4 4b 38 ff 0 1
1 0 03 2b 38 ff 0 1
1 0 c9 3b 38 ff 0 1
1 0 bb 1e 38 ff 0 1
1 0 4d 0c 38 ff 0 1
1 0 01 0c 38 ff 0 1
1 0 73 7a 38 ff 0 1
1 0 79 53 38 ff 0 1
1 0 02 67 38 ff 0 1
1 0 00 50 38 ff 0 1
1 0 84 6b 38 ff 0 1
1 0 02 0a 38 ff 0 1
1 0 bf 36 38 ff 0 1
1 0 00 62 38 ff 0 1
1 0 1c 47 3f ff 0 1
1 0 c0 50 3f ff 0 1
1 0 3e 1c 3f ff 0 1
1 0 01 2a 3f ff 0 1
1 0 84 55 3f ff 0 1
1 0 93 7e 3f ff 0 1
1 0 00 64 3f ff 0 1
1 0 cf 0f 3f ff 0 1
1 0 03 5a 3f ff 0 1
1 0 fc 25 3f ff 0 1
1 0 02 20 3f ff 0 1
1 0 00 67 3f ff 0 1
1 0 01 45 3f ff 0 1
1 0 0d 31 3f ff 0 1
1 0 03 2e 3f ff 0 1
1 0 cf 47 3f ff 0 1
1 0 02 61 46 ff 0 1
1 0 00 05 46 ff 0 1
1 0 45 27 46 ff 0 1
1 0 03 36 46 ff 0 1
1 0 03 50 46 ff 0 1
1 0 53 07 46 ff 0 1
1 0 03 64 46 ff 0 1
1 0 03 22 46 ff 0 1
1 0 01 31 46 ff 0 1
1 0 00 28 46 ff 0 1
1 0 a7 45 46 ff 0 1
1 0 00 55 46 ff 0 1
1 0 01 1e 46 ff 0 1
1 0 25 4a 46 ff 0 1
1 0 58 0c 46 ff 0 1
1 0 01 13 46 ff 0 1
1 0 e3 64 28 ff 0 1
1 0 00 5f 28 ff 0 1
1 0 06 70 28 ff 0 1
1 0 00 38 28 ff 0 1
1 0 32 20 28 ff 0 1
1 0 00 65 28 ff 0 1
1 0 d4 3a 28 ff 0 1
1 0 02 63 28 ff 0 1
1 0 02 71 28 ff 0 1
1 0 01 1c 28 ff 0 1
1 0 03 6d 28 ff 0 1
1 0 59 22 28 ff 0 1
1 0 00 56 28 ff 0 1
1 0 00 5e 28 ff 0 1
1 0 02 43 28 ff 0 1
1 0 03 06 28 ff 0 1
1 0 6c 3f 2b ff 0 1
1 0 dc 41 2b ff 0 1
1 0 e7 20 2b ff 0 1
1 0 00 57 2b ff 0 1
1 0 03 76 2b ff 0 1
1 0 06 52 2b ff 0 1
1 0 02 15 2b ff 0 1
1 0 02 21 2b ff 0 1
1 0 76 62 2b ff 0 1
1 0 02 2c 2b ff 0 1
1 0 60 0a 2b ff 0 1
1 0 89 17 2b ff 0 1
1 0 ce 66 2b ff 0 1
1 0 00 29 2b ff 0 1
1 0 ba 51 2b ff 0 1
1 0 03 14 2b ff 0 1
1 0 75 38 3b ff 1 1
1 0 02 61 3b ff 1 1
1 0 02 2f 3b ff 1 1
1 0 02 36 3b ff 1 1
1 0 03 31 3b ff 1 1
1 0 00 51 3b ff 1 1
1 0 01 14 3b ff 1 1
1 0 01 71 3b ff 1 1
1 0 13 53 3b ff 1 1
1 0 02 1a 3b ff 1 1
1 0 02 11 3b ff 1 1
1 0 03 79 3b ff 1 1
1 0 00 77 3b ff 1 1
1 0 81 0c 3b ff 1 1
1 0 ec 6a 3b ff 1 1
1 0 02 49 3b ff 1 1
1 0 01 2c 20 ff 0 1
1 0 c1 31 20 ff 0 1
1 0 02 43 20 ff 0 1
1 0 fb 13 20 ff 0 1
1 0 01 35 20 ff 0 1
1 0 03 74 20 ff 0 1
1 0 03 1e 20 ff 0 1
1 0 7f 6b 20 ff 0 1
1 0 59 03 20 ff 0 1
1 0 c8 31 20 ff 0 1
1 0 4c 3d 20 ff 0 1
1 0 01 07 20 ff 0 1
1 0 01 0c 20 ff 0 1
1 0 ec 0f 20 ff 0 1
1 0 d7 6b 20 ff 0 1
1 0 3c 54 20 ff 0 1
1 0 33 56 39 ff 0 1
1 0 01 1e 39 ff 0 1
1 0 00 28 39 ff 0 1
1 0 01 66 39 ff 0 1
1 0 03 0d 39 ff 0 1
1 0 80 0a 39 ff 0 1
1 0 01 43 39 ff 0 1
1 0 5a 5e 39 ff 0 1
1 0 01 66 39 ff 0 1
1 0 39 1c 39 ff 0 1
1 0 03 41 39 ff 0 1
1 0 d6 3e 39 ff 0 1
1 0 6a 0a 39 ff 0 1
1 0 1c 60 39 ff 0 1
1 0 c9 7e 39 ff 0 1
1 0 03 4e 39 ff 0 1
1 0 83 1a 35 ff 1 1
1 0 91 2b 35 ff 1 1
1 0 a5 6a 35 ff 1 1
1 0 8c 03 35 ff 1 1
1 0 01 7a 35 ff 1 1
1 0 02 09 35 ff 1 1
1 0 6a 5c 35 ff 1 1
1 0 00 78 35 ff 1 1
1 0 03 23 35 ff 1 1
1 0 01 3e 35 ff 1 1
1 0 00 20 35 ff 1 1
1 0 03 6c 35 ff 1 1
1 0 d2 74 35 ff 1 1
1 0 01 10 35 ff 1 1
1 0 00 12 35 ff 1 1
1 0 03 2b 35 ff 1 1
1 0 d9 1a 2c ff 1 1
1 0 56 65 2c ff 1 1
1 0 02 0e 2c ff 1 1
1 0 d1 40 2c ff 1 1
1 0 ba 62 2c ff 1 1
1 0 02 0d 2c ff 1 1
1 0 bc 7f 2c ff 1 1
1 0 8c 44 2c ff 1 1
1 0 e9 6e 2c ff 1 1
1 0 03 35 2c ff 1 1
1 0 02 33 2c ff 1 1
1 0 02 71 2c ff 1 1
1 0 03 59 2c ff 1 1
1 0 03 43 2c ff 1 1
1 0 00 1c 2c ff 1 1
1 1 02 3b 00 ff 0 1
1 0 58 7d 00 ff 0 1
1 0 8f 2c 00 ff 0 1
1 0 02 53 00 ff 0 1
1 0 00 03 00 ff 0 1
1 0 42 15 00 ff 0 1
1 0 31 6d 00 ff 0 1
1 0 69 02 00 ff 0 1
1 0 f4 1b 00 ff 0 1
1 0 1b 34 00 ff 0 1
1 0 86 15 00 ff 0 1
1 0 01 06 00 ff 0 1
1 0 e6 1b 00 ff 0 1
1 0 67 3d 00 ff 0 1
1 0 01 22 00 ff 0 1
1 0 7d 08 00 ff 0 1
1 0 f5 6f 40 ff 0 1
1 0 02 58 40 ff 0 1
1 0 7b 60 40 ff 0 1
1 0 01 0c 40 ff 0 1
1 0 03 50 40 ff 0 1
1 0 02 43 40 ff 0 1
1 0 73 7c 40 ff 0 1
1 0 00 0e 40 ff 0 1
1 0 01 43 40 ff 0 1
1 0 02 33 40 ff 0 1
1 0 c7 04 40 ff 0 1
1 0 f9 41 40 ff 0 1
1 0 01 60 40 ff 0 1
1 0 cd 12 40 ff 0 1
1 0 8b 71 40 ff 0 1
1 0 02 47 40 ff 0 1
1 0 01 17 39 ff 1 1
1 0 73 55 39 ff 1 1
1 0 10 77 39 ff 1 1
1 0 31 5f 39 ff 1 1
1 0 e7 73 39 ff 1 1
1 0 01 69 39 ff 1 1
1 0 00 17 39 ff 1 1
1 0 02 2e 39 ff 1 1
1 0 03 40 39 ff 1 1
1 0 01 0c 39 ff 1 1
1 0 d9 60 39 ff 1 1
1 0 68 6f 39 ff 1 1
1 0 d3 52 39 ff 1 1
1 0 a1 24 39 ff 1 1
1 0 8d 3b 39 ff 1 1
1 0 01 1b 39 ff 1 1
1 0 00 5b 31 ff 0 1
1 0 02 2b 31 ff 0 1
1 0 01 18 31 ff 0 1
1 0 67 32 31 ff 0 1
1 0 02 66 31 ff 0 1
1 0 85 0f 31 ff 0 1
1 0 01 41 31 ff 0 1
1 0 03 54 31 ff 0 1
1 0 7c 2d 31 ff 0 1
1 0 00 76 31 ff 0 1
1 0 03 7c 31 ff 0 1
1 0 43 07 31 ff 0 1
1 0 75 3e 31 ff 0 1
1 0 a6 44 31 ff 0 1
1 0 57 06 31 ff 0 1
1 0 90 60 31 ff 0 1
1 0 02 09 37 ff 1 1
1 0 ee 16 37 ff 1 1
1 0 f3 14 37 ff 1 1
1 0 03 5c 37 ff 1 1
1 0 01 3f 37 ff 1 1
1 0 00 11 37 ff 1 1
1 0 5a 17 37 ff 1 1
1 0 35 16 37 ff 1 1
1 0 ab 75 37 ff 1 1
1 0 d2 72 37 ff 1 1
1 0 29 41 37 ff 1 1
1 0 01 79 37 ff 1 1
1 0 01 0d 37 ff 1 1
1 0 02 6e 37 ff 1 1
1 0 01 69 37 ff 1 1
1 0 00 79 37 ff 1 1
1 0 8a 69 34 ff 0 1
1 0 1f 27 34 ff 0 1
1 0 00 33 34 ff 0 1
1 0 3f 4a 34 ff 0 1
1 0 01 18 34 ff 0 1
1 0 4c 55 34 ff 0 1
1 0 02 78 34 ff 0 1
1 0 bc 2d 34 ff 0 1
1 0 01 02 34 ff 0 1
1 0 10 6c 34 ff 0 1
1 0 59 08 34 ff 0 1
1 0 00 76 34 ff 0 1
1 0 fa 30 34 ff 0 1
1 0 d7 14 34 ff 0 1
1 0 02 17 34 ff 0 1
1 0 03 06 34 ff 0 1
1 0 00 2f 43 ff 1 1
1 0 03 35 43 ff 1 1
1 0 c1 23 43 ff 1 1
1 0 a7 2f 43 ff 1 1
1 0 01 55 43 ff 1 1
1 0 0b 3e 43 ff 1 1
1 0 43 7d 43 ff 1 1
1 0 03 21 43 ff 1 1
1 0 03 17 43 ff 1 1
1 0 03 79 43 ff 1 1
1 0 cd 2e 43 ff 1 1
1 0 8c 27 43 ff 1 1
1 0 c1 7e 43 ff 1 1
1 0 01 00 43 ff 1 1
1 0 01 34 43 ff 1 1
1 0 03 1d 43 ff 1 1
1 0 00 2e 22 ff 0 1
1 0 02 33 22 ff 0 1
1 0 02 0d 22 ff 0 1
1 0 d1 08 22 ff 0 1
1 0 00 1f 22 ff 0 1
1 0 03 53 22 ff 0 1
1 0 02 4c 22 ff 0 1
1 0 03 48 22 ff 0 1
1 0 02 79 22 ff 0 1
1 0 a8 36 22 ff 0 1
1 0 c5 76 22 ff 0 1
1 0 ee 05 22 ff 0 1
1 0 de 70 22 ff 0 1
1 0 36 6d 22 ff 0 1
1 0 03 3c 22 ff 0 1
1 0 8d 56 22 ff 0 1
1 0 03 48 2e ff 0 1
1 0 0b 78 2e ff 0 1
1 0 81 1c 2e ff 0 1
1 0 50 25 2e ff 0 1
1 0 ef 2a 2e ff 0 1
1 0 b1 4b 2e ff 0 1
1 0 03 41 2e ff 0 1
1 0 33 51 2e ff 0 1
1 0 00 77 2e ff 0 1
1 0 7e 07 2e ff 0 1
1 0 42 3a 2e ff 0 1
1 0 cf 04 2e ff 0 1
1 0 02 06 2e ff 0 1
1 0 47 63 2e ff 0 1
1 0 00 00 2e ff 0 1
1 0 34 0b 2e ff 0 1
1 0 e3 42 41 ff 0 1
1 0 00 53 41 ff 0 1
1 0 02 10 41 ff 0 1
1 0 e7 66 41 ff 0 1
1 0 aa 08 41 ff 0 1
1 0 03 00 41 ff 0 1
1 0 9d 54 41 ff 0 1
1 0 03 62 41 ff 0 1
1 0 b3 18 41 ff 0 1
1 0 52 0a 41 ff 0 1
1 0 66 1f 41 ff 0 1
1 0 2e 58 41 ff 0 1
1 0 a3 17 41 ff 0 1
1 0 8f 3b 41 ff 0 1
1 0 00 4a 41 ff 0 1
1 0 c7 2f 41 ff 0 1
1 0 cc 01 3d ff 1 1
1 0 01 0d 3d ff 1 1
1 0 00 6d 3d ff 1 1
1 0 47 61 3d ff 1 1
1 0 8d 66 3d ff 1 1
1 0 26 69 3d ff 1 1
1 0 03 64 3d ff 1 1
1 0 0c 58 3d ff 1 1
1 0 47 29 3d ff 1 1
1 0 04 4c 3d ff 1 1
1 0 00 15 3d ff 1 1
1 0 03 52 3d ff 1 1
1 0 1c 6e 3d ff 1 1
1 0 8a 02 3d ff 1 1
1 0 00 17 3d ff 1 1
1 0 e1 3b 3d ff 1 1
1 0 2b 5e 38 ff 0 1
1 0 94 05 38 ff 0 1
1 0 03 02 38 ff 0 1
1 0 dc 6e 38 ff 0 1
1 0 f1 31 38 ff 0 1
1 0 8c 57 38 ff 0 1
1 0 1b 18 38 ff 0 1
1 0 51 16 38 ff 0 1
1 0 ac 2f 38 ff 0 1
1 0 00 70 38 ff 0 1
1 0 f2 07 38 ff 0 1
1 0 00 04 38 ff 0 1
1 0 00 2e 38 ff 0 1
1 0 01 24 38 ff 0 1
1 0 da 2f 38 ff 0 1
1 0 b5 3b 38 ff 0 1
1 0 03 24 4c ff 1 1
1 0 13 5c 4c ff 1 1
1 0 01 40 4c ff 1 1
1 0 8d 21 4c ff 1 1
1 0 55 04 4c ff 1 1
1 0 b5 47 4c ff 1 1
1 0 c9 36 4c ff 1 1
1 0 0f 00 4c ff 1 1
1 0 03 33 4c ff 1 1
1 0 03 63 4c ff 1 1
1 0 00 32 4c ff 1 1
1 0 25 0c 4c ff 1 1
1 0 01 4f 4c ff 1 1
1 0 03 4e 4c ff 1 1
1 0 03 09 4c ff 1 1
1 0 d2 44 4c ff 1 1
1 0 04 43 29 ff 0 1
1 0 03 04 29 ff 0 1
1 0 7b 61 29 ff 0 1
1 0 01 7a 29 ff 0 1
1 0 e1 07 29 ff 0 1
1 0 02 37 29 ff 0 1
1 0 06 7a 29 ff 0 1
1 0 02 7d 29 ff 0 1
1 0 46 76 29 ff 0 1
1 0 02 4d 29 ff 0 1
1 0 03 5f 29 ff 0 1
1 0 00 00 29 ff 0 1
1 0 71 27 29 ff 0 1
1 0 03 52 29 ff 0 1
1 0 03 6d 29 ff 0 1
1 0 03 71 29 ff 0 1
1 0 01 17 26 ff 1 1
1 0 13 07 26 ff 1 1
1 0 82 56 26 ff 1 1
1 0 a0 46 26 ff 1 1
1 0 61 3d 26 ff 1 1
1 0 03 4c 26 ff 1 1
1 0 02 6e 26 ff 1 1
1 0 a2 48 26 ff 1 1
1 0 00 3c 26 ff 1 1
1 0 00 57 26 ff 1 1
1 0 9a 5e 26 ff 1 1
1 0 02 3a 26 ff 1 1
1 0 01 22 26 ff 1 1
1 0 00 7a 26 ff 1 1
1 0 01 10 26 ff 1 1
1 0 df 36 26 ff 1 1
1 0 03 56 29 ff 0 1
1 0 dd 08 29 ff 0 1
1 0 21 2d 29 ff 0 1
1 0 02 6c 29 ff 0 1
1 0 02 48 29 ff 0 1
1 0 d3 2e 29 ff 0 1
1 0 00 0d 29 ff 0 1
1 0 01 21 29 ff 0 1
1 0 02 0e 29 ff 0 1
1 0 c0 5f 29 ff 0 1
1 0 6d 1c 29 ff 0 1
1 0 85 25 29 ff 0 1
1 0 02 11 29 ff 0 1
1 0 34 11 29 ff 0 1
1 0 01 28 29 ff 0 1
1 0 03 57 29 ff 0 1
1 0 cc 77 3a ff 0 1
1 0 4d 29 3a ff 0 1
1 0 29 5c 3a ff 0 1
1 0 00 73 3a ff 0 1
1 0 00 11 3a ff 0 1
1 0 01 3a 3a ff 0 1
1 0 02 44 3a ff 0 1
1 0 70 3c 3a ff 0 1
1 0 f4 7e 3a ff 0 1
1 0 30 6a 3a ff 0 1
1 0 03 32 3a ff 0 1
1 0 1f 65 3a ff 0 1
1 0 db 51 3a ff 0 1
1 0 01 4c 3a ff 0 1
1 0 00 77 3a ff 0 1
1 0 03 2c 3a ff 0 1
1 0 58 11 2b ff 1 1
1 0 01 58 2b ff 1 1
1 0 01 76 2b ff 1 1
1 0 00 19 2b ff 1 1
1 0 dd 10 2b ff 1 1
1 0 02 39 2b ff 1 1
1 0 e3 07 2b ff 1 1
1 0 02 7f 2b ff 1 1
1 0 00 01 2b ff 1 1
1 0 26 16 2b ff 1 1
1 0 86 3c 2b ff 1 1
1 0 95 3d 2b ff 1 1
1 0 f1 06 2b ff 1 1
1 0 5b 7f 2b ff 1 1
1 0 51 71 2b ff 1 1
1 0 3e 6a 2b ff 1 1
1 0 03 5a 37 ff 0 1
1 0 6e 40 37 ff 0 1
1 0 17 25 37 ff 0 1
1 0 03 30 37 ff 0 1
1 0 1d 54 37 ff 0 1
1 0 03 00 37 ff 0 1
1 0 02 1e 37 ff 0 1
1 0 ac 2f 37 ff 0 1
1 0 42 43 37 ff 0 1
1 0 c6 7c 37 ff 0 1
1 0 29 2f 37 ff 0 1
1 0 da 3f 37 ff 0 1
1 0 00 30 37 ff 0 1
1 0 9d 53 37 ff 0 1
1 0 8c 47 37 ff 0 1
1 0 fd 42 37 ff 0 1
1 0 38 2d 43 ff 1 1
1 0 ba 10 43 ff 1 1
1 0 00 7e 43 ff 1 1
1 0 01 5a 43 ff 1 1
1 0 14 08 43 ff 1 1
1 0 8e 0e 43 ff 1 1
1 0 4d 76 43 ff 1 1
1 0 cb 0e 43 ff 1 1
1 0 24 3c 43 ff 1 1
1 0 01 51 43 ff 1 1
1 0 02 4f 43 ff 1 1
1 0 46 36 43 ff 1 1
1 0 65 42 43 ff 1 1
1 0 03 59 43 ff 1 1
1 0 0d 38 43 ff 1 1
1 0 1c 2b 43 ff 1 1
1 0 41 0d 35 ff 1 1
1 0 00 60 35 ff 1 1
1 0 4a 70 35 ff 1 1
1 0 7a 5f 35 ff 1 1
1 0 53 41 35 ff 1 1
1 0 03 50 35 ff 1 1
1 0 02 0d 35 ff 1 1
1 0 8f 5d 35 ff 1 1
1 0 03 38 35 ff 1 1
1 0 02 1f 35 ff 1 1
1 0 37 63 35 ff 1 1
1 0 02 04 35 ff 1 1
1 0 7b 72 35 ff 1 1
1 0 2b 1e 35 ff 1 1
1 0 08 76 35 ff 1 1
1 0 03 34 35 ff 1 1
1 0 02 1a 2b ff 1 1
1 0 00 16 2b ff 1 1
1 0 0f 4b 2b ff 1 1
1 0 1a 6a 2b ff 1 1
1 0 8e 3f 2b ff 1 1
1 0 3c 4c 2b ff 1 1
1 0 b5 71 2b ff 1 1
1 0 65 6c 2b ff 1 1
1 0 02 67 2b ff 1 1
1 0 8a 73 2b ff 1 1
1 0 99 42 2b ff 1 1
1 0 03 50 2b ff 1 1
1 0 03 2b 2b ff 1 1
1 0 2c 34 2b ff 1 1
1 0 03 35 2b ff 1 1
1 0 e6 17 2b ff 1 1
1 0 76 36 34 ff 0 1
1 0 b3 2e 34 ff 0 1
1 0 01 4f 34 ff 0 1
1 0 1a 76 34 ff 0 1
1 0 66 0a 34 ff 0 1
1 0 8d 3f 34 ff 0 1
1 0 01 44 34 ff 0 1
1 0 03 04 34 ff 0 1
1 0 e4 35 34 ff 0 1
1 0 01 40 34 ff 0 1
1 0 01 77 34 ff 0 1
1 0 1a 2f 34 ff 0 1
1 0 03 42 34 ff 0 1
1 0 82 10 34 ff 0 1
1 0 01 4c 34 ff 0 1
1 0 03 19 34 ff 0 1
1 0 00 44 35 ff 0 1
1 0 00 20 35 ff 0 1
1 0 d7 3d 35 ff 0 1
1 0 ae 7f 35 ff 0 1
1 0 79 7c 35 ff 0 1
1 0 0c 15 35 ff 0 1
1 0 00 47 35 ff 0 1
1 0 01 0a 35 ff 0 1
1 0 01 1a 35 ff 0 1
1 0 02 48 35 ff 0 1
1 0 01 63 35 ff 0 1
1 0 02 01 35 ff 0 1
1 0 af 6f 35 ff 0 1
1 0 01 33 35 ff 0 1
1 0 33 0e 35 ff 0 1
1 0 2d 64 35 ff 0 1
1 0 1e 07 34 ff 1 1
1 0 02 00 34 ff 1 1
1 0 4e 38 34 ff 1 1
1 0 c0 0c 34 ff 1 1
1 0 b8 36 34 ff 1 1
1 0 03 5c 34 ff 1 1
1 0 00 19 34 ff 1 1
1 0 21 44 34 ff 1 1
1 0 95 53 34 ff 1 1
1 0 02 61 34 ff 1 1
1 0 38 77 34 ff 1 1
1 0 03 41 34 ff 1 1
1 0 52 4e 34 ff 1 1
1 0 00 24 34 ff 1 1
1 0 cb 16 34 ff 1 1
1 0 02 77 34 ff 1 1
1 0 1a 64 3b ff 0 1
1 0 c5 0e 3b ff 0 1
1 0 04 3a 3b ff 0 1
1 0 7b 61 3b ff 0 1
1 0 ee 25 3b ff 0 1
1 0 b7 40 3b ff 0 1
1 0 88 48 3b ff 0 1
1 0 00 60 3b ff 0 1
1 0 b5 6b 3b ff 0 1
1 0 b9 50 3b ff 0 1
1 0 0d 3e 3b ff 0 1
1 0 02 36 3b ff 0 1
1 0 c9 03 3b ff 0 1
1 0 ac 09 3b ff 0 1
1 0 8a 32 3b ff 0 1
1 0 02 38 3b ff 0 1
1 0 e1 14 43 ff 1 1
1 0 80 79 43 ff 1 1
1 0 03 6f 43 ff 1 1
1 0 03 0e 43 ff 1 1
1 0 03 54 43 ff 1 1
1 0 01 3f 43 ff 1 1
1 0 01 53 43 ff 1 1
1 0 c5 5b 43 ff 1 1
1 0 00 76 43 ff 1 1
1 0 03 43 43 ff 1 1
1 0 00 6d 43 ff 1 1
1 0 e8 34 43 ff 1 1
1 0 d6 2c 43 ff 1 1
1 0 02 4e 43 ff 1 1
1 0 b0 43 43 ff 1 1
1 0 ac 61 43 ff 1 1
1 0 a9 2c 28 ff 0 1
1 0 f5 5c 28 ff 0 1
1 0 44 2a 28 ff 0 1
1 0 03 1d 28 ff 0 1
1 0 00 5a 28 ff 0 1
1 0 ba 38 28 ff 0 1
1 0 d4 06 28 ff 0 1
1 0 03 02 28 ff 0 1
1 0 22 64 28 ff 0 1
1 0 17 1e 28 ff 0 1
1 0 cc 48 28 ff 0 1
1 0 01 31 28 ff 0 1
1 0 3a 61 28 ff 0 1
1 0 01 7e 28 ff 0 1
1 0 0e 60 28 ff 0 1
1 0 02 3c 28 ff 0 1
1 0 03 02 40 ff 1 1
1 0 01 31 40 ff 1 1
1 0 02 0a 40 ff 1 1
1 0 13 61 40 ff 1 1
1 0 56 6c 40 ff 1 1
1 0 00 1e 40 ff 1 1
1 0 a9 21 40 ff 1 1
1 0 6a 54 40 ff 1 1
1 0 33 5a 40 ff 1 1
1 0 00 50 40 ff 1 1
1 0 ad 5a 40 ff 1 1
1 0 38 2d 40 ff 1 1
1 0 00 1f 40 ff 1 1
1 0 03 31 40 ff 1 1
1 0 00 77 40 ff 1 1
1 0 01 7b 40 ff 1 1
1 0 03 49 2e ff 0 1
1 0 77 42 2e ff 0 1
1 0 02 2f 2e ff 0 1
1 0 02 22 2e ff 0 1
1 0 f6 40 2e ff 0 1
1 0 01 2f 2e ff 0 1
1 0 8a 23 2e ff 0 1
1 0 5d 69 2e ff 0 1
1 0 15 76 2e ff 0 1
1 0 03 33 2e ff 0 1
1 0 62 04 2e ff 0 1
1 0 03 69 2e ff 0 1
1 0 5e 74 2e ff 0 1
1 0 01 19 2e ff 0 1
1 0 02 67 2e ff 0 1
1 0 50 02 2e ff 0 1
1 0 00 07 3c ff 1 1
1 0 4a 58 3c ff 1 1
1 0 ad 59 3c ff 1 1
1 0 02 0e 3c ff 1 1
1 0 da 34 3c ff 1 1
1 0 00 14 3c ff 1 1
1 0 7b 7e 3c ff 1 1
1 0 d4 55 3c ff 1 1
1 0 02 06 3c ff 1 1
1 0 03 30 3c ff 1 1
1 0 2c 45 3c ff 1 1
1 0 75 4d 3c ff 1 1
1 0 03 2b 3c ff 1 1
1 0 03 66 3c ff 1 1
1 0 10 1d 3c ff 1 1
1 0 00 67 3c ff 1 1
1 0 84 04 3e ff 1 1
1 0 9e 71 3e ff 1 1
1 0 00 07 3e ff 1 1
1 0 02 5c 3e ff 1 1
1 0 03 6c 3e ff 1 1
1 0 02 7e 3e ff 1 1
1 0 00 5f 3e ff 1 1
1 0 1e 6e 3e ff 1 1
1 0 01 34 3e ff 1 1
1 0 39 02 3e ff 1 1
1 0 00 08 3e ff 1 1
1 0 00 4d 3e ff 1 1
1 0 03 0e 3e ff 1 1
1 0 af 17 3e ff 1 1
1 0 02 40 3e ff 1 1
1 0 d3 50 3e ff 1 1
1 0 03 28 2e ff 1 1
1 0 01 1b 2e ff 1 1
1 0 7d 60 2e ff 1 1
1 0 b8 6c 2e ff 1 1
1 0 00 28 2e ff 1 1
1 0 00 78 2e ff 1 1
1 0 1a 05 2e ff 1 1
1 0 02 53 2e ff 1 1
1 0 79 3a 2e ff 1 1
1 0 93 1c 2e ff 1 1
1 0 01 6b 2e ff 1 1
1 0 46 10 2e ff 1 1
1 0 01 6f 2e ff 1 1
1 0 ea 3d 2e ff 1 1
1 0 00 05 2e ff 1 1
1 0 12 4c 2e ff 1 1
1 0 02 67 37 ff 0 1
1 0 00 1d 37 ff 0 1
1 0 00 11 37 ff 0 1
1 0 01 08 37 ff 0 1
1 0 41 0c 37 ff 0 1
1 0 00 21 37 ff 0 1
1 0 b3 27 37 ff 0 1
1 0 04 0b 37 ff 0 1
1 0 03 02 37 ff 0 1
1 0 02 78 37 ff 0 1
1 0 df 76 37 ff 0 1
1 0 b5 4e 37 ff 0 1
1 0 f3 44 37 ff 0 1
1 0 01 5e 37 ff 0 1
1 0 e7 78 37 ff 0 1
1 0 10 3f 37 ff 0 1
1 0 58 3b 34 ff 0 1
1 0 0a 3e 34 ff 0 1
1 0 03 02 34 ff 0 1
1 0 4e 49 34 ff 0 1
1 0 9b 66 34 ff 0 1
1 0 bf 7c 34 ff 0 1
1 0 4b 3a 34 ff 0 1
1 0 4b 09 34 ff 0 1
1 0 00 35 34 ff 0 1
1 0 c1 6b 34 ff 0 1
1 0 64 1e 34 ff 0 1
1 0 03 3f 34 ff 0 1
1 0 02 6e 34 ff 0 1
1 0 fa 17 34 ff 0 1
1 0 03 14 34 ff 0 1
1 0 cb 34 34 ff 0 1
1 0 00 4a 39 ff 0 1
1 0 03 5b 39 ff 0 1
1 0 7c 79 39 ff 0 1
1 0 02 73 39 ff 0 1
1 0 02 4c 39 ff 0 1
1 0 39 3f 39 ff 0 1
1 0 bd 62 39 ff 0 1
1 0 d7 6d 39 ff 0 1
1 0 00 6a 39 ff 0 1
1 0 02 4c 39 ff 0 1
1 0 00 44 39 ff 0 1
1 0 00 45 39 ff 0 1
1 0 e3 7f 39 ff 0 1
1 0 02 57 39 ff 0 1
1 0 01 7a 39 ff 0 1
1 0 01 66 39 ff 0 1
1 0 02 6d 2f ff 0 1
1 0 6f 61 2f ff 0 1
1 0 01 55 2f ff 0 1
1 0 42 43 2f ff 0 1
1 0 03 10 2f ff 0 1
1 0 01 3c 2f ff 0 1
1 0 01 38 2f ff 0 1
1 0 03 3d 2f ff 0 1
1 0 03 14 2f ff 0 1
1 0 03 2a 2f ff 0 1
1 0 03 22 2f ff 0 1
1 0 93 48 2f ff 0 1
1 0 00 71 2f ff 0 1
1 0 7a 6c 2f ff 0 1
1 0 c2 1b 2f ff 0 1
1 0 ff 34 2f ff 0 1
1 0 03 0a 2b ff 1 1
1 0 03 00 2b ff 1 1
1 0 03 0f 2b ff 1 1
1 0 03 26 2b ff 1 1
1 0 00 27 2b ff 1 1
1 0 3c 7e 2b ff 1 1
1 0 ea 48 2b ff 1 1
1 0 02 27 2b ff 1 1
1 0 3c 5d 2b ff 1 1
1 0 00 42 2b ff 1 1
1 0 13 2e 2b ff 1 1
1 0 01 72 2b ff 1 1
1 0 02 1a 2b ff 1 1
1 0 03 7b 2b ff 1 1
1 0 01 6b 2b ff 1 1
1 0 00 2a 2b ff 1 1
1 0 02 20 23 ff 1 1
1 0 48 2c 23 ff 1 1
1 0 07 02 23 ff 1 1
1 0 00 72 23 ff 1 1
1 0 4e 1f 23 ff 1 1
1 0 02 50 23 ff 1 1
1 0 03 72 23 ff 1 1
1 0 03 61 23 ff 1 1
1 0 4e 40 23 ff 1 1
1 0 00 0b 23 ff 1 1
1 0 03 1a 23 ff 1 1
1 0 00 18 23 ff 1 1
1 0 2d 5e 23 ff 1 1
1 0 03 79 23 ff 1 1
1 0 00 24 23 ff 1 1
1 0 17 0e 23 ff 1 1
1 0 d8 08 33 ff 1 1
1 0 7e 4c 33 ff 1 1
1 0 00 3f 33 ff 1 1
1 0 02 10 33 ff 1 1
1 0 02 19 33 ff 1 1
1 0 02 5e 33 ff 1 1
1 0 60 32 33 ff 1 1
1 0 1b 11 33 ff 1 1
1 0 01 29 33 ff 1 1
1 0 c2 1e 33 ff 1 1
1 0 53 3a 33 ff 1 1
1 0 b2 29 33 ff 1 1
1 0 01 7a 33 ff 1 1
1 0 03 3a 33 ff 1 1
1 0 02 38 33 ff 1 1
1 0 01 60 33 ff 1 1
1 0 e0 12 2f ff 1 1
1 0 27 30 2f ff 1 1
1 0 4e 14 2f ff 1 1
1 0 02 68 2f ff 1 1
1 0 43 58 2f ff 1 1
1 0 03 74 2f ff 1 1
1 0 d1 4c 2f ff 1 1
1 0 ee 43 2f ff 1 1
1 0 01 27 2f ff 1 1
1 0 00 60 2f ff 1 1
1 0 59 06 2f ff 1 1
1 0 00 28 2f ff 1 1
1 0 02 15 2f ff 1 1
1 0 03 7d 2f ff 1 1
1 0 f3 1a 2f ff 1 1
1 0 de 4e 2f ff 1 1
1 0 02 1e 38 ff 1 1
1 0 02 42 38 ff 1 1
1 0 79 12 38 ff 1 1
1 0 ab 6a 38 ff 1 1
1 0 02 59 38 ff 1 1
1 0 01 70 38 ff 1 1
1 0 40 5b 38 ff 1 1
1 0 ca 12 38 ff 1 1
1 0 e2 22 38 ff 1 1
1 0 c3 68 38 ff 1 1
1 0 e7 00 38 ff 1 1
1 0 0b 2b 38 ff 1 1
1 0 02 7a 38 ff 1 1
1 0 b6 7b 38 ff 1 1
1 0 02 6e 38 ff 1 1
1 0 01 1f 38 ff 1 1
1 0 00 0c 2d ff 1 1
1 0 02 17 2d ff 1 1
1 0 02 48 2d ff 1 1
1 0 01 2a 2d ff 1 1
1 0 01 2e 2d ff 1 1
1 0 e0 3b 2d ff 1 1
1 0 00 2d 2d ff 1 1
1 0 02 35 2d ff 1 1
1 0 89 25 2d ff 1 1
1 0 d2 49 2d ff 1 1
1 0 dd 2b 2d ff 1 1
1 0 02 61 2d ff 1 1
1 0 03 31 2d ff 1 1
1 0 03 65 2d ff 1 1
1 0 aa 43 2d ff 1 1
1 0 03 01 2d ff 1 1
1 0 00 55 2a ff 0 1
1 0 83 75 2a ff 0 1
1 0 d7 5f 2a ff 0 1
1 0 00 03 2a ff 0 1
1 0 a7 79 2a ff 0 1
1 0 02 22 2a ff 0 1
1 0 7e 1e 2a ff 0 1
1 0 01 66 2a ff 0 1
1 0 48 16 2a ff 0 1
1 0 ad 00 2a ff 0 1
1 0 ab 7c 2a ff 0 1
1 0 bb 20 2a ff 0 1
1 0 00 78 2a ff 0 1
1 0 00 62 2a ff 0 1
1 0 21 76 2a ff 0 1
1 0 85 2b 2a ff 0 1
1 0 34 19 3b ff 1 1
1 0 4a 5d 3b ff 1 1
1 0 c2 1b 3b ff 1 1
1 0 ad 25 3b ff 1 1
1 0 73 46 3b ff 1 1
1 0 57 14 3b ff 1 1
1 0 02 5c 3b ff 1 1
1 0 15 1e 3b ff 1 1
1 0 02 24 3b ff 1 1
1 0 01 53 3b ff 1 1
1 0 01 4a 3b ff 1 1
1 0 02 50 3b ff 1 1
1 0 66 37 3b ff 1 1
1 0 00 76 3b ff 1 1
1 0 21 1b 3b ff 1 1
1 0 01 19 3b ff 1 1
1 0 03 0e 31 ff 1 1
1 0 dd 11 31 ff 1 1
1 0 ff 1d 31 ff 1 1
1 0 03 22 31 ff 1 1
1 0 f2 66 31 ff 1 1
1 0 91 62 31 ff 1 1
1 0 03 78 31 ff 1 1
1 0 00 03 31 ff 1 1
1 0 00 1e 31 ff 1 1
1 0 c1 63 31 ff 1 1
1 0 00 40 31 ff 1 1
1 0 48 15 31 ff 1 1
1 0 03 74 31 ff 1 1
1 0 68 63 31 ff 1 1
1 0 19 6e 31 ff 1 1
1 0 01 6e 31 ff 1 1
1 0 02 48 35 ff 0 1
1 0 02 6c 35 ff 0 1
1 0 d2 20 35 ff 0 1
1 0 03 79 35 ff 0 1
1 0 b6 68 35 ff 0 1
1 0 02 29 35 ff 0 1
1 0 6e 7a 35 ff 0 1
1 0 03 7d 35 ff 0 1
1 0 00 55 35 ff 0 1
1 0 02 39 35 ff 0 1
1 0 df 42 35 ff 0 1
1 0 01 71 35 ff 0 1
1 0 03 4c 35 ff 0 1
1 0 3b 13 35 ff 0 1
1 0 02 25 35 ff 0 1
1 0 9e 61 35 ff 0 1
1 0 db 5b 37 ff 0 1
1 0 16 4b 37 ff 0 1
1 0 02 6a 37 ff 0 1
1 0 71 19 37 ff 0 1
1 0 03 22 37 ff 0 1
1 0 eb 38 37 ff 0 1
1 0 8d 63 37 ff 0 1
1 0 03 1c 37 ff 0 1
1 0 3f 63 37 ff 0 1
1 0 87 7c 37 ff 0 1
1 0 02 7c 37 ff 0 1
1 0 03 59 37 ff 0 1
1 0 c6 71 37 ff 0 1
1 0 00 2f 37 ff 0 1
1 0 00 22 37 ff 0 1
1 0 00 17 37 ff 0 1
1 0 02 22 31 ff 1 1
1 0 58 09 31 ff 1 1
1 0 00 26 31 ff 1 1
1 0 c3 75 31 ff 1 1
1 0 02 30 31 ff 1 1
1 0 01 2b 31 ff 1 1
1 0 00 7e 31 ff 1 1
1 0 02 1a 31 ff 1 1
1 0 02 3d 31 ff 1 1
1 0 d3 2d 31 ff 1 1
1 0 30 2f 31 ff 1 1
1 0 01 4e 31 ff 1 1
1 0 01 3b 31 ff 1 1
1 0 01 68 31 ff 1 1
1 0 20 6a 31 ff 1 1
1 0 03 53 31 ff 1 1
1 0 01 4c 24 ff 0 1
1 0 03 07 24 ff 0 1
1 0 03 16 24 ff 0 1
1 0 69 64 24 ff 0 1
1 0 60 5e 24 ff 0 1
1 0 df 2a 24 ff 0 1
1 0 d7 2b 24 ff 0 1
1 0 5c 28 24 ff 0 1
1 0 b6 2f 24 ff 0 1
1 0 68 72 24 ff 0 1
1 0 03 7c 24 ff 0 1
1 0 02 61 24 ff 0 1
1 0 03 5a 24 ff 0 1
1 0 e4 3c 24 ff 0 1
1 0 98 1f 24 ff 0 1
1 0 01 22 24 ff 0 1
1 0 00 6e 35 ff 0 1
1 0 02 25 35 ff 0 1
1 0 03 5f 35 ff 0 1
1 0 03 24 35 ff 0 1
1 0 45 1a 35 ff 0 1
1 0 03 14 35 ff 0 1
1 0 03 4e 35 ff 0 1
1 0 00 08 35 ff 0 1
1 0 03 4b 35 ff 0 1
1 0 03 4e 35 ff 0 1
1 0 01 7c 35 ff 0 1
1 0 2b 46 35 ff 0 1
1 0 02 36 35 ff 0 1
1 0 2b 1d 35 ff 0 1
1 0 01 63 35 ff 0 1
1 0 02 43 35 ff 0 1
1 0 a9 04 20 ff 1 1
1 0 15 57 20 ff 1 1
1 0 01 3f 20 ff 1 1
1 0 00 53 20 ff 1 1
1 0 9e 62 20 ff 1 1
1 0 f6 13 20 ff 1 1
1 0 87 49 20 ff 1 1
1 0 00 2e 20 ff 1 1
1 0 ae 76 20 ff 1 1
1 0 52 14 20 ff 1 1
1 0 00 5f 20 ff 1 1
1 0 e5 4a 20 ff 1 1
1 0 03 43 20 ff 1 1
1 0 7d 0f 20 ff 1 1
1 0 33 6d 20 ff 1 1
1 0 9b 78 20 ff 1 1
1 0 02 51 41 ff 0 1
1 0 c3 36 41 ff 0 1
1 0 72 4b 41 ff 0 1
1 0 a7 0a 41 ff 0 1
1 0 a9 07 41 ff 0 1
1 0 01 61 41 ff 0 1
1 0 30 3e 41 ff 0 1
1 0 01 2c 41 ff 0 1
1 0 03 63 41 ff 0 1
1 0 03 4b 41 ff 0 1
1 0 03 55 41 ff 0 1
1 0 81 35 41 ff 0 1
1 0 03 62 41 ff 0 1
1 0 00 31 41 ff 0 1
1 0 01 4b 41 ff 0 1
1 0 06 04 41 ff 0 1
1 0 03 45 25 ff 0 1
1 0 84 7b 25 ff 0 1
1 0 a6 2a 25 ff 0 1
1 0 88 63 25 ff 0 1
1 0 dd 66 25 ff 0 1
1 0 81 23 25 ff 0 1
1 0 92 5f 25 ff 0 1
1 0 55 1e 25 ff 0 1
1 0 07 58 25 ff 0 1
1 0 03 28 25 ff 0 1
1 0 4c 35 25 ff 0 1
1 0 1d 4d 25 ff 0 1
1 0 25 17 25 ff 0 1
1 0 21 32 25 ff 0 1
1 0 03 1d 25 ff 0 1
1 0 50 76 25 ff 0 1
1 0 95 2f 34 ff 1 1
1 0 03 53 34 ff 1 1
1 0 01 30 34 ff 1 1
1 0 49 10 34 ff 1 1
1 0 00 56 34 ff 1 1
1 0 60 39 34 ff 1 1
1 0 4f 01 34 ff 1 1
1 0 02 3b 34 ff 1 1
1 0 00 4e 34 ff 1 1
1 0 63 73 34 ff 1 1
1 0 ed 69 34 ff 1 1
1 0 75 3b 34 ff 1 1
1 0 00 7a 34 ff 1 1
1 0 01 12 34 ff 1 1
1 0 9f 14 34 ff 1 1
1 0 00 78 34 ff 1 1
1 0 c3 43 36 ff 0 1
1 0 1d 44 36 ff 0 1
1 0 01 3d 36 ff 0 1
1 0 4c 77 36 ff 0 1
1 0 52 48 36 ff 0 1
1 0 ff 4c 36 ff 0 1
1 0 00 03 36 ff 0 1
1 0 af 7d 36 ff 0 1
1 0 01 6c 36 ff 0 1
1 0 00 65 36 ff 0 1
1 0 d7 33 36 ff 0 1
1 0 03 6a 36 ff 0 1
1 0 2a 27 36 ff 0 1
1 0 93 74 36 ff 0 1
1 0 02 10 36 ff 0 1
1 0 04 27 36 ff 0 1
1 0 01 74 43 ff 0 1
1 0 f3 36 43 ff 0 1
1 0 02 63 43 ff 0 1
1 0 00 59 43 ff 0 1
1 0 ab 23 43 ff 0 1
1 0 52 5c 43 ff 0 1
1 0 02 5f 43 ff 0 1
1 0 de 6d 43 ff 0 1
1 0 38 1f 43 ff 0 1
1 0 7e 1f 43 ff 0 1
1 0 f4 4b 43 ff 0 1
1 0 84 35 43 ff 0 1
1 0 00 6a 43 ff 0 1
1 0 01 61 43 ff 0 1
1 0 03 45 43 ff 0 1
1 0 c1 1e 43 ff 0 1
1 0 01 2e 34 ff 1 1
1 0 02 05 34 ff 1 1
1 0 01 58 34 ff 1 1
1 0 03 6a 34 ff 1 1
1 0 28 0e 34 ff 1 1
1 0 66 0d 34 ff 1 1
1 0 02 46 34 ff 1 1
1 0 de 3f 34 ff 1 1
1 0 03 3f 34 ff 1 1
1 0 01 7b 34 ff 1 1
1 0 05 64 34 ff 1 1
1 0 05 21 34 ff 1 1
1 0 83 56 34 ff 1 1
1 0 ca 74 34 ff 1 1
1 0 03 55 34 ff 1 1
1 0 01 38 34 ff 1 1
1 0 d0 45 2c ff 0 1
1 0 98 08 2c ff 0 1
1 0 01 0a 2c ff 0 1
1 0 f9 51 2c ff 0 1
1 0 01 06 2c ff 0 1
1 0 03 3a 2c ff 0 1
1 0 02 75 2c ff 0 1
1 0 f0 62 2c ff 0 1
1 0 01 69 2c ff 0 1
1 0 e1 35 2c ff 0 1
1 0 63 34 2c ff 0 1
1 0 2e 5b 2c ff 0 1
1 0 01 59 2c ff 0 1
1 0 29 16 2c ff 0 1
1 0 00 3b 2c ff 0 1
1 0 00 1f 2c ff 0 1
1 0 90 60 31 ff 0 1
1 0 03 1b 31 ff 0 1
1 0 02 79 31 ff 0 1
1 0 02 36 31 ff 0 1
1 0 38 29 31 ff 0 1
1 0 c4 06 31 ff 0 1
1 0 83 0f 31 ff 0 1
1 0 02 46 31 ff 0 1
1 0 02 5b 31 ff 0 1
1 0 bc 45 31 ff 0 1
1 0 1a 05 31 ff 0 1
1 0 03 14 31 ff 0 1
1 0 97 2a 31 ff 0 1
1 0 03 48 31 ff 0 1
1 0 a5 4c 31 ff 0 1
1 0 26 3d 31 ff 0 1
1 0 01 10 33 ff 1 1
1 0 9d 61 33 ff 1 1
1 0 02 67 33 ff 1 1
1 0 02 7a 33 ff 1 1
1 0 df 2f 33 ff 1 1
1 0 cc 40 33 ff 1 1
1 0 00 6f 33 ff 1 1
1 0 93 2b 33 ff 1 1
1 0 fb 5e 33 ff 1 1
1 0 03 15 33 ff 1 1
1 0 02 1e 33 ff 1 1
1 0 03 47 33 ff 1 1
1 0 29 61 33 ff 1 1
1 0 13 6b 33 ff 1 1
1 0 cb 78 33 ff 1 1
1 0 6b 05 33 ff 1 1
1 0 03 4f 35 ff 0 1
1 0 02 2c 35 ff 0 1
1 0 42 18 35 ff 0 1
1 0 8f 2e 35 ff 0 1
1 0 bc 54 35 ff 0 1
1 0 01 61 35 ff 0 1
1 0 70 43 35 ff 0 1
1 0 0f 5e 35 ff 0 1
1 0 b3 2d 35 ff 0 1
1 0 03 52 35 ff 0 1
1 0 03 20 35 ff 0 1
1 0 03 2f 35 ff 0 1
1 0 4e 0b 35 ff 0 1
1 0 01 74 35 ff 0 1
1 0 01 37 35 ff 0 1
1 0 01 1b 35 ff 0 1
1 0 04 6f 2f ff 0 1
1 0 c6 62 2f ff 0 1
1 0 01 14 2f ff 0 1
1 0 5c 34 2f ff 0 1
1 0 0d 48 2f ff 0 1
1 0 02 0d 2f ff 0 1
1 0 5a 13 2f ff 0 1
1 0 01 36 2f ff 0 1
1 0 01 56 2f ff 0 1
1 0 80 12 2f ff 0 1
1 0 d3 64 2f ff 0 1
1 0 84 53 2f ff 0 1
1 0 00 10 2f ff 0 1
1 0 94 54 2f ff 0 1
1 0 03 47 2f ff 0 1
1 0 03 63 2f ff 0 1
1 0 01 4c 32 ff 0 1
1 0 3c 15 32 ff 0 1
1 0 85 5f 32 ff 0 1
1 0 db 07 32 ff 0 1
1 0 03 2e 32 ff 0 1
1 0 03 33 32 ff 0 1
1 0 bd 1c 32 ff 0 1
1 0 6f 0a 32 ff 0 1
1 0 03 57 32 ff 0 1
1 0 e9 0b 32 ff 0 1
1 0 7b 6b 32 ff 0 1
1 0 03 46 32 ff 0 1
1 0 18 57 32 ff 0 1
1 0 6e 3d 32 ff 0 1
1 0 03 3d 32 ff 0 1
1 0 e4 34 32 ff 0 1
1 0 01 72 46 ff 0 1
1 0 00 0b 46 ff 0 1
1 0 01 2f 46 ff 0 1
1 0 27 59 46 ff 0 1
1 0 58 25 46 ff 0 1
1 0 01 20 46 ff 0 1
1 0 03 54 46 ff 0 1
1 0 cf 07 46 ff 0 1
1 0 00 2e 46 ff 0 1
1 0 f4 1c 46 ff 0 1
1 0 02 75 46 ff 0 1
1 0 b6 18 46 ff 0 1
1 0 03 6a 46 ff 0 1
1 0 01 56 46 ff 0 1
1 0 00 44 46 ff 0 1
1 0 03 11 46 ff 0 1
1 0 00 29 35 ff 1 1
1 0 03 7c 35 ff 1 1
1 0 02 71 35 ff 1 1
1 0 30 73 35 ff 1 1
1 0 00 2c 35 ff 1 1
1 0 03 6f 35 ff 1 1
1 0 21 7a 35 ff 1 1
1 0 02 5f 35 ff 1 1
