0 03020100 f 0 1 1 7
0 06050407 f 0 1 1 7
0 67666564 f 0 1 1 7
1 08080808 f 0 1 1 7
1 07070303 f 1 1 2 7
1 0d090909 f 1 1 2 7
2 0c080400 f 1 1 4 7
2 05000400 f 1 1 2 7
2 01090501 f 1 1 3 7
2 07030602 f 1 1 2 7
3 0c080400 1 0 1 1 7
3 0c080400 0 0 1 0 7
3 0c080400 a 1 1 2 7
3 05010501 3 1 1 2 7
4 150c040d a 0 1 1 7
4 08510d8e e 1 1 2 7
4 0b09ea9b 0 0 1 0 7
4 0708b305 9 0 1 1 7
4 0f001035 6 1 1 2 7
4 080d0a18 2 0 1 1 7
4 29d40c00 d 1 1 2 7
4 030c1423 8 0 1 1 7
4 0d060d07 1 0 1 1 7
4 07140414 2 0 1 1 7
4 1421a86e d 0 1 1 7
4 b20b04f5 7 0 1 1 7
4 0e082708 0 0 1 0 7
4 1c0c4808 8 0 1 1 7
4 140d081f 3 0 1 1 7
4 0e3f92fc 2 0 1 1 7
4 02bbb901 f 1 1 2 7
4 087e000c 3 1 1 2 7
4 d01c0b03 3 1 1 2 7
4 0700ffe5 b 1 1 2 7
4 0c0e0c7f 9 0 1 1 7
4 0c010900 f 1 1 2 7
4 aa1f1810 7 1 1 2 7
4 041c0a0c 2 0 1 1 7
4 4e050808 d 0 1 1 7
4 0c1c181c 0 0 1 0 7
4 540c0c04 2 0 1 1 7
4 0b1c0c03 5 0 1 1 7
4 31140514 9 0 1 1 7
4 0c080c0e 0 0 1 0 7
4 07140068 a 0 1 1 7
4 00030707 5 1 1 2 7
4 0f01c501 6 1 1 2 7
4 e8040b00 3 0 1 1 7
4 89060000 b 0 1 1 7
4 0308140c e 1 1 2 7
4 1c0c0c07 3 0 1 1 7
4 04471004 5 0 1 1 7
4 49651cd4 5 0 1 1 7
4 0ebbba7f 5 1 1 2 7
4 1414008d b 1 1 2 7
4 09a70c14 f 1 1 2 7
4 08010106 8 0 1 1 7
4 1c021c0c 7 1 1 2 7
4 0508220d 7 0 1 1 7
4 0e860507 4 0 1 1 7
4 061c070f 1 0 1 1 7
4 14041c0c b 1 1 3 7
4 07050f04 7 0 1 1 7
4 03090d7f 2 0 1 1 7
4 0200c710 0 0 1 0 7
4 0e089292 f 1 1 2 7
4 fc101c0d c 1 1 2 7
4 c6a41805 e 1 1 2 7
4 14147803 9 0 1 1 7
4 08478903 4 0 1 1 7
4 022a0982 8 0 1 1 7
4 080c006f 8 0 1 1 7
4 0d1c1108 3 0 1 1 7
4 0604bb0e 8 0 1 1 7
4 100710e5 5 0 1 1 7
4 d31c60c1 e 1 1 2 7
4 00037e34 9 1 1 2 7
4 06050906 5 0 1 1 7
4 0c0b182d 7 0 1 1 7
4 1ce00bc4 5 1 1 2 7
4 00091b0f 1 0 1 1 7
4 6b56000c d 0 1 1 7
4 03ae0204 3 0 1 1 7
4 0501147a 7 0 1 1 7
4 8e180408 d 1 1 2 7
4 1809300f d 0 1 1 7
4 1b1c088d 6 1 1 2 7
4 a51fd30c 1 0 1 1 7
4 5f000c94 8 0 1 1 7
4 84089f10 0 0 1 0 7
4 080e0052 e 1 1 2 7
4 0db6040b e 0 1 1 7
4 09100607 9 0 1 1 7
4 0c58020c b 0 1 1 7
4 630c2d0e 8 0 1 1 7
4 8510000c 2 0 1 1 7
4 0004b5a2 c 1 1 2 7
4 14803008 5 1 1 2 7
4 10141400 5 1 1 2 7
4 080c6904 6 0 1 1 7
4 4a6f0293 6 0 1 1 7
4 06007e18 a 1 1 2 7
4 0ec81814 3 1 1 2 7
4 c3181ceb 2 0 1 1 7
4 08f10c0f 6 0 1 1 7
4 c5046cac 1 0 1 1 7
4 140b0018 6 0 1 1 7
4 6d041c07 b 0 1 1 7
4 6df60803 8 0 1 1 7
4 0406180f 9 0 1 1 7
4 0d090a04 e 1 1 2 7
4 18550606 a 0 1 1 7
4 080b010a 4 0 1 1 7
4 6b04eeee 7 0 1 1 7
4 0b0e0e2c e 0 1 1 7
4 050c0814 6 1 1 2 7
4 011c0000 7 1 1 2 7
4 b60a180c 6 0 1 1 7
4 0d377108 3 0 1 1 7
4 180a0508 7 0 1 1 7
4 3c0a0005 c 0 1 1 7
4 20141e18 e 1 1 2 7
4 100d1e05 d 1 1 2 7
4 87070008 9 0 1 1 7
4 0904080e 5 0 1 1 7
4 0a010a0c 2 0 1 1 7
4 c1fb18c2 7 0 1 1 7
4 1cbe0205 9 0 1 1 7
4 0f080115 d 0 1 1 7
4 1418040c 9 1 1 2 7
4 0bd604c9 9 0 1 1 7
4 08000504 f 1 1 3 7
4 a30c0c00 1 0 1 1 7
4 04040e99 4 0 1 1 7
4 0c020700 1 0 1 1 7
4 0c830018 6 0 1 1 7
4 10c00b74 5 1 1 2 7
4 0d240808 4 0 1 1 7
4 000f0c10 2 0 1 1 7
4 060e0c37 4 0 1 1 7
4 00090808 d 1 1 2 7
4 0407c965 0 0 1 0 7
4 10050205 9 0 1 1 7
4 140f1c0b 2 0 1 1 7
4 0310140c c 0 1 1 7
4 08140808 8 0 1 1 7
4 08742804 5 1 1 2 7
4 10dc03c5 5 0 1 1 7
4 1408790c f 1 1 3 7
4 1864001c 9 1 1 2 7
4 14004009 3 0 1 1 7
4 01100914 c 0 1 1 7
4 0c041c01 1 0 1 1 7
4 080c1002 3 0 1 1 7
4 10bf090d 4 0 1 1 7
4 e200c403 4 0 1 1 7
4 0e180400 7 1 1 3 7
4 ee0f1805 b 0 1 1 7
4 de140e09 8 0 1 1 7
4 090d000c f 1 1 2 7
4 08050b0a 7 0 1 1 7
4 ad180b0c f 1 1 2 7
4 1c101404 a 1 1 2 7
4 ec2bcb10 d 1 1 2 7
4 0db50400 0 0 1 0 7
4 070c0a01 d 0 1 1 7
4 0d140d00 4 0 1 1 7
4 1808040c 7 1 1 3 7
4 18100b0c f 1 1 3 7
4 0f51000b 5 0 1 1 7
4 0c297f08 b 1 1 2 7
4 7401061c 4 0 1 1 7
4 02180443 7 1 1 2 7
4 1c041c1c 5 1 1 2 7
4 ad180409 2 0 1 1 7
4 0a683d00 a 0 1 1 7
4 390e2661 1 0 1 1 7
4 e5471c59 0 0 1 0 7
4 a71c1c02 6 0 1 1 7
4 4c040f0d c 1 1 2 7
4 0cc2a61c d 1 1 2 7
4 904d0800 6 0 1 1 7
4 1f1895e1 8 0 1 1 7
4 0010030f e 1 1 2 7
4 31057a04 0 0 1 0 7
4 000f0caf b 1 1 2 7
4 10180afc 9 1 1 2 7
4 0edf6b09 8 0 1 1 7
4 0605147c 3 1 1 2 7
4 f941060c e 1 1 2 7
4 051c0d1c 2 0 1 1 7
4 08070c14 7 1 1 2 7
4 08105307 d 1 1 2 7
4 0845ce0d 9 0 1 1 7
4 18000507 0 0 1 0 7
4 00080cb7 4 0 1 1 7
4 0088870a 1 0 1 1 7
4 c7140805 1 0 1 1 7
4 07072e0b 6 0 1 1 7
4 ff0c0000 c 0 1 1 7
4 42180c0c d 1 1 2 7
4 080400ad c 1 1 2 7
4 09e00512 f 1 1 2 7
4 47610908 9 0 1 1 7
4 1c469a09 0 0 1 0 7
4 0c0a040c 3 1 1 2 7
4 1c04c000 2 0 1 1 7
4 031c10f2 2 0 1 1 7
4 0c54fa18 4 0 1 1 7
4 03000cce a 0 1 1 7
4 000ff60f c 0 1 1 7
4 290e9baa 3 0 1 1 7
4 aa07637b 5 1 1 2 7
4 0fd31c08 7 1 1 2 7
4 80760d05 3 1 1 2 7
4 c800b900 2 0 1 1 7
4 04a22248 8 0 1 1 7
4 18ce0008 3 1 1 2 7
4 0c040608 0 0 1 0 7
4 08181014 b 1 1 3 7
4 180c0a1c 2 0 1 1 7
4 0d060414 8 0 1 1 7
4 103308e5 0 0 1 0 7
4 08c10f01 9 0 1 1 7
4 1c0c0814 6 1 1 2 7
4 100a1404 b 1 1 3 7
4 000c080a a 1 1 2 7
4 07f51808 c 0 1 1 7
4 1cf70c00 8 0 1 1 7
4 c11c010c f 1 1 2 7
4 021c3918 9 0 1 1 7
4 03049500 8 0 1 1 7
4 140f0c04 a 1 1 2 7
4 321c0506 9 1 1 2 7
4 8e00551c 2 0 1 1 7
4 800c1808 0 0 1 0 7
4 0a024677 1 0 1 1 7
4 6b0a0dea 5 1 1 2 7
4 000814e3 9 0 1 1 7
4 0a0e0dcd a 0 1 1 7
4 061c10cd 6 1 1 2 7
4 840d000d 0 0 1 0 7
4 490a2100 b 1 1 2 7
4 6ac918d0 d 0 1 1 7
4 080a08f3 a 0 1 1 7
4 030c9e0e e 0 1 1 7
4 18071408 b 1 1 3 7
4 040d00b1 2 0 1 1 7
4 e1040401 e 0 1 1 7
4 76c519fe a 0 1 1 7
4 0e010c00 b 1 1 2 7
4 0f1492f0 f 1 1 2 7
4 041c0a06 0 0 1 0 7
4 18fd1cca b 1 1 2 7
4 e81c6900 c 1 1 2 7
4 079cb900 b 0 1 1 7
4 ce0b5996 c 0 1 1 7
4 0f067310 8 0 1 1 7
4 73000f0c e 1 1 2 7
4 1c060bd6 5 1 1 2 7
4 0218a01c 8 0 1 1 7
4 0d050d04 d 1 1 2 7
4 3c75102b f 1 1 2 7
4 8107041c 5 0 1 1 7
4 04090408 4 0 1 1 7
4 182e0876 6 0 1 1 7
4 09004939 d 1 1 2 7
4 040400df 6 1 1 2 7
4 6109030f 1 0 1 1 7
4 000918df b 1 1 2 7
4 b50910f2 4 0 1 1 7
4 0f2e0a0b 4 0 1 1 7
4 08721087 b 1 1 2 7
4 04080e14 d 1 1 3 7
4 1005a400 b 1 1 3 7
4 640a061c b 1 1 2 7
4 e06c0a07 9 0 1 1 7
4 0dec2e08 e 0 1 1 7
4 000ffb9b 9 0 1 1 7
4 dfc50004 3 1 1 2 7
4 78006206 1 0 1 1 7
4 0800322c 1 0 1 1 7
4 041e2a92 0 0 1 0 7
4 d90601c4 e 1 1 2 7
4 02090981 d 1 1 2 7
4 0401084d 5 1 1 2 7
4 14d106f4 5 0 1 1 7
4 1007fb0d 5 0 1 1 7
4 0d180b14 5 1 1 2 7
4 0c0c140c 1 0 1 1 7
4 59080510 0 0 1 0 7
4 011c0514 c 0 1 1 7
4 07010f66 0 0 1 0 7
4 93074e10 8 0 1 1 7
4 07140818 d 1 1 2 7
4 0008fa09 7 0 1 1 7
4 7200050c 8 0 1 1 7
4 f305030b a 1 1 2 7
4 0001054a 2 0 1 1 7
4 05239766 5 0 1 1 7
4 0a0e103a 9 1 1 2 7
4 0e140c01 a 0 1 1 7
4 36101400 4 0 1 1 7
4 01232f30 a 0 1 1 7
4 0aab0904 e 0 1 1 7
4 0041707c 8 0 1 1 7
4 05710710 b 0 1 1 7
4 0d14004c 7 1 1 3 7
4 021c3b0a 7 0 1 1 7
4 4c371c14 4 0 1 1 7
4 0d1c140d 7 1 1 2 7
4 040ca708 9 1 1 2 7
4 0f14145a 3 0 1 1 7
4 022e020c 6 1 1 2 7
4 140c0380 0 0 1 0 7
4 00440cd6 5 0 1 1 7
4 041caf08 e 1 1 2 7
4 09080201 e 0 1 1 7
4 08020c0e d 1 1 2 7
4 02851c0f 6 0 1 1 7
4 00d81804 5 1 1 2 7
4 f7b40d0d d 0 1 1 7
4 00030a46 5 0 1 1 7
4 14f60704 3 0 1 1 7
4 72046b06 a 0 1 1 7
4 0d0e0808 7 0 1 1 7
4 041c0300 b 1 1 2 7
4 07f60810 4 0 1 1 7
4 a8db0c00 5 0 1 1 7
4 09141014 e 1 1 2 7
4 fd1c0409 8 0 1 1 7
4 aec514de 3 0 1 1 7
4 1449cb0b 4 0 1 1 7
4 0fd35208 3 0 1 1 7
4 bd010b01 6 0 1 1 7
4 23030c5b a 0 1 1 7
4 1803140c 2 0 1 1 7
4 02001000 b 1 1 2 7
4 08040d11 a 0 1 1 7
4 0802e1a0 8 0 1 1 7
4 921c0c0c 4 0 1 1 7
4 0407180a 5 0 1 1 7
4 05107d78 0 0 1 0 7
4 140dbf5b e 0 1 1 7
4 0c0033a8 3 0 1 1 7
4 250f6c0e 7 0 1 1 7
4 f61865ba 8 0 1 1 7
4 a9e17a40 c 1 1 2 7
4 8f140a27 e 0 1 1 7
4 e5421410 e 0 1 1 7
4 b3040ea9 5 0 1 1 7
4 080c1c04 2 0 1 1 7
4 5ddf3a0c 1 0 1 1 7
4 350318d6 b 0 1 1 7
4 72cd080f 1 0 1 1 7
4 0c0d5914 6 1 1 2 7
4 1c0eed06 d 1 1 2 7
4 e300b504 d 1 1 2 7
4 18050306 0 0 1 0 7
4 100c1818 4 0 1 1 7
4 031c039f c 0 1 1 7
4 760c046a a 0 1 1 7
4 07030159 8 0 1 1 7
4 1404030c e 1 1 2 7
4 08101c5c 3 1 1 2 7
4 140ce708 8 0 1 1 7
4 000c0b9a 5 0 1 1 7
4 0802c110 d 1 1 2 7
4 0c080c00 3 1 1 2 7
4 04040806 2 0 1 1 7
4 04a0eb02 1 0 1 1 7
4 0e1850e5 2 0 1 1 7
4 1010040c 6 1 1 2 7
4 4a071e04 4 0 1 1 7
4 0c9004eb 9 0 1 1 7
4 18020810 6 0 1 1 7
4 04e21408 b 1 1 3 7
4 1c000025 6 0 1 1 7
4 1009c909 1 0 1 1 7
4 1018df14 e 1 1 2 7
4 fc100f00 c 1 1 2 7
4 140c0508 c 1 1 2 7
4 087b093b 0 0 1 0 7
4 071008b1 9 0 1 1 7
4 18330a04 3 0 1 1 7
4 6502030c 9 0 1 1 7
4 010401f4 4 0 1 1 7
4 0bb8031d 6 0 1 1 7
4 14d318b7 f 1 1 2 7
4 04020be7 2 0 1 1 7
4 2193cbed b 1 1 2 7
4 01090a1c 7 0 1 1 7
4 f80c0810 b 1 1 3 7
4 0d671010 2 0 1 1 7
4 095f148b 1 0 1 1 7
4 14080406 5 0 1 1 7
4 0c1c1008 2 0 1 1 7
4 09450e1c 5 0 1 1 7
4 13040101 c 0 1 1 7
4 430c3704 d 1 1 2 7
4 0d0ec6d5 d 1 1 2 7
4 140310d3 f 1 1 2 7
4 08af0a0c 2 0 1 1 7
4 109a0600 0 0 1 0 7
4 0f051814 f 1 1 2 7
4 1423a90c 5 0 1 1 7
4 0bebfb14 d 1 1 2 7
4 083c000f 4 0 1 1 7
4 0010ba07 6 0 1 1 7
4 000c0b1c d 1 1 3 7
4 1f040070 3 1 1 2 7
4 0508040c e 1 1 2 7
4 f5140c0a 3 0 1 1 7
4 0b1c0605 8 0 1 1 7
4 00180b08 8 0 1 1 7
4 0c1c0e04 2 0 1 1 7
4 0d067f58 2 0 1 1 7
4 e509a80e 8 0 1 1 7
4 05b81a14 6 0 1 1 7
4 18032bbf 0 0 1 0 7
4 0e140300 d 1 1 2 7
4 60a30008 8 0 1 1 7
4 0406681c a 1 1 2 7
4 000c080c a 1 1 2 7
4 82601c0e d 1 1 2 7
4 000d1134 1 0 1 1 7
4 10040636 9 0 1 1 7
4 5ffb0424 c 1 1 2 7
4 2a6aad18 d 1 1 2 7
4 05040a14 9 0 1 1 7
4 080ed58c b 1 1 2 7
4 060a6d14 0 0 1 0 7
4 04140300 3 0 1 1 7
4 7c0b001c 3 1 1 2 7
4 296ded05 2 0 1 1 7
4 0f040d09 d 0 1 1 7
4 01181873 f 0 1 1 7
4 0009042a 3 0 1 1 7
4 146b9157 b 0 1 1 7
4 18078381 e 1 1 2 7
4 000c8b1c 3 0 1 1 7
4 d50416d8 7 1 1 2 7
4 01005bd7 0 0 1 0 7
4 530c0a03 1 0 1 1 7
4 00040c25 6 1 1 2 7
4 0e1c0632 a 1 1 2 7
4 51071440 0 0 1 0 7
4 0c041c14 8 0 1 1 7
4 810467d6 6 0 1 1 7
4 091004d7 2 0 1 1 7
4 00056f0c d 1 1 2 7
4 08000ede a 0 1 1 7
4 a11c079b 2 0 1 1 7
4 080c050c 9 1 1 2 7
4 041809a3 b 0 1 1 7
4 8b0a3e08 0 0 1 0 7
4 02180475 9 0 1 1 7
4 0b45ec5b 0 0 1 0 7
4 0114e60d 8 0 1 1 7
4 08180312 8 0 1 1 7
4 01040c0e 2 0 1 1 7
4 09140265 6 0 1 1 7
4 0e040406 9 1 1 2 7
4 64f40404 b 1 1 2 7
4 0208061c 5 1 1 2 7
4 0800e602 8 0 1 1 7
4 000c0c1c e 1 1 2 7
4 9f00140a 6 1 1 2 7
4 64121fcf 0 0 1 0 7
4 01100cea 8 0 1 1 7
4 0c8c1c26 7 1 1 2 7
4 0214000a a 0 1 1 7
4 0c3d0c08 9 1 1 2 7
4 0d571406 2 0 1 1 7
4 d83d0d1c e 1 1 2 7
4 020e1410 a 0 1 1 7
4 00010c99 a 1 1 2 7
4 000b0418 2 0 1 1 7
4 03030909 4 0 1 1 7
4 0a0c0006 6 1 1 2 7
4 d5100300 c 0 1 1 7
4 021c0814 5 1 1 2 7
4 0a09030c 5 0 1 1 7
4 147d0a06 7 1 1 2 7
4 14991408 0 0 1 0 7
4 01900c04 f 1 1 3 7
4 f81c1815 7 1 1 2 7
4 00100a02 9 0 1 1 7
4 0c000001 0 0 1 0 7
4 0c048804 3 1 1 2 7
4 0f039501 2 0 1 1 7
4 7905eb08 b 0 1 1 7
4 7d045f14 6 0 1 1 7
4 0f5a04e5 e 0 1 1 7
4 5a0e0808 b 0 1 1 7
4 fb101b16 7 0 1 1 7
4 8ce00c4c 0 0 1 0 7
4 080a0d10 9 1 1 2 7
4 0c026f0e 2 0 1 1 7
4 08080b05 f 0 1 1 7
4 0c0410c2 6 1 1 2 7
4 073b6f18 1 0 1 1 7
4 a9d2b518 f 1 1 2 7
4 d309020f 5 0 1 1 7
4 2114101c 2 0 1 1 7
4 1a00180b 5 0 1 1 7
4 4f080c04 9 0 1 1 7
4 a1041c08 e 1 1 2 7
4 74c8180d 1 0 1 1 7
4 14390345 e 0 1 1 7
4 1018000c 6 1 1 2 7
4 62740d0d 5 0 1 1 7
4 090c0e10 7 1 1 2 7
4 4b00041c e 1 1 2 7
4 14181c14 7 1 1 3 7
4 1514089a b 0 1 1 7
4 1c0300e8 0 0 1 0 7
4 51180f18 5 0 1 1 7
4 00d600cb c 0 1 1 7
4 01e19c06 a 0 1 1 7
4 3e08e40c 6 1 1 2 7
4 041c0d09 e 1 1 2 7
4 fc0c140a d 1 1 2 7
4 0e041c07 f 1 1 2 7
4 425a2c14 7 1 1 2 7
4 04060c10 4 0 1 1 7
4 1c0d0d02 3 0 1 1 7
4 528b0007 c 0 1 1 7
4 46101c08 7 1 1 3 7
4 b4790120 d 1 1 2 7
4 cb041802 6 1 1 2 7
4 09191d01 f 1 1 4 7
4 00810614 1 0 1 1 7
4 a3144918 d 1 1 2 7
4 b0080e0a 1 0 1 1 7
4 00080023 c 1 1 2 7
4 0018b70c 9 1 1 2 7
4 08970300 e 1 1 2 7
4 060318e2 7 0 1 1 7
4 23f70306 e 1 1 3 7
4 0c280c06 6 1 1 2 7
4 1cba140c c 0 1 1 7
4 c2000e1c e 1 1 2 7
4 088d1408 e 1 1 2 7
4 030c8813 f 1 1 2 7
4 08101604 b 1 1 2 7
4 0a64a418 6 1 1 2 7
4 1c04ec04 c 1 1 2 7
4 020c7805 1 0 1 1 7
4 6b1c3404 c 0 1 1 7
4 10a60a8a 3 1 1 2 7
4 d50004e3 a 0 1 1 7
4 48871405 0 0 1 0 7
4 0b000818 9 0 1 1 7
4 08181408 1 0 1 1 7
4 084b0f0f 1 0 1 1 7
4 52046010 c 0 1 1 7
4 511c0601 9 1 1 2 7
4 0408029e 9 0 1 1 7
4 1f0a00fd 2 0 1 1 7
4 2902083a 1 0 1 1 7
4 7807d205 1 0 1 1 7
4 53b70010 d 1 1 2 7
4 73020002 0 0 1 0 7
4 3904090f 4 0 1 1 7
4 0e207846 4 0 1 1 7
4 0501090e d 1 1 2 7
4 1c060c0c 5 0 1 1 7
4 43040601 b 0 1 1 7
4 5a000258 3 0 1 1 7
4 0cbc0e01 9 0 1 1 7
4 04d80e05 1 0 1 1 7
4 01009e14 0 0 1 0 7
4 0e090c30 a 0 1 1 7
4 62080001 9 0 1 1 7
4 8860000c a 1 1 2 7
4 0008fc1a 0 0 1 0 7
4 08571c0a 7 0 1 1 7
4 083b0fda d 0 1 1 7
4 090246a7 b 0 1 1 7
4 0a3d0f00 7 0 1 1 7
4 14e9185a 5 0 1 1 7
4 00060e10 e 1 1 2 7
4 0bb20c04 6 0 1 1 7
4 18722444 3 1 1 2 7
4 9814d208 d 1 1 3 7
4 003f7408 6 0 1 1 7
4 cc70e008 5 1 1 2 7
4 1c14030d 3 0 1 1 7
4 22080ae8 3 0 1 1 7
4 01d80c0c 1 0 1 1 7
4 0004f206 9 0 1 1 7
4 0c0418bd f 1 1 3 7
4 0c10100c a 1 1 2 7
4 230c0906 1 0 1 1 7
4 0c040813 9 0 1 1 7
4 08e20663 c 0 1 1 7
4 06002d05 8 0 1 1 7
4 070af501 c 0 1 1 7
4 0518060c 5 1 1 2 7
4 93960b0c d 0 1 1 7
4 050dc24f b 0 1 1 7
4 1c0a2104 7 0 1 1 7
4 071c380b f 1 1 2 7
4 ee180c35 7 1 1 2 7
4 61040b06 f 0 1 1 7
4 02001406 c 0 1 1 7
4 0c0b1c08 5 0 1 1 7
4 b836000f b 1 1 2 7
4 0c532734 2 0 1 1 7
4 1c0c1449 f 1 1 3 7
4 00021859 1 0 1 1 7
4 c857de0f 6 0 1 1 7
4 0002750f 2 0 1 1 7
4 1000040c 6 1 1 2 7
4 06144a10 5 1 1 2 7
4 e6d21106 4 0 1 1 7
4 14000304 1 0 1 1 7
4 65067008 6 0 1 1 7
4 041000ca 6 1 1 2 7
4 050894bd 6 1 1 2 7
4 0a7f0809 c 0 1 1 7
4 04ee000e 0 0 1 0 7
4 1c181408 0 0 1 0 7
4 0c1b1408 e 1 1 2 7
4 0c020618 4 0 1 1 7
4 0802102c 0 0 1 0 7
4 0c001010 4 0 1 1 7
4 0200270f 7 1 1 2 7
4 d7080d05 5 0 1 1 7
4 11e8140c f 1 1 3 7
4 0c18540a 3 0 1 1 7
4 04100c0f 3 0 1 1 7
4 040c0114 4 0 1 1 7
4 0b0cbe64 d 1 1 2 7
4 13fc0ed8 4 0 1 1 7
4 ef091462 c 0 1 1 7
4 0f041c0b e 1 1 2 7
4 180a051c 1 0 1 1 7
4 0e0b0c0b 3 0 1 1 7
4 06f28414 4 0 1 1 7
4 f1535d00 3 0 1 1 7
4 e103ba08 c 0 1 1 7
4 180e0801 8 0 1 1 7
4 7e0c0314 9 0 1 1 7
4 1c071c53 7 1 1 2 7
4 0d5b0406 4 0 1 1 7
4 09010d08 f 1 1 3 7
4 bd000807 f 1 1 2 7
4 de060f95 c 1 1 2 7
4 0700e70b c 0 1 1 7
4 100c0705 b 0 1 1 7
4 04090c2e 3 0 1 1 7
4 0c1c0800 e 1 1 3 7
4 61080c32 f 1 1 2 7
4 1010ca10 e 0 1 1 7
4 aa1c8500 a 0 1 1 7
4 27282c10 f 1 1 3 7
4 572e0918 5 0 1 1 7
4 09105e0c a 0 1 1 7
4 0009021c b 1 1 2 7
4 5c077d03 e 0 1 1 7
4 960a0718 5 0 1 1 7
4 6a099aaf 6 0 1 1 7
4 100000c2 4 0 1 1 7
4 98a51cb5 3 0 1 1 7
4 08000a5a f 1 1 2 7
4 0c0c1404 d 1 1 2 7
4 0f0a0408 8 0 1 1 7
4 08220610 5 0 1 1 7
4 180c0504 7 1 1 2 7
4 8a080607 f 1 1 2 7
4 4c04060d b 0 1 1 7
4 18009707 3 1 1 2 7
4 14180cd5 a 1 1 2 7
4 c8140bc5 5 0 1 1 7
4 f4d3a405 4 0 1 1 7
4 05d3a418 5 0 1 1 7
4 0a040604 0 0 1 0 7
4 c5041000 f 1 1 3 7
4 095c0002 6 1 1 2 7
4 0ac99695 0 0 1 0 7
4 0506611c 6 0 1 1 7
4 00149c08 8 0 1 1 7
4 9c320fa9 a 0 1 1 7
4 0e9a080b c 1 1 2 7
4 0a5a000c 9 0 1 1 7
4 030061e2 7 0 1 1 7
4 df949e1b c 0 1 1 7
4 f20d020d e 1 1 2 7
4 04e90589 c 0 1 1 7
4 12030a14 a 1 1 2 7
4 0100bb1c e 0 1 1 7
4 09181c00 c 0 1 1 7
4 bd0b1c10 e 0 1 1 7
4 0604061b f 0 1 1 7
4 8708af14 8 0 1 1 7
4 1c08c703 0 0 1 0 7
4 08032110 5 0 1 1 7
4 83080642 7 1 1 2 7
4 6d0f050c d 0 1 1 7
4 1c107f0d 0 0 1 0 7
4 76f21900 1 0 1 1 7
4 0c0404c7 0 0 1 0 7
4 3a070c10 3 1 1 2 7
4 0008005f c 1 1 2 7
4 8410181c b 1 1 3 7
4 e8100d67 b 0 1 1 7
4 9d2d9163 d 1 1 2 7
4 051f1404 d 0 1 1 7
4 0c040014 6 1 1 2 7
4 3d0c0005 e 1 1 2 7
4 02ff148b c 0 1 1 7
4 02100408 5 1 1 2 7
4 8f00109e 6 1 1 2 7
4 07080b1c 7 1 1 2 7
4 070b0400 0 0 1 0 7
4 8ee1e6ce 9 1 1 2 7
4 1d18141c 7 1 1 3 7
4 c60caffc 4 0 1 1 7
4 040f5614 7 0 1 1 7
4 040000e1 e 1 1 2 7
4 14101fd9 5 0 1 1 7
4 0b061804 3 1 1 2 7
4 bd0c00df 5 0 1 1 7
4 030c0027 1 0 1 1 7
4 a602c9dc a 0 1 1 7
4 040c0709 7 0 1 1 7
4 0d1c0d35 3 1 1 2 7
4 00051401 e 1 1 2 7
4 08891604 e 0 1 1 7
4 08050c1b e 1 1 2 7
4 69608ae5 c 0 1 1 7
4 cc051804 3 1 1 2 7
4 53090b08 a 1 1 2 7
4 1402a60d 6 1 1 2 7
4 0c0a040b f 1 1 2 7
4 dc0c0d00 e 1 1 2 7
4 1186f60b e 1 1 2 7
4 04000808 6 1 1 2 7
4 0c0a360f 6 1 1 2 7
4 6b0b7d0a f 1 1 2 7
4 0a020008 5 0 1 1 7
4 0c0c1814 f 1 1 3 7
4 0424b5ec 0 0 1 0 7
4 020d090d 6 1 1 2 7
4 0fb9040e a 0 1 1 7
4 01d20563 9 0 1 1 7
4 3869180e 3 0 1 1 7
4 1c0c210b 7 0 1 1 7
4 00041c07 1 0 1 1 7
4 10770e0c d 1 1 2 7
4 01100008 5 1 1 2 7
4 b2030e10 d 0 1 1 7
4 0c0a04ce 0 0 1 0 7
4 0a001408 7 1 1 3 7
4 0c020018 d 1 1 2 7
4 e708fdae b 0 1 1 7
4 0d08080c 6 0 1 1 7
4 1c101c55 f 1 1 2 7
4 1c0c0010 f 1 1 4 7
4 040f0f0c 6 0 1 1 7
4 1808ff0c e 1 1 2 7
4 29840708 b 0 1 1 7
4 02b64e0c 8 0 1 1 7
4 0e0a030c 2 0 1 1 7
4 0f0c010d 3 1 1 2 7
4 080c1c54 a 1 1 2 7
4 030f05b0 1 0 1 1 7
4 e7050c10 6 0 1 1 7
4 0a5200c1 2 0 1 1 7
4 0208580d 8 0 1 1 7
4 0c0f001c 1 0 1 1 7
4 04090a28 c 0 1 1 7
4 8b5d4a00 b 0 1 1 7
4 7964ed8d c 0 1 1 7
4 306806f8 8 0 1 1 7
4 08100c6e 7 1 1 2 7
4 080a3904 8 0 1 1 7
4 fb14e801 a 0 1 1 7
4 ff140dfe 9 0 1 1 7
4 0cf30b0c 0 0 1 0 7
4 1c000c68 b 1 1 3 7
4 65000c18 1 0 1 1 7
4 04101414 1 0 1 1 7
4 0abe0400 7 1 1 2 7
4 001c1005 2 0 1 1 7
4 00e8521c e 1 1 2 7
4 0c301c0c c 1 1 2 7
4 01001c08 6 1 1 2 7
4 011c08fc b 1 1 2 7
4 f4d20b0f 3 1 1 2 7
4 0c050208 5 0 1 1 7
4 00851809 3 0 1 1 7
4 10426a61 0 0 1 0 7
4 0c420f0b 1 0 1 1 7
4 0009100d 4 0 1 1 7
4 e69a990c a 0 1 1 7
4 140b0db9 9 0 1 1 7
4 930800ba 0 0 1 0 7
4 040700d8 c 0 1 1 7
4 08671b0d e 1 1 2 7
4 04007810 7 1 1 3 7
4 08785657 a 0 1 1 7
4 570708f9 d 1 1 2 7
4 0d410406 2 0 1 1 7
4 080c75d9 6 0 1 1 7
4 0a040c18 b 1 1 2 7
4 0708010d f 1 1 2 7
4 992e4b0d b 1 1 2 7
4 b14e0c25 a 0 1 1 7
4 0b10dd00 7 1 1 2 7
4 4ca6140b a 1 1 2 7
4 02080018 1 0 1 1 7
4 04081001 7 1 1 2 7
4 08830bea 3 0 1 1 7
4 f80c6ef8 4 0 1 1 7
4 07040b0b 7 0 1 1 7
4 010c0e08 8 0 1 1 7
4 0e0c080c d 0 1 1 7
4 0bb23630 4 0 1 1 7
4 2a03109d 0 0 1 0 7
4 0e360830 0 0 1 0 7
4 1c0eed0d 9 0 1 1 7
4 08000414 d 1 1 3 7
4 045b0ac1 7 0 1 1 7
4 7f227508 5 0 1 1 7
4 d200080b d 0 1 1 7
4 2b18e68d 0 0 1 0 7
4 10140302 0 0 1 0 7
4 1c001c04 8 0 1 1 7
4 00021403 5 0 1 1 7
4 2e050000 a 0 1 1 7
4 181c0c01 6 1 1 2 7
4 1c1c183f 5 0 1 1 7
4 0d18e7cc 8 0 1 1 7
4 6014a80c 6 1 1 2 7
4 0214771c 3 0 1 1 7
4 d1080810 9 0 1 1 7
4 6af31100 9 0 1 1 7
4 1c1e000c 0 0 1 0 7
4 07f20804 4 0 1 1 7
4 a3001091 7 1 1 2 7
4 14be180d a 1 1 2 7
4 c906188b a 0 1 1 7
4 6a005d04 1 0 1 1 7
4 080d0900 f 1 1 2 7
4 09021005 a 0 1 1 7
4 91ee0800 b 1 1 2 7
4 14144ae6 7 1 1 2 7
4 070b060c 7 0 1 1 7
4 03c81829 6 1 1 2 7
4 1c0a0003 d 0 1 1 7
4 010b1c08 9 0 1 1 7
4 0c070504 3 0 1 1 7
4 040e0c6b 2 0 1 1 7
4 26100b04 3 0 1 1 7
4 1c1c01f5 6 0 1 1 7
4 100c0e1c 4 0 1 1 7
4 100c040c e 1 1 3 7
4 0b189bca a 1 1 2 7
4 0cac1010 1 0 1 1 7
4 1c1cf31c e 0 1 1 7
4 0c06ef95 3 0 1 1 7
4 4b180611 6 0 1 1 7
4 9a182e56 8 0 1 1 7
4 bf0c0b18 a 1 1 2 7
4 18011810 b 1 1 2 7
4 6c0c9d08 7 1 1 2 7
4 1c4e0818 d 1 1 2 7
4 300c05ea e 1 1 2 7
4 100710ba 5 0 1 1 7
4 ce14e769 0 0 1 0 7
4 190c1c1c 9 0 1 1 7
4 bb1c1c06 5 0 1 1 7
4 00b60801 d 0 1 1 7
4 bd1c71fb e 1 1 2 7
4 08bdfa4f a 0 1 1 7
4 000e6702 1 0 1 1 7
4 07020f08 1 0 1 1 7
4 0100fe0d 2 0 1 1 7
4 040a14a7 6 0 1 1 7
4 08000f27 8 0 1 1 7
4 0404dc0c 2 0 1 1 7
4 1418188b d 1 1 2 7
4 040a97a1 4 0 1 1 7
4 0b905010 e 1 1 2 7
4 1805f002 d 0 1 1 7
4 0402180d 7 0 1 1 7
4 00fd470b e 0 1 1 7
4 184e0034 6 0 1 1 7
4 0801831c b 1 1 2 7
4 03080208 a 0 1 1 7
4 bd040d0d 6 0 1 1 7
4 070a0fee d 1 1 2 7
4 efa6a70e 4 0 1 1 7
4 18040430 5 1 1 2 7
4 02a28b10 0 0 1 0 7
4 02011018 9 0 1 1 7
4 d2fe18a5 3 0 1 1 7
4 0f060c08 3 1 1 2 7
4 0a1c0b04 6 0 1 1 7
4 070e0517 d 1 1 2 7
4 100cc338 7 1 1 2 7
4 85010808 9 0 1 1 7
4 070d1d14 8 0 1 1 7
4 c6cbe104 f 0 1 1 7
4 0cdd004a c 0 1 1 7
4 0c141c10 1 0 1 1 7
4 f5080626 a 0 1 1 7
4 149d000f 3 0 1 1 7
4 0707ba24 b 0 1 1 7
4 029b0514 5 0 1 1 7
4 0c04850b 5 0 1 1 7
4 04078e0f f 1 1 2 7
4 99141020 9 0 1 1 7
4 04000601 8 0 1 1 7
4 000ac6ae 1 0 1 1 7
4 0e09141c f 1 1 2 7
4 3a08060f 5 0 1 1 7
4 0007049e 0 0 1 0 7
4 06060858 9 0 1 1 7
4 c508ff6f b 1 1 2 7
4 0469180d 4 0 1 1 7
4 031c0410 c 0 1 1 7
4 370c0404 6 1 1 2 7
4 00040e67 6 0 1 1 7
4 0e512c81 b 0 1 1 7
4 5cccaaba 4 0 1 1 7
4 020a1010 8 0 1 1 7
4 0f0cede4 c 0 1 1 7
4 010e0c14 a 0 1 1 7
4 04020002 8 0 1 1 7
4 1c0d08c0 1 0 1 1 7
4 0c0b100f 9 0 1 1 7
4 0e7a470c 4 0 1 1 7
4 18050c11 8 0 1 1 7
4 051804be 5 0 1 1 7
4 00fae5dd 6 0 1 1 7
4 04101078 3 1 1 2 7
4 0f0c0b1c 5 1 1 2 7
4 1c1c560b 4 0 1 1 7
4 1c140633 5 0 1 1 7
4 1c040418 d 1 1 3 7
4 0e0c0c1c 7 1 1 2 7
4 09187379 7 0 1 1 7
4 140b291c 9 1 1 2 7
4 0d0b6888 0 0 1 0 7
4 fe180800 5 1 1 2 7
4 c10e0c1c b 1 1 2 7
4 f40c0814 1 0 1 1 7
4 5e8108f0 a 0 1 1 7
4 14c008b6 9 0 1 1 7
4 00000c1c 2 0 1 1 7
4 100b1c1c 3 0 1 1 7
4 0cd3000c e 1 1 2 7
4 08c00014 8 0 1 1 7
4 180b0d09 a 0 1 1 7
4 2d6c0fb2 2 0 1 1 7
4 08e70809 6 0 1 1 7
4 0814170c 6 0 1 1 7
4 e0610409 7 1 1 2 7
4 14080200 f 1 1 3 7
4 04100f1c c 1 1 2 7
4 1cf274a9 6 0 1 1 7
4 c7c41c06 6 1 1 2 7
4 06010a9b a 1 1 2 7
4 e814780d d 1 1 2 7
4 ebf80079 c 0 1 1 7
4 bb4ebc04 f 1 1 2 7
4 0f00f002 f 1 1 2 7
4 aeae0209 e 1 1 2 7
4 6457bbec 8 0 1 1 7
4 08811006 1 0 1 1 7
4 04180c1c 7 1 1 3 7
4 080204d8 d 1 1 2 7
4 07180618 5 0 1 1 7
4 9e08ee1c 8 0 1 1 7
4 0298ec53 1 0 1 1 7
4 3b3da505 f 1 1 3 7
4 10142414 1 0 1 1 7
4 080a0d01 d 0 1 1 7
4 8014761c 6 0 1 1 7
4 09d40004 4 0 1 1 7
4 a5110715 a 0 1 1 7
4 d4273310 7 1 1 2 7
4 0e0300bf 1 0 1 1 7
4 da0d0800 1 0 1 1 7
4 0abf0b18 1 0 1 1 7
4 0c08bc0f 4 0 1 1 7
4 ca091c08 2 0 1 1 7
4 912d1018 5 0 1 1 7
4 f1016018 8 0 1 1 7
4 045d090c f 1 1 2 7
4 14180242 a 0 1 1 7
4 04062e02 0 0 1 0 7
4 7b101422 3 0 1 1 7
4 df1c1414 b 0 1 1 7
4 58c81c04 d 1 1 3 7
4 0408031c 9 1 1 2 7
4 140c5f0d b 0 1 1 7
4 002b1200 9 0 1 1 7
4 0782080e 6 0 1 1 7
4 04061383 1 0 1 1 7
4 fa0dd78b 7 1 1 2 7
4 0118030e 1 0 1 1 7
4 108f961c 2 0 1 1 7
4 0e3d9b08 5 0 1 1 7
4 04100434 d 1 1 3 7
4 18be0718 8 0 1 1 7
4 570b2609 b 0 1 1 7
4 18680c18 a 1 1 2 7
4 100d0cd3 1 0 1 1 7
4 0c566b0c 9 0 1 1 7
4 0d6c0a02 7 1 1 2 7
4 cd020200 e 0 1 1 7
4 0609ebdb 5 0 1 1 7
4 271c9a07 d 1 1 2 7
4 22b26110 0 0 1 0 7
4 18490c1c 7 1 1 2 7
4 0b1c780b 6 1 1 2 7
4 0a0000bb 0 0 1 0 7
4 050a8993 1 0 1 1 7
4 14a11ccf f 1 1 2 7
4 00086c05 0 0 1 0 7
4 1b021090 6 0 1 1 7
4 9610005b d 0 1 1 7
4 0a180804 6 1 1 2 7
4 070e322b 4 0 1 1 7
4 0c0ce600 0 0 1 0 7
4 0c093aa9 f 1 1 2 7
4 140b020a a 0 1 1 7
4 130e1408 2 0 1 1 7
4 100d0209 e 0 1 1 7
4 10040c09 6 1 1 2 7
4 0e040c14 d 1 1 2 7
4 02140352 b 1 1 2 7
4 0808041c 1 0 1 1 7
4 7d0c0818 1 0 1 1 7
4 0e040118 2 0 1 1 7
4 091c0008 f 1 1 3 7
4 0e040e0f 6 0 1 1 7
4 18d10814 8 0 1 1 7
4 070b0c0e 4 0 1 1 7
4 037e6814 9 0 1 1 7
4 0c0df118 d 1 1 2 7
4 180c1008 e 1 1 3 7
4 066418e9 6 1 1 2 7
4 030d0406 f 0 1 1 7
4 09430e0c 4 0 1 1 7
4 0b0c0ca0 1 0 1 1 7
4 81071c1b f 1 1 2 7
4 0702100a 9 0 1 1 7
4 03000814 a 0 1 1 7
4 048e6e04 e 1 1 2 7
4 02090305 d 1 1 2 7
4 060feb0c 8 0 1 1 7
4 10a31c08 b 1 1 3 7
4 1c09040a 1 0 1 1 7
4 13971a0c 1 0 1 1 7
4 0e14001c 7 1 1 3 7
4 080c100e e 1 1 3 7
4 de0d0276 b 1 1 3 7
4 00181c00 0 0 1 0 7
4 0c100a00 4 0 1 1 7
4 0412148d f 1 1 2 7
4 00035804 0 0 1 0 7
4 5cf30c14 3 1 1 2 7
4 91091801 9 1 1 2 7
4 083b08f4 1 0 1 1 7
4 5208140d f 1 1 2 7
4 08510075 3 0 1 1 7
4 05740a04 5 1 1 2 7
4 04030d04 6 0 1 1 7
4 9c1c0000 e 1 1 3 7
4 88040d06 4 0 1 1 7
4 c9051f14 7 0 1 1 7
4 180b0800 5 0 1 1 7
4 1c650e3a 4 0 1 1 7
4 00050b00 c 0 1 1 7
4 100c0814 8 0 1 1 7
4 0d020954 7 0 1 1 7
4 6c07e004 e 1 1 2 7
4 0a0e0a00 b 0 1 1 7
4 23021000 9 0 1 1 7
4 04041c52 5 0 1 1 7
4 040e1814 3 1 1 2 7
4 be0c028a a 1 1 2 7
4 04011800 3 1 1 2 7
4 a377040f 4 0 1 1 7
4 08100600 5 1 1 2 7
4 1cf9040d 8 0 1 1 7
4 40180a51 8 0 1 1 7
4 04020a10 b 1 1 2 7
4 0007007d b 0 1 1 7
4 31180008 f 1 1 3 7
4 0c0e4b0c e 0 1 1 7
4 0d019e68 8 0 1 1 7
4 af143708 7 1 1 2 7
4 0104003e c 0 1 1 7
4 477a0604 7 1 1 2 7
4 691409ad a 1 1 2 7
4 1cf00a18 1 0 1 1 7
4 f618aaeb 8 0 1 1 7
4 aa001c18 f 1 1 3 7
4 e0070505 a 0 1 1 7
4 c30c0014 2 0 1 1 7
4 0c10030f 2 0 1 1 7
4 04070b05 8 0 1 1 7
4 052adad9 1 0 1 1 7
4 5a0c040f 7 1 1 2 7
4 10c91809 1 0 1 1 7
4 09060408 5 0 1 1 7
4 14271c18 1 0 1 1 7
4 668b080b 7 1 1 2 7
4 05070c61 3 0 1 1 7
4 0b0f1c10 9 0 1 1 7
4 030c0914 9 0 1 1 7
4 145c0901 7 1 1 2 7
4 bb080c01 4 0 1 1 7
4 0f050403 5 0 1 1 7
4 0305a80d 2 0 1 1 7
4 231c0001 9 0 1 1 7
4 0d180c5e 6 1 1 2 7
4 030f0304 0 0 1 0 7
4 0e005010 4 0 1 1 7
4 0806140e 5 1 1 2 7
4 089d1881 5 1 1 2 7
4 080c0c10 a 1 1 2 7
4 03791897 3 0 1 1 7
4 0d0d111c 0 0 1 0 7
4 1c081043 9 0 1 1 7
4 0b14047c 1 0 1 1 7
4 0c100809 a 1 1 2 7
4 040d160e c 0 1 1 7
4 14003792 9 0 1 1 7
4 031f0247 6 0 1 1 7
4 0a08f90c a 0 1 1 7
4 a99a1c08 f 1 1 2 7
4 08042314 1 0 1 1 7
4 04070774 a 0 1 1 7
4 14040c09 8 0 1 1 7
4 d00cac77 4 0 1 1 7
4 14075209 8 0 1 1 7
4 061c0806 c 0 1 1 7
4 ab04e30c 1 0 1 1 7
4 9f0f0a10 1 0 1 1 7
4 04039b95 f 1 1 2 7
4 01080607 7 0 1 1 7
4 0f060208 b 0 1 1 7
4 0c0c1404 5 1 1 2 7
4 04046ddf 3 0 1 1 7
4 e0ad0523 b 0 1 1 7
4 18c84c14 5 1 1 2 7
4 00cd1414 4 0 1 1 7
4 08012d0c c 0 1 1 7
4 de070309 b 0 1 1 7
4 010bea0b c 0 1 1 7
4 0d1cf06d 2 0 1 1 7
4 040e0409 d 0 1 1 7
4 0c100efd 8 0 1 1 7
4 7b070418 e 1 1 2 7
4 070c5e00 d 1 1 2 7
4 b6049096 9 1 1 2 7
4 00031c89 e 1 1 2 7
4 144a1414 4 0 1 1 7
4 0c14d716 0 0 1 0 7
4 1c180c0c c 1 1 2 7
4 4b020b01 0 0 1 0 7
4 9908e20d 9 1 1 2 7
4 030c0efe 2 0 1 1 7
4 1c00b2be a 0 1 1 7
4 0710c30f d 1 1 2 7
4 08030103 6 0 1 1 7
4 c843da08 d 1 1 2 7
4 9b000018 9 0 1 1 7
4 0d141808 d 1 1 2 7
4 200e0e1c 7 0 1 1 7
4 0c0b020d 9 0 1 1 7
4 020cc0aa f 1 1 2 7
4 000c040e 8 0 1 1 7
4 0e080814 6 0 1 1 7
4 0b102128 c 0 1 1 7
4 1c08ca08 a 0 1 1 7
4 050c0a0c 0 0 1 0 7
4 188563f1 d 1 1 2 7
4 bd82b34a 7 1 1 2 7
4 08f60a0a 7 1 1 2 7
4 0a783504 2 0 1 1 7
4 fc100e00 b 1 1 2 7
4 598d0801 8 0 1 1 7
4 0c6363f5 9 0 1 1 7
4 0f0cca00 2 0 1 1 7
4 5e030903 d 0 1 1 7
4 02061801 6 0 1 1 7
4 0d0f0029 b 1 1 2 7
4 011010f4 6 0 1 1 7
4 14ed18b8 d 1 1 2 7
4 3dca0c0f 4 0 1 1 7
4 480c0e00 2 0 1 1 7
4 0c9a1801 f 1 1 2 7
4 090d1c0e 6 0 1 1 7
4 0f420e0c 0 0 1 0 7
4 b08b2e0a 0 0 1 0 7
4 041c000f 3 0 1 1 7
4 8d075d0c 8 0 1 1 7
4 0d040802 2 0 1 1 7
4 0a0405d7 4 0 1 1 7
4 f3022414 e 0 1 1 7
4 0dea1c09 2 0 1 1 7
4 14000014 2 0 1 1 7
4 591ce9e1 c 0 1 1 7
4 0c0a0a0d e 0 1 1 7
4 0c1c0908 4 0 1 1 7
4 061cad80 d 1 1 2 7
4 0ff90c08 7 1 1 2 7
4 01001c0b 0 0 1 0 7
4 9a060b1c e 1 1 2 7
4 b50c4b10 3 0 1 1 7
4 0c18c82f d 1 1 2 7
4 0941080d 2 0 1 1 7
4 00060600 a 0 1 1 7
4 bc25e05f 2 0 1 1 7
4 25140810 b 1 1 2 7
4 1c0507da 1 0 1 1 7
4 080f01ec 3 0 1 1 7
4 00001009 c 0 1 1 7
4 fb03180c 2 0 1 1 7
4 1a050828 b 1 1 2 7
4 00001804 7 1 1 3 7
4 6f086e0f 9 1 1 2 7
4 940c0ceb f 1 1 2 7
4 b5010700 3 0 1 1 7
4 8509f800 5 0 1 1 7
4 05101004 7 1 1 2 7
4 05140508 e 0 1 1 7
4 0a0bcf40 7 1 1 2 7
4 100e0a0e a 0 1 1 7
4 7847080c e 1 1 2 7
4 1c1c08c6 d 0 1 1 7
4 0904d118 f 1 1 2 7
4 960fd804 b 1 1 2 7
4 a10816d2 d 0 1 1 7
4 10610814 7 1 1 2 7
4 09f86e86 8 0 1 1 7
4 0ce50343 0 0 1 0 7
4 08e20404 b 1 1 2 7
4 0f0c000c f 1 1 2 7
4 5910be07 0 0 1 0 7
4 04140094 d 1 1 3 7
4 4d041caf c 0 1 1 7
4 08070f76 b 0 1 1 7
4 0ef60b08 d 1 1 2 7
4 00060803 1 0 1 1 7
4 620600be 3 0 1 1 7
4 0018020e 4 0 1 1 7
4 04097f10 e 0 1 1 7
4 80100818 2 0 1 1 7
4 102e0701 9 0 1 1 7
4 080f0f14 9 1 1 2 7
4 00056c7f 6 0 1 1 7
4 0d801009 9 1 1 2 7
4 0cc0000f f 1 1 3 7
4 04121ca3 e 1 1 2 7
4 748de477 1 0 1 1 7
4 060a0e08 0 0 1 0 7
4 b2081806 d 1 1 2 7
4 04bb070c 6 1 1 2 7
4 3d05020f f 1 1 2 7
4 040e0014 c 0 1 1 7
4 00144e51 e 1 1 2 7
4 090b0801 7 0 1 1 7
4 115f086e 8 0 1 1 7
4 0f021c14 c 0 1 1 7
4 0b03018e 1 0 1 1 7
4 ac370808 b 1 1 2 7
4 1c070a08 4 0 1 1 7
4 0c070b08 4 0 1 1 7
4 ee0f180d 1 0 1 1 7
4 1007070c 0 0 1 0 7
4 029005ad c 0 1 1 7
4 0c0a0004 5 0 1 1 7
4 1c0c0309 6 0 1 1 7
4 0ce67785 d 0 1 1 7
4 290cf214 e 0 1 1 7
4 0414401c b 1 1 3 7
4 02185c33 4 0 1 1 7
4 0c08ae68 4 0 1 1 7
4 18100009 1 0 1 1 7
4 da0391cd 9 0 1 1 7
4 4605040b 0 0 1 0 7
4 0808800c 6 1 1 2 7
4 f90f070a 2 0 1 1 7
4 7c3d0a04 1 0 1 1 7
4 0218aa0c 8 0 1 1 7
4 00010814 e 1 1 2 7
4 0c041808 b 1 1 3 7
4 46c30808 f 0 1 1 7
4 0d148502 f 1 1 2 7
4 096ee065 4 0 1 1 7
4 09060a0e 8 0 1 1 7
4 ea5e1400 d 1 1 2 7
4 18059832 3 0 1 1 7
4 081810c4 f 1 1 4 7
4 0714186f 5 0 1 1 7
4 00000c10 1 0 1 1 7
4 2db260be c 0 1 1 7
4 f708141c 0 0 1 0 7
4 020b0e0c d 0 1 1 7
4 0f180af0 b 0 1 1 7
4 040d0402 e 0 1 1 7
4 1ce70418 f 1 1 3 7
4 05d90a61 c 1 1 2 7
4 19181c06 2 0 1 1 7
4 0307070c a 1 1 2 7
4 c8020c04 9 1 1 2 7
4 cd04081c 8 0 1 1 7
4 1408caca 8 0 1 1 7
4 100cd4e2 0 0 1 0 7
4 08180d72 e 1 1 2 7
4 0a04043c e 0 1 1 7
4 15830804 d 0 1 1 7
4 c01c043a 7 1 1 2 7
4 0c0c0800 9 1 1 2 7
4 cdbf0c0c 9 0 1 1 7
4 1b48f11c 7 1 1 2 7
4 0c0f2b1c 3 0 1 1 7
4 0f0d8543 9 1 1 2 7
4 07030423 8 0 1 1 7
4 010c0e11 1 0 1 1 7
4 2f080f06 d 0 1 1 7
4 03040c8f f 1 1 2 7
4 005c0c07 9 0 1 1 7
4 0e100818 2 0 1 1 7
4 188bc906 3 0 1 1 7
4 b10d1603 5 0 1 1 7
4 0cf40408 1 0 1 1 7
4 04ca0c08 8 0 1 1 7
4 06050c03 a 0 1 1 7
4 05021c00 1 0 1 1 7
4 0c0c3e82 b 1 1 2 7
4 10030800 c 0 1 1 7
4 d67eb835 c 1 1 2 7
4 10d70008 b 1 1 3 7
4 187f0310 9 1 1 2 7
4 9b0d0808 c 0 1 1 7
4 140d0a02 d 0 1 1 7
4 ce00140e b 1 1 2 7
4 1818080c b 1 1 3 7
4 e64d0618 2 0 1 1 7
4 160a10dd f 1 1 2 7
4 060900be 2 0 1 1 7
4 1c050804 d 1 1 2 7
4 05141c00 a 0 1 1 7
4 07108404 7 1 1 3 7
4 a503d20c 7 0 1 1 7
4 2a550a0d d 1 1 2 7
4 080205c6 2 0 1 1 7
4 be01e908 0 0 1 0 7
4 08140cd1 3 0 1 1 7
4 0a1c0100 9 0 1 1 7
4 0d7f0910 3 0 1 1 7
4 010a5c0e f 1 1 2 7
4 060034c7 a 0 1 1 7
4 0210046c 3 1 1 2 7
4 f4100c08 7 1 1 3 7
4 0604eead b 1 1 2 7
4 d8040422 9 0 1 1 7
4 0801b5a0 5 0 1 1 7
4 04eaf49b 8 0 1 1 7
4 009fc308 8 0 1 1 7
4 040e0f14 4 0 1 1 7
4 141400bb 5 0 1 1 7
4 04100409 5 0 1 1 7
4 ebce931e f 1 1 2 7
4 1412630e 1 0 1 1 7
4 a61c0a06 3 1 1 2 7
4 0408040c 8 0 1 1 7
4 00c0a605 0 0 1 0 7
4 14047d0a b 0 1 1 7
4 0f140414 e 1 1 2 7
4 0401104d f 1 1 2 7
4 0c940c65 c 1 1 2 7
4 1414060c c 0 1 1 7
4 01dd2d00 e 1 1 3 7
4 bd00df0a 0 0 1 0 7
4 0f006e1c b 0 1 1 7
4 02040033 f 1 1 2 7
4 b8043c59 5 0 1 1 7
4 cf061004 5 0 1 1 7
4 04000a17 c 1 1 2 7
4 00751404 d 1 1 2 7
4 0a0a0a95 3 0 1 1 7
4 08181c0e 4 0 1 1 7
4 0d949203 7 0 1 1 7
4 0bc24d10 5 0 1 1 7
4 06070004 2 0 1 1 7
4 bc1c011c 1 0 1 1 7
4 0e180fc6 3 0 1 1 7
4 0f5e0208 2 0 1 1 7
4 14100106 e 1 1 2 7
4 1882b614 e 1 1 2 7
4 0a081089 a 0 1 1 7
4 7e0c1c0d 7 1 1 2 7
4 0705010c 8 0 1 1 7
4 0006035d 9 0 1 1 7
4 180ad21c 4 0 1 1 7
4 0d05ff08 e 1 1 2 7
4 08950418 d 1 1 2 7
4 82080d01 0 0 1 0 7
4 0a03af10 f 1 1 2 7
4 0410080e 8 0 1 1 7
4 0c880a0d a 0 1 1 7
4 08108a1c d 1 1 3 7
4 f5100c0f b 0 1 1 7
4 04141810 a 1 1 2 7
4 aefb0441 4 0 1 1 7
4 0f1806cc c 0 1 1 7
4 0cf2e92d 7 1 1 2 7
4 1c189d59 e 1 1 2 7
4 140464e1 7 1 1 2 7
4 1c06a00b e 1 1 2 7
4 0f090c02 b 0 1 1 7
4 6c081800 7 1 1 3 7
4 0c008e03 f 1 1 2 7
4 a418aa0c 8 0 1 1 7
4 0907040a 8 0 1 1 7
4 0c070997 4 0 1 1 7
4 f559bd0c 9 0 1 1 7
4 1492b305 0 0 1 0 7
4 07461410 d 0 1 1 7
4 f86d650a 7 1 1 2 7
4 05442beb 6 0 1 1 7
4 18b90000 f 1 1 2 7
4 081c18c3 4 0 1 1 7
4 75023701 c 0 1 1 7
4 0108dabb c 0 1 1 7
4 80bf360c 4 0 1 1 7
4 00080409 2 0 1 1 7
4 1cc500f3 c 0 1 1 7
4 04ef0909 3 0 1 1 7
4 1402031c d 1 1 2 7
4 060c04ad 7 1 1 2 7
4 c9100101 9 1 1 2 7
4 09001405 8 0 1 1 7
4 10399400 3 1 1 2 7
4 da0c5d08 c 0 1 1 7
4 0418a81c 9 1 1 2 7
4 091c040c a 0 1 1 7
4 140009ab 4 0 1 1 7
4 08e40c0b 2 0 1 1 7
4 081c7e04 8 0 1 1 7
4 186d2907 0 0 1 0 7
4 00a9fa09 9 0 1 1 7
4 109d7608 9 1 1 2 7
4 06060000 6 0 1 1 7
4 11149b0b 6 0 1 1 7
4 d8f20618 e 1 1 2 7
4 000d0c03 7 0 1 1 7
4 0d080818 8 0 1 1 7
4 04f0e377 f 1 1 2 7
4 06040808 8 0 1 1 7
4 080c8c10 8 0 1 1 7
4 9c9a0b09 7 0 1 1 7
4 0b637314 f 1 1 3 7
4 80010b03 3 1 1 2 7
4 fe0c0606 d 1 1 2 7
4 0465104b 5 0 1 1 7
4 2f1ca308 7 1 1 2 7
4 030e0000 6 0 1 1 7
4 00000e00 b 0 1 1 7
4 040410a0 2 0 1 1 7
4 f202bb18 4 0 1 1 7
4 6d050c1c 5 0 1 1 7
4 0a960f9b 4 0 1 1 7
4 ac060c52 2 0 1 1 7
4 10002a01 2 0 1 1 7
4 1c4b0f14 0 0 1 0 7
4 080314cc 5 0 1 1 7
4 6018b104 8 0 1 1 7
4 00581802 2 0 1 1 7
4 04b62e04 6 1 1 2 7
4 1cd3050f 6 0 1 1 7
4 5514000c d 1 1 2 7
4 0c140c00 9 1 1 2 7
4 06180708 3 0 1 1 7
4 04040614 a 0 1 1 7
4 a9d90a0c d 1 1 2 7
4 188c1c08 1 0 1 1 7
4 1010b4c6 5 0 1 1 7
4 0708021c a 0 1 1 7
4 180c0380 a 0 1 1 7
4 0b100518 3 0 1 1 7
4 000c0818 3 1 1 2 7
4 14067804 5 0 1 1 7
4 0401af0c 8 0 1 1 7
4 0100dccf 6 1 1 2 7
4 5e60b60e d 1 1 2 7
4 089e7d01 a 0 1 1 7
4 1c180c0d 8 0 1 1 7
4 080a8314 6 0 1 1 7
4 08070e09 7 0 1 1 7
4 10b41c04 2 0 1 1 7
4 61000000 f 0 1 1 7
4 0d09044e 3 0 1 1 7
4 0c061c12 6 0 1 1 7
4 0c080c03 d 1 1 2 7
4 030c08fc 8 0 1 1 7
4 1414100a 0 0 1 0 7
4 0b6a0800 a 0 1 1 7
4 0e100be8 9 0 1 1 7
4 0e040e4e 1 0 1 1 7
4 9a0e0608 6 1 1 2 7
4 fa000008 e 0 1 1 7
4 ab180875 0 0 1 0 7
4 1cee0f1c 3 0 1 1 7
4 020fb9f1 0 0 1 0 7
4 02070718 2 0 1 1 7
4 d809e002 9 0 1 1 7
4 18207977 e 1 1 2 7
4 0803530f f 1 1 3 7
4 1c00061c d 1 1 2 7
4 1ce1790d 6 1 1 2 7
4 040e1808 4 0 1 1 7
4 850e1c0c 1 0 1 1 7
4 07ef0006 4 0 1 1 7
4 327904df c 0 1 1 7
4 0e041458 e 1 1 2 7
4 d6004d00 b 0 1 1 7
4 c4ff0c1c 9 1 1 2 7
4 e675b602 4 0 1 1 7
4 262d080c 1 0 1 1 7
4 69070704 4 0 1 1 7
4 0b020576 0 0 1 0 7
4 0f1c08d9 1 0 1 1 7
4 a45d0118 5 0 1 1 7
4 0e026205 6 1 1 2 7
4 180d1408 6 0 1 1 7
4 ef094d14 e 1 1 2 7
4 0d02140d 1 0 1 1 7
4 0c00000d 7 0 1 1 7
4 18a34e09 1 0 1 1 7
4 1000e008 e 1 1 3 7
4 0c0df603 e 0 1 1 7
4 6f09c000 4 0 1 1 7
4 10040cf2 8 0 1 1 7
4 0c0f0902 6 0 1 1 7
4 07c8ec4d 9 0 1 1 7
4 0ff8100b 6 1 1 2 7
4 09230a00 4 0 1 1 7
4 0ca70014 8 0 1 1 7
4 14cb1409 9 0 1 1 7
4 0b8b1c08 2 0 1 1 7
4 18104d02 a 0 1 1 7
4 07a11814 6 0 1 1 7
4 180b0fc4 9 1 1 2 7
4 6d0d0406 8 0 1 1 7
4 0aa51c0c e 0 1 1 7
4 0c0cd304 f 1 1 2 7
4 420c0746 b 1 1 2 7
4 28040610 e 1 1 2 7
4 8e04002f 2 0 1 1 7
4 6e000d04 9 0 1 1 7
4 10060100 5 0 1 1 7
4 180d01cc f 1 1 2 7
4 0214801c c 0 1 1 7
4 00060008 b 1 1 2 7
4 061008ce b 1 1 2 7
4 10750406 4 0 1 1 7
4 8514027a d 0 1 1 7
4 26c36b18 d 0 1 1 7
4 fe0c04db 3 0 1 1 7
4 04483814 2 0 1 1 7
4 1826000b b 1 1 2 7
4 d818010c 8 0 1 1 7
4 b9020c10 8 0 1 1 7
4 08a67910 0 0 1 0 7
4 0c280802 1 0 1 1 7
4 c803ba0e 7 1 1 2 7
4 1404170a a 0 1 1 7
4 efb44e04 5 1 1 2 7
4 1c9708c6 0 0 1 0 7
4 3e180801 f 1 1 2 7
4 07bd1002 1 0 1 1 7
4 f4142f29 9 0 1 1 7
4 7c1c7b9b 1 0 1 1 7
4 f5080c35 1 0 1 1 7
4 1c028104 2 0 1 1 7
4 0000ba2e e 0 1 1 7
4 000c2202 5 0 1 1 7
4 081846ab 2 0 1 1 7
4 6c180e09 4 0 1 1 7
4 1414b514 c 0 1 1 7
4 0510aaa9 2 0 1 1 7
4 6f0fb700 5 0 1 1 7
4 bc3f4067 6 0 1 1 7
4 0005056b d 0 1 1 7
4 0d480075 1 0 1 1 7
4 040b3218 a 0 1 1 7
4 0806f592 4 0 1 1 7
4 0800071c 2 0 1 1 7
4 101c081c 9 1 1 2 7
4 09aff8bb a 0 1 1 7
4 043f0d04 b 0 1 1 7
4 049c0b0e 1 0 1 1 7
4 1800e90f 0 0 1 0 7
4 04185207 a 0 1 1 7
4 2a0c1c0e 3 0 1 1 7
4 14d00a19 3 0 1 1 7
4 07180f10 7 1 1 2 7
4 141c0b7c 6 0 1 1 7
4 78182700 6 0 1 1 7
4 041b0414 2 0 1 1 7
4 590dce00 5 0 1 1 7
4 e504f200 c 0 1 1 7
4 d72fa018 1 0 1 1 7
4 10180e0e 0 0 1 0 7
4 14fc0403 2 0 1 1 7
4 271c181c 2 0 1 1 7
4 083e050d 4 0 1 1 7
4 0a0c0d10 2 0 1 1 7
4 0707e118 3 0 1 1 7
4 0e004704 2 0 1 1 7
4 b704140b b 1 1 2 7
4 100c7d3e 3 0 1 1 7
4 0f080c07 4 0 1 1 7
4 b805060c e 0 1 1 7
4 1c07080b 9 0 1 1 7
4 180d0c07 a 1 1 2 7
4 00d21e29 a 0 1 1 7
4 0b090e6b a 0 1 1 7
4 fb075f14 c 1 1 2 7
4 940a05c5 6 0 1 1 7
4 080a3e1c d 1 1 2 7
4 0802d603 d 0 1 1 7
4 03180514 e 0 1 1 7
4 08000006 d 1 1 2 7
4 1cb40373 1 0 1 1 7
4 144e082c 6 0 1 1 7
4 041814a8 5 1 1 2 7
4 0a0d081c c 0 1 1 7
4 1304180a 7 1 1 2 7
4 0482100a 8 0 1 1 7
4 0c0c790f 2 0 1 1 7
4 0a0ed90c 6 0 1 1 7
4 02041c14 6 1 1 2 7
4 05f11c0d 1 0 1 1 7
4 d01c0808 5 1 1 2 7
4 6e00ec0d 3 0 1 1 7
4 0408c8ff a 1 1 2 7
4 231c0014 3 1 1 2 7
4 94129271 2 0 1 1 7
4 085192d7 c 0 1 1 7
4 080c0f04 6 0 1 1 7
4 79010730 8 0 1 1 7
4 f74e1406 8 0 1 1 7
4 0a080801 7 0 1 1 7
4 0b1d0557 e 1 1 2 7
4 04000407 0 0 1 0 7
4 0608040a d 1 1 2 7
4 1c06df10 1 0 1 1 7
4 0a7f057d 4 0 1 1 7
4 0a0d3809 6 0 1 1 7
4 98070fb6 d 0 1 1 7
4 5c04a3ca 0 0 1 0 7
4 00030009 0 0 1 0 7
4 710c531c c 0 1 1 7
4 0c000e1c d 1 1 3 7
4 184b0418 5 0 1 1 7
4 01000c0c 0 0 1 0 7
4 0ce6100a 1 0 1 1 7
4 f002040d 7 0 1 1 7
4 bf07920c 9 0 1 1 7
4 0f0a0c07 1 0 1 1 7
4 040d061c b 1 1 2 7
4 10049a18 8 0 1 1 7
4 146a04d3 7 0 1 1 7
4 53ac0c1c 2 0 1 1 7
4 b204db46 2 0 1 1 7
4 c6100004 9 0 1 1 7
4 0c4b1424 6 0 1 1 7
4 0c08050c 3 0 1 1 7
4 010110ff b 0 1 1 7
4 c707184c 7 1 1 2 7
4 041c0c03 4 0 1 1 7
4 6118071c 8 0 1 1 7
4 030d8f10 d 0 1 1 7
4 101c9e04 e 1 1 2 7
4 2557080d a 0 1 1 7
4 03790b0a 4 0 1 1 7
4 0c0c0009 5 0 1 1 7
4 f900a404 8 0 1 1 7
4 40b71c1c 8 0 1 1 7
4 17730c0a 0 0 1 0 7
4 14088a0b 5 0 1 1 7
4 101c0405 a 1 1 2 7
4 8ec91408 f 1 1 2 7
4 7518000c 2 0 1 1 7
4 b91c09be 6 0 1 1 7
4 03009c09 2 0 1 1 7
4 01029314 a 0 1 1 7
4 1800060d 7 0 1 1 7
4 0d188c00 f 1 1 3 7
4 14081014 f 1 1 3 7
4 00100f26 b 0 1 1 7
4 ecd91c6d 9 0 1 1 7
4 14181cd1 9 0 1 1 7
4 0a750d1c 0 0 1 0 7
4 1880a746 1 0 1 1 7
4 00141008 3 1 1 2 7
4 0518e50c 6 0 1 1 7
4 f304100e 4 0 1 1 7
4 02141c7a d 1 1 2 7
4 01360ebf 6 1 1 2 7
4 0c080006 8 0 1 1 7
4 025d9f10 d 0 1 1 7
4 02a30ffa c 0 1 1 7
4 90ed0ad9 6 0 1 1 7
4 010f0c0b 5 1 1 2 7
4 076901ff c 0 1 1 7
4 f70c4608 8 0 1 1 7
4 8d1c9501 b 1 1 3 7
4 0009080a 6 0 1 1 7
4 04fe090f c 0 1 1 7
4 ff10a610 0 0 1 0 7
4 830c0e64 2 0 1 1 7
4 10181c0a 7 1 1 2 7
4 03180009 0 0 1 0 7
4 04ce54f6 3 0 1 1 7
4 8f856408 f 1 1 2 7
4 08080c0c d 1 1 2 7
4 002d340d 1 0 1 1 7
4 14140007 1 0 1 1 7
4 5b009400 5 0 1 1 7
4 140014d1 d 1 1 2 7
4 06060b14 d 0 1 1 7
4 55300810 8 0 1 1 7
4 1c0c0000 a 1 1 2 7
4 ae14350d 0 0 1 0 7
4 0890060e 2 0 1 1 7
4 0b060a0c 3 0 1 1 7
4 7d000455 5 0 1 1 7
4 04181c04 2 0 1 1 7
4 9ed3c605 a 1 1 2 7
4 08b40ecc 9 1 1 2 7
4 ba0c1404 4 0 1 1 7
4 18e26e04 d 1 1 2 7
4 110c3d04 f 1 1 2 7
4 1c030c18 d 1 1 2 7
4 02040c0d d 0 1 1 7
4 e0186b10 5 1 1 2 7
4 90450d16 2 0 1 1 7
4 01090c1c 6 0 1 1 7
4 9f3d786b 5 0 1 1 7
4 05087204 4 0 1 1 7
4 0900fa0b 2 0 1 1 7
4 1905460c 8 0 1 1 7
4 031803b2 8 0 1 1 7
4 00140f04 0 0 1 0 7
4 00b8f201 b 0 1 1 7
4 04183e5a 7 1 1 2 7
4 0d08258d 7 1 1 2 7
4 4e050b37 e 0 1 1 7
4 7d060152 d 1 1 2 7
4 42081008 f 1 1 2 7
4 04fd2277 c 0 1 1 7
4 84050800 4 0 1 1 7
4 0d08cd08 9 0 1 1 7
4 d39e0810 1 0 1 1 7
4 0b0fa400 0 0 1 0 7
4 5f0909ad 5 1 1 2 7
4 04d5001c 8 0 1 1 7
4 75090006 b 0 1 1 7
4 9f721c00 d 0 1 1 7
4 10ee1000 2 0 1 1 7
4 ada90e9c 9 0 1 1 7
4 8279a224 4 0 1 1 7
4 10060c05 d 0 1 1 7
4 0006050c 4 0 1 1 7
4 046a08a5 0 0 1 0 7
4 a64be518 0 0 1 0 7
4 4e008102 a 0 1 1 7
4 6910008f c 0 1 1 7
4 2505081c f 1 1 2 7
4 140c0b29 8 0 1 1 7
4 f81807e3 c 1 1 2 7
4 060f1a1c d 0 1 1 7
4 187a8a6d 4 0 1 1 7
4 0459022b 7 0 1 1 7
4 44025c22 4 0 1 1 7
4 54400c84 a 1 1 2 7
4 0f7c0830 b 1 1 2 7
4 cf040818 8 0 1 1 7
4 0c1c0b14 2 0 1 1 7
4 770f0807 5 1 1 2 7
4 050f0d9f 7 1 1 2 7
4 0f1c6506 b 0 1 1 7
4 29000404 1 0 1 1 7
4 71760da1 f 1 1 3 7
4 0008f50d d 1 1 2 7
4 08080c68 9 1 1 2 7
4 3d00e408 d 1 1 2 7
4 14018503 f 1 1 2 7
4 00103014 0 0 1 0 7
4 1c260021 a 1 1 2 7
4 08091042 f 1 1 2 7
4 0cb40404 d 1 1 3 7
4 f000a400 8 0 1 1 7
4 0810b5ee 0 0 1 0 7
4 051809f4 7 1 1 2 7
4 2ca3180f d 1 1 2 7
4 18dd4c0f 9 0 1 1 7
4 1c021037 3 0 1 1 7
4 0d000000 c 0 1 1 7
4 000b211c d 1 1 2 7
4 08040686 2 0 1 1 7
4 060c4a74 a 1 1 2 7
4 0806087f 7 0 1 1 7
4 f5060200 6 1 1 2 7
4 b9f80e10 3 0 1 1 7
4 47040810 7 1 1 3 7
4 250b1810 c 0 1 1 7
4 471c0b08 8 0 1 1 7
4 0e180c0d 4 0 1 1 7
4 10890b04 3 0 1 1 7
4 9e181403 9 0 1 1 7
4 06327a0a 1 0 1 1 7
4 fea4db9e 1 0 1 1 7
4 0c0c082b 4 0 1 1 7
4 f705079f e 1 1 2 7
4 1c040710 4 0 1 1 7
4 180f1c02 b 1 1 2 7
4 07001485 3 0 1 1 7
4 20851400 e 1 1 2 7
4 02280c82 c 0 1 1 7
4 0f08050c 8 0 1 1 7
4 18144f6b e 1 1 2 7
4 00080f07 5 0 1 1 7
4 06a00203 1 0 1 1 7
4 000f1806 e 1 1 2 7
4 05650900 c 1 1 2 7
4 14004314 e 1 1 2 7
4 1c2d0691 d 1 1 2 7
4 14084709 5 0 1 1 7
4 1c040876 3 0 1 1 7
4 1802bf03 3 1 1 2 7
4 b7140107 8 0 1 1 7
4 0c059b0a e 0 1 1 7
4 053e0e01 f 1 1 2 7
4 831f0650 9 0 1 1 7
4 93b60a02 2 0 1 1 7
4 08081488 c 0 1 1 7
4 33eb010f a 0 1 1 7
4 1c140108 c 1 1 2 7
4 04021407 7 0 1 1 7
4 140c09ec 8 0 1 1 7
4 09cf6214 7 0 1 1 7
4 04790808 9 1 1 2 7
4 101cd708 4 0 1 1 7
4 040d01ad 7 1 1 3 7
4 1d2c6e0c e 0 1 1 7
4 5ca70bb0 4 0 1 1 7
4 b782021c c 0 1 1 7
4 03841ce5 c 0 1 1 7
4 4b0b000c d 1 1 2 7
4 141f01ba 2 0 1 1 7
4 0169100c 9 0 1 1 7
4 07000b04 5 1 1 2 7
4 0a0f005d 8 0 1 1 7
4 0ce60d04 8 0 1 1 7
4 4a040604 7 0 1 1 7
4 5a092a15 3 0 1 1 7
4 51040f14 9 0 1 1 7
4 695d5af1 9 1 1 2 7
4 1c0f0c02 5 0 1 1 7
4 0708ba0d 7 0 1 1 7
4 0a095f03 4 0 1 1 7
4 0cba7ae8 a 0 1 1 7
4 19e003bc 8 0 1 1 7
4 5d100406 6 1 1 2 7
4 14141010 f 1 1 2 7
4 f3090200 b 0 1 1 7
4 0025cb1c 4 0 1 1 7
4 0c0c0b06 8 0 1 1 7
4 0c050f0d 4 0 1 1 7
4 18180600 4 0 1 1 7
4 07090c0f f 1 1 2 7
4 840c0818 9 1 1 2 7
4 2e921808 8 0 1 1 7
4 0718140e 6 1 1 2 7
4 0486047b 0 0 1 0 7
4 1c048889 1 0 1 1 7
4 061c141e 6 1 1 2 7
4 0cf30306 6 1 1 2 7
4 b20c190e d 1 1 2 7
4 0e0c1814 2 0 1 1 7
4 08fe0050 0 0 1 0 7
4 0d0e7408 b 1 1 2 7
4 0e1c0857 2 0 1 1 7
4 081d04ae 8 0 1 1 7
4 1d1c0203 1 0 1 1 7
4 5e080c04 b 1 1 2 7
4 0514fb0a 7 0 1 1 7
4 050608d7 d 0 1 1 7
4 14290d02 2 0 1 1 7
4 5af41c0c 9 0 1 1 7
4 0300181c f 1 1 3 7
4 00061810 0 0 1 0 7
4 000f08ca 8 0 1 1 7
4 1410000e 3 0 1 1 7
4 0c1810f4 9 1 1 2 7
4 03070404 5 0 1 1 7
4 02000229 9 0 1 1 7
4 18010714 9 1 1 2 7
4 0406430c 6 0 1 1 7
4 86064b0c 0 0 1 0 7
4 081cb509 e 1 1 2 7
4 0f18000e e 1 1 2 7
4 3f90180c 1 0 1 1 7
4 1418180e c 1 1 2 7
4 000c0708 6 0 1 1 7
4 4f3c032a 8 0 1 1 7
4 f8217e0f d 0 1 1 7
4 01160a14 b 0 1 1 7
4 9a0c14f5 d 0 1 1 7
4 06063b10 b 0 1 1 7
4 00be07cf 0 0 1 0 7
4 f7030e0f 4 0 1 1 7
4 04180404 2 0 1 1 7
4 ea020818 3 1 1 2 7
4 e8040363 d 1 1 2 7
4 5cebef47 6 1 1 2 7
4 0908181c e 1 1 2 7
4 a0010414 3 1 1 2 7
4 13cb3d0a 9 0 1 1 7
4 09540d0a 1 0 1 1 7
4 04070a1c 5 0 1 1 7
4 1c0b1803 6 0 1 1 7
4 04000c88 1 0 1 1 7
4 f3350c05 5 1 1 2 7
4 040d04c4 1 0 1 1 7
4 1c080604 5 1 1 2 7
4 fe04910b b 0 1 1 7
4 0c141c08 2 0 1 1 7
4 00028c04 8 0 1 1 7
4 03e10c02 2 0 1 1 7
4 020e1406 c 1 1 2 7
4 030a056a 7 1 1 2 7
4 0e140810 5 1 1 2 7
4 1c080e14 c 1 1 2 7
4 08ab0801 c 0 1 1 7
4 081014bb e 1 1 3 7
4 6c0c9306 7 0 1 1 7
4 0e262943 b 0 1 1 7
4 af040104 a 0 1 1 7
4 9118140c 6 1 1 2 7
4 b4100802 0 0 1 0 7
4 14011c01 1 0 1 1 7
4 7a0a0eaf e 1 1 3 7
4 050a771c 0 0 1 0 7
4 01150b05 5 1 1 2 7
4 0c0e1408 8 0 1 1 7
4 0ced0b04 6 0 1 1 7
4 1403e804 6 0 1 1 7
4 0a140404 2 0 1 1 7
4 082db604 0 0 1 0 7
4 1c054200 3 0 1 1 7
4 0b1c184b 0 0 1 0 7
4 1410b21c 6 0 1 1 7
4 7983b973 0 0 1 0 7
4 92a01451 5 0 1 1 7
4 042e4110 8 0 1 1 7
4 0c001c00 6 1 1 2 7
4 a5041400 1 0 1 1 7
4 1402110f 1 0 1 1 7
4 07ab0c05 4 0 1 1 7
4 0a08040d f 1 1 2 7
4 0895100c 9 1 1 2 7
4 0f081401 a 0 1 1 7
4 18083c04 f 1 1 4 7
4 ca1814eb 3 0 1 1 7
4 00000c00 6 1 1 2 7
4 c1180000 a 0 1 1 7
4 180109ba 2 0 1 1 7
4 0710081b 5 0 1 1 7
4 28020408 a 1 1 2 7
4 cda21061 4 0 1 1 7
4 0a901895 a 0 1 1 7
4 1018a107 b 0 1 1 7
4 ed0c0300 1 0 1 1 7
4 082e0c0a a 1 1 2 7
4 1c0d0ec8 2 0 1 1 7
4 10060d13 e 0 1 1 7
4 dc0a0007 d 0 1 1 7
4 0e141849 f 1 1 2 7
4 0908a808 a 0 1 1 7
4 cc1c010c d 1 1 3 7
4 0600100a a 0 1 1 7
4 048d329d 8 0 1 1 7
4 1cad1004 2 0 1 1 7
4 0c0c1000 2 0 1 1 7
4 12d11c18 2 0 1 1 7
4 af6d1804 9 0 1 1 7
4 0d6a0c08 d 0 1 1 7
4 18211404 8 0 1 1 7
4 081c070b f 1 1 2 7
4 001c064e c 1 1 2 7
4 001c00c0 3 1 1 2 7
4 08071f07 7 1 1 2 7
4 060c0d01 2 0 1 1 7
4 04006204 a 0 1 1 7
4 cefc0a2f 8 0 1 1 7
4 0807bf02 8 0 1 1 7
4 0d1c0414 3 1 1 2 7
4 650e1494 d 0 1 1 7
4 14b1140f b 0 1 1 7
4 05101406 1 0 1 1 7
4 0c0cec0b 8 0 1 1 7
4 18019205 c 0 1 1 7
4 0218141c f 1 1 3 7
4 03007d1e d 0 1 1 7
4 01800908 9 0 1 1 7
4 1c000003 a 1 1 2 7
4 101c1027 f 1 1 2 7
4 0e080ab5 e 1 1 2 7
4 0caf0406 4 0 1 1 7
4 6c0404b6 8 0 1 1 7
4 0c211804 2 0 1 1 7
4 100dd010 8 0 1 1 7
4 91071cfd 7 0 1 1 7
4 0c080d0c d 1 1 2 7
4 0500a633 0 0 1 0 7
4 0864ddab 7 0 1 1 7
4 0f439108 1 0 1 1 7
4 64040bfa 3 0 1 1 7
4 4fa01ce7 5 0 1 1 7
4 0a07dc7b 7 1 1 2 7
4 0491080e 9 0 1 1 7
4 080c0d3a c 1 1 2 7
4 052aa576 d 1 1 2 7
4 180f08c4 8 0 1 1 7
4 0437ebb3 2 0 1 1 7
4 01180709 f 1 1 2 7
4 740818be 2 0 1 1 7
4 09e9200a 9 0 1 1 7
4 0d18021c e 0 1 1 7
4 1200100b b 0 1 1 7
4 14325462 7 1 1 2 7
4 d30e0e0e 7 0 1 1 7
4 05830f0c d 0 1 1 7
4 08ad0383 7 1 1 2 7
4 18010889 f 1 1 2 7
4 140e041c 4 0 1 1 7
4 a178b610 b 0 1 1 7
4 fb6e0c14 1 0 1 1 7
4 0c040f0b c 1 1 2 7
4 08b70505 a 0 1 1 7
4 081c0f01 f 1 1 2 7
4 b50f9d08 2 0 1 1 7
4 0b0f3a09 3 0 1 1 7
4 ce037b0c c 0 1 1 7
4 480c4e04 7 1 1 2 7
4 9b040a01 e 0 1 1 7
4 ce0d0d18 f 0 1 1 7
4 0a08de06 4 0 1 1 7
4 71177d02 3 0 1 1 7
4 02499804 4 0 1 1 7
4 0c100e85 0 0 1 0 7
4 00103500 3 0 1 1 7
4 1c041c00 1 0 1 1 7
4 b10732fb a 0 1 1 7
4 060808e6 7 0 1 1 7
4 070381f9 1 0 1 1 7
4 1c0a0c06 4 0 1 1 7
4 04080f14 e 1 1 2 7
4 1004047b 4 0 1 1 7
4 001cf50c a 0 1 1 7
4 404c5d0c a 0 1 1 7
4 00077f02 b 0 1 1 7
4 0c088718 8 0 1 1 7
4 860e3b18 5 0 1 1 7
4 18170b61 5 0 1 1 7
4 26bd1008 5 0 1 1 7
4 0d0c10b2 5 0 1 1 7
4 08501c14 4 0 1 1 7
4 2e0a0c03 4 0 1 1 7
4 010c0e0c 6 0 1 1 7
4 8a74060f 4 0 1 1 7
4 e60b040c 8 0 1 1 7
4 10011f06 0 0 1 0 7
4 1c0f1006 2 0 1 1 7
4 0a0a0402 8 0 1 1 7
4 01048402 1 0 1 1 7
4 020c0010 1 0 1 1 7
4 0604b36d f 0 1 1 7
4 000c0904 e 1 1 2 7
4 2e00020a 6 0 1 1 7
4 040a1c00 3 1 1 2 7
4 810cdc0b 6 1 1 2 7
4 0f3a8608 e 1 1 2 7
4 5580299e 5 0 1 1 7
4 1404cdb0 2 0 1 1 7
4 9a187610 e 1 1 2 7
4 cb080ada 1 0 1 1 7
4 1c0b0372 b 0 1 1 7
4 000c1c18 a 1 1 2 7
4 7d180086 8 0 1 1 7
4 54458a06 a 0 1 1 7
4 44030800 0 0 1 0 7
4 040eea0c e 1 1 2 7
4 0607500d a 0 1 1 7
4 094b008e e 0 1 1 7
4 080018af 0 0 1 0 7
4 e13e0e0a c 0 1 1 7
4 0ecfb5f4 3 0 1 1 7
4 970a0a14 f 0 1 1 7
4 14f20005 9 0 1 1 7
4 99149f07 e 0 1 1 7
4 0110040f 3 0 1 1 7
4 c3fc2697 3 0 1 1 7
4 050d0d1a 6 0 1 1 7
4 0404f800 1 0 1 1 7
4 0c0e0c0a b 0 1 1 7
4 26251401 a 0 1 1 7
4 c4076e08 2 0 1 1 7
4 040505cf 4 0 1 1 7
4 0f080029 4 0 1 1 7
4 8908b10a f 1 1 2 7
4 000498bd 3 0 1 1 7
4 c4100006 3 0 1 1 7
4 f304e18b f 1 1 2 7
4 f93d000e a 0 1 1 7
4 050a361c 3 0 1 1 7
4 0cbc0014 2 0 1 1 7
4 c4060669 5 0 1 1 7
4 18af10a3 2 0 1 1 7
4 07511004 8 0 1 1 7
4 140c10ff d 1 1 2 7
4 45811008 4 0 1 1 7
4 05663986 d 1 1 2 7
4 59140810 0 0 1 0 7
4 07699800 e 0 1 1 7
4 025d1828 2 0 1 1 7
4 0118046d 7 1 1 2 7
4 0a01b269 a 1 1 2 7
4 a61c5200 f 1 1 2 7
4 db0e146d b 0 1 1 7
4 100f0002 4 0 1 1 7
4 10958208 2 0 1 1 7
4 02101b09 a 0 1 1 7
4 0c000c02 7 1 1 2 7
4 00f51855 0 0 1 0 7
4 10d9fab9 7 1 1 2 7
4 ab270b04 4 0 1 1 7
4 02060209 a 0 1 1 7
4 0886000c 5 0 1 1 7
4 020c66cb 4 0 1 1 7
4 10530c1c 6 0 1 1 7
4 0c926a0d c 0 1 1 7
4 0e040800 1 0 1 1 7
4 1b048105 e 0 1 1 7
4 0c060104 5 0 1 1 7
4 65e70810 9 0 1 1 7
4 0d02af16 8 0 1 1 7
4 050c08d5 f 1 1 2 7
4 0c06684b 0 0 1 0 7
4 1804ac04 a 1 1 2 7
4 0b0d1c10 0 0 1 0 7
4 08eb5838 9 1 1 2 7
4 d11c0004 a 0 1 1 7
4 d31c1410 9 0 1 1 7
4 1b9b09ee 4 0 1 1 7
4 041fbf02 9 0 1 1 7
4 b3d21818 a 0 1 1 7
4 298a385d 7 0 1 1 7
4 0b02033a 0 0 1 0 7
4 f2041b70 f 1 1 2 7
4 06040839 a 0 1 1 7
4 10180251 0 0 1 0 7
4 04148745 4 0 1 1 7
4 0c0a04f6 8 0 1 1 7
4 ea141000 9 0 1 1 7
4 0c060708 a 0 1 1 7
4 100006b8 d 1 1 3 7
4 101c0014 e 1 1 3 7
4 01bf080d 4 0 1 1 7
4 14c20c1c f 1 1 3 7
4 0818601c b 1 1 3 7
4 0703bf08 0 0 1 0 7
4 af0c5714 c 0 1 1 7
4 0210180a 2 0 1 1 7
4 0402141c 8 0 1 1 7
4 06090918 6 0 1 1 7
4 89048700 a 0 1 1 7
4 018aaf44 9 0 1 1 7
4 25140c0a 4 0 1 1 7
4 070c0704 a 0 1 1 7
4 0a01021c 2 0 1 1 7
4 18cb0100 8 0 1 1 7
4 001c03ea f 1 1 2 7
4 10081800 7 1 1 3 7
4 ea77080f 3 0 1 1 7
4 eb49e40c c 0 1 1 7
4 0f1b1424 2 0 1 1 7
4 10b30014 7 1 1 2 7
4 1c540af4 a 0 1 1 7
4 06050f10 a 0 1 1 7
4 0a08011c f 1 1 2 7
4 029cb004 9 0 1 1 7
4 14b41004 7 1 1 3 7
4 1c02dd00 b 1 1 2 7
4 0c04b223 9 0 1 1 7
4 105200f7 c 0 1 1 7
4 5f041c00 2 0 1 1 7
4 09cb189e 4 0 1 1 7
4 000cc008 6 1 1 2 7
4 0a08be07 a 1 1 2 7
4 08120a02 7 1 1 3 7
4 180c0007 9 0 1 1 7
4 180c06e3 a 0 1 1 7
4 04081001 d 1 1 2 7
4 089d0d01 b 1 1 2 7
4 03040738 7 1 1 2 7
4 e20b1409 c 0 1 1 7
4 00d00a0f 5 0 1 1 7
4 5308140c f 1 1 3 7
4 18080014 a 1 1 2 7
4 e9072f04 8 0 1 1 7
4 087d1010 7 0 1 1 7
4 04022018 2 0 1 1 7
4 977e9118 1 0 1 1 7
4 7c621087 1 0 1 1 7
4 f8045c07 2 0 1 1 7
4 1c661410 2 0 1 1 7
4 0c040804 5 0 1 1 7
4 07de000b 3 0 1 1 7
4 0810fa8b a 0 1 1 7
4 07088900 1 0 1 1 7
4 101c180c 3 1 1 2 7
4 1408ec06 5 0 1 1 7
4 1808060e a 0 1 1 7
4 0c185eef 0 0 1 0 7
4 a200fb18 1 0 1 1 7
4 1c0b0c0c b 1 1 2 7
4 09180c14 f 1 1 3 7
4 01080f77 7 1 1 2 7
4 08101000 0 0 1 0 7
4 d8030404 8 0 1 1 7
4 01040914 1 0 1 1 7
4 08080800 7 1 1 2 7
4 01140fc7 8 0 1 1 7
4 08134615 1 0 1 1 7
4 0b1004be a 0 1 1 7
4 08e41c0c 8 0 1 1 7
4 003516e6 1 0 1 1 7
4 0c7e0303 f 0 1 1 7
4 081c7d01 6 0 1 1 7
4 18d90800 e 1 1 2 7
4 18ac000d 9 0 1 1 7
4 bd109543 8 0 1 1 7
4 29476b09 e 1 1 2 7
4 08020106 9 0 1 1 7
4 00c10404 3 0 1 1 7
4 dc0cc804 9 1 1 2 7
4 10080418 c 1 1 2 7
4 04000700 6 0 1 1 7
4 0e278c14 e 0 1 1 7
4 0c031803 4 0 1 1 7
4 0c040a00 8 0 1 1 7
4 120c00fc 0 0 1 0 7
4 09080990 e 0 1 1 7
4 09060e08 d 0 1 1 7
4 091ca60b a 0 1 1 7
4 180c5301 2 0 1 1 7
4 0c065d06 3 0 1 1 7
4 10780402 3 0 1 1 7
4 0b060503 5 0 1 1 7
4 080de308 b 0 1 1 7
4 0c180506 3 0 1 1 7
4 1c0b0704 2 0 1 1 7
4 100b0314 9 1 1 2 7
4 dc1c0429 8 0 1 1 7
4 ba161404 4 0 1 1 7
4 1803e608 f 1 1 2 7
4 50100a18 d 1 1 3 7
4 06491014 9 0 1 1 7
4 7f040c0c 3 0 1 1 7
4 0b6a1806 9 0 1 1 7
4 f4033b1c e 1 1 2 7
4 02cad807 b 0 1 1 7
4 10090f0c 0 0 1 0 7
4 24060480 b 1 1 3 7
4 03020202 f 0 1 1 7
4 04145cda 3 0 1 1 7
4 0b960e58 a 0 1 1 7
4 00781401 4 0 1 1 7
4 061889f7 6 0 1 1 7
4 0c2a0014 3 1 1 2 7
4 32cb0c08 7 1 1 2 7
4 e0fb0ff0 0 0 1 0 7
4 08080310 e 0 1 1 7
4 0806044a d 1 1 2 7
4 9a08186d 4 0 1 1 7
4 03020507 4 0 1 1 7
4 f9b1dc12 d 1 1 2 7
4 a9070c0e 4 0 1 1 7
4 2906100a 3 0 1 1 7
4 08310d18 6 1 1 2 7
4 840a1c10 5 0 1 1 7
4 0c1c06d5 a 0 1 1 7
4 14f9106d a 1 1 2 7
4 07e7041c a 0 1 1 7
4 081c0090 5 1 1 2 7
4 04140c0c c 1 1 2 7
4 03918a1a 8 0 1 1 7
4 141c040f 0 0 1 0 7
4 0b00a107 4 0 1 1 7
4 0b180318 1 0 1 1 7
4 3700ac10 a 0 1 1 7
4 f3e70c02 1 0 1 1 7
4 140a0f93 b 1 1 2 7
4 0344042a 8 0 1 1 7
4 ee0a0301 a 0 1 1 7
4 bd0c0f5b 5 0 1 1 7
4 00140a06 c 1 1 2 7
4 0f0f0900 c 0 1 1 7
4 1ce30f75 a 0 1 1 7
4 0c14100a a 1 1 2 7
4 e4810214 3 0 1 1 7
4 c5141818 0 0 1 0 7
4 addb3900 5 0 1 1 7
4 082a0014 9 1 1 2 7
4 0d0e0b5f 3 1 1 2 7
4 010404e7 b 0 1 1 7
4 0fd109ce b 0 1 1 7
4 1410d204 3 0 1 1 7
4 f2000471 7 1 1 2 7
4 7a1c0514 5 1 1 2 7
4 1c1c1402 3 0 1 1 7
4 1cfcde10 9 1 1 2 7
4 a61c0b0e e 0 1 1 7
4 1abb08a4 d 0 1 1 7
4 0d1c0bee a 0 1 1 7
4 0e0cf218 a 1 1 2 7
4 1c019804 8 0 1 1 7
4 0708b11c 4 0 1 1 7
4 0008080b 6 0 1 1 7
4 18521a00 d 1 1 2 7
4 04021ce2 3 0 1 1 7
4 04086ebd a 0 1 1 7
4 063b100a 2 0 1 1 7
4 03060107 8 0 1 1 7
4 000b080f a 1 1 2 7
4 08cf0c1c 0 0 1 0 7
4 0c08181c 8 0 1 1 7
4 0f0f0673 7 1 1 2 7
4 090d085b 3 0 1 1 7
4 1c091808 c 0 1 1 7
4 100b1c07 a 1 1 2 7
4 010c4418 7 1 1 3 7
4 c80c1403 9 0 1 1 7
4 040c1314 5 1 1 2 7
4 0f080804 2 0 1 1 7
4 08a61c1c d 1 1 2 7
4 0f0abcf6 9 0 1 1 7
4 08c90708 1 0 1 1 7
4 08022105 a 0 1 1 7
4 100caf06 1 0 1 1 7
4 10630873 6 0 1 1 7
4 0414050a 0 0 1 0 7
4 0c400008 5 1 1 2 7
4 b1040ba9 3 0 1 1 7
4 030a0c04 9 0 1 1 7
4 070d0a18 0 0 1 0 7
4 1c141410 4 0 1 1 7
4 0b0a5807 3 0 1 1 7
4 01010004 9 0 1 1 7
4 e27e0f0a b 1 1 2 7
4 14a91810 e 1 1 2 7
4 a1d51414 3 0 1 1 7
4 18250800 5 0 1 1 7
4 0414040c e 1 1 2 7
4 081c1c04 3 1 1 2 7
4 000b2508 0 0 1 0 7
4 18b45241 b 0 1 1 7
4 06f40c05 6 1 1 2 7
4 0eeb0008 e 0 1 1 7
4 1c0c18e0 6 1 1 2 7
4 400f1428 c 0 1 1 7
4 56021510 0 0 1 0 7
4 8a690c0c 3 0 1 1 7
4 0d1c0435 6 1 1 2 7
4 090c0301 7 0 1 1 7
4 00141067 0 0 1 0 7
4 7502080c 8 0 1 1 7
4 b10d740c 8 0 1 1 7
4 090310cd 4 0 1 1 7
4 18f864a4 6 1 1 2 7
4 021c100e 3 0 1 1 7
4 0501140c 0 0 1 0 7
4 0004a914 6 0 1 1 7
4 0704a47c 0 0 1 0 7
4 7eebf908 e 0 1 1 7
4 409ba71c f 1 1 2 7
4 140804d4 8 0 1 1 7
4 661c0720 6 0 1 1 7
4 58bd0006 5 0 1 1 7
4 0d0c1c0b a 0 1 1 7
4 c40dc304 a 0 1 1 7
4 64141209 b 0 1 1 7
4 570110a5 5 1 1 2 7
4 c72f0c08 b 1 1 2 7
4 7a820a01 c 1 1 2 7
4 0d0d090c 2 0 1 1 7
4 100e08ca 8 0 1 1 7
4 78000d53 0 0 1 0 7
4 4918cc10 1 0 1 1 7
4 14002b12 7 0 1 1 7
4 63441405 1 0 1 1 7
4 04c0006d 7 1 1 2 7
4 001f0e82 8 0 1 1 7
4 060509c2 7 1 1 2 7
4 105b00b0 7 1 1 2 7
4 8dd91014 a 0 1 1 7
4 361c0c18 9 0 1 1 7
4 100400f4 1 0 1 1 7
4 0f3a4604 8 0 1 1 7
4 10046609 4 0 1 1 7
4 3b14182a e 1 1 2 7
4 0454040a d 1 1 2 7
4 18900c04 9 1 1 2 7
4 0a18060c 8 0 1 1 7
4 911c100b 1 0 1 1 7
4 04090700 0 0 1 0 7
4 0c070ce2 5 0 1 1 7
4 0804031c 5 1 1 2 7
4 10459a5b 3 0 1 1 7
4 510f0407 1 0 1 1 7
4 a7fa0d08 5 0 1 1 7
4 050508a5 f 1 1 2 7
4 f49c0e0f 8 0 1 1 7
4 0804a101 1 0 1 1 7
4 051009f4 a 1 1 2 7
4 04101c05 1 0 1 1 7
4 14900d0b 4 0 1 1 7
4 fd0c0094 8 0 1 1 7
4 00060800 4 0 1 1 7
4 0b080e04 a 0 1 1 7
4 0b181008 0 0 1 0 7
4 1c8f0133 1 0 1 1 7
4 080c0bcd 0 0 1 0 7
4 03100618 f 1 1 2 7
4 0c050808 a 1 1 2 7
4 1c00030b 8 0 1 1 7
4 f3b40418 6 1 1 2 7
4 6901ee08 2 0 1 1 7
4 0f04ab8a 3 0 1 1 7
4 08040c18 d 1 1 3 7
4 0e141801 8 0 1 1 7
4 00000010 1 0 1 1 7
4 0c053808 2 0 1 1 7
4 af37010c e 1 1 2 7
4 080b061c 3 0 1 1 7
4 18147598 9 1 1 2 7
4 0f1c3c0f 8 0 1 1 7
4 04f01007 e 1 1 3 7
4 054d3b0c e 1 1 2 7
4 145c0006 2 0 1 1 7
4 ed080c14 a 0 1 1 7
4 0e040206 8 0 1 1 7
4 6f100a18 7 1 1 2 7
4 08141403 4 0 1 1 7
4 08021088 c 0 1 1 7
4 0c0c0a08 4 0 1 1 7
4 020892ed d 0 1 1 7
4 0fa8009a 7 1 1 2 7
4 44040061 6 1 1 2 7
4 9e751c0e 8 0 1 1 7
4 14015210 e 0 1 1 7
4 14fb0606 7 0 1 1 7
4 23031410 9 0 1 1 7
4 06043fa1 3 0 1 1 7
4 020cc350 a 0 1 1 7
4 7906dd08 f 1 1 2 7
4 b7044c77 b 1 1 2 7
4 0d040a6c 3 0 1 1 7
4 6f470f03 3 1 1 2 7
4 14501802 1 0 1 1 7
4 101000c9 0 0 1 0 7
4 051c0c0a 7 1 1 2 7
4 035d93df c 0 1 1 7
4 a99d0314 f 1 1 2 7
4 074e0802 4 0 1 1 7
4 1800c145 9 0 1 1 7
4 1c0d0527 e 1 1 2 7
4 47240000 a 0 1 1 7
4 0814080f 3 0 1 1 7
4 0f020c26 2 0 1 1 7
4 0c070500 6 0 1 1 7
4 20a56a02 e 0 1 1 7
4 0c04037d e 1 1 2 7
4 020f0608 9 0 1 1 7
4 0010ef00 2 0 1 1 7
4 0e080c53 f 1 1 2 7
4 8c4b9b08 0 0 1 0 7
4 1418080c b 1 1 3 7
4 0118101c 2 0 1 1 7
4 1830d718 0 0 1 0 7
4 8c0e0c30 4 0 1 1 7
4 1c000db2 6 0 1 1 7
4 261453ed 6 0 1 1 7
4 b30f1007 7 1 1 2 7
4 09010010 8 0 1 1 7
4 033c02c7 c 0 1 1 7
4 060b0406 9 0 1 1 7
4 1c0d0b09 0 0 1 0 7
4 020e0937 3 0 1 1 7
4 00360b3d b 0 1 1 7
4 0975ff27 e 1 1 2 7
4 290eaf1c 8 0 1 1 7
4 430c0100 c 0 1 1 7
4 10000905 f 1 1 2 7
4 100c3553 1 0 1 1 7
4 0d590cd2 6 0 1 1 7
4 1003ce00 3 0 1 1 7
4 080c0171 c 1 1 2 7
4 04180b07 c 1 1 2 7
4 07f0c00c c 0 1 1 7
4 14080b0b 4 0 1 1 7
4 dd86d904 6 0 1 1 7
4 010f0c08 f 1 1 2 7
4 015b0ac2 a 0 1 1 7
4 08180d0c 3 0 1 1 7
4 0f4c0204 c 0 1 1 7
4 00d3a00e 2 0 1 1 7
4 18063918 5 0 1 1 7
4 8d9a1c04 0 0 1 0 7
4 0de90305 b 1 1 2 7
4 2b020e18 2 0 1 1 7
4 00140c0c d 1 1 3 7
4 09090360 8 0 1 1 7
4 0c000c18 3 1 1 2 7
4 0210600d 7 1 1 2 7
4 b309f904 6 1 1 2 7
4 10100b5e 5 0 1 1 7
4 5705f10b e 1 1 2 7
4 0c04f8be 9 0 1 1 7
4 1c18010c 0 0 1 0 7
4 0406ae5a 2 0 1 1 7
4 09da0a0c 6 1 1 2 7
4 fb0ab5a2 1 0 1 1 7
4 090cbc18 4 0 1 1 7
4 001404f7 2 0 1 1 7
4 063005e4 c 0 1 1 7
4 2bf21804 1 0 1 1 7
4 10040c79 8 0 1 1 7
4 9f0c09f5 6 0 1 1 7
4 0d250814 f 1 1 2 7
4 ec4d0803 f 1 1 2 7
4 0105080f 1 0 1 1 7
4 008e1ccf 9 0 1 1 7
4 041c0a79 4 0 1 1 7
4 fbfef20b 7 1 1 2 7
4 05000b6a 3 0 1 1 7
4 39af4a01 7 0 1 1 7
4 1004140c 1 0 1 1 7
4 14070d10 e 0 1 1 7
4 70060c0a f 1 1 2 7
4 780c021c 8 0 1 1 7
4 107e0001 0 0 1 0 7
4 d506050e b 1 1 2 7
4 180d0c2f 2 0 1 1 7
4 080200d1 7 0 1 1 7
4 01350f5c a 0 1 1 7
4 0a070383 8 0 1 1 7
4 040e6cfc 6 0 1 1 7
4 bb182e5a f 1 1 2 7
4 020e000d 0 0 1 0 7
4 0420ec2b 9 0 1 1 7
4 0c710810 5 0 1 1 7
4 180d9510 a 0 1 1 7
4 01000c0b 7 1 1 2 7
4 b4910d04 d 1 1 2 7
4 04090c14 0 0 1 0 7
4 1806087d 8 0 1 1 7
4 860e0804 8 0 1 1 7
4 0b220004 2 0 1 1 7
4 060c0a10 4 0 1 1 7
4 05e55e98 e 1 1 2 7
4 08040904 a 0 1 1 7
4 07181c76 0 0 1 0 7
4 f70f0d00 c 1 1 2 7
4 05108510 c 0 1 1 7
4 050e1caf 4 0 1 1 7
4 76180700 1 0 1 1 7
4 045541b4 a 0 1 1 7
4 0a6c000d 6 1 1 2 7
4 17ed1c20 d 0 1 1 7
4 00070608 5 0 1 1 7
4 0b49000a d 0 1 1 7
4 41fd0708 e 1 1 2 7
4 181c041c c 1 1 2 7
4 061808d2 1 0 1 1 7
4 0a040c9c 9 0 1 1 7
4 15ef0c08 0 0 1 0 7
4 080c058b 1 0 1 1 7
4 08180808 5 1 1 2 7
4 087a0814 1 0 1 1 7
4 fd198bdc 1 0 1 1 7
4 3d100530 f 1 1 2 7
4 06000500 d 0 1 1 7
4 1ca608bc f 1 1 3 7
4 084d1c08 c 0 1 1 7
4 140dc915 3 1 1 2 7
4 01030a00 a 0 1 1 7
4 0a1c0c10 b 1 1 2 7
4 1cf90711 c 0 1 1 7
4 00000004 e 0 1 1 7
4 00080c0c 6 1 1 2 7
4 04140e02 2 0 1 1 7
4 417d07bc c 1 1 2 7
4 05f20014 d 0 1 1 7
4 1c104202 4 0 1 1 7
4 1c100306 6 0 1 1 7
4 18540806 2 0 1 1 7
4 09020009 3 0 1 1 7
4 0dbd2909 5 1 1 2 7
4 1001fe10 2 0 1 1 7
4 03081000 c 0 1 1 7
4 0cc70e00 1 0 1 1 7
4 143d0010 3 1 1 2 7
4 8f26a910 5 0 1 1 7
4 4e1c071e c 0 1 1 7
4 00ac5055 b 1 1 2 7
4 080f1409 b 1 1 2 7
4 a6140c0c e 1 1 2 7
4 14010804 a 1 1 2 7
4 100fed0c e 0 1 1 7
4 0d0e0b0b 4 0 1 1 7
4 0c11180d 3 0 1 1 7
4 bcd71c03 e 1 1 2 7
4 0053102c e 1 1 2 7
4 d6035201 f 1 1 2 7
4 ada5403f f 1 1 2 7
4 08071800 3 1 1 2 7
4 10020e02 e 1 1 2 7
4 002b0008 8 0 1 1 7
4 08180118 3 0 1 1 7
4 10e5c518 e 1 1 2 7
4 04080708 7 0 1 1 7
4 07000467 1 0 1 1 7
4 0506000a 9 0 1 1 7
4 00110e0b 5 0 1 1 7
4 1c080d04 8 0 1 1 7
4 1c091927 e 1 1 2 7
4 08180407 1 0 1 1 7
4 08041c08 0 0 1 0 7
4 30000207 1 0 1 1 7
4 0276140d 3 0 1 1 7
4 00001802 3 0 1 1 7
4 030b0110 f 1 1 2 7
4 95080908 8 0 1 1 7
4 0f0b0e14 f 1 1 2 7
4 b46f1444 d 1 1 2 7
4 1031140c f 1 1 3 7
4 7fe60818 9 0 1 1 7
4 0a141b04 4 0 1 1 7
4 10ebdc0c 8 0 1 1 7
4 180bde10 5 0 1 1 7
4 3a040e0a b 1 1 3 7
4 0a047a07 8 0 1 1 7
4 3910071c 1 0 1 1 7
4 01040c08 c 0 1 1 7
4 002a050b d 0 1 1 7
4 e604e609 b 0 1 1 7
4 71080710 8 0 1 1 7
4 000d0414 3 1 1 2 7
4 0c120dd5 a 0 1 1 7
4 39100314 3 0 1 1 7
4 db0d000d c 0 1 1 7
4 0f78b906 4 0 1 1 7
4 5e580501 5 0 1 1 7
4 af02010d 9 0 1 1 7
4 08000666 6 0 1 1 7
4 05ba040c a 0 1 1 7
4 02980e18 5 1 1 2 7
4 fb082818 5 1 1 2 7
4 071c1c00 1 0 1 1 7
4 0f0b0c00 f 1 1 2 7
4 2801b681 9 0 1 1 7
4 303d4a92 0 0 1 0 7
4 ef0e440f e 0 1 1 7
4 06100704 b 0 1 1 7
4 00100d8c f 1 1 3 7
4 180a080b c 0 1 1 7
4 0706d703 2 0 1 1 7
4 180f6510 3 0 1 1 7
4 21541c01 2 0 1 1 7
4 1c040e0e 2 0 1 1 7
4 14101009 f 1 1 2 7
4 0f0e0001 8 0 1 1 7
4 0d030f3c 8 0 1 1 7
4 141c2610 7 1 1 2 7
4 6f070c1c 7 1 1 2 7
4 8714001c a 0 1 1 7
4 ea0c2e04 a 1 1 2 7
4 0810030f 8 0 1 1 7
4 01180318 b 0 1 1 7
4 080e0853 3 0 1 1 7
4 1c800b26 f 1 1 2 7
4 07d8805f 9 1 1 2 7
4 04410e10 c 0 1 1 7
4 14000488 d 1 1 3 7
4 9604050b 7 0 1 1 7
4 0409040f 3 0 1 1 7
4 00140e04 8 0 1 1 7
4 0d000b00 c 0 1 1 7
4 00047f0a e 1 1 2 7
4 18fcae08 5 1 1 2 7
4 c81c5307 9 0 1 1 7
4 9da0100b 9 0 1 1 7
4 04041806 6 1 1 2 7
4 4c627701 6 0 1 1 7
4 1c1c0c4e 4 0 1 1 7
4 140e0018 a 1 1 2 7
4 fe000a14 7 1 1 2 7
4 a2346397 6 0 1 1 7
4 14dd1c0a 8 0 1 1 7
4 050c1caf c 0 1 1 7
4 09048b03 6 0 1 1 7
4 d9ac0d3f e 1 1 2 7
4 07250b08 f 1 1 2 7
4 0f030b62 2 0 1 1 7
4 01180c8c 9 0 1 1 7
4 188e1410 f 1 1 3 7
4 0853140b 9 0 1 1 7
4 be0b0b0c f 0 1 1 7
4 180b0c25 8 0 1 1 7
4 04187009 2 0 1 1 7
4 005af000 f 1 1 2 7
4 14140010 b 1 1 3 7
4 1408070c d 1 1 3 7
4 00053901 1 0 1 1 7
4 652d0508 0 0 1 0 7
4 00ad0e08 a 0 1 1 7
4 0b1c5603 a 0 1 1 7
4 00025510 7 0 1 1 7
4 08080c0d f 1 1 2 7
4 7f0c0804 f 1 1 3 7
4 3b185b18 6 0 1 1 7
4 5d0c0c02 a 0 1 1 7
4 06140772 3 0 1 1 7
4 1c030caa c 0 1 1 7
4 04070d42 9 0 1 1 7
4 100e0c00 b 1 1 3 7
4 06100d08 2 0 1 1 7
4 050d008b 3 0 1 1 7
4 091c1809 c 0 1 1 7
4 100cf100 b 1 1 2 7
4 100e0c18 6 0 1 1 7
4 0c03070c 7 1 1 2 7
4 85080585 0 0 1 0 7
4 8504a205 e 0 1 1 7
4 08090d18 d 1 1 2 7
4 52000108 f 1 1 2 7
4 04f6499e 5 1 1 2 7
4 d60c8200 c 0 1 1 7
4 0804392e c 1 1 2 7
4 4414c304 b 1 1 2 7
4 0e100603 b 1 1 2 7
4 1853621b 0 0 1 0 7
4 0b140d09 2 0 1 1 7
4 04140c0c d 1 1 3 7
4 18000a07 f 1 1 2 7
4 06058709 e 0 1 1 7
4 03018410 1 0 1 1 7
4 7604012f f 0 1 1 7
4 040a0c00 2 0 1 1 7
4 0b440e01 7 0 1 1 7
4 4808244e 5 0 1 1 7
4 070b0708 8 0 1 1 7
4 18b0180c f 1 1 3 7
4 0a0c1c06 c 0 1 1 7
4 800410e4 5 1 1 2 7
4 0baa0c1c d 0 1 1 7
4 001c040e 3 0 1 1 7
4 6608d728 e 0 1 1 7
4 040a721c f 1 1 2 7
4 0c0bd8d1 5 0 1 1 7
4 1f8c711c f 1 1 2 7
4 08080042 6 1 1 2 7
4 8b040f05 2 0 1 1 7
4 08810302 a 0 1 1 7
4 1c085e09 f 1 1 2 7
4 0c02b503 b 0 1 1 7
4 1ccd0d18 e 1 1 2 7
4 0cf4048f 5 0 1 1 7
4 19055101 0 0 1 0 7
4 07000b0d 2 0 1 1 7
4 e3040c18 5 1 1 2 7
4 14076013 c 0 1 1 7
4 101cff09 b 0 1 1 7
4 020f5e10 7 0 1 1 7
4 087a1866 a 1 1 2 7
4 03d20f0c 8 0 1 1 7
4 54ef040d 5 0 1 1 7
4 0b140507 5 0 1 1 7
4 05d61018 f 1 1 2 7
4 0382701c 3 1 1 2 7
4 08081c14 6 1 1 2 7
4 850620f7 1 0 1 1 7
4 f0014563 a 0 1 1 7
4 0cf914aa a 1 1 2 7
4 f900080d 9 1 1 2 7
4 c5c824a5 7 1 1 2 7
4 04032310 0 0 1 0 7
4 0c10a60e b 1 1 2 7
4 0807bd0d 6 0 1 1 7
4 07041002 d 0 1 1 7
4 270cb103 6 0 1 1 7
4 0bd90418 a 0 1 1 7
4 536b10a6 0 0 1 0 7
4 0e1c0702 a 0 1 1 7
4 141e0c08 7 1 1 2 7
4 0419ee14 f 1 1 2 7
4 0ac60cdb 3 0 1 1 7
4 2e0c000a c 0 1 1 7
4 05d3000c 7 1 1 2 7
4 040c04f7 1 0 1 1 7
4 022f000c 9 0 1 1 7
4 0e0c91c2 8 0 1 1 7
4 1c140802 a 1 1 2 7
4 1401e6c6 2 0 1 1 7
4 f79cfd0c 7 1 1 2 7
4 0d080410 c 0 1 1 7
4 0f9d0d14 7 1 1 2 7
4 07090510 8 0 1 1 7
4 047ec202 e 1 1 2 7
4 a7188509 1 0 1 1 7
4 0a041d0f e 0 1 1 7
4 14180990 a 0 1 1 7
4 0b080104 3 0 1 1 7
4 3b0607e2 3 0 1 1 7
4 0c380b06 5 0 1 1 7
4 cd180b0c c 0 1 1 7
4 0a1c0216 9 1 1 2 7
4 4a2d0722 3 0 1 1 7
4 95040e03 f 0 1 1 7
4 062f1ca8 3 1 1 2 7
4 0005140a 1 0 1 1 7
4 dbb7c10a c 1 1 2 7
4 84085110 7 1 1 2 7
4 04001b0c f 1 1 3 7
4 1fc030ec 1 0 1 1 7
4 0f08073d 3 0 1 1 7
4 27d50c99 f 1 1 2 7
4 08050d84 3 0 1 1 7
4 010c9e43 4 0 1 1 7
4 05fe1c9f 2 0 1 1 7
4 6603eb00 2 0 1 1 7
4 1060e204 c 1 1 2 7
4 060e08d9 3 0 1 1 7
4 7c0c0393 4 0 1 1 7
4 0a00000d 7 0 1 1 7
4 933f1c09 9 0 1 1 7
4 00db0cf2 e 1 1 2 7
4 4b045a1c 2 0 1 1 7
4 bf67f910 a 0 1 1 7
4 071d1408 c 0 1 1 7
4 08060018 5 0 1 1 7
4 08001c60 f 1 1 4 7
4 7d3f0908 e 1 1 2 7
4 5e080e00 b 1 1 2 7
4 09b62908 4 0 1 1 7
4 10ec1408 8 0 1 1 7
4 1a91da14 2 0 1 1 7
4 a5080ab0 4 0 1 1 7
4 18a91c10 e 1 1 2 7
4 14080387 c 1 1 2 7
4 05140508 2 0 1 1 7
4 0404060c 3 0 1 1 7
4 0b220809 4 0 1 1 7
4 044cf80a 7 1 1 2 7
4 83028b37 5 0 1 1 7
4 00040c00 f 1 1 3 7
4 1c2f061c b 0 1 1 7
4 818d0a0c 9 0 1 1 7
4 18040a0c 3 0 1 1 7
4 07144407 0 0 1 0 7
4 0efc1000 4 0 1 1 7
4 06cbb609 c 0 1 1 7
4 1c050600 3 0 1 1 7
4 185c0808 2 0 1 1 7
4 011c5ee7 3 0 1 1 7
4 039f0054 0 0 1 0 7
4 0b0d7d08 0 0 1 0 7
4 be180008 f 1 1 3 7
4 08c20008 5 0 1 1 7
4 fd080a93 a 0 1 1 7
4 1c0c1408 a 1 1 2 7
4 aa08010a a 0 1 1 7
4 10000b14 9 1 1 2 7
4 0f561400 2 0 1 1 7
4 5d900a04 4 0 1 1 7
4 000205e1 d 0 1 1 7
4 f0040ad3 6 0 1 1 7
4 0e0dda00 6 0 1 1 7
4 081ae208 3 0 1 1 7
4 0ba82b18 4 0 1 1 7
4 f5080108 e 1 1 2 7
4 050c108f 3 0 1 1 7
4 18ab0e04 a 0 1 1 7
4 0218080b b 0 1 1 7
4 0e0dc910 a 0 1 1 7
4 05f0180c b 1 1 2 7
4 7410040b 8 0 1 1 7
4 00090106 d 0 1 1 7
4 c16904c3 b 0 1 1 7
4 186d0808 5 0 1 1 7
4 0c080bb8 1 0 1 1 7
4 020c0704 c 0 1 1 7
4 2910ef7f b 1 1 2 7
4 04140404 a 0 1 1 7
4 08050c0c a 1 1 2 7
4 04880303 7 0 1 1 7
4 1000093b 0 0 1 0 7
4 0c3a0059 b 1 1 2 7
4 040147b3 7 1 1 2 7
4 0c040006 7 1 1 2 7
4 041826d7 a 0 1 1 7
4 04037d00 1 0 1 1 7
4 001c0c08 b 1 1 3 7
4 0038140a 5 0 1 1 7
4 240109c4 6 1 1 2 7
4 0e0f0801 1 0 1 1 7
4 140a490e 1 0 1 1 7
4 68000c0d 4 0 1 1 7
4 04140308 2 0 1 1 7
4 db0a047b a 0 1 1 7
4 020d0435 9 0 1 1 7
4 3d9c0820 6 1 1 2 7
4 0a777a04 0 0 1 0 7
4 0004001b c 1 1 2 7
4 04f7000c 0 0 1 0 7
4 0b04080d e 1 1 2 7
4 1c0c0cda e 1 1 2 7
4 d1bd100c d 1 1 2 7
4 102e5106 c 0 1 1 7
4 07084a76 d 0 1 1 7
4 3a762c14 6 0 1 1 7
4 643201f9 5 0 1 1 7
4 06080446 5 0 1 1 7
4 0c001018 f 1 1 4 7
4 fec91400 8 0 1 1 7
4 00140010 1 0 1 1 7
4 040be31c 0 0 1 0 7
4 fa080410 c 0 1 1 7
4 0bac7a84 7 1 1 2 7
4 080c1c09 5 0 1 1 7
4 0a0172f4 0 0 1 0 7
4 141cac18 4 0 1 1 7
4 1403dc0f 7 1 1 2 7
4 00051800 5 0 1 1 7
4 030ab110 1 0 1 1 7
4 0c023214 9 1 1 2 7
4 5d08241c 2 0 1 1 7
4 08182e0f 9 0 1 1 7
4 03661845 c 0 1 1 7
4 d701bd3e 4 0 1 1 7
4 06081004 5 1 1 2 7
4 1c040804 5 0 1 1 7
4 ec290019 1 0 1 1 7
4 0b8c0608 5 1 1 2 7
4 18db2d02 8 0 1 1 7
4 a91c030c 5 1 1 2 7
4 10100f18 d 1 1 2 7
4 0f10b105 a 0 1 1 7
4 04041c06 7 1 1 2 7
4 ba0f280a 2 0 1 1 7
4 049ae109 7 1 1 2 7
4 de05f904 f 1 1 2 7
4 03e8010e 1 0 1 1 7
4 1cd50101 a 0 1 1 7
4 0618060d 6 0 1 1 7
4 bc070212 8 0 1 1 7
4 14080f45 0 0 1 0 7
4 00b60c08 7 1 1 2 7
4 08e50ef6 b 1 1 2 7
4 37060c08 d 0 1 1 7
4 020d00fa 5 0 1 1 7
4 1c0b6c07 b 1 1 2 7
4 35c20502 f 1 1 2 7
4 01140700 f 1 1 2 7
4 c1040d0c a 1 1 2 7
4 bd1c0008 c 0 1 1 7
4 45080a77 0 0 1 0 7
4 0c2a1cbd f 1 1 2 7
4 0c0767c6 e 1 1 2 7
4 070b0f18 4 0 1 1 7
4 9b091806 e 0 1 1 7
4 09c703a7 f 1 1 3 7
4 02000d04 2 0 1 1 7
4 04109504 f 1 1 2 7
4 05270c53 d 1 1 2 7
4 10090309 f 0 1 1 7
4 1403000c 6 0 1 1 7
4 4e10a997 b 0 1 1 7
4 a410fa01 a 0 1 1 7
4 030d041c 9 0 1 1 7
4 00660b6e b 0 1 1 7
4 14050d04 2 0 1 1 7
4 1c041a18 3 0 1 1 7
4 0c00be09 6 0 1 1 7
4 0a05ae0c 1 0 1 1 7
