0 1 0 0 1 1111 0 1 0000 0000
1 0 0 0 1 2222 0 1 0000 0000
1 0 0 0 1 3333 0 1 0000 0000
1 0 0 0 1 4444 1 1 2222 ffff
1 0 0 0 1 5555 1 1 3333 ffff
1 0 0 0 1 6666 1 1 4444 ffff
1 0 0 0 1 7777 1 1 5555 ffff
1 0 0 0 1 8888 1 1 6666 ffff
1 0 0 0 1 9999 1 1 7777 ffff
2 0 1 0 1 aaaa 1 1 7777 ffff
2 0 1 0 1 bbbb 1 1 7777 ffff
2 0 0 0 1 cccc 1 1 8888 ffff
2 0 0 0 1 dddd 1 1 9999 ffff
2 0 1 0 1 eeee 1 1 9999 ffff
2 0 0 0 1 ffff 1 1 cccc ffff
2 0 0 0 1 1110 1 1 dddd ffff
2 0 0 0 1 2221 1 1 ffff ffff
3 0 0 0 1 3332 1 1 1110 ffff
3 0 0 0 1 4443 1 1 2221 ffff
3 0 0 0 1 5554 1 1 3332 ffff
3 0 0 1 1 6665 1 1 4443 ffff
3 0 0 0 1 7776 0 1 0000 0000
3 0 0 0 1 8887 0 1 0000 0000
3 0 0 0 1 9998 1 1 7776 ffff
3 0 0 0 1 aaa9 1 1 8887 ffff
4 0 1 1 1 bbba 1 1 9998 ffff
4 0 0 0 1 cccb 0 1 0000 0000
4 0 0 0 1 dddc 0 1 0000 0000
4 0 0 0 1 eeed 1 1 cccb ffff
5 0 0 0 1 fffe 1 1 dddc ffff
5 0 0 0 0 110f 1 1 eeed ffff
5 0 0 0 1 2220 1 1 fffe ffff
5 0 0 0 0 3331 0 1 0000 0000
5 0 0 0 0 4442 1 1 2220 ffff
5 0 0 0 1 5553 0 1 0000 0000
5 0 0 0 1 6664 0 1 0000 0000
5 0 0 0 0 7775 1 1 5553 ffff
5 0 0 0 0 8886 1 1 6664 ffff
5 0 0 0 0 9997 0 1 0000 0000
6 0 0 0 1 aaa8 0 1 0000 0000
6 0 0 0 1 bbb9 0 1 0000 0000
6 0 1 0 0 ccca 0 1 0000 0000
6 0 0 0 1 dddb 1 1 aaa8 ffff
6 0 0 0 1 eeec 1 1 bbb9 ffff
6 0 0 0 1 fffd 1 1 dddb ffff
6 0 1 0 1 110e 1 1 dddb ffff
6 0 0 0 1 221f 1 1 eeec ffff
6 0 0 0 0 3330 1 1 fffd ffff
6 0 0 0 1 4441 1 1 221f ffff
6 0 1 0 0 5552 1 1 221f ffff
6 0 0 0 1 6663 0 1 0000 0000
6 0 0 0 0 7774 1 1 4441 ffff
6 0 0 0 1 8885 1 1 6663 ffff
6 0 0 0 1 9996 0 1 0000 0000
6 0 0 0 1 aaa7 1 1 8885 ffff
6 0 1 0 1 bbb8 1 1 8885 ffff
6 0 0 0 1 ccc9 1 1 9996 ffff
6 0 0 0 1 ddda 1 1 aaa7 ffff
6 0 0 0 1 eeeb 1 1 ccc9 ffff
6 0 0 0 1 fffc 1 1 ddda ffff
6 0 0 0 1 110d 1 1 eeeb ffff
6 0 0 0 1 221e 1 1 fffc ffff
6 0 0 0 0 332f 1 1 110d ffff
6 0 0 0 1 4440 1 1 221e ffff
6 0 0 0 1 5551 0 1 0000 0000
6 0 0 0 1 6662 1 1 4440 ffff
6 0 0 0 1 7773 1 1 5551 ffff
6 0 0 0 0 8884 1 1 6662 ffff
6 0 0 0 1 9995 1 1 7773 ffff
6 0 0 0 1 aaa6 0 1 0000 0000
6 0 0 1 0 bbb7 1 1 9995 ffff
6 0 0 0 0 ccc8 0 1 0000 0000
6 0 0 0 1 ddd9 0 1 0000 0000
6 0 1 0 1 eeea 0 1 0000 0000
6 1 0 0 1 fffb 0 1 0000 0000
6 0 0 0 0 110c 0 1 0000 0000
6 0 0 0 1 221d 0 1 0000 0000
6 0 0 0 1 332e 0 1 0000 0000
6 0 1 0 1 443f 0 1 0000 0000
6 0 0 0 1 5550 1 1 221d ffff
6 0 0 0 1 6661 1 1 332e ffff
6 0 0 0 1 7772 1 1 5550 ffff
6 0 0 0 1 8883 1 1 6661 ffff
6 0 0 0 1 9994 1 1 7772 ffff
6 0 0 0 1 aaa5 1 1 8883 ffff
6 0 0 0 1 bbb6 1 1 9994 ffff
6 0 0 0 1 ccc7 1 1 aaa5 ffff
6 0 0 0 1 ddd8 1 1 bbb6 ffff
6 0 0 0 1 eee9 1 1 ccc7 ffff
6 0 0 0 1 fffa 1 1 ddd8 ffff
6 0 1 0 1 110b 1 1 ddd8 ffff
6 0 0 0 0 221c 1 1 eee9 ffff
6 0 1 0 1 332d 1 1 eee9 ffff
6 0 0 0 1 443e 1 1 fffa ffff
6 0 0 0 1 554f 0 1 0000 0000
6 0 0 1 1 6660 1 1 443e ffff
6 0 1 0 1 7771 1 1 443e ffff
6 0 0 1 1 8882 0 1 0000 0000
6 0 0 0 1 9993 0 1 0000 0000
6 0 0 0 1 aaa4 0 1 0000 0000
6 0 0 1 0 bbb5 1 1 9993 ffff
6 0 0 0 0 ccc6 0 1 0000 0000
6 0 0 0 1 ddd7 0 1 0000 0000
6 0 1 0 1 eee8 0 1 0000 0000
6 0 0 0 1 fff9 0 1 0000 0000
6 0 1 0 1 110a 0 1 0000 0000
6 0 0 0 1 221b 1 1 ddd7 ffff
6 0 0 0 1 332c 1 1 fff9 ffff
6 0 1 0 1 443d 1 1 fff9 ffff
6 0 1 0 1 554e 1 1 fff9 ffff
6 0 0 0 1 665f 1 1 221b ffff
6 0 0 0 1 7770 1 1 332c ffff
6 0 0 0 1 8881 1 1 665f ffff
6 0 1 0 1 9992 1 1 665f ffff
6 0 0 0 1 aaa3 1 1 7770 ffff
6 0 0 0 1 bbb4 1 1 8881 ffff
6 0 0 0 1 ccc5 1 1 aaa3 ffff
6 0 0 0 1 ddd6 1 1 bbb4 ffff
6 0 0 0 1 eee7 1 1 ccc5 ffff
6 0 0 0 1 fff8 1 1 ddd6 ffff
6 0 0 0 0 1109 1 1 eee7 ffff
6 0 0 0 1 221a 1 1 fff8 ffff
6 0 0 0 1 332b 0 1 0000 0000
6 0 1 0 1 443c 0 1 0000 0000
6 0 1 0 1 554d 0 1 0000 0000
6 0 0 0 1 665e 1 1 221a ffff
6 0 0 0 1 776f 1 1 332b ffff
6 0 0 0 1 8880 1 1 665e ffff
6 0 0 0 1 9991 1 1 776f ffff
6 0 0 0 1 aaa2 1 1 8880 ffff
6 0 0 1 1 bbb3 1 1 9991 ffff
6 0 0 0 1 ccc4 0 1 0000 0000
6 0 0 0 1 ddd5 0 1 0000 0000
6 0 0 0 1 eee6 1 1 ccc4 ffff
6 0 0 0 1 fff7 1 1 ddd5 ffff
6 0 0 0 1 1108 1 1 eee6 ffff
6 0 1 0 1 2219 1 1 eee6 ffff
6 0 0 0 1 332a 1 1 fff7 ffff
6 0 1 0 0 443b 1 1 fff7 ffff
6 0 0 1 1 554c 1 1 1108 ffff
6 0 0 0 1 665d 0 1 0000 0000
6 0 0 0 1 776e 0 1 0000 0000
6 0 0 0 0 887f 1 1 665d ffff
6 0 1 0 1 9990 1 1 665d ffff
6 0 0 0 0 aaa1 1 1 776e ffff
6 0 0 0 1 bbb2 0 1 0000 0000
6 0 1 0 0 ccc3 0 1 0000 0000
6 0 0 0 1 ddd4 0 1 0000 0000
6 0 1 0 1 eee5 0 1 0000 0000
6 0 0 1 0 fff6 1 1 bbb2 ffff
6 0 0 0 1 1107 0 1 0000 0000
6 0 1 0 1 2218 0 1 0000 0000
6 0 0 0 1 3329 0 1 0000 0000
6 0 0 0 0 443a 1 1 1107 ffff
6 0 0 0 1 554b 1 1 3329 ffff
6 0 0 0 0 665c 0 1 0000 0000
6 0 0 0 0 776d 1 1 554b ffff
6 0 0 0 1 887e 0 1 0000 0000
6 1 0 0 0 998f 0 1 0000 0000
6 0 1 0 1 aaa0 0 1 0000 0000
6 0 0 0 1 bbb1 0 1 0000 0000
6 0 0 0 1 ccc2 0 1 0000 0000
6 0 0 1 0 ddd3 1 1 bbb1 ffff
6 0 1 0 1 eee4 1 1 bbb1 ffff
6 0 0 0 1 fff5 0 1 0000 0000
6 0 0 0 1 1106 0 1 0000 0000
6 0 0 0 0 2217 1 1 fff5 ffff
6 0 0 1 0 3328 1 1 1106 ffff
6 0 0 0 1 4439 0 1 0000 0000
6 0 1 1 1 554a 0 1 0000 0000
6 0 0 0 1 665b 0 1 0000 0000
6 0 1 0 1 776c 0 1 0000 0000
6 0 0 0 1 887d 0 1 0000 0000
6 0 0 0 1 998e 1 1 665b ffff
6 0 0 0 1 aa9f 1 1 887d ffff
6 0 0 0 1 bbb0 1 1 998e ffff
6 0 0 0 0 ccc1 1 1 aa9f ffff
6 0 1 0 1 ddd2 1 1 aa9f ffff
6 0 0 0 1 eee3 1 1 bbb0 ffff
6 0 0 0 0 fff4 0 1 0000 0000
6 0 0 0 1 1105 1 1 eee3 ffff
6 0 0 0 0 2216 0 1 0000 0000
6 0 0 0 0 3327 1 1 1105 ffff
6 0 1 0 1 4438 1 1 1105 ffff
6 0 0 0 1 5549 0 1 0000 0000
6 0 0 0 1 665a 0 1 0000 0000
6 0 0 0 1 776b 1 1 5549 ffff
6 0 1 0 0 887c 1 1 5549 ffff
6 0 0 0 1 998d 1 1 665a ffff
6 0 1 0 1 aa9e 1 1 665a ffff
6 0 0 1 0 bbaf 1 1 776b ffff
6 0 0 1 1 ccc0 0 1 0000 0000
6 0 0 0 1 ddd1 0 1 0000 0000
6 0 0 0 1 eee2 0 1 0000 0000
6 0 0 0 1 fff3 1 1 ddd1 ffff
6 0 0 0 1 1104 1 1 eee2 ffff
6 0 0 0 1 2215 1 1 fff3 ffff
6 0 0 0 1 3326 1 1 1104 ffff
6 0 0 0 1 4437 1 1 2215 ffff
6 0 0 0 1 5548 1 1 3326 ffff
6 0 1 0 1 6659 1 1 3326 ffff
6 0 0 0 1 776a 1 1 4437 ffff
6 0 0 0 1 887b 1 1 5548 ffff
6 0 0 0 1 998c 1 1 776a ffff
6 0 0 0 1 aa9d 1 1 887b ffff
6 0 1 0 1 bbae 1 1 887b ffff
6 0 0 0 1 ccbf 1 1 998c ffff
6 0 0 0 1 ddd0 1 1 aa9d ffff
6 0 0 0 1 eee1 1 1 ccbf ffff
6 0 0 0 1 fff2 1 1 ddd0 ffff
6 0 0 0 1 1103 1 1 eee1 ffff
6 0 1 0 1 2214 1 1 eee1 ffff
6 0 0 0 1 3325 1 1 fff2 ffff
6 0 0 0 1 4436 1 1 1103 ffff
6 0 0 0 1 5547 1 1 3325 ffff
6 0 1 0 1 6658 1 1 3325 ffff
6 0 1 1 1 7769 1 1 4436 ffff
6 0 0 0 1 887a 0 1 0000 0000
6 0 1 0 0 998b 0 1 0000 0000
6 0 0 0 0 aa9c 0 1 0000 0000
6 0 0 0 1 bbad 1 1 887a ffff
6 0 0 1 1 ccbe 0 1 0000 0000
6 0 0 1 0 ddcf 0 1 0000 0000
6 0 0 0 1 eee0 0 1 0000 0000
6 0 0 0 1 fff1 0 1 0000 0000
6 0 0 0 1 1102 1 1 eee0 ffff
6 0 1 0 1 2213 1 1 eee0 ffff
6 0 0 0 0 3324 1 1 fff1 ffff
6 0 1 0 1 4435 1 1 fff1 ffff
6 0 1 0 1 5546 1 1 fff1 ffff
6 0 0 0 1 6657 1 1 1102 ffff
6 0 0 0 1 7768 0 1 0000 0000
6 0 0 0 0 8879 1 1 6657 ffff
6 0 0 0 0 998a 1 1 7768 ffff
6 0 0 0 1 aa9b 0 1 0000 0000
6 0 0 0 1 bbac 0 1 0000 0000
6 0 0 0 1 ccbd 1 1 aa9b ffff
6 0 1 0 1 ddce 1 1 aa9b ffff
6 0 0 0 0 eedf 1 1 bbac ffff
6 0 1 0 1 fff0 1 1 bbac ffff
6 0 0 0 1 1101 1 1 ccbd ffff
6 0 0 0 0 2212 0 1 0000 0000
6 0 1 1 0 3323 1 1 1101 ffff
6 0 1 0 1 4434 1 1 1101 ffff
6 0 0 0 1 5545 0 1 0000 0000
6 0 0 0 1 6656 0 1 0000 0000
6 0 0 0 1 7767 1 1 5545 ffff
6 0 0 0 1 8878 1 1 6656 ffff
6 0 1 0 1 9989 1 1 6656 ffff
6 0 0 0 1 aa9a 1 1 7767 ffff
6 0 0 0 1 bbab 1 1 8878 ffff
6 0 0 0 1 ccbc 1 1 aa9a ffff
6 1 1 0 1 ddcd 0 1 0000 0000
6 1 0 0 1 eede 0 1 0000 0000
6 0 0 0 1 ffef 0 1 0000 0000
6 0 0 0 1 1100 0 1 0000 0000
6 0 0 0 1 2211 1 1 ffef ffff
6 0 1 0 1 3322 1 1 ffef ffff
6 0 0 1 1 4433 1 1 1100 ffff
6 0 0 0 1 5544 0 1 0000 0000
6 0 1 1 0 6655 0 1 0000 0000
6 0 0 0 1 7766 0 1 0000 0000
6 0 0 1 1 8877 0 1 0000 0000
6 0 0 0 0 9988 0 1 0000 0000
6 0 0 0 1 aa99 0 1 0000 0000
6 0 0 1 1 bbaa 0 1 0000 0000
6 0 0 0 1 ccbb 0 1 0000 0000
6 0 0 0 1 ddcc 0 1 0000 0000
6 0 0 1 1 eedd 1 1 ccbb ffff
6 0 0 0 1 ffee 0 1 0000 0000
6 0 0 0 1 10ff 0 1 0000 0000
6 0 0 0 0 2210 1 1 ffee ffff
6 0 1 0 1 3321 1 1 ffee ffff
6 0 0 0 1 4432 1 1 10ff ffff
6 0 0 0 1 5543 0 1 0000 0000
6 0 0 0 1 6654 1 1 4432 ffff
6 0 0 0 1 7765 1 1 5543 ffff
6 0 0 0 0 8876 1 1 6654 ffff
6 0 1 1 1 9987 1 1 7765 ffff
6 0 0 0 1 aa98 0 1 0000 0000
6 0 0 0 1 bba9 0 1 0000 0000
6 0 0 1 1 ccba 1 1 aa98 ffff
6 0 0 0 1 ddcb 0 1 0000 0000
6 0 0 0 1 eedc 0 1 0000 0000
6 0 1 0 1 ffed 0 1 0000 0000
6 0 0 0 1 10fe 1 1 ddcb ffff
6 0 0 1 1 220f 1 1 eedc ffff
6 0 1 0 1 3320 1 1 eedc ffff
6 0 0 0 1 4431 0 1 0000 0000
6 0 0 0 1 5542 0 1 0000 0000
6 0 0 0 1 6653 1 1 4431 ffff
6 0 1 0 1 7764 1 1 4431 ffff
6 0 0 0 1 8875 1 1 5542 ffff
6 0 0 0 0 9986 1 1 6653 ffff
6 0 0 0 0 aa97 1 1 8875 ffff
6 0 0 0 1 bba8 0 1 0000 0000
6 0 0 0 1 ccb9 0 1 0000 0000
6 0 0 0 1 ddca 1 1 bba8 ffff
6 0 0 0 0 eedb 1 1 ccb9 ffff
6 0 0 0 1 ffec 1 1 ddca ffff
6 0 0 0 1 10fd 0 1 0000 0000
6 0 0 0 0 220e 1 1 ffec ffff
6 0 0 0 1 331f 1 1 10fd ffff
6 0 0 0 0 4430 0 1 0000 0000
6 0 0 0 1 5541 1 1 331f ffff
6 0 1 0 1 6652 1 1 331f ffff
6 0 0 0 1 7763 0 1 0000 0000
6 0 0 0 1 8874 1 1 5541 ffff
6 0 0 0 1 9985 1 1 7763 ffff
6 0 0 0 1 aa96 1 1 8874 ffff
6 0 0 0 1 bba7 1 1 9985 ffff
6 0 1 0 1 ccb8 1 1 9985 ffff
6 0 0 0 1 ddc9 1 1 aa96 ffff
6 0 0 0 0 eeda 1 1 bba7 ffff
6 0 0 0 0 ffeb 1 1 ddc9 ffff
6 0 0 0 1 10fc 0 1 0000 0000
6 0 0 0 1 220d 0 1 0000 0000
6 0 0 0 1 331e 1 1 10fc ffff
6 0 1 0 0 442f 1 1 10fc ffff
6 0 0 0 0 5540 1 1 220d ffff
6 0 0 0 0 6651 1 1 331e ffff
6 0 0 0 0 7762 0 1 0000 0000
6 0 1 0 1 8873 0 1 0000 0000
6 0 1 0 1 9984 0 1 0000 0000
6 0 0 1 1 aa95 0 1 0000 0000
6 0 0 0 0 bba6 0 1 0000 0000
6 0 0 0 1 ccb7 0 1 0000 0000
6 0 0 0 1 ddc8 0 1 0000 0000
6 0 0 0 1 eed9 1 1 ccb7 ffff
6 0 0 0 1 ffea 1 1 ddc8 ffff
6 0 0 0 0 10fb 1 1 eed9 ffff
6 0 1 0 0 220c 1 1 eed9 ffff
6 0 0 0 1 331d 1 1 ffea ffff
6 0 0 0 1 442e 0 1 0000 0000
6 0 1 0 1 553f 0 1 0000 0000
6 0 0 0 1 6650 1 1 331d ffff
6 0 0 0 1 7761 1 1 442e ffff
6 0 1 0 1 8872 1 1 442e ffff
6 0 0 1 1 9983 1 1 6650 ffff
6 0 0 0 1 aa94 0 1 0000 0000
6 0 0 0 1 bba5 0 1 0000 0000
6 0 1 0 1 ccb6 0 1 0000 0000
6 0 1 0 1 ddc7 0 1 0000 0000
6 0 0 0 1 eed8 1 1 aa94 ffff
6 0 1 0 1 ffe9 1 1 aa94 ffff
6 0 1 0 0 10fa 1 1 aa94 ffff
6 0 1 0 1 220b 1 1 aa94 ffff
6 0 0 0 1 331c 1 1 bba5 ffff
6 0 0 0 1 442d 1 1 eed8 ffff
6 0 0 0 1 553e 1 1 331c ffff
6 0 0 0 1 664f 1 1 442d ffff
6 0 1 0 1 7760 1 1 442d ffff
6 0 0 0 1 8871 1 1 553e ffff
6 0 0 0 0 9982 1 1 664f ffff
6 0 0 0 0 aa93 1 1 8871 ffff
6 0 1 0 1 bba4 1 1 8871 ffff
6 0 0 0 1 ccb5 0 1 0000 0000
6 0 0 0 1 ddc6 0 1 0000 0000
6 0 0 0 1 eed7 1 1 ccb5 ffff
6 0 0 0 0 ffe8 1 1 ddc6 ffff
6 0 0 0 1 10f9 1 1 eed7 ffff
6 0 0 0 1 220a 0 1 0000 0000
6 0 0 0 1 331b 1 1 10f9 ffff
6 0 0 0 1 442c 1 1 220a ffff
6 0 0 0 0 553d 1 1 331b ffff
6 0 0 0 1 664e 1 1 442c ffff
6 0 1 0 0 775f 1 1 442c ffff
6 0 0 0 1 8870 0 1 0000 0000
6 0 0 0 1 9981 1 1 664e ffff
6 0 0 0 1 aa92 1 1 8870 ffff
6 0 0 0 1 bba3 1 1 9981 ffff
6 0 0 0 1 ccb4 1 1 aa92 ffff
6 0 0 0 1 ddc5 1 1 bba3 ffff
6 0 0 0 1 eed6 1 1 ccb4 ffff
6 0 0 0 0 ffe7 1 1 ddc5 ffff
6 0 0 0 1 10f8 1 1 eed6 ffff
6 0 0 0 1 2209 0 1 0000 0000
6 0 0 0 1 331a 1 1 10f8 ffff
6 0 0 0 0 442b 1 1 2209 ffff
6 0 1 0 1 553c 1 1 2209 ffff
6 0 1 0 1 664d 1 1 2209 ffff
6 0 0 0 1 775e 1 1 331a ffff
6 0 0 0 0 886f 0 1 0000 0000
6 0 0 0 1 9980 1 1 775e ffff
6 0 0 0 1 aa91 0 1 0000 0000
6 0 0 0 1 bba2 1 1 9980 ffff
6 0 0 0 1 ccb3 1 1 aa91 ffff
6 0 0 0 0 ddc4 1 1 bba2 ffff
6 0 0 0 1 eed5 1 1 ccb3 ffff
6 0 0 0 1 ffe6 0 1 0000 0000
6 0 0 0 1 10f7 1 1 eed5 ffff
6 0 0 0 1 2208 1 1 ffe6 ffff
6 0 1 0 1 3319 1 1 ffe6 ffff
6 0 0 0 0 442a 1 1 10f7 ffff
6 0 0 0 0 553b 1 1 2208 ffff
6 0 0 0 0 664c 0 1 0000 0000
6 0 1 0 1 775d 0 1 0000 0000
6 0 0 0 1 886e 0 1 0000 0000
6 0 1 0 0 997f 0 1 0000 0000
6 0 0 0 0 aa90 0 1 0000 0000
6 1 0 0 0 bba1 0 1 0000 0000
6 0 0 0 1 ccb2 0 1 0000 0000
6 0 1 0 1 ddc3 0 1 0000 0000
6 0 0 0 1 eed4 0 1 0000 0000
6 0 0 0 1 ffe5 1 1 ccb2 ffff
6 0 0 0 1 10f6 1 1 eed4 ffff
6 0 0 0 0 2207 1 1 ffe5 ffff
6 0 0 0 1 3318 1 1 10f6 ffff
6 0 0 0 0 4429 0 1 0000 0000
6 0 0 0 1 553a 1 1 3318 ffff
6 0 0 0 1 664b 0 1 0000 0000
6 0 0 0 1 775c 1 1 553a ffff
6 0 0 0 1 886d 1 1 664b ffff
6 0 0 0 1 997e 1 1 775c ffff
6 0 0 0 1 aa8f 1 1 886d ffff
6 0 1 0 1 bba0 1 1 886d ffff
6 0 1 0 1 ccb1 1 1 886d ffff
6 0 1 0 1 ddc2 1 1 886d ffff
6 0 0 0 0 eed3 1 1 997e ffff
6 0 0 1 0 ffe4 1 1 aa8f ffff
6 0 0 0 1 10f5 0 1 0000 0000
6 0 0 1 0 2206 0 1 0000 0000
6 0 0 0 1 3317 0 1 0000 0000
6 0 1 0 0 4428 0 1 0000 0000
6 0 0 0 1 5539 0 1 0000 0000
6 0 0 0 1 664a 1 1 3317 ffff
6 0 0 0 1 775b 1 1 5539 ffff
6 0 0 0 1 886c 1 1 664a ffff
6 0 0 0 1 997d 1 1 775b ffff
6 0 0 0 1 aa8e 1 1 886c ffff
6 0 0 0 0 bb9f 1 1 997d ffff
6 0 0 0 1 ccb0 1 1 aa8e ffff
6 0 0 0 0 ddc1 0 1 0000 0000
6 0 0 0 1 eed2 1 1 ccb0 ffff
6 0 0 0 1 ffe3 0 1 0000 0000
6 0 0 0 1 10f4 1 1 eed2 ffff
6 0 1 0 1 2205 1 1 eed2 ffff
6 0 0 0 0 3316 1 1 ffe3 ffff
6 0 1 0 1 4427 1 1 ffe3 ffff
6 0 0 0 0 5538 1 1 10f4 ffff
6 0 0 0 1 6649 0 1 0000 0000
6 0 0 0 1 775a 0 1 0000 0000
6 0 0 0 0 886b 1 1 6649 ffff
6 0 0 0 0 997c 1 1 775a ffff
6 0 0 0 1 aa8d 0 1 0000 0000
6 0 0 0 1 bb9e 0 1 0000 0000
6 0 0 0 1 ccaf 1 1 aa8d ffff
6 0 1 0 1 ddc0 1 1 aa8d ffff
6 0 0 0 1 eed1 1 1 bb9e ffff
6 0 0 0 1 ffe2 1 1 ccaf ffff
6 0 0 0 1 10f3 1 1 eed1 ffff
6 0 1 0 0 2204 1 1 eed1 ffff
6 0 0 0 0 3315 1 1 ffe2 ffff
6 0 0 0 1 4426 1 1 10f3 ffff
6 0 0 0 1 5537 0 1 0000 0000
6 0 0 0 1 6648 1 1 4426 ffff
6 0 0 1 0 7759 1 1 5537 ffff
6 0 0 0 0 886a 0 1 0000 0000
6 0 1 0 1 997b 0 1 0000 0000
6 0 0 0 1 aa8c 0 1 0000 0000
6 0 0 0 1 bb9d 0 1 0000 0000
6 0 0 1 1 ccae 1 1 aa8c ffff
6 0 0 0 1 ddbf 0 1 0000 0000
6 0 0 0 1 eed0 0 1 0000 0000
6 0 0 0 1 ffe1 1 1 ddbf ffff
6 0 0 0 1 10f2 1 1 eed0 ffff
6 0 0 0 1 2203 1 1 ffe1 ffff
6 0 0 0 1 3314 1 1 10f2 ffff
6 0 0 0 1 4425 1 1 2203 ffff
6 0 0 0 1 5536 1 1 3314 ffff
6 0 1 0 0 6647 1 1 3314 ffff
6 0 0 1 1 7758 1 1 4425 ffff
6 0 0 0 1 8869 0 1 0000 0000
6 0 0 0 1 997a 0 1 0000 0000
6 0 0 0 1 aa8b 1 1 8869 ffff
6 0 0 1 0 bb9c 1 1 997a ffff
6 0 0 0 1 ccad 0 1 0000 0000
6 0 0 0 1 ddbe 0 1 0000 0000
6 0 0 0 1 eecf 1 1 ccad ffff
6 0 0 0 1 ffe0 1 1 ddbe ffff
6 0 0 0 1 10f1 1 1 eecf ffff
6 0 0 0 0 2202 1 1 ffe0 ffff
6 0 0 0 1 3313 1 1 10f1 ffff
6 0 0 0 1 4424 0 1 0000 0000
6 0 0 1 1 5535 1 1 3313 ffff
6 0 0 0 1 6646 0 1 0000 0000
6 0 0 0 1 7757 0 1 0000 0000
6 0 0 1 1 8868 1 1 6646 ffff
6 0 0 0 0 9979 0 1 0000 0000
6 0 0 0 1 aa8a 0 1 0000 0000
6 0 1 0 1 bb9b 0 1 0000 0000
6 0 0 1 1 ccac 0 1 0000 0000
6 0 0 0 1 ddbd 0 1 0000 0000
6 0 0 0 1 eece 0 1 0000 0000
6 0 0 0 1 ffdf 1 1 ddbd ffff
6 0 0 0 1 10f0 1 1 eece ffff
6 0 0 0 1 2201 1 1 ffdf ffff
6 0 1 0 0 3312 1 1 ffdf ffff
6 0 0 0 1 4423 1 1 10f0 ffff
6 0 0 0 1 5534 1 1 2201 ffff
6 0 0 0 1 6645 1 1 4423 ffff
6 0 0 0 0 7756 1 1 5534 ffff
6 0 0 0 1 8867 1 1 6645 ffff
6 0 0 0 0 9978 0 1 0000 0000
6 0 0 0 1 aa89 1 1 8867 ffff
6 0 0 1 1 bb9a 0 1 0000 0000
6 0 0 0 0 ccab 0 1 0000 0000
6 0 0 0 1 ddbc 0 1 0000 0000
6 0 0 0 1 eecd 0 1 0000 0000
6 0 0 0 0 ffde 1 1 ddbc ffff
6 0 1 0 1 10ef 1 1 ddbc ffff
6 0 0 0 1 2200 1 1 eecd ffff
6 0 0 0 1 3311 0 1 0000 0000
6 0 1 0 1 4422 0 1 0000 0000
6 0 0 0 1 5533 1 1 2200 ffff
6 0 0 0 1 6644 1 1 3311 ffff
6 0 0 0 1 7755 1 1 5533 ffff
6 0 0 1 1 8866 1 1 6644 ffff
6 0 0 0 1 9977 0 1 0000 0000
6 0 1 0 1 aa88 0 1 0000 0000
6 0 1 0 1 bb99 0 1 0000 0000
6 0 1 0 1 ccaa 0 1 0000 0000
6 0 1 0 1 ddbb 0 1 0000 0000
6 0 1 0 0 eecc 0 1 0000 0000
6 0 0 0 1 ffdd 0 1 0000 0000
6 0 0 0 1 10ee 1 1 9977 ffff
6 0 0 0 1 21ff 1 1 ffdd ffff
6 0 0 0 1 3310 1 1 10ee ffff
6 0 0 1 1 4421 1 1 21ff ffff
6 0 0 0 1 5532 0 1 0000 0000
6 0 0 0 1 6643 0 1 0000 0000
6 0 0 0 0 7754 1 1 5532 ffff
6 0 0 0 1 8865 1 1 6643 ffff
6 0 1 0 1 9976 1 1 6643 ffff
6 0 1 0 1 aa87 1 1 6643 ffff
6 0 0 0 1 bb98 0 1 0000 0000
6 0 0 0 1 cca9 1 1 8865 ffff
6 0 0 0 1 ddba 1 1 bb98 ffff
6 0 0 0 1 eecb 1 1 cca9 ffff
6 0 0 1 1 ffdc 1 1 ddba ffff
6 1 0 0 1 10ed 0 1 0000 0000
6 0 0 0 1 21fe 0 1 0000 0000
6 0 0 0 1 330f 0 1 0000 0000
6 0 1 0 1 4420 0 1 0000 0000
6 0 1 0 1 5531 0 1 0000 0000
6 0 0 0 1 6642 1 1 21fe ffff
6 0 0 0 1 7753 1 1 330f ffff
6 0 1 0 1 8864 1 1 330f ffff
6 0 0 0 1 9975 1 1 6642 ffff
6 0 0 0 1 aa86 1 1 7753 ffff
6 0 0 1 0 bb97 1 1 9975 ffff
6 0 0 0 0 cca8 0 1 0000 0000
6 0 0 0 0 ddb9 0 1 0000 0000
6 0 0 0 1 eeca 0 1 0000 0000
6 0 0 0 1 ffdb 0 1 0000 0000
6 0 0 0 1 10ec 1 1 eeca ffff
6 0 0 0 1 21fd 1 1 ffdb ffff
6 0 0 0 1 330e 1 1 10ec ffff
6 0 0 0 1 441f 1 1 21fd ffff
6 0 0 0 0 5530 1 1 330e ffff
6 0 1 0 1 6641 1 1 330e ffff
6 0 0 0 1 7752 1 1 441f ffff
6 0 1 0 0 8863 1 1 441f ffff
6 0 0 0 1 9974 0 1 0000 0000
6 0 1 0 1 aa85 0 1 0000 0000
6 0 0 0 1 bb96 1 1 7752 ffff
6 0 0 0 0 cca7 1 1 9974 ffff
6 0 0 0 0 ddb8 1 1 bb96 ffff
6 0 0 0 1 eec9 0 1 0000 0000
6 0 0 0 1 ffda 0 1 0000 0000
6 0 0 0 1 10eb 1 1 eec9 ffff
6 0 1 0 1 21fc 1 1 eec9 ffff
6 0 0 0 1 330d 1 1 ffda ffff
6 0 0 0 1 441e 1 1 10eb ffff
6 0 0 0 1 552f 1 1 330d ffff
6 0 0 0 1 6640 1 1 441e ffff
6 0 0 0 0 7751 1 1 552f ffff
6 0 0 0 1 8862 1 1 6640 ffff
6 0 0 0 1 9973 0 1 0000 0000
6 0 0 0 1 aa84 1 1 8862 ffff
6 0 0 0 0 bb95 1 1 9973 ffff
6 0 0 0 1 cca6 1 1 aa84 ffff
6 0 0 0 1 ddb7 0 1 0000 0000
6 0 0 0 1 eec8 1 1 cca6 ffff
6 0 0 0 1 ffd9 1 1 ddb7 ffff
6 0 0 0 1 10ea 1 1 eec8 ffff
6 0 0 0 1 21fb 1 1 ffd9 ffff
6 0 0 0 1 330c 1 1 10ea ffff
6 0 0 0 1 441d 1 1 21fb ffff
6 0 0 0 1 552e 1 1 330c ffff
6 0 0 0 1 663f 1 1 441d ffff
6 0 1 0 0 7750 1 1 441d ffff
6 0 0 0 1 8861 1 1 552e ffff
6 0 1 0 0 9972 1 1 552e ffff
6 0 0 0 1 aa83 1 1 663f ffff
6 0 0 0 1 bb94 1 1 8861 ffff
6 0 0 0 1 cca5 1 1 aa83 ffff
6 0 0 0 1 ddb6 1 1 bb94 ffff
6 0 0 0 1 eec7 1 1 cca5 ffff
6 0 0 1 1 ffd8 1 1 ddb6 ffff
6 0 0 0 1 10e9 0 1 0000 0000
6 0 0 0 1 21fa 0 1 0000 0000
6 0 0 0 1 330b 1 1 10e9 ffff
6 0 0 1 0 441c 1 1 21fa ffff
6 0 0 0 0 552d 0 1 0000 0000
6 0 0 0 1 663e 0 1 0000 0000
6 0 0 0 1 774f 0 1 0000 0000
6 0 0 0 1 8860 1 1 663e ffff
6 0 0 0 1 9971 1 1 774f ffff
6 0 0 0 1 aa82 1 1 8860 ffff
6 0 0 0 1 bb93 1 1 9971 ffff
6 0 1 0 1 cca4 1 1 9971 ffff
6 0 0 0 1 ddb5 1 1 aa82 ffff
6 0 1 1 1 eec6 1 1 bb93 ffff
6 0 0 0 1 ffd7 0 1 0000 0000
6 0 1 0 0 10e8 0 1 0000 0000
6 0 0 0 1 21f9 0 1 0000 0000
6 0 0 1 1 330a 1 1 ffd7 ffff
6 0 0 1 1 441b 0 1 0000 0000
6 0 0 0 0 552c 0 1 0000 0000
6 0 0 0 1 663d 0 1 0000 0000
6 0 0 0 1 774e 0 1 0000 0000
6 0 0 0 1 885f 1 1 663d ffff
6 0 0 0 1 9970 1 1 774e ffff
6 0 1 0 1 aa81 1 1 774e ffff
6 0 0 0 1 bb92 1 1 885f ffff
6 0 0 0 0 cca3 1 1 9970 ffff
6 0 0 0 1 ddb4 1 1 bb92 ffff
6 0 0 0 1 eec5 0 1 0000 0000
6 0 0 0 1 ffd6 1 1 ddb4 ffff
6 0 0 0 0 10e7 1 1 eec5 ffff
6 0 1 0 1 21f8 1 1 eec5 ffff
6 0 0 0 1 3309 1 1 ffd6 ffff
6 0 0 0 1 441a 0 1 0000 0000
6 0 0 0 1 552b 1 1 3309 ffff
6 0 0 0 0 663c 1 1 441a ffff
6 0 0 0 0 774d 1 1 552b ffff
6 0 0 0 0 885e 0 1 0000 0000
6 0 1 0 1 996f 0 1 0000 0000
6 0 0 0 1 aa80 0 1 0000 0000
6 0 1 1 1 bb91 0 1 0000 0000
6 0 0 0 1 cca2 0 1 0000 0000
6 0 1 0 1 ddb3 0 1 0000 0000
6 0 0 0 1 eec4 0 1 0000 0000
6 0 0 0 1 ffd5 1 1 cca2 ffff
6 0 0 0 1 10e6 1 1 eec4 ffff
6 0 0 0 1 21f7 1 1 ffd5 ffff
6 0 0 0 1 3308 1 1 10e6 ffff
6 0 0 0 1 4419 1 1 21f7 ffff
6 0 0 0 1 552a 1 1 3308 ffff
6 0 0 0 1 663b 1 1 4419 ffff
6 0 0 1 1 774c 1 1 552a ffff
6 0 0 0 1 885d 0 1 0000 0000
6 0 0 0 1 996e 0 1 0000 0000
6 0 0 0 0 aa7f 1 1 885d ffff
6 0 0 0 1 bb90 1 1 996e ffff
6 0 0 0 0 cca1 0 1 0000 0000
6 0 0 0 1 ddb2 1 1 bb90 ffff
6 0 0 0 0 eec3 0 1 0000 0000
6 0 0 0 1 ffd4 1 1 ddb2 ffff
6 0 0 0 1 10e5 0 1 0000 0000
6 0 0 0 1 21f6 1 1 ffd4 ffff
6 0 0 1 1 3307 1 1 10e5 ffff
6 0 1 1 1 4418 0 1 0000 0000
6 0 0 1 1 5529 0 1 0000 0000
6 0 0 0 1 663a 0 1 0000 0000
6 0 1 0 1 774b 0 1 0000 0000
6 0 0 0 1 885c 0 1 0000 0000
6 0 0 0 1 996d 1 1 663a ffff
6 0 0 0 1 aa7e 1 1 885c ffff
6 0 0 0 1 bb8f 1 1 996d ffff
6 0 1 0 1 cca0 1 1 996d ffff
6 0 0 0 0 ddb1 1 1 aa7e ffff
6 0 0 0 1 eec2 1 1 bb8f ffff
6 0 1 0 1 ffd3 1 1 bb8f ffff
6 0 0 0 0 10e4 0 1 0000 0000
6 0 0 0 1 21f5 1 1 eec2 ffff
6 0 0 1 0 3306 0 1 0000 0000
6 0 1 1 1 4417 0 1 0000 0000
6 0 0 0 1 5528 0 1 0000 0000
6 0 0 0 1 6639 0 1 0000 0000
6 0 0 0 1 774a 1 1 5528 ffff
6 0 0 0 1 885b 1 1 6639 ffff
6 0 0 0 1 996c 1 1 774a ffff
6 0 1 0 0 aa7d 1 1 774a ffff
6 0 0 1 0 bb8e 1 1 885b ffff
6 0 0 0 1 cc9f 0 1 0000 0000
6 0 0 0 1 ddb0 0 1 0000 0000
6 0 0 0 1 eec1 1 1 cc9f ffff
6 0 0 0 0 ffd2 1 1 ddb0 ffff
6 0 0 0 1 10e3 1 1 eec1 ffff
6 0 0 0 1 21f4 0 1 0000 0000
6 0 0 0 1 3305 1 1 10e3 ffff
6 0 0 0 1 4416 1 1 21f4 ffff
6 0 0 0 0 5527 1 1 3305 ffff
6 0 0 0 1 6638 1 1 4416 ffff
6 0 0 0 1 7749 0 1 0000 0000
6 0 0 0 1 885a 1 1 6638 ffff
6 0 0 0 1 996b 1 1 7749 ffff
6 0 0 0 1 aa7c 1 1 885a ffff
6 0 0 0 1 bb8d 1 1 996b ffff
6 0 0 0 1 cc9e 1 1 aa7c ffff
6 0 0 0 1 ddaf 1 1 bb8d ffff
6 0 0 0 0 eec0 1 1 cc9e ffff
6 0 0 0 1 ffd1 1 1 ddaf ffff
6 0 0 1 1 10e2 0 1 0000 0000
6 0 0 0 1 21f3 0 1 0000 0000
6 0 0 0 1 3304 0 1 0000 0000
6 0 0 0 1 4415 1 1 21f3 ffff
6 0 0 0 1 5526 1 1 3304 ffff
6 0 1 0 1 6637 1 1 3304 ffff
6 0 0 0 1 7748 1 1 4415 ffff
6 0 0 0 1 8859 1 1 5526 ffff
6 0 1 0 1 996a 1 1 5526 ffff
6 0 0 0 1 aa7b 1 1 7748 ffff
6 0 0 0 1 bb8c 1 1 8859 ffff
6 0 0 0 0 cc9d 1 1 aa7b ffff
6 0 0 0 1 ddae 1 1 bb8c ffff
6 0 0 0 0 eebf 0 1 0000 0000
6 0 0 0 0 ffd0 1 1 ddae ffff
6 0 0 0 0 10e1 0 1 0000 0000
6 0 0 0 1 21f2 0 1 0000 0000
6 0 0 0 1 3303 0 1 0000 0000
6 0 1 0 1 4414 0 1 0000 0000
6 0 0 0 1 5525 1 1 21f2 ffff
6 0 0 0 1 6636 1 1 3303 ffff
6 0 0 0 1 7747 1 1 5525 ffff
6 0 1 0 1 8858 1 1 5525 ffff
6 0 0 0 1 9969 1 1 6636 ffff
6 0 0 0 1 aa7a 1 1 7747 ffff
6 0 0 0 1 bb8b 1 1 9969 ffff
6 0 0 0 1 cc9c 1 1 aa7a ffff
6 0 1 1 1 ddad 1 1 bb8b ffff
6 0 0 1 1 eebe 0 1 0000 0000
6 0 0 0 0 ffcf 0 1 0000 0000
6 0 0 0 1 10e0 0 1 0000 0000
6 0 0 0 1 21f1 0 1 0000 0000
6 0 0 0 1 3302 1 1 10e0 ffff
6 0 0 0 0 4413 1 1 21f1 ffff
6 0 0 0 0 5524 1 1 3302 ffff
6 0 0 0 1 6635 0 1 0000 0000
6 0 0 0 1 7746 0 1 0000 0000
6 0 0 0 1 8857 1 1 6635 ffff
6 0 0 0 1 9968 1 1 7746 ffff
6 0 0 0 1 aa79 1 1 8857 ffff
6 0 0 1 1 bb8a 1 1 9968 ffff
6 0 0 0 1 cc9b 0 1 0000 0000
6 0 0 0 1 ddac 0 1 0000 0000
6 0 1 0 1 eebd 0 1 0000 0000
6 0 0 0 0 ffce 1 1 cc9b ffff
6 0 0 1 1 10df 1 1 ddac ffff
6 0 0 0 0 21f0 0 1 0000 0000
6 0 0 0 1 3301 0 1 0000 0000
6 0 0 0 1 4412 0 1 0000 0000
6 0 0 0 0 5523 1 1 3301 ffff
6 0 1 0 1 6634 1 1 3301 ffff
6 0 0 0 1 7745 1 1 4412 ffff
6 0 0 0 1 8856 0 1 0000 0000
6 0 1 0 0 9967 0 1 0000 0000
6 0 1 0 1 aa78 0 1 0000 0000
6 0 0 0 1 bb89 1 1 7745 ffff
6 0 1 0 1 cc9a 1 1 7745 ffff
6 0 0 0 1 ddab 1 1 8856 ffff
6 0 0 0 1 eebc 1 1 bb89 ffff
6 1 0 0 1 ffcd 0 1 0000 0000
6 0 0 0 1 10de 0 1 0000 0000
6 0 0 0 1 21ef 0 1 0000 0000
6 0 1 0 1 3300 0 1 0000 0000
6 0 0 0 1 4411 1 1 10de ffff
6 0 1 0 1 5522 1 1 10de ffff
6 0 0 0 1 6633 1 1 21ef ffff
6 0 0 0 1 7744 1 1 4411 ffff
6 0 0 0 1 8855 1 1 6633 ffff
6 0 0 0 1 9966 1 1 7744 ffff
6 0 0 0 1 aa77 1 1 8855 ffff
6 0 0 0 0 bb88 1 1 9966 ffff
6 0 0 0 1 cc99 1 1 aa77 ffff
6 0 0 0 1 ddaa 0 1 0000 0000
6 0 1 0 1 eebb 0 1 0000 0000
6 0 0 0 1 ffcc 1 1 cc99 ffff
6 0 1 0 1 10dd 1 1 cc99 ffff
6 0 0 0 0 21ee 1 1 ddaa ffff
6 0 0 1 1 32ff 1 1 ffcc ffff
6 0 0 0 1 4410 0 1 0000 0000
6 0 0 0 1 5521 0 1 0000 0000
6 0 0 0 1 6632 1 1 4410 ffff
6 0 0 0 1 7743 1 1 5521 ffff
6 0 0 0 1 8854 1 1 6632 ffff
6 0 0 1 1 9965 1 1 7743 ffff
6 0 1 0 1 aa76 1 1 7743 ffff
6 0 0 0 0 bb87 0 1 0000 0000
6 0 0 0 1 cc98 0 1 0000 0000
6 0 0 0 1 dda9 0 1 0000 0000
6 0 0 0 1 eeba 1 1 cc98 ffff
6 0 0 0 1 ffcb 1 1 dda9 ffff
6 0 0 0 1 10dc 1 1 eeba ffff
6 0 0 0 1 21ed 1 1 ffcb ffff
6 1 0 0 1 32fe 0 1 0000 0000
6 0 0 0 1 440f 0 1 0000 0000
6 0 0 0 1 5520 0 1 0000 0000
6 0 0 0 1 6631 1 1 440f ffff
6 0 0 0 1 7742 1 1 5520 ffff
6 0 0 0 1 8853 1 1 6631 ffff
6 0 1 0 1 9964 1 1 6631 ffff
6 0 1 0 1 aa75 1 1 6631 ffff
6 0 1 0 1 bb86 1 1 6631 ffff
6 0 1 0 0 cc97 1 1 6631 ffff
6 0 0 0 1 dda8 1 1 7742 ffff
6 0 0 0 0 eeb9 1 1 8853 ffff
6 0 0 0 0 ffca 1 1 dda8 ffff
6 0 0 0 1 10db 0 1 0000 0000
6 0 0 0 1 21ec 0 1 0000 0000
6 0 0 0 1 32fd 1 1 10db ffff
6 0 0 0 1 440e 1 1 21ec ffff
6 1 1 0 1 551f 0 1 0000 0000
6 0 0 0 1 6630 0 1 0000 0000
6 0 0 0 1 7741 0 1 0000 0000
6 0 0 0 0 8852 1 1 6630 ffff
6 0 0 0 1 9963 1 1 7741 ffff
6 0 0 0 0 aa74 0 1 0000 0000
6 0 0 0 1 bb85 1 1 9963 ffff
6 0 0 0 0 cc96 0 1 0000 0000
6 0 0 0 1 dda7 1 1 bb85 ffff
6 0 0 0 1 eeb8 0 1 0000 0000
6 0 0 0 1 ffc9 1 1 dda7 ffff
6 0 0 0 1 10da 1 1 eeb8 ffff
6 0 0 0 1 21eb 1 1 ffc9 ffff
6 0 0 0 0 32fc 1 1 10da ffff
6 0 0 0 1 440d 1 1 21eb ffff
6 0 0 0 1 551e 0 1 0000 0000
6 0 0 0 1 662f 1 1 440d ffff
6 0 1 0 0 7740 1 1 440d ffff
6 0 1 0 0 8851 1 1 440d ffff
6 0 0 0 1 9962 1 1 551e ffff
6 0 1 0 1 aa73 1 1 551e ffff
6 0 0 0 1 bb84 1 1 662f ffff
6 0 1 0 1 cc95 1 1 662f ffff
6 0 0 0 1 dda6 1 1 9962 ffff
6 0 1 0 1 eeb7 1 1 9962 ffff
6 0 0 0 1 ffc8 1 1 bb84 ffff
6 0 0 0 1 10d9 1 1 dda6 ffff
6 0 0 0 0 21ea 1 1 ffc8 ffff
6 0 0 1 1 32fb 1 1 10d9 ffff
6 0 0 0 0 440c 0 1 0000 0000
6 0 0 0 1 551d 0 1 0000 0000
6 0 0 0 1 662e 0 1 0000 0000
6 0 0 0 0 773f 1 1 551d ffff
6 0 0 0 0 8850 1 1 662e ffff
6 0 0 0 1 9961 0 1 0000 0000
6 0 0 0 1 aa72 0 1 0000 0000
6 0 0 0 1 bb83 1 1 9961 ffff
6 0 1 0 1 cc94 1 1 9961 ffff
6 0 0 0 1 dda5 1 1 aa72 ffff
6 0 0 0 0 eeb6 1 1 bb83 ffff
6 0 0 0 1 ffc7 1 1 dda5 ffff
6 0 0 0 1 10d8 0 1 0000 0000
6 0 1 0 1 21e9 0 1 0000 0000
6 0 0 0 0 32fa 1 1 ffc7 ffff
6 0 1 0 1 440b 1 1 ffc7 ffff
6 0 0 0 1 551c 1 1 10d8 ffff
6 0 0 0 1 662d 0 1 0000 0000
6 0 1 0 1 773e 0 1 0000 0000
6 0 1 0 1 884f 0 1 0000 0000
6 0 0 0 0 9960 1 1 551c ffff
6 0 0 0 1 aa71 1 1 662d ffff
6 0 0 0 1 bb82 0 1 0000 0000
6 0 0 0 1 cc93 1 1 aa71 ffff
6 0 0 0 1 dda4 1 1 bb82 ffff
6 0 0 0 1 eeb5 1 1 cc93 ffff
6 0 1 0 1 ffc6 1 1 cc93 ffff
6 0 1 0 0 10d7 1 1 cc93 ffff
6 0 0 0 0 21e8 1 1 dda4 ffff
6 0 1 0 1 32f9 1 1 dda4 ffff
6 0 1 0 0 440a 1 1 dda4 ffff
6 0 0 0 1 551b 1 1 eeb5 ffff
6 0 0 0 1 662c 0 1 0000 0000
6 0 0 0 0 773d 1 1 551b ffff
6 0 0 0 1 884e 1 1 662c ffff
6 0 0 0 1 995f 0 1 0000 0000
6 0 0 0 1 aa70 1 1 884e ffff
6 0 0 0 1 bb81 1 1 995f ffff
6 0 1 0 1 cc92 1 1 995f ffff
6 0 0 0 1 dda3 1 1 aa70 ffff
6 0 0 0 1 eeb4 1 1 bb81 ffff
6 0 0 0 1 ffc5 1 1 dda3 ffff
6 0 0 0 0 10d6 1 1 eeb4 ffff
6 0 0 0 1 21e7 1 1 ffc5 ffff
6 0 0 0 0 32f8 0 1 0000 0000
6 0 1 0 0 4409 0 1 0000 0000
6 0 0 0 0 551a 1 1 21e7 ffff
6 0 1 0 1 662b 1 1 21e7 ffff
6 0 0 0 1 773c 0 1 0000 0000
6 1 0 0 1 884d 0 1 0000 0000
6 0 0 0 0 995e 0 1 0000 0000
6 0 0 0 1 aa6f 0 1 0000 0000
6 0 0 0 1 bb80 0 1 0000 0000
6 0 0 0 1 cc91 1 1 aa6f ffff
6 0 0 1 1 dda2 1 1 bb80 ffff
6 0 0 0 1 eeb3 0 1 0000 0000
6 0 0 0 0 ffc4 0 1 0000 0000
6 0 0 0 1 10d5 1 1 eeb3 ffff
6 0 0 0 1 21e6 0 1 0000 0000
6 0 0 0 1 32f7 1 1 10d5 ffff
6 0 0 0 1 4408 1 1 21e6 ffff
6 0 1 0 1 5519 1 1 21e6 ffff
6 0 0 0 1 662a 1 1 32f7 ffff
6 0 1 0 1 773b 1 1 32f7 ffff
6 0 0 0 0 884c 1 1 4408 ffff
6 0 0 1 1 995d 1 1 662a ffff
6 0 0 0 1 aa6e 0 1 0000 0000
6 0 0 0 0 bb7f 0 1 0000 0000
6 0 0 0 1 cc90 1 1 aa6e ffff
6 0 1 0 0 dda1 1 1 aa6e ffff
6 0 0 1 0 eeb2 0 1 0000 0000
6 0 1 0 0 ffc3 0 1 0000 0000
6 0 0 0 1 10d4 0 1 0000 0000
6 0 1 0 0 21e5 0 1 0000 0000
6 0 0 0 1 32f6 0 1 0000 0000
6 0 0 1 1 4407 1 1 10d4 ffff
6 0 0 0 1 5518 0 1 0000 0000
6 0 0 0 1 6629 0 1 0000 0000
6 0 1 0 1 773a 0 1 0000 0000
6 0 0 0 0 884b 1 1 5518 ffff
6 0 0 0 1 995c 1 1 6629 ffff
6 0 1 0 1 aa6d 1 1 6629 ffff
6 0 0 0 1 bb7e 0 1 0000 0000
6 0 0 0 1 cc8f 1 1 995c ffff
6 0 0 0 0 dda0 1 1 bb7e ffff
6 0 0 0 1 eeb1 1 1 cc8f ffff
6 0 1 0 1 ffc2 1 1 cc8f ffff
6 0 0 0 1 10d3 0 1 0000 0000
6 0 1 0 1 21e4 0 1 0000 0000
6 0 1 0 1 32f5 0 1 0000 0000
6 0 0 0 0 4406 1 1 eeb1 ffff
6 0 1 0 1 5517 1 1 eeb1 ffff
6 0 0 0 1 6628 1 1 10d3 ffff
6 0 0 0 1 7739 0 1 0000 0000
6 0 0 0 1 884a 1 1 6628 ffff
6 0 1 0 1 995b 1 1 6628 ffff
6 0 0 0 1 aa6c 1 1 7739 ffff
6 0 0 0 1 bb7d 1 1 884a ffff
6 0 0 0 1 cc8e 1 1 aa6c ffff
6 0 1 0 1 dd9f 1 1 aa6c ffff
6 0 0 0 1 eeb0 1 1 bb7d ffff
6 0 1 0 0 ffc1 1 1 bb7d ffff
6 0 0 0 1 10d2 1 1 cc8e ffff
6 0 0 0 1 21e3 1 1 eeb0 ffff
6 0 1 0 0 32f4 1 1 eeb0 ffff
6 0 0 0 1 4405 1 1 10d2 ffff
6 0 0 0 1 5516 1 1 21e3 ffff
6 0 0 0 1 6627 1 1 4405 ffff
6 0 0 0 1 7738 1 1 5516 ffff
6 0 0 0 1 8849 1 1 6627 ffff
6 0 1 0 1 995a 1 1 6627 ffff
6 0 1 0 1 aa6b 1 1 6627 ffff
6 0 1 0 1 bb7c 1 1 6627 ffff
6 0 0 0 1 cc8d 1 1 7738 ffff
6 0 0 0 1 dd9e 1 1 8849 ffff
6 0 0 0 1 eeaf 1 1 cc8d ffff
6 0 0 0 1 ffc0 1 1 dd9e ffff
6 0 0 0 1 10d1 1 1 eeaf ffff
6 0 1 0 1 21e2 1 1 eeaf ffff
6 0 0 0 1 32f3 1 1 ffc0 ffff
6 0 0 0 1 4404 1 1 10d1 ffff
6 0 0 0 1 5515 1 1 32f3 ffff
6 0 1 0 0 6626 1 1 32f3 ffff
6 0 0 0 1 7737 1 1 4404 ffff
6 0 0 0 1 8848 1 1 5515 ffff
6 0 0 0 1 9959 1 1 7737 ffff
6 0 1 0 1 aa6a 1 1 7737 ffff
6 0 1 0 1 bb7b 1 1 7737 ffff
6 0 0 0 0 cc8c 1 1 8848 ffff
6 0 0 0 1 dd9d 1 1 9959 ffff
6 0 0 0 0 eeae 0 1 0000 0000
6 0 0 0 1 ffbf 1 1 dd9d ffff
6 0 0 0 1 10d0 0 1 0000 0000
6 0 1 0 1 21e1 0 1 0000 0000
6 0 1 0 1 32f2 0 1 0000 0000
6 0 1 0 1 4403 0 1 0000 0000
6 0 0 0 1 5514 1 1 ffbf ffff
6 0 0 0 1 6625 1 1 10d0 ffff
6 0 0 0 0 7736 1 1 5514 ffff
6 0 0 0 1 8847 1 1 6625 ffff
6 0 1 0 1 9958 1 1 6625 ffff
6 1 1 0 1 aa69 0 1 0000 0000
6 0 0 0 1 bb7a 0 1 0000 0000
6 0 0 0 1 cc8b 0 1 0000 0000
6 0 0 0 1 dd9c 1 1 bb7a ffff
6 0 0 0 1 eead 1 1 cc8b ffff
6 0 0 0 1 ffbe 1 1 dd9c ffff
6 0 0 0 1 10cf 1 1 eead ffff
6 0 0 0 1 21e0 1 1 ffbe ffff
6 0 1 0 0 32f1 1 1 ffbe ffff
6 0 0 0 1 4402 1 1 10cf ffff
6 0 1 0 1 5513 1 1 10cf ffff
6 0 1 0 1 6624 1 1 10cf ffff
6 0 0 0 1 7735 1 1 21e0 ffff
6 0 0 0 1 8846 1 1 4402 ffff
6 0 0 0 1 9957 1 1 7735 ffff
6 0 0 0 1 aa68 1 1 8846 ffff
6 0 1 0 1 bb79 1 1 8846 ffff
6 0 0 0 1 cc8a 1 1 9957 ffff
6 0 0 0 1 dd9b 1 1 aa68 ffff
6 0 1 0 1 eeac 1 1 aa68 ffff
6 0 0 0 1 ffbd 1 1 cc8a ffff
6 0 0 0 0 10ce 1 1 dd9b ffff
6 0 0 0 1 21df 1 1 ffbd ffff
6 0 0 0 1 32f0 0 1 0000 0000
6 0 0 0 1 4401 1 1 21df ffff
6 0 0 0 0 5512 1 1 32f0 ffff
6 0 1 0 0 6623 1 1 32f0 ffff
6 0 0 0 1 7734 1 1 4401 ffff
6 0 0 1 0 8845 0 1 0000 0000
6 0 0 0 1 9956 0 1 0000 0000
6 0 1 0 1 aa67 0 1 0000 0000
6 0 0 0 0 bb78 0 1 0000 0000
6 0 0 0 1 cc89 1 1 9956 ffff
6 0 1 0 1 dd9a 1 1 9956 ffff
6 0 0 0 1 eeab 0 1 0000 0000
6 0 0 0 1 ffbc 1 1 cc89 ffff
6 0 1 1 1 10cd 1 1 eeab ffff
6 0 0 0 0 21de 0 1 0000 0000
6 0 0 0 0 32ef 0 1 0000 0000
6 0 0 0 1 4400 0 1 0000 0000
6 0 0 1 1 5511 0 1 0000 0000
6 0 0 0 1 6622 0 1 0000 0000
6 0 0 0 1 7733 0 1 0000 0000
6 0 0 0 1 8844 1 1 6622 ffff
6 0 0 0 1 9955 1 1 7733 ffff
6 0 0 0 1 aa66 1 1 8844 ffff
6 0 1 0 1 bb77 1 1 8844 ffff
6 0 0 0 1 cc88 1 1 9955 ffff
6 0 0 0 1 dd99 1 1 aa66 ffff
6 0 1 0 1 eeaa 1 1 aa66 ffff
6 0 0 0 1 ffbb 1 1 cc88 ffff
6 0 0 0 1 10cc 1 1 dd99 ffff
6 0 1 0 1 21dd 1 1 dd99 ffff
6 0 0 0 1 32ee 1 1 ffbb ffff
6 0 0 0 1 43ff 1 1 10cc ffff
6 0 0 0 1 5510 1 1 32ee ffff
6 0 0 0 1 6621 1 1 43ff ffff
6 0 0 0 1 7732 1 1 5510 ffff
6 0 0 0 1 8843 1 1 6621 ffff
6 0 0 0 0 9954 1 1 7732 ffff
6 0 0 0 1 aa65 1 1 8843 ffff
6 0 0 1 0 bb76 0 1 0000 0000
6 0 0 0 1 cc87 0 1 0000 0000
6 0 0 0 1 dd98 0 1 0000 0000
6 0 0 0 1 eea9 1 1 cc87 ffff
6 0 0 0 1 ffba 1 1 dd98 ffff
6 0 0 0 0 10cb 1 1 eea9 ffff
6 0 0 0 1 21dc 1 1 ffba ffff
6 0 0 0 0 32ed 0 1 0000 0000
6 0 0 1 1 43fe 1 1 21dc ffff
6 0 0 0 0 550f 0 1 0000 0000
6 0 1 0 1 6620 0 1 0000 0000
6 0 1 0 1 7731 0 1 0000 0000
6 0 0 1 1 8842 0 1 0000 0000
6 0 0 0 1 9953 0 1 0000 0000
6 0 0 0 1 aa64 0 1 0000 0000
6 0 0 0 1 bb75 1 1 9953 ffff
6 0 1 0 1 cc86 1 1 9953 ffff
6 0 0 0 1 dd97 1 1 aa64 ffff
6 0 0 0 1 eea8 1 1 bb75 ffff
6 0 0 0 1 ffb9 1 1 dd97 ffff
6 0 0 0 1 10ca 1 1 eea8 ffff
6 0 0 0 0 21db 1 1 ffb9 ffff
6 0 1 0 0 32ec 1 1 ffb9 ffff
6 0 0 0 1 43fd 1 1 10ca ffff
6 0 0 0 1 550e 0 1 0000 0000
6 0 0 0 0 661f 1 1 43fd ffff
6 0 0 0 1 7730 1 1 550e ffff
6 0 0 0 1 8841 0 1 0000 0000
6 0 0 0 0 9952 1 1 7730 ffff
6 0 0 0 0 aa63 1 1 8841 ffff
6 0 0 0 1 bb74 0 1 0000 0000
6 0 0 0 1 cc85 0 1 0000 0000
6 0 0 0 1 dd96 1 1 bb74 ffff
6 0 0 0 1 eea7 1 1 cc85 ffff
6 0 0 0 1 ffb8 1 1 dd96 ffff
6 0 0 0 1 10c9 1 1 eea7 ffff
6 0 0 0 0 21da 1 1 ffb8 ffff
6 0 0 0 1 32eb 1 1 10c9 ffff
6 0 0 0 1 43fc 0 1 0000 0000
6 0 1 0 1 550d 0 1 0000 0000
6 0 0 0 1 661e 1 1 32eb ffff
6 0 0 0 1 772f 1 1 43fc ffff
6 0 0 0 1 8840 1 1 661e ffff
6 0 0 0 1 9951 1 1 772f ffff
6 0 1 0 1 aa62 1 1 772f ffff
6 0 0 0 1 bb73 1 1 8840 ffff
6 0 0 0 1 cc84 1 1 9951 ffff
6 0 0 0 1 dd95 1 1 bb73 ffff
6 0 0 0 0 eea6 1 1 cc84 ffff
6 0 1 0 1 ffb7 1 1 cc84 ffff
6 0 0 0 1 10c8 1 1 dd95 ffff
6 0 0 0 1 21d9 0 1 0000 0000
6 0 0 0 1 32ea 1 1 10c8 ffff
6 0 0 0 1 43fb 1 1 21d9 ffff
6 0 0 0 1 550c 1 1 32ea ffff
6 0 0 0 0 661d 1 1 43fb ffff
6 0 1 1 1 772e 1 1 550c ffff
6 0 1 1 1 883f 0 1 0000 0000
6 0 0 0 1 9950 0 1 0000 0000
6 0 0 0 0 aa61 0 1 0000 0000
6 0 1 0 1 bb72 0 1 0000 0000
6 0 0 0 1 cc83 1 1 9950 ffff
6 0 0 0 1 dd94 0 1 0000 0000
6 0 0 0 1 eea5 1 1 cc83 ffff
6 0 0 0 1 ffb6 1 1 dd94 ffff
6 0 0 0 1 10c7 1 1 eea5 ffff
6 0 1 0 1 21d8 1 1 eea5 ffff
6 0 0 0 1 32e9 1 1 ffb6 ffff
6 0 0 0 1 43fa 1 1 10c7 ffff
6 0 0 0 1 550b 1 1 32e9 ffff
6 0 0 0 1 661c 1 1 43fa ffff
6 0 0 0 1 772d 1 1 550b ffff
6 0 0 0 1 883e 1 1 661c ffff
6 0 0 0 0 994f 1 1 772d ffff
6 0 0 0 1 aa60 1 1 883e ffff
6 0 0 0 1 bb71 0 1 0000 0000
6 0 0 0 1 cc82 1 1 aa60 ffff
6 0 0 0 1 dd93 1 1 bb71 ffff
6 0 0 1 0 eea4 1 1 cc82 ffff
6 0 0 1 1 ffb5 0 1 0000 0000
6 0 0 0 0 10c6 0 1 0000 0000
6 1 0 0 1 21d7 0 1 0000 0000
6 0 1 0 1 32e8 0 1 0000 0000
6 0 0 0 1 43f9 0 1 0000 0000
6 0 0 1 1 550a 0 1 0000 0000
6 0 0 0 0 661b 0 1 0000 0000
6 0 1 0 1 772c 0 1 0000 0000
6 0 0 1 1 883d 0 1 0000 0000
6 0 1 0 1 994e 0 1 0000 0000
6 0 0 0 1 aa5f 0 1 0000 0000
6 0 0 0 1 bb70 0 1 0000 0000
6 0 1 0 1 cc81 0 1 0000 0000
6 0 0 1 1 dd92 1 1 aa5f ffff
6 0 1 0 0 eea3 1 1 aa5f ffff
6 0 0 0 1 ffb4 0 1 0000 0000
6 0 0 1 0 10c5 0 1 0000 0000
6 0 0 0 0 21d6 0 1 0000 0000
6 0 0 0 1 32e7 0 1 0000 0000
6 0 0 0 1 43f8 0 1 0000 0000
6 0 0 0 1 5509 1 1 32e7 ffff
6 0 1 0 1 661a 1 1 32e7 ffff
6 0 0 0 1 772b 1 1 43f8 ffff
6 0 0 0 1 883c 1 1 5509 ffff
6 0 0 1 1 994d 1 1 772b ffff
6 0 1 0 1 aa5e 1 1 772b ffff
6 0 0 0 1 bb6f 0 1 0000 0000
6 0 0 0 1 cc80 0 1 0000 0000
6 0 0 0 1 dd91 1 1 bb6f ffff
6 0 0 0 1 eea2 1 1 cc80 ffff
6 0 0 0 0 ffb3 1 1 dd91 ffff
6 0 1 0 1 10c4 1 1 dd91 ffff
6 0 0 0 1 21d5 1 1 eea2 ffff
6 0 0 0 0 32e6 0 1 0000 0000
6 0 0 0 1 43f7 1 1 21d5 ffff
6 0 0 0 0 5508 0 1 0000 0000
6 0 0 0 1 6619 1 1 43f7 ffff
6 0 0 0 1 772a 0 1 0000 0000
6 0 0 0 0 883b 1 1 6619 ffff
6 0 0 0 0 994c 1 1 772a ffff
6 0 0 0 1 aa5d 0 1 0000 0000
6 0 0 0 0 bb6e 0 1 0000 0000
6 0 1 0 1 cc7f 0 1 0000 0000
6 0 0 0 1 dd90 1 1 aa5d ffff
6 0 0 0 1 eea1 0 1 0000 0000
6 0 0 0 1 ffb2 1 1 dd90 ffff
6 0 0 1 0 10c3 1 1 eea1 ffff
6 0 0 0 0 21d4 0 1 0000 0000
6 0 1 0 1 32e5 0 1 0000 0000
6 0 1 0 1 43f6 0 1 0000 0000
6 0 0 0 1 5507 0 1 0000 0000
6 0 1 1 1 6618 0 1 0000 0000
6 0 0 0 1 7729 0 1 0000 0000
6 0 0 1 1 883a 0 1 0000 0000
6 0 0 0 0 994b 0 1 0000 0000
6 0 0 0 0 aa5c 0 1 0000 0000
6 0 0 0 1 bb6d 0 1 0000 0000
6 0 1 0 1 cc7e 0 1 0000 0000
6 0 0 0 1 dd8f 0 1 0000 0000
6 0 1 0 0 eea0 0 1 0000 0000
6 0 0 0 1 ffb1 1 1 bb6d ffff
6 0 0 0 1 10c2 1 1 dd8f ffff
6 0 0 1 1 21d3 1 1 ffb1 ffff
6 0 0 0 1 32e4 0 1 0000 0000
6 0 0 0 1 43f5 0 1 0000 0000
6 0 0 0 0 5506 1 1 32e4 ffff
6 0 0 0 1 6617 1 1 43f5 ffff
6 0 1 0 1 7728 1 1 43f5 ffff
6 0 0 0 1 8839 0 1 0000 0000
6 0 0 0 1 994a 1 1 6617 ffff
6 0 1 0 1 aa5b 1 1 6617 ffff
6 0 0 0 0 bb6c 1 1 8839 ffff
6 0 1 0 0 cc7d 1 1 8839 ffff
6 0 0 0 1 dd8e 1 1 994a ffff
6 0 0 0 1 ee9f 0 1 0000 0000
6 0 1 0 0 ffb0 0 1 0000 0000
6 0 0 0 0 10c1 1 1 dd8e ffff
6 0 1 0 1 21d2 1 1 dd8e ffff
6 0 0 0 1 32e3 1 1 ee9f ffff
6 0 0 1 1 43f4 0 1 0000 0000
6 0 0 0 1 5505 0 1 0000 0000
6 0 0 0 1 6616 0 1 0000 0000
6 0 0 0 1 7727 1 1 5505 ffff
6 0 1 1 1 8838 1 1 6616 ffff
6 0 0 0 1 9949 0 1 0000 0000
6 0 0 0 1 aa5a 0 1 0000 0000
6 0 0 0 1 bb6b 1 1 9949 ffff
6 0 0 0 0 cc7c 1 1 aa5a ffff
6 0 1 0 1 dd8d 1 1 aa5a ffff
6 0 1 0 0 ee9e 1 1 aa5a ffff
6 0 1 0 1 ffaf 1 1 aa5a ffff
6 0 0 0 1 10c0 1 1 bb6b ffff
6 0 0 0 1 21d1 0 1 0000 0000
6 0 0 0 1 32e2 1 1 10c0 ffff
6 0 0 0 1 43f3 1 1 21d1 ffff
6 0 0 0 1 5504 1 1 32e2 ffff
6 0 0 0 1 6615 1 1 43f3 ffff
6 0 0 1 0 7726 1 1 5504 ffff
6 0 1 0 0 8837 1 1 5504 ffff
6 0 1 0 1 9948 1 1 5504 ffff
6 0 1 0 1 aa59 1 1 5504 ffff
6 0 0 0 1 bb6a 0 1 0000 0000
6 0 0 0 1 cc7b 0 1 0000 0000
6 0 0 0 1 dd8c 1 1 bb6a ffff
6 0 1 0 1 ee9d 1 1 bb6a ffff
6 0 0 0 0 ffae 1 1 cc7b ffff
6 0 0 0 1 10bf 1 1 dd8c ffff
6 0 0 0 0 21d0 0 1 0000 0000
6 0 1 0 1 32e1 0 1 0000 0000
6 0 0 0 0 43f2 1 1 10bf ffff
6 0 0 0 1 5503 0 1 0000 0000
6 0 0 0 1 6614 0 1 0000 0000
6 0 0 0 1 7725 1 1 5503 ffff
6 0 0 0 1 8836 1 1 6614 ffff
6 0 0 0 1 9947 1 1 7725 ffff
6 0 0 0 1 aa58 1 1 8836 ffff
6 0 0 0 0 bb69 1 1 9947 ffff
6 0 1 0 1 cc7a 1 1 9947 ffff
6 0 0 0 1 dd8b 1 1 aa58 ffff
6 0 0 0 1 ee9c 0 1 0000 0000
6 0 0 0 1 ffad 1 1 dd8b ffff
6 0 1 0 1 10be 1 1 dd8b ffff
6 0 0 0 1 21cf 1 1 ee9c ffff
6 0 0 0 1 32e0 1 1 ffad ffff
6 0 0 0 0 43f1 1 1 21cf ffff
6 0 0 0 1 5502 1 1 32e0 ffff
6 0 0 0 1 6613 0 1 0000 0000
6 0 0 1 1 7724 1 1 5502 ffff
6 0 0 0 0 8835 0 1 0000 0000
6 0 0 0 1 9946 0 1 0000 0000
6 0 1 0 1 aa57 0 1 0000 0000
6 1 0 0 1 bb68 0 1 0000 0000
6 0 0 0 1 cc79 0 1 0000 0000
6 0 0 0 1 dd8a 0 1 0000 0000
6 0 1 0 1 ee9b 0 1 0000 0000
6 0 0 0 1 ffac 1 1 cc79 ffff
6 0 0 0 1 10bd 1 1 dd8a ffff
6 0 0 0 1 21ce 1 1 ffac ffff
6 0 0 0 1 32df 1 1 10bd ffff
6 0 0 0 1 43f0 1 1 21ce ffff
6 0 0 0 0 5501 1 1 32df ffff
6 0 0 0 1 6612 1 1 43f0 ffff
6 1 0 1 1 7723 0 1 0000 0000
6 0 1 0 1 8834 0 1 0000 0000
6 0 1 0 1 9945 0 1 0000 0000
6 0 0 1 1 aa56 0 1 0000 0000
6 0 0 0 1 bb67 0 1 0000 0000
6 0 1 0 1 cc78 0 1 0000 0000
6 0 0 0 0 dd89 0 1 0000 0000
6 0 0 0 1 ee9a 1 1 bb67 ffff
6 0 0 0 1 ffab 0 1 0000 0000
6 0 0 0 1 10bc 1 1 ee9a ffff
6 0 0 0 1 21cd 1 1 ffab ffff
6 0 0 0 1 32de 1 1 10bc ffff
6 0 1 0 1 43ef 1 1 10bc ffff
6 0 1 0 0 5500 1 1 10bc ffff
6 0 0 0 0 6611 1 1 21cd ffff
6 0 0 0 1 7722 1 1 32de ffff
6 0 1 0 0 8833 1 1 32de ffff
6 0 0 0 1 9944 0 1 0000 0000
6 0 0 0 1 aa55 1 1 7722 ffff
6 0 0 0 1 bb66 1 1 9944 ffff
6 0 1 0 1 cc77 1 1 9944 ffff
6 0 0 0 1 dd88 1 1 aa55 ffff
6 0 0 0 1 ee99 1 1 bb66 ffff
6 0 0 0 1 ffaa 1 1 dd88 ffff
6 0 1 1 0 10bb 1 1 ee99 ffff
6 0 0 0 1 21cc 0 1 0000 0000
6 0 1 0 1 32dd 0 1 0000 0000
6 0 0 0 1 43ee 0 1 0000 0000
6 0 1 0 1 54ff 0 1 0000 0000
6 0 0 0 1 6610 1 1 21cc ffff
6 0 0 0 1 7721 1 1 43ee ffff
6 0 1 0 1 8832 1 1 43ee ffff
6 0 0 0 1 9943 1 1 6610 ffff
6 0 0 0 1 aa54 1 1 7721 ffff
6 0 0 0 1 bb65 1 1 9943 ffff
6 0 0 0 1 cc76 1 1 aa54 ffff
6 0 1 0 1 dd87 1 1 aa54 ffff
6 0 0 1 1 ee98 1 1 bb65 ffff
6 0 0 0 0 ffa9 0 1 0000 0000
6 0 0 0 0 10ba 0 1 0000 0000
6 0 0 0 1 21cb 0 1 0000 0000
6 0 0 0 1 32dc 0 1 0000 0000
6 0 1 0 1 43ed 0 1 0000 0000
6 0 0 0 1 54fe 1 1 21cb ffff
6 0 1 0 1 660f 1 1 21cb ffff
6 0 0 0 1 7720 1 1 32dc ffff
6 0 0 0 1 8831 1 1 54fe ffff
6 0 0 0 0 9942 1 1 7720 ffff
6 0 0 0 1 aa53 1 1 8831 ffff
6 0 0 0 0 bb64 0 1 0000 0000
6 0 1 0 1 cc75 0 1 0000 0000
6 0 0 0 0 dd86 1 1 aa53 ffff
6 0 0 0 1 ee97 0 1 0000 0000
6 0 0 0 0 ffa8 0 1 0000 0000
6 0 0 0 1 10b9 1 1 ee97 ffff
6 0 0 1 0 21ca 0 1 0000 0000
6 0 0 0 1 32db 0 1 0000 0000
6 0 0 0 1 43ec 0 1 0000 0000
6 0 0 0 1 54fd 1 1 32db ffff
6 0 0 0 0 660e 1 1 43ec ffff
6 0 1 0 1 771f 1 1 43ec ffff
6 0 0 0 1 8830 1 1 54fd ffff
6 0 1 0 1 9941 1 1 54fd ffff
6 0 0 0 1 aa52 0 1 0000 0000
6 0 0 0 1 bb63 1 1 8830 ffff
6 0 1 0 1 cc74 1 1 8830 ffff
6 0 0 0 1 dd85 1 1 aa52 ffff
6 0 0 0 1 ee96 1 1 bb63 ffff
6 0 0 0 0 ffa7 1 1 dd85 ffff
6 0 0 0 1 10b8 1 1 ee96 ffff
6 0 0 0 1 21c9 0 1 0000 0000
6 0 0 0 1 32da 1 1 10b8 ffff
6 0 0 0 1 43eb 1 1 21c9 ffff
6 0 1 1 1 54fc 1 1 32da ffff
6 0 0 0 1 660d 0 1 0000 0000
6 0 0 0 1 771e 0 1 0000 0000
6 0 1 0 1 882f 0 1 0000 0000
6 0 0 0 0 9940 1 1 660d ffff
6 0 0 0 0 aa51 1 1 771e ffff
6 0 1 0 1 bb62 1 1 771e ffff
6 0 0 0 1 cc73 0 1 0000 0000
6 0 0 0 1 dd84 0 1 0000 0000
6 0 1 0 1 ee95 0 1 0000 0000
6 0 0 0 1 ffa6 1 1 cc73 ffff
6 0 0 0 0 10b7 1 1 dd84 ffff
6 0 0 0 1 21c8 1 1 ffa6 ffff
6 0 0 0 1 32d9 0 1 0000 0000
6 0 1 0 1 43ea 0 1 0000 0000
6 0 0 0 1 54fb 1 1 21c8 ffff
6 0 0 0 1 660c 1 1 32d9 ffff
6 0 0 0 1 771d 1 1 54fb ffff
6 0 0 0 1 882e 1 1 660c ffff
6 0 1 0 1 993f 1 1 660c ffff
6 0 0 0 0 aa50 1 1 771d ffff
6 0 0 1 1 bb61 1 1 882e ffff
6 0 1 0 1 cc72 1 1 882e ffff
6 0 1 0 0 dd83 1 1 882e ffff
6 0 0 1 1 ee94 0 1 0000 0000
6 0 0 0 1 ffa5 0 1 0000 0000
6 0 1 0 1 10b6 0 1 0000 0000
6 0 0 0 0 21c7 0 1 0000 0000
6 0 0 0 1 32d8 1 1 ffa5 ffff
6 0 0 0 1 43e9 0 1 0000 0000
6 0 1 0 1 54fa 0 1 0000 0000
6 0 0 0 0 660b 1 1 32d8 ffff
6 0 1 0 0 771c 1 1 32d8 ffff
6 0 1 0 0 882d 1 1 32d8 ffff
6 0 1 0 1 993e 1 1 32d8 ffff
6 0 0 0 0 aa4f 1 1 43e9 ffff
6 0 1 0 1 bb60 1 1 43e9 ffff
6 0 0 0 0 cc71 0 1 0000 0000
6 0 1 0 1 dd82 0 1 0000 0000
6 0 0 0 1 ee93 0 1 0000 0000
6 0 1 0 0 ffa4 0 1 0000 0000
6 0 0 0 1 10b5 0 1 0000 0000
6 0 0 0 1 21c6 1 1 ee93 ffff
6 0 0 0 1 32d7 1 1 10b5 ffff
6 0 0 0 1 43e8 1 1 21c6 ffff
6 0 1 0 1 54f9 1 1 21c6 ffff
6 0 0 1 1 660a 1 1 32d7 ffff
6 0 0 0 1 771b 0 1 0000 0000
6 0 1 0 1 882c 0 1 0000 0000
6 0 0 0 1 993d 0 1 0000 0000
6 0 0 0 1 aa4e 1 1 771b ffff
6 0 0 0 1 bb5f 1 1 993d ffff
6 0 0 0 1 cc70 1 1 aa4e ffff
6 0 0 0 1 dd81 1 1 bb5f ffff
6 0 0 0 0 ee92 1 1 cc70 ffff
6 0 0 0 1 ffa3 1 1 dd81 ffff
6 0 0 0 1 10b4 0 1 0000 0000
6 0 0 0 0 21c5 1 1 ffa3 ffff
6 0 0 0 0 32d6 1 1 10b4 ffff
6 0 0 0 1 43e7 0 1 0000 0000
6 0 0 0 1 54f8 0 1 0000 0000
6 0 0 0 1 6609 1 1 43e7 ffff
6 0 1 0 0 771a 1 1 43e7 ffff
6 0 0 0 0 882b 1 1 54f8 ffff
6 0 1 0 1 993c 1 1 54f8 ffff
6 0 0 0 1 aa4d 1 1 6609 ffff
6 0 1 0 0 bb5e 1 1 6609 ffff
6 0 0 0 1 cc6f 0 1 0000 0000
6 0 0 0 1 dd80 1 1 aa4d ffff
6 0 0 1 1 ee91 1 1 cc6f ffff
6 0 0 0 1 ffa2 0 1 0000 0000
6 0 0 0 1 10b3 0 1 0000 0000
6 0 0 0 1 21c4 1 1 ffa2 ffff
6 0 1 0 1 32d5 1 1 ffa2 ffff
6 1 0 0 1 43e6 0 1 0000 0000
6 0 0 1 1 54f7 0 1 0000 0000
6 0 1 0 1 6608 0 1 0000 0000
6 0 0 0 0 7719 0 1 0000 0000
6 0 0 0 1 882a 0 1 0000 0000
6 0 0 0 1 993b 0 1 0000 0000
6 0 0 1 1 aa4c 1 1 882a ffff
6 0 0 0 1 bb5d 0 1 0000 0000
6 0 0 0 1 cc6e 0 1 0000 0000
6 0 0 0 1 dd7f 1 1 bb5d ffff
6 0 0 0 1 ee90 1 1 cc6e ffff
6 0 1 0 0 ffa1 1 1 cc6e ffff
6 0 0 0 1 10b2 1 1 dd7f ffff
6 0 1 0 1 21c3 1 1 dd7f ffff
6 0 0 0 1 32d4 1 1 ee90 ffff
6 0 0 0 1 43e5 1 1 10b2 ffff
6 0 0 0 1 54f6 1 1 32d4 ffff
6 0 0 1 1 6607 1 1 43e5 ffff
6 0 1 0 1 7718 1 1 43e5 ffff
6 0 1 0 1 8829 1 1 43e5 ffff
6 0 0 0 1 993a 0 1 0000 0000
6 0 0 0 1 aa4b 0 1 0000 0000
6 0 0 0 0 bb5c 1 1 993a ffff
6 0 0 0 1 cc6d 1 1 aa4b ffff
6 0 0 0 0 dd7e 0 1 0000 0000
6 0 0 0 1 ee8f 1 1 cc6d ffff
6 0 0 0 1 ffa0 0 1 0000 0000
6 0 0 1 1 10b1 1 1 ee8f ffff
6 0 0 0 1 21c2 0 1 0000 0000
6 0 0 0 0 32d3 0 1 0000 0000
6 0 0 0 0 43e4 1 1 21c2 ffff
6 0 0 0 1 54f5 0 1 0000 0000
6 0 0 1 1 6606 0 1 0000 0000
6 0 1 0 1 7717 0 1 0000 0000
6 0 0 0 0 8828 0 1 0000 0000
6 0 1 0 1 9939 0 1 0000 0000
6 0 0 0 1 aa4a 0 1 0000 0000
6 0 0 0 0 bb5b 0 1 0000 0000
6 0 0 0 1 cc6c 1 1 aa4a ffff
6 0 1 0 0 dd7d 1 1 aa4a ffff
6 0 0 0 1 ee8e 0 1 0000 0000
6 0 0 0 0 ff9f 1 1 cc6c ffff
6 0 0 0 0 10b0 1 1 ee8e ffff
6 0 0 1 1 21c1 0 1 0000 0000
6 0 0 1 1 32d2 0 1 0000 0000
6 0 0 0 0 43e3 0 1 0000 0000
6 0 0 0 1 54f4 0 1 0000 0000
6 0 1 0 0 6605 0 1 0000 0000
6 0 1 0 1 7716 0 1 0000 0000
6 0 0 0 1 8827 0 1 0000 0000
6 0 0 1 0 9938 1 1 54f4 ffff
6 0 0 0 0 aa49 0 1 0000 0000
6 0 0 0 1 bb5a 0 1 0000 0000
6 0 1 0 1 cc6b 0 1 0000 0000
6 0 0 0 0 dd7c 0 1 0000 0000
6 0 0 0 1 ee8d 1 1 bb5a ffff
6 0 0 0 1 ff9e 0 1 0000 0000
6 0 0 0 1 10af 1 1 ee8d ffff
6 0 0 0 1 21c0 1 1 ff9e ffff
6 0 0 0 1 32d1 1 1 10af ffff
6 0 1 0 0 43e2 1 1 10af ffff
6 0 0 0 1 54f3 1 1 21c0 ffff
6 0 0 0 0 6604 1 1 32d1 ffff
6 0 0 0 1 7715 1 1 54f3 ffff
6 0 0 0 0 8826 0 1 0000 0000
6 0 1 0 1 9937 0 1 0000 0000
6 0 0 0 1 aa48 1 1 7715 ffff
6 0 0 0 1 bb59 0 1 0000 0000
6 0 0 0 1 cc6a 1 1 aa48 ffff
6 0 0 0 1 dd7b 1 1 bb59 ffff
6 0 0 0 1 ee8c 1 1 cc6a ffff
6 0 1 0 1 ff9d 1 1 cc6a ffff
6 0 1 0 1 10ae 1 1 cc6a ffff
6 0 0 0 1 21bf 1 1 dd7b ffff
6 0 0 0 1 32d0 1 1 ee8c ffff
6 0 0 0 1 43e1 1 1 21bf ffff
6 0 0 0 1 54f2 1 1 32d0 ffff
6 1 0 0 0 6603 0 1 0000 0000
6 0 0 0 0 7714 0 1 0000 0000
6 0 0 0 1 8825 0 1 0000 0000
6 0 0 0 0 9936 0 1 0000 0000
6 0 0 0 1 aa47 1 1 8825 ffff
6 0 0 0 1 bb58 0 1 0000 0000
6 0 0 0 1 cc69 1 1 aa47 ffff
6 0 0 0 1 dd7a 1 1 bb58 ffff
6 0 0 0 1 ee8b 1 1 cc69 ffff
6 0 0 0 1 ff9c 1 1 dd7a ffff
6 0 0 0 0 10ad 1 1 ee8b ffff
6 0 0 0 1 21be 1 1 ff9c ffff
6 0 0 0 0 32cf 0 1 0000 0000
6 0 0 0 0 43e0 1 1 21be ffff
6 0 0 1 1 54f1 0 1 0000 0000
6 0 1 0 0 6602 0 1 0000 0000
6 0 0 0 1 7713 0 1 0000 0000
6 0 0 1 1 8824 0 1 0000 0000
6 0 0 0 0 9935 0 1 0000 0000
6 0 1 0 1 aa46 0 1 0000 0000
6 0 0 0 1 bb57 0 1 0000 0000
6 0 0 0 1 cc68 0 1 0000 0000
6 1 0 0 0 dd79 0 1 0000 0000
6 0 0 0 1 ee8a 0 1 0000 0000
6 0 1 0 1 ff9b 0 1 0000 0000
6 0 0 0 0 10ac 0 1 0000 0000
6 0 1 0 1 21bd 0 1 0000 0000
6 0 0 0 1 32ce 1 1 ee8a ffff
6 0 0 0 1 43df 0 1 0000 0000
6 0 0 0 1 54f0 1 1 32ce ffff
6 0 0 1 0 6601 1 1 43df ffff
6 0 0 0 1 7712 0 1 0000 0000
6 0 0 0 1 8823 0 1 0000 0000
6 0 1 0 1 9934 0 1 0000 0000
6 0 0 0 0 aa45 1 1 7712 ffff
6 0 0 1 1 bb56 1 1 8823 ffff
6 0 1 1 1 cc67 0 1 0000 0000
6 0 0 0 1 dd78 0 1 0000 0000
6 0 0 0 1 ee89 0 1 0000 0000
6 0 0 0 0 ff9a 1 1 dd78 ffff
6 0 0 0 0 10ab 1 1 ee89 ffff
6 0 0 0 1 21bc 0 1 0000 0000
6 0 0 0 1 32cd 0 1 0000 0000
6 0 0 0 1 43de 1 1 21bc ffff
6 0 0 0 1 54ef 1 1 32cd ffff
6 0 0 0 1 6600 1 1 43de ffff
6 0 0 0 1 7711 1 1 54ef ffff
6 0 1 0 1 8822 1 1 54ef ffff
6 0 0 0 1 9933 1 1 6600 ffff
6 0 0 0 1 aa44 1 1 7711 ffff
6 0 0 0 0 bb55 1 1 9933 ffff
6 0 0 0 1 cc66 1 1 aa44 ffff
6 0 0 0 1 dd77 0 1 0000 0000
6 0 0 0 1 ee88 1 1 cc66 ffff
6 0 1 0 1 ff99 1 1 cc66 ffff
6 0 0 0 1 10aa 1 1 dd77 ffff
6 0 0 0 1 21bb 1 1 ee88 ffff
6 0 0 0 1 32cc 1 1 10aa ffff
6 0 0 0 1 43dd 1 1 21bb ffff
6 0 1 0 1 54ee 1 1 21bb ffff
6 0 1 0 1 65ff 1 1 21bb ffff
6 0 0 0 1 7710 1 1 32cc ffff
6 0 0 0 1 8821 1 1 43dd ffff
6 0 0 0 1 9932 1 1 7710 ffff
6 0 0 1 1 aa43 1 1 8821 ffff
6 0 0 1 1 bb54 0 1 0000 0000
6 0 0 0 1 cc65 0 1 0000 0000
6 0 0 0 1 dd76 0 1 0000 0000
6 1 0 0 1 ee87 0 1 0000 0000
6 0 1 0 1 ff98 0 1 0000 0000
6 0 0 0 1 10a9 0 1 0000 0000
6 0 0 0 1 21ba 0 1 0000 0000
6 0 1 0 1 32cb 0 1 0000 0000
6 0 0 0 1 43dc 1 1 10a9 ffff
6 0 1 0 1 54ed 1 1 10a9 ffff
6 0 1 1 0 65fe 1 1 21ba ffff
6 0 0 0 0 770f 0 1 0000 0000
6 0 0 0 1 8820 0 1 0000 0000
6 0 0 0 1 9931 0 1 0000 0000
6 0 1 0 1 aa42 0 1 0000 0000
6 0 0 0 1 bb53 1 1 8820 ffff
6 0 0 0 1 cc64 1 1 9931 ffff
6 0 0 0 1 dd75 1 1 bb53 ffff
6 0 1 0 1 ee86 1 1 bb53 ffff
6 0 1 0 1 ff97 1 1 bb53 ffff
6 0 0 0 1 10a8 1 1 cc64 ffff
6 0 0 0 1 21b9 1 1 dd75 ffff
6 0 0 1 1 32ca 1 1 10a8 ffff
6 0 0 0 1 43db 0 1 0000 0000
6 0 0 0 0 54ec 0 1 0000 0000
6 0 0 0 1 65fd 1 1 43db ffff
6 0 0 0 1 770e 0 1 0000 0000
6 0 1 0 1 881f 0 1 0000 0000
6 0 1 1 0 9930 1 1 65fd ffff
6 0 0 0 1 aa41 0 1 0000 0000
6 0 0 0 1 bb52 0 1 0000 0000
6 0 1 1 0 cc63 1 1 aa41 ffff
6 0 0 0 1 dd74 0 1 0000 0000
6 0 0 0 1 ee85 0 1 0000 0000
6 0 0 1 1 ff96 1 1 dd74 ffff
6 0 0 0 1 10a7 0 1 0000 0000
6 0 0 0 0 21b8 0 1 0000 0000
6 0 0 0 1 32c9 1 1 10a7 ffff
6 0 0 0 1 43da 0 1 0000 0000
6 0 0 0 1 54eb 1 1 32c9 ffff
6 0 1 0 1 65fc 1 1 32c9 ffff
6 0 0 0 1 770d 1 1 43da ffff
6 0 0 0 1 881e 1 1 54eb ffff
6 0 0 0 0 992f 1 1 770d ffff
6 0 0 1 1 aa40 1 1 881e ffff
6 0 0 0 1 bb51 0 1 0000 0000
6 0 0 0 1 cc62 0 1 0000 0000
6 0 0 0 1 dd73 1 1 bb51 ffff
6 0 0 0 1 ee84 1 1 cc62 ffff
6 0 0 0 1 ff95 1 1 dd73 ffff
6 0 0 0 1 10a6 1 1 ee84 ffff
6 0 0 0 1 21b7 1 1 ff95 ffff
6 0 0 0 1 32c8 1 1 10a6 ffff
6 0 0 0 1 43d9 1 1 21b7 ffff
6 0 0 0 1 54ea 1 1 32c8 ffff
6 0 0 0 1 65fb 1 1 43d9 ffff
6 0 0 0 1 770c 1 1 54ea ffff
6 0 0 0 0 881d 1 1 65fb ffff
6 0 0 0 1 992e 1 1 770c ffff
6 0 0 1 0 aa3f 0 1 0000 0000
6 0 0 0 1 bb50 0 1 0000 0000
6 0 0 0 1 cc61 0 1 0000 0000
6 0 0 0 1 dd72 1 1 bb50 ffff
6 0 0 0 0 ee83 1 1 cc61 ffff
6 0 0 0 0 ff94 1 1 dd72 ffff
6 0 0 0 1 10a5 0 1 0000 0000
6 0 0 0 1 21b6 0 1 0000 0000
6 0 1 0 1 32c7 0 1 0000 0000
6 0 0 0 1 43d8 1 1 10a5 ffff
6 0 1 0 1 54e9 1 1 10a5 ffff
6 0 0 0 0 65fa 1 1 21b6 ffff
6 0 0 0 1 770b 1 1 43d8 ffff
6 0 0 0 1 881c 0 1 0000 0000
6 0 1 1 1 992d 1 1 770b ffff
6 0 1 0 1 aa3e 1 1 770b ffff
6 0 0 0 1 bb4f 0 1 0000 0000
6 0 1 0 1 cc60 0 1 0000 0000
6 0 0 0 1 dd71 0 1 0000 0000
6 0 1 0 1 ee82 0 1 0000 0000
6 0 0 0 1 ff93 1 1 bb4f ffff
6 0 0 0 1 10a4 1 1 dd71 ffff
6 0 0 0 1 21b5 1 1 ff93 ffff
6 0 0 0 1 32c6 1 1 10a4 ffff
6 0 0 0 0 43d7 1 1 21b5 ffff
6 0 0 0 0 54e8 1 1 32c6 ffff
6 0 0 0 1 65f9 0 1 0000 0000
6 0 0 0 1 770a 0 1 0000 0000
6 0 0 0 1 881b 1 1 65f9 ffff
6 0 0 0 1 992c 1 1 770a ffff
6 0 1 0 1 aa3d 1 1 770a ffff
6 0 1 0 1 bb4e 1 1 770a ffff
6 0 0 0 0 cc5f 1 1 881b ffff
6 0 0 0 1 dd70 1 1 992c ffff
6 0 0 0 1 ee81 0 1 0000 0000
6 0 0 0 1 ff92 1 1 dd70 ffff
6 0 1 0 0 10a3 1 1 dd70 ffff
6 0 0 0 1 21b4 1 1 ee81 ffff
6 0 0 1 0 32c5 1 1 ff92 ffff
6 0 0 0 1 43d6 0 1 0000 0000
6 0 0 0 1 54e7 0 1 0000 0000
6 0 1 0 1 65f8 0 1 0000 0000
6 0 0 0 0 7709 1 1 43d6 ffff
6 1 0 0 1 881a 0 1 0000 0000
6 0 1 0 0 992b 0 1 0000 0000
6 0 0 0 0 aa3c 0 1 0000 0000
6 0 0 0 1 bb4d 0 1 0000 0000
6 0 0 0 1 cc5e 0 1 0000 0000
6 0 1 0 1 dd6f 0 1 0000 0000
6 0 1 0 1 ee80 0 1 0000 0000
6 0 0 0 1 ff91 1 1 bb4d ffff
6 0 0 0 1 10a2 1 1 cc5e ffff
6 0 0 0 1 21b3 1 1 ff91 ffff
6 0 0 0 1 32c4 1 1 10a2 ffff
6 0 0 0 0 43d5 1 1 21b3 ffff
6 0 0 0 1 54e6 1 1 32c4 ffff
6 0 0 0 0 65f7 0 1 0000 0000
6 0 0 0 1 7708 1 1 54e6 ffff
6 0 0 0 0 8819 0 1 0000 0000
6 0 0 0 1 992a 1 1 7708 ffff
6 0 1 0 0 aa3b 1 1 7708 ffff
6 0 0 0 1 bb4c 0 1 0000 0000
6 0 0 0 1 cc5d 1 1 992a ffff
6 0 0 0 1 dd6e 1 1 bb4c ffff
6 0 1 0 1 ee7f 1 1 bb4c ffff
6 0 0 1 1 ff90 1 1 cc5d ffff
6 0 1 0 1 10a1 1 1 cc5d ffff
6 0 0 0 1 21b2 0 1 0000 0000
6 0 0 0 1 32c3 0 1 0000 0000
6 0 0 0 1 43d4 1 1 21b2 ffff
6 0 0 0 1 54e5 1 1 32c3 ffff
6 0 0 0 1 65f6 1 1 43d4 ffff
6 0 1 0 1 7707 1 1 43d4 ffff
6 0 0 0 1 8818 1 1 54e5 ffff
6 0 0 0 1 9929 1 1 65f6 ffff
6 0 0 0 1 aa3a 1 1 8818 ffff
6 0 0 0 1 bb4b 1 1 9929 ffff
6 0 1 0 1 cc5c 1 1 9929 ffff
6 0 0 0 1 dd6d 1 1 aa3a ffff
6 0 1 0 1 ee7e 1 1 aa3a ffff
6 0 0 0 1 ff8f 1 1 bb4b ffff
6 0 0 1 1 10a0 1 1 dd6d ffff
6 0 0 1 1 21b1 0 1 0000 0000
6 0 0 0 1 32c2 0 1 0000 0000
6 0 0 0 1 43d3 0 1 0000 0000
6 0 0 0 1 54e4 1 1 32c2 ffff
6 0 0 0 1 65f5 1 1 43d3 ffff
6 0 0 0 1 7706 1 1 54e4 ffff
6 0 0 0 1 8817 1 1 65f5 ffff
6 0 0 0 0 9928 1 1 7706 ffff
6 0 0 0 1 aa39 1 1 8817 ffff
6 0 0 0 1 bb4a 0 1 0000 0000
6 0 0 1 0 cc5b 1 1 aa39 ffff
6 0 0 1 1 dd6c 0 1 0000 0000
6 0 1 0 1 ee7d 0 1 0000 0000
6 0 0 0 1 ff8e 0 1 0000 0000
6 0 0 0 1 109f 0 1 0000 0000
6 0 0 0 0 21b0 1 1 ff8e ffff
6 0 0 0 1 32c1 1 1 109f ffff
6 0 1 0 0 43d2 1 1 109f ffff
6 0 1 0 1 54e3 1 1 109f ffff
6 0 0 0 1 65f4 0 1 0000 0000
6 0 1 0 0 7705 0 1 0000 0000
6 0 0 0 1 8816 1 1 32c1 ffff
6 0 0 0 1 9927 1 1 65f4 ffff
6 0 0 0 1 aa38 1 1 8816 ffff
6 0 0 0 0 bb49 1 1 9927 ffff
6 0 0 1 1 cc5a 1 1 aa38 ffff
6 0 0 0 0 dd6b 0 1 0000 0000
6 0 0 0 1 ee7c 0 1 0000 0000
6 0 0 0 1 ff8d 0 1 0000 0000
6 0 0 0 0 109e 1 1 ee7c ffff
6 0 0 0 1 21af 1 1 ff8d ffff
6 0 0 0 1 32c0 0 1 0000 0000
6 0 0 0 1 43d1 1 1 21af ffff
6 0 0 0 1 54e2 1 1 32c0 ffff
6 0 1 0 0 65f3 1 1 32c0 ffff
6 0 1 0 1 7704 1 1 32c0 ffff
6 0 0 0 1 8815 1 1 43d1 ffff
6 0 0 0 1 9926 1 1 54e2 ffff
6 0 0 0 0 aa37 1 1 8815 ffff
6 0 0 0 1 bb48 1 1 9926 ffff
6 0 0 0 1 cc59 0 1 0000 0000
6 0 0 0 1 dd6a 1 1 bb48 ffff
6 0 0 0 1 ee7b 1 1 cc59 ffff
6 0 1 0 1 ff8c 1 1 cc59 ffff
6 0 0 0 1 109d 1 1 dd6a ffff
6 0 1 0 1 21ae 1 1 dd6a ffff
6 0 0 1 1 32bf 1 1 ee7b ffff
6 0 0 0 1 43d0 0 1 0000 0000
6 0 1 0 1 54e1 0 1 0000 0000
6 0 1 0 1 65f2 0 1 0000 0000
6 0 0 0 1 7703 0 1 0000 0000
6 0 1 1 0 8814 1 1 43d0 ffff
6 0 0 0 0 9925 0 1 0000 0000
6 0 1 0 0 aa36 0 1 0000 0000
6 0 0 0 1 bb47 0 1 0000 0000
6 0 0 0 1 cc58 0 1 0000 0000
6 0 0 0 1 dd69 1 1 bb47 ffff
6 0 0 0 0 ee7a 1 1 cc58 ffff
6 0 0 0 0 ff8b 1 1 dd69 ffff
6 0 0 0 0 109c 0 1 0000 0000
6 0 0 1 1 21ad 0 1 0000 0000
6 0 0 0 1 32be 0 1 0000 0000
6 0 0 0 1 43cf 0 1 0000 0000
6 0 0 0 1 54e0 1 1 32be ffff
6 0 0 0 1 65f1 1 1 43cf ffff
6 0 0 0 1 7702 1 1 54e0 ffff
6 0 0 0 1 8813 1 1 65f1 ffff
6 0 1 0 0 9924 1 1 65f1 ffff
6 0 0 0 1 aa35 1 1 7702 ffff
6 0 0 0 0 bb46 1 1 8813 ffff
6 0 0 0 1 cc57 1 1 aa35 ffff
6 0 0 1 1 dd68 0 1 0000 0000
6 0 1 0 1 ee79 0 1 0000 0000
6 0 0 0 0 ff8a 0 1 0000 0000
6 0 0 0 0 109b 0 1 0000 0000
6 0 0 0 1 21ac 0 1 0000 0000
6 0 0 0 1 32bd 0 1 0000 0000
6 0 1 0 0 43ce 0 1 0000 0000
6 0 0 0 1 54df 1 1 21ac ffff
6 0 0 0 0 65f0 1 1 32bd ffff
6 0 0 0 1 7701 1 1 54df ffff
6 0 0 0 1 8812 0 1 0000 0000
6 0 0 1 0 9923 1 1 7701 ffff
6 0 0 1 1 aa34 0 1 0000 0000
6 0 1 0 1 bb45 0 1 0000 0000
6 0 1 0 1 cc56 0 1 0000 0000
6 0 0 0 1 dd67 0 1 0000 0000
6 0 1 0 1 ee78 0 1 0000 0000
6 0 1 0 1 ff89 0 1 0000 0000
6 0 0 1 1 109a 0 1 0000 0000
6 0 0 0 1 21ab 0 1 0000 0000
6 0 1 1 1 32bc 0 1 0000 0000
6 0 0 0 1 43cd 0 1 0000 0000
6 0 0 0 1 54de 0 1 0000 0000
6 0 1 0 1 65ef 0 1 0000 0000
6 0 0 0 1 7700 1 1 43cd ffff
6 0 0 0 1 8811 1 1 54de ffff
6 0 0 0 1 9922 1 1 7700 ffff
6 0 0 0 1 aa33 1 1 8811 ffff
6 0 0 0 0 bb44 1 1 9922 ffff
6 0 0 1 1 cc55 1 1 aa33 ffff
6 0 0 0 1 dd66 0 1 0000 0000
6 0 1 0 1 ee77 0 1 0000 0000
6 0 0 0 1 ff88 0 1 0000 0000
6 0 0 0 1 1099 1 1 dd66 ffff
6 0 0 1 1 21aa 1 1 ff88 ffff
6 0 0 0 1 32bb 0 1 0000 0000
6 0 0 0 1 43cc 0 1 0000 0000
6 0 0 0 1 54dd 1 1 32bb ffff
6 0 0 0 1 65ee 1 1 43cc ffff
6 0 1 0 1 76ff 1 1 43cc ffff
6 0 0 0 1 8810 1 1 54dd ffff
6 0 1 0 1 9921 1 1 54dd ffff
6 0 0 0 0 aa32 1 1 65ee ffff
6 0 0 0 1 bb43 1 1 8810 ffff
6 1 0 0 1 cc54 0 1 0000 0000
6 0 1 0 1 dd65 0 1 0000 0000
6 0 0 0 1 ee76 0 1 0000 0000
6 0 0 0 1 ff87 0 1 0000 0000
6 0 0 0 1 1098 1 1 ee76 ffff
6 0 0 0 1 21a9 1 1 ff87 ffff
6 0 0 0 1 32ba 1 1 1098 ffff
6 0 0 0 1 43cb 1 1 21a9 ffff
6 0 0 0 1 54dc 1 1 32ba ffff
6 0 0 1 1 65ed 1 1 43cb ffff
6 0 0 0 0 76fe 0 1 0000 0000
6 0 0 0 1 880f 0 1 0000 0000
6 0 0 0 1 9920 0 1 0000 0000
6 0 0 1 1 aa31 1 1 880f ffff
6 0 0 0 1 bb42 0 1 0000 0000
6 0 0 0 1 cc53 0 1 0000 0000
6 0 0 1 0 dd64 1 1 bb42 ffff
6 0 0 0 0 ee75 0 1 0000 0000
6 0 0 0 1 ff86 0 1 0000 0000
6 0 0 0 1 1097 0 1 0000 0000
6 0 0 0 1 21a8 1 1 ff86 ffff
6 0 1 0 1 32b9 1 1 ff86 ffff
6 0 0 0 1 43ca 1 1 1097 ffff
6 0 0 0 1 54db 1 1 21a8 ffff
6 0 0 0 1 65ec 1 1 43ca ffff
6 0 0 1 1 76fd 1 1 54db ffff
6 0 0 0 1 880e 0 1 0000 0000
6 0 0 0 0 991f 0 1 0000 0000
6 0 0 0 1 aa30 1 1 880e ffff
6 0 0 0 1 bb41 0 1 0000 0000
6 0 1 0 1 cc52 0 1 0000 0000
6 0 0 0 0 dd63 1 1 aa30 ffff
6 0 0 0 0 ee74 1 1 bb41 ffff
6 0 0 0 1 ff85 0 1 0000 0000
6 0 1 0 0 1096 0 1 0000 0000
6 0 0 0 1 21a7 0 1 0000 0000
6 0 1 0 1 32b8 0 1 0000 0000
6 0 1 0 1 43c9 0 1 0000 0000
6 0 0 0 1 54da 1 1 ff85 ffff
6 0 0 0 1 65eb 1 1 21a7 ffff
6 0 0 0 1 76fc 1 1 54da ffff
6 0 0 0 1 880d 1 1 65eb ffff
6 0 0 0 0 991e 1 1 76fc ffff
6 0 0 0 1 aa2f 1 1 880d ffff
6 0 1 1 1 bb40 0 1 0000 0000
6 0 0 0 1 cc51 0 1 0000 0000
6 0 0 0 1 dd62 0 1 0000 0000
6 0 0 0 1 ee73 1 1 cc51 ffff
6 0 1 0 1 ff84 1 1 cc51 ffff
6 0 0 0 1 1095 1 1 dd62 ffff
6 0 0 0 0 21a6 1 1 ee73 ffff
6 0 0 0 0 32b7 1 1 1095 ffff
6 0 0 0 1 43c8 0 1 0000 0000
6 0 0 1 1 54d9 0 1 0000 0000
6 0 0 0 1 65ea 0 1 0000 0000
6 0 0 0 1 76fb 0 1 0000 0000
6 0 0 0 1 880c 1 1 65ea ffff
6 0 1 0 0 991d 1 1 65ea ffff
6 0 0 0 1 aa2e 1 1 76fb ffff
6 0 0 1 1 bb3f 1 1 880c ffff
6 0 0 0 1 cc50 0 1 0000 0000
6 0 0 0 1 dd61 0 1 0000 0000
6 0 1 0 1 ee72 0 1 0000 0000
6 0 1 0 1 ff83 0 1 0000 0000
6 0 0 0 0 1094 1 1 cc50 ffff
6 0 0 0 1 21a5 1 1 dd61 ffff
6 0 0 1 0 32b6 0 1 0000 0000
6 0 1 0 1 43c7 0 1 0000 0000
6 0 1 0 1 54d8 0 1 0000 0000
6 0 1 0 1 65e9 0 1 0000 0000
6 0 0 0 1 76fa 0 1 0000 0000
6 0 1 0 1 880b 0 1 0000 0000
6 0 0 0 0 991c 0 1 0000 0000
6 0 0 0 1 aa2d 1 1 76fa ffff
6 0 0 1 1 bb3e 0 1 0000 0000
6 0 0 0 1 cc4f 0 1 0000 0000
6 0 1 0 1 dd60 0 1 0000 0000
6 0 0 0 0 ee71 0 1 0000 0000
6 0 0 0 0 ff82 1 1 cc4f ffff
6 0 0 0 1 1093 0 1 0000 0000
6 0 0 0 1 21a4 0 1 0000 0000
6 0 0 0 1 32b5 1 1 1093 ffff
6 0 0 0 1 43c6 1 1 21a4 ffff
6 0 1 0 1 54d7 1 1 21a4 ffff
6 0 0 0 1 65e8 1 1 32b5 ffff
6 0 0 0 0 76f9 1 1 43c6 ffff
6 0 0 0 1 880a 1 1 65e8 ffff
6 0 1 0 0 991b 1 1 65e8 ffff
6 0 0 0 1 aa2c 0 1 0000 0000
6 0 1 0 1 bb3d 0 1 0000 0000
6 0 1 0 1 cc4e 0 1 0000 0000
6 0 0 0 1 dd5f 1 1 880a ffff
6 0 0 1 1 ee70 1 1 aa2c ffff
6 0 0 0 1 ff81 0 1 0000 0000
6 0 1 1 1 1092 0 1 0000 0000
6 0 1 0 1 21a3 0 1 0000 0000
6 0 0 0 1 32b4 0 1 0000 0000
6 0 0 1 1 43c5 0 1 0000 0000
6 0 1 1 1 54d6 0 1 0000 0000
6 0 0 0 1 65e7 0 1 0000 0000
6 0 1 0 1 76f8 0 1 0000 0000
6 0 0 0 0 8809 0 1 0000 0000
6 0 1 0 0 991a 0 1 0000 0000
6 0 0 0 1 aa2b 1 1 65e7 ffff
6 0 0 0 1 bb3c 0 1 0000 0000
6 0 0 0 0 cc4d 1 1 aa2b ffff
6 0 0 0 1 dd5e 1 1 bb3c ffff
6 0 0 0 1 ee6f 0 1 0000 0000
6 0 0 0 1 ff80 1 1 dd5e ffff
6 0 0 0 1 1091 1 1 ee6f ffff
6 0 0 0 1 21a2 1 1 ff80 ffff
6 0 0 0 1 32b3 1 1 1091 ffff
6 0 0 0 0 43c4 1 1 21a2 ffff
6 0 0 1 1 54d5 1 1 32b3 ffff
6 0 0 0 1 65e6 0 1 0000 0000
6 0 1 0 1 76f7 0 1 0000 0000
6 0 0 0 1 8808 0 1 0000 0000
6 0 0 0 0 9919 1 1 65e6 ffff
6 0 0 0 1 aa2a 1 1 8808 ffff
6 0 0 0 1 bb3b 0 1 0000 0000
6 0 0 0 1 cc4c 1 1 aa2a ffff
6 0 0 0 1 dd5d 1 1 bb3b ffff
6 0 0 1 1 ee6e 1 1 cc4c ffff
6 0 0 0 1 ff7f 0 1 0000 0000
6 0 0 0 1 1090 0 1 0000 0000
6 0 0 0 1 21a1 1 1 ff7f ffff
6 0 0 0 1 32b2 1 1 1090 ffff
6 0 0 0 1 43c3 1 1 21a1 ffff
6 0 0 0 1 54d4 1 1 32b2 ffff
6 0 0 0 0 65e5 1 1 43c3 ffff
6 0 0 1 0 76f6 1 1 54d4 ffff
6 0 0 0 1 8807 0 1 0000 0000
6 0 0 0 1 9918 0 1 0000 0000
6 0 0 0 1 aa29 1 1 8807 ffff
6 0 0 0 1 bb3a 1 1 9918 ffff
6 0 1 0 1 cc4b 1 1 9918 ffff
6 0 0 0 1 dd5c 1 1 aa29 ffff
6 0 0 0 1 ee6d 1 1 bb3a ffff
6 0 0 1 1 ff7e 1 1 dd5c ffff
6 0 0 0 0 108f 0 1 0000 0000
6 0 0 0 1 21a0 0 1 0000 0000
6 0 0 0 1 32b1 0 1 0000 0000
6 0 0 0 0 43c2 1 1 21a0 ffff
6 0 0 0 0 54d3 1 1 32b1 ffff
6 0 0 0 1 65e4 0 1 0000 0000
6 0 1 0 1 76f5 0 1 0000 0000
6 0 0 0 1 8806 0 1 0000 0000
6 0 0 0 1 9917 1 1 65e4 ffff
6 0 1 0 0 aa28 1 1 65e4 ffff
6 0 0 0 0 bb39 1 1 8806 ffff
6 0 1 0 0 cc4a 1 1 8806 ffff
6 0 0 0 1 dd5b 1 1 9917 ffff
6 0 1 0 1 ee6c 1 1 9917 ffff
6 0 0 0 1 ff7d 0 1 0000 0000
6 0 0 0 1 108e 1 1 dd5b ffff
6 0 0 0 1 219f 1 1 ff7d ffff
6 0 0 0 1 32b0 1 1 108e ffff
6 0 0 0 1 43c1 1 1 219f ffff
6 0 0 0 1 54d2 1 1 32b0 ffff
6 0 0 0 1 65e3 1 1 43c1 ffff
6 0 0 0 1 76f4 1 1 54d2 ffff
6 0 1 0 1 8805 1 1 54d2 ffff
6 0 0 0 1 9916 1 1 65e3 ffff
6 0 1 0 0 aa27 1 1 65e3 ffff
6 0 0 0 1 bb38 1 1 76f4 ffff
6 0 0 0 0 cc49 1 1 9916 ffff
6 0 0 0 1 dd5a 1 1 bb38 ffff
6 0 0 1 1 ee6b 0 1 0000 0000
6 0 0 0 1 ff7c 0 1 0000 0000
6 0 0 0 1 108d 0 1 0000 0000
6 0 0 0 1 219e 1 1 ff7c ffff
6 0 1 0 0 32af 1 1 ff7c ffff
6 0 0 0 0 43c0 1 1 108d ffff
6 0 0 0 1 54d1 1 1 219e ffff
6 0 0 0 1 65e2 0 1 0000 0000
6 0 0 0 1 76f3 1 1 54d1 ffff
6 0 0 0 1 8804 1 1 65e2 ffff
6 0 0 0 1 9915 1 1 76f3 ffff
6 0 0 0 1 aa26 1 1 8804 ffff
6 0 0 0 1 bb37 1 1 9915 ffff
6 0 0 0 1 cc48 1 1 aa26 ffff
6 0 0 0 1 dd59 1 1 bb37 ffff
6 0 0 0 1 ee6a 1 1 cc48 ffff
6 0 0 0 1 ff7b 1 1 dd59 ffff
6 0 1 0 1 108c 1 1 dd59 ffff
6 0 0 0 1 219d 1 1 ee6a ffff
6 0 0 0 0 32ae 1 1 ff7b ffff
6 0 0 0 1 43bf 1 1 219d ffff
6 0 0 0 1 54d0 0 1 0000 0000
6 0 0 0 1 65e1 1 1 43bf ffff
6 0 0 1 1 76f2 1 1 54d0 ffff
6 0 1 0 1 8803 1 1 54d0 ffff
6 0 1 0 1 9914 1 1 54d0 ffff
6 0 1 0 1 aa25 1 1 54d0 ffff
6 0 0 0 1 bb36 0 1 0000 0000
6 0 0 0 1 cc47 0 1 0000 0000
6 0 0 0 1 dd58 1 1 bb36 ffff
6 0 0 0 1 ee69 1 1 cc47 ffff
6 0 1 0 1 ff7a 1 1 cc47 ffff
6 0 0 0 1 108b 1 1 dd58 ffff
6 0 0 0 1 219c 1 1 ee69 ffff
6 0 0 0 1 32ad 1 1 108b ffff
6 0 0 0 1 43be 1 1 219c ffff
6 0 0 0 1 54cf 1 1 32ad ffff
6 0 1 1 1 65e0 1 1 43be ffff
6 0 1 0 1 76f1 1 1 43be ffff
6 0 0 0 1 8802 0 1 0000 0000
6 0 0 1 1 9913 0 1 0000 0000
6 0 0 0 1 aa24 0 1 0000 0000
6 0 0 0 1 bb35 0 1 0000 0000
6 0 1 0 1 cc46 0 1 0000 0000
6 0 0 0 1 dd57 1 1 aa24 ffff
6 0 0 0 1 ee68 1 1 bb35 ffff
6 0 1 0 1 ff79 1 1 bb35 ffff
6 0 1 0 1 108a 1 1 bb35 ffff
6 0 1 0 0 219b 1 1 bb35 ffff
6 0 0 0 1 32ac 1 1 dd57 ffff
6 0 0 0 1 43bd 1 1 ee68 ffff
6 0 0 0 1 54ce 1 1 32ac ffff
6 0 0 0 0 65df 1 1 43bd ffff
6 0 0 0 1 76f0 1 1 54ce ffff
6 0 0 0 1 8801 0 1 0000 0000
6 0 0 0 1 9912 1 1 76f0 ffff
6 0 0 0 1 aa23 1 1 8801 ffff
6 0 1 0 1 bb34 1 1 8801 ffff
6 0 0 0 1 cc45 1 1 9912 ffff
6 0 0 0 1 dd56 1 1 aa23 ffff
6 0 0 0 1 ee67 1 1 cc45 ffff
