0 1 1 0 0 0 00 ff
0 0 1 0 0 1 01 ff
0 0 1 0 0 1 02 ff
0 0 1 0 0 1 03 ff
0 0 1 0 0 1 04 ff
0 0 1 0 0 1 05 ff
0 0 1 1 0 0 05 ff
0 0 0 0 0 0 00 ff
0 0 0 0 0 0 00 ff
0 0 0 0 0 0 00 ff
0 0 1 0 0 0 00 ff
0 0 1 0 1 0 05 ff
0 0 1 0 0 0 05 ff
1 0 1 1 0 0 05 ff
1 0 0 0 0 0 00 ff
1 0 0 1 0 0 00 ff
1 0 1 0 0 0 00 ff
1 0 1 0 1 0 05 ff
1 0 1 0 0 0 05 ff
2 0 1 1 0 1 06 ff
2 0 0 0 0 1 00 ff
2 0 1 0 1 1 05 ff
2 0 1 0 0 1 06 ff
3 0 0 0 0 0 00 ff
3 0 0 0 0 1 00 ff
4 0 1 1 0 1 01 ff
4 0 1 1 0 1 02 ff
4 0 1 0 0 1 03 ff
4 0 1 0 0 0 03 ff
4 0 1 0 0 1 04 ff
4 0 1 0 0 1 05 ff
4 0 0 0 0 0 00 ff
4 0 1 0 0 1 01 ff
4 0 1 0 0 1 02 ff
4 0 1 0 0 1 03 ff
4 0 1 0 0 0 03 ff
4 0 1 0 0 1 04 ff
4 0 1 0 1 1 01 ff
4 0 1 0 0 1 02 ff
4 0 1 0 0 1 03 ff
4 0 0 0 0 1 00 ff
4 0 1 0 0 0 00 ff
4 0 1 0 0 0 00 ff
4 0 1 0 0 0 00 ff
4 0 1 0 0 1 01 ff
4 0 1 0 0 0 01 ff
4 0 1 0 0 0 01 ff
4 0 0 0 0 0 00 ff
4 0 1 0 0 0 00 ff
4 0 1 0 0 0 00 ff
4 0 0 0 0 1 00 ff
4 0 1 1 0 0 00 ff
4 0 1 0 0 1 01 ff
4 0 1 0 1 0 00 ff
4 0 1 0 0 0 00 ff
4 0 1 0 0 1 01 ff
4 0 1 0 0 0 01 ff
4 0 1 0 0 0 01 ff
4 0 1 0 0 0 01 ff
4 0 1 0 0 0 01 ff
4 0 1 1 0 0 01 ff
4 0 1 0 0 1 02 ff
4 0 1 0 0 1 03 ff
4 0 1 0 0 0 03 ff
4 0 1 0 0 1 04 ff
4 0 0 0 0 0 00 ff
4 0 1 0 0 0 00 ff
4 0 1 0 0 1 01 ff
4 0 1 0 0 0 01 ff
4 0 1 0 0 0 01 ff
4 0 0 0 0 0 00 ff
4 0 1 0 0 1 01 ff
4 0 1 0 0 0 01 ff
4 0 1 0 0 0 01 ff
4 0 1 0 0 0 01 ff
4 0 1 0 0 0 01 ff
4 0 1 0 0 0 01 ff
4 0 1 0 0 0 01 ff
4 0 1 0 0 1 02 ff
4 0 1 0 0 0 02 ff
4 0 0 0 0 0 00 ff
4 0 1 0 0 1 01 ff
4 0 1 0 0 0 01 ff
4 0 1 0 0 0 01 ff
4 0 1 0 0 0 01 ff
4 0 0 0 0 1 00 ff
4 0 1 0 1 0 01 ff
4 0 1 0 0 0 01 ff
4 0 1 0 0 0 01 ff
4 0 0 0 0 0 00 ff
4 0 1 0 0 1 01 ff
4 0 1 0 0 1 02 ff
4 0 1 0 0 1 03 ff
4 0 1 0 0 0 03 ff
4 0 1 0 0 1 04 ff
4 0 1 0 0 0 04 ff
4 0 1 1 0 0 04 ff
4 0 0 0 0 0 00 ff
4 0 1 0 0 1 01 ff
4 0 1 0 0 0 01 ff
4 0 0 1 0 1 00 ff
4 0 1 0 0 1 01 ff
4 0 1 0 0 1 02 ff
4 0 1 0 0 0 02 ff
4 0 1 0 0 1 03 ff
4 0 1 0 0 0 03 ff
4 0 1 0 0 1 04 ff
4 0 1 0 0 1 05 ff
4 0 0 0 0 0 00 ff
4 0 0 0 0 0 00 ff
4 0 1 0 0 0 00 ff
4 0 0 0 0 1 00 ff
4 0 1 0 0 0 00 ff
4 0 1 0 0 1 01 ff
4 0 1 0 0 1 02 ff
4 0 1 0 0 1 03 ff
4 0 1 0 0 0 03 ff
4 0 1 0 0 0 03 ff
4 0 1 0 0 0 03 ff
4 0 1 0 0 1 04 ff
4 0 1 0 1 0 04 ff
4 0 0 1 0 0 00 ff
4 0 1 0 0 1 01 ff
4 0 1 0 0 0 01 ff
4 0 1 0 1 1 04 ff
4 0 1 0 0 0 04 ff
4 0 1 0 0 1 05 ff
4 0 0 0 0 1 00 ff
4 0 1 0 0 0 00 ff
4 0 1 0 0 1 01 ff
4 0 1 0 1 0 04 ff
4 0 0 0 0 1 00 ff
4 0 0 0 0 1 00 ff
4 0 0 0 0 0 00 ff
4 0 1 0 0 0 00 ff
4 0 1 0 0 0 00 ff
4 0 1 0 0 0 00 ff
4 0 0 0 0 1 00 ff
4 0 1 0 0 0 00 ff
4 0 0 0 0 0 00 ff
4 0 1 0 0 0 00 ff
4 0 0 0 0 1 00 ff
4 0 1 0 0 1 01 ff
4 0 1 0 0 0 01 ff
4 0 0 0 0 0 00 ff
4 0 1 0 0 0 00 ff
4 0 1 0 0 0 00 ff
4 0 0 0 0 1 00 ff
4 0 1 0 0 0 00 ff
4 0 1 0 0 1 01 ff
4 0 1 0 0 0 01 ff
4 0 1 0 0 0 01 ff
4 0 0 0 1 1 00 ff
4 0 1 0 0 1 01 ff
4 0 1 0 1 0 04 ff
4 0 1 0 0 1 05 ff
4 0 0 1 0 0 00 ff
4 0 0 0 0 1 00 ff
4 0 1 0 0 0 00 ff
4 0 1 0 0 1 01 ff
4 0 1 0 0 1 02 ff
4 0 0 0 0 0 00 ff
4 0 1 0 0 1 01 ff
4 0 1 0 0 0 01 ff
4 0 1 0 0 1 02 ff
4 0 1 0 0 0 02 ff
4 0 0 0 0 0 00 ff
4 0 1 0 0 0 00 ff
4 0 0 0 0 0 00 ff
4 0 1 0 0 1 01 ff
4 0 0 0 0 1 00 ff
4 0 1 0 1 1 04 ff
4 0 1 0 0 1 05 ff
4 0 1 0 0 0 05 ff
4 0 1 0 0 1 06 ff
4 0 1 0 0 0 06 ff
4 0 1 0 0 0 06 ff
4 0 1 0 0 1 07 ff
4 0 0 0 0 1 00 ff
4 0 1 0 0 0 00 ff
4 0 1 0 0 1 01 ff
4 0 1 0 0 1 02 ff
4 0 1 0 1 0 04 ff
4 0 1 0 1 0 04 ff
4 0 1 0 0 0 04 ff
4 0 1 1 0 1 05 ff
4 0 1 0 0 0 05 ff
4 0 1 0 0 0 05 ff
4 0 1 0 0 1 06 ff
4 0 1 0 0 1 07 ff
4 0 0 0 0 0 00 ff
4 0 1 0 0 1 01 ff
4 0 1 0 0 1 02 ff
4 0 1 0 0 1 03 ff
4 0 1 0 0 1 04 ff
4 0 1 0 0 1 05 ff
4 0 1 0 0 1 06 ff
4 0 1 0 1 0 04 ff
4 0 1 0 0 1 05 ff
4 0 1 0 0 1 06 ff
4 0 1 0 0 0 06 ff
4 0 1 0 0 1 07 ff
4 0 1 0 0 0 07 ff
4 0 0 1 0 1 00 ff
4 0 0 0 0 0 00 ff
4 0 1 0 0 0 00 ff
4 0 1 1 0 1 01 ff
4 0 1 0 0 0 01 ff
4 0 0 0 0 1 00 ff
4 0 1 0 0 0 00 ff
4 0 1 0 0 0 00 ff
4 0 1 0 0 0 00 ff
4 0 1 0 0 0 00 ff
4 0 1 0 0 1 01 ff
4 0 0 0 0 0 00 ff
4 0 0 0 0 1 00 ff
4 0 1 0 0 1 01 ff
4 0 0 0 0 1 00 ff
4 0 1 0 0 0 00 ff
4 0 1 0 0 1 01 ff
4 0 1 1 0 0 01 ff
4 0 0 1 0 1 00 ff
4 0 1 0 0 0 00 ff
4 0 1 0 0 1 01 ff
4 0 0 0 0 0 00 ff
4 0 1 0 0 0 00 ff
4 0 0 0 1 1 00 ff
4 0 1 0 0 0 00 ff
4 0 0 0 0 1 00 ff
4 0 1 0 0 0 00 ff
4 0 1 0 0 1 01 ff
4 0 1 0 0 1 02 ff
4 0 1 0 0 1 03 ff
4 0 1 0 0 1 04 ff
4 0 1 0 0 1 05 ff
4 0 0 0 1 1 00 ff
4 0 1 0 0 0 00 ff
4 0 1 0 0 1 01 ff
4 0 1 0 0 1 02 ff
4 0 0 0 0 0 00 ff
4 0 1 0 0 1 01 ff
4 0 0 0 0 1 00 ff
4 0 1 0 0 1 01 ff
4 0 1 0 0 0 01 ff
4 0 1 0 0 1 02 ff
4 0 1 1 0 1 03 ff
4 0 1 0 1 0 02 ff
4 0 1 1 0 1 03 ff
4 0 1 0 0 0 03 ff
4 0 1 0 0 1 04 ff
4 0 1 0 0 1 05 ff
4 0 1 0 0 0 05 ff
4 0 1 0 0 1 06 ff
4 0 1 0 0 1 07 ff
4 0 1 0 0 0 07 ff
4 0 1 0 0 1 08 ff
4 0 1 0 0 1 09 ff
4 0 1 1 0 1 0a ff
4 0 1 0 0 0 0a ff
4 0 1 0 0 1 0b ff
4 0 1 0 0 0 0b ff
4 0 1 1 0 0 0b ff
4 0 1 0 0 0 0b ff
4 0 1 0 0 1 0c ff
4 0 1 0 1 1 0b ff
4 0 1 0 0 0 0b ff
4 0 1 0 1 0 0b ff
4 0 1 0 0 1 0c ff
4 0 1 0 0 1 0d ff
4 0 0 0 1 1 00 ff
4 0 1 0 0 0 00 ff
4 0 1 1 1 0 0b ff
4 0 1 0 0 0 0b ff
4 0 1 0 0 1 0c ff
4 0 1 0 0 0 0c ff
4 0 1 0 0 0 0c ff
4 0 1 0 0 1 0d ff
4 0 1 0 0 1 0e ff
4 0 1 0 0 0 0e ff
4 0 0 1 0 0 00 ff
4 0 1 0 0 0 00 ff
4 0 1 0 0 0 00 ff
4 0 0 0 0 1 00 ff
4 1 1 0 0 1 00 ff
4 0 1 0 1 1 00 ff
4 0 1 0 0 0 00 ff
4 0 1 0 0 0 00 ff
4 0 1 0 0 1 01 ff
4 0 0 0 1 0 00 ff
4 0 1 0 0 0 00 ff
4 0 1 0 0 1 01 ff
4 0 1 0 1 1 00 ff
4 0 1 0 0 0 00 ff
4 0 1 0 0 0 00 ff
4 0 1 0 0 0 00 ff
4 0 1 0 0 1 01 ff
4 0 1 0 0 0 01 ff
4 0 1 1 0 0 01 ff
4 0 1 0 0 0 01 ff
4 0 0 0 1 1 00 ff
4 0 1 1 0 0 00 ff
4 0 1 0 0 1 01 ff
4 0 1 0 0 1 02 ff
4 0 0 0 0 1 00 ff
4 0 1 0 0 0 00 ff
4 0 0 0 1 1 00 ff
4 0 1 0 0 1 01 ff
4 0 1 0 0 1 02 ff
4 0 1 0 0 0 02 ff
4 0 0 0 0 1 00 ff
4 0 1 0 1 0 00 ff
4 0 1 0 0 0 00 ff
4 0 1 0 0 1 01 ff
4 0 1 0 0 0 01 ff
4 0 1 0 0 1 02 ff
4 0 0 0 0 1 00 ff
4 0 1 0 0 1 01 ff
4 0 1 0 0 0 01 ff
4 0 1 1 0 1 02 ff
4 0 1 0 0 1 03 ff
4 0 1 0 0 1 04 ff
4 0 1 0 0 0 04 ff
4 0 1 0 0 0 04 ff
4 0 1 0 0 1 05 ff
4 0 1 0 0 0 05 ff
4 0 1 0 0 1 06 ff
4 0 1 0 0 0 06 ff
4 0 0 1 0 1 00 ff
4 0 1 0 0 1 01 ff
4 0 1 1 0 0 01 ff
4 0 1 0 0 1 02 ff
4 0 1 0 0 1 03 ff
4 0 1 0 0 0 03 ff
4 0 1 0 0 0 03 ff
4 0 1 0 0 0 03 ff
4 0 1 0 0 1 04 ff
4 0 1 0 1 0 01 ff
4 0 1 0 0 0 01 ff
4 0 1 0 0 0 01 ff
4 0 1 0 0 1 02 ff
4 0 1 0 0 1 03 ff
4 0 1 0 0 1 04 ff
4 0 0 0 0 1 00 ff
4 0 0 1 0 1 00 ff
4 0 1 0 0 1 01 ff
4 0 1 0 0 1 02 ff
4 0 1 0 0 1 03 ff
4 0 1 0 0 0 03 ff
4 0 1 0 0 0 03 ff
4 0 1 0 0 0 03 ff
4 0 1 0 0 1 04 ff
4 0 0 0 0 1 00 ff
4 0 1 0 0 0 00 ff
4 0 0 0 1 0 00 ff
4 0 1 0 0 1 01 ff
4 0 1 0 0 1 02 ff
4 0 1 0 1 1 01 ff
4 0 1 0 0 1 02 ff
4 0 0 0 0 0 00 ff
4 0 1 0 0 0 00 ff
4 0 0 0 0 0 00 ff
4 0 1 0 0 0 00 ff
4 0 1 0 0 0 00 ff
4 0 0 0 0 1 00 ff
4 0 1 0 0 1 01 ff
4 0 1 0 0 1 02 ff
4 0 1 0 0 0 02 ff
4 0 1 0 0 1 03 ff
4 0 1 0 0 1 04 ff
4 0 1 1 0 1 05 ff
4 0 1 0 0 0 05 ff
4 0 1 0 1 0 04 ff
4 0 1 1 0 0 04 ff
4 0 1 0 0 0 04 ff
4 0 1 0 0 1 05 ff
4 0 1 0 0 1 06 ff
4 0 1 0 0 0 06 ff
4 0 1 0 0 1 07 ff
4 0 0 0 0 1 00 ff
4 0 1 1 0 0 00 ff
4 0 1 0 0 1 01 ff
4 0 1 0 0 0 01 ff
4 0 1 0 1 0 00 ff
4 0 1 0 0 1 01 ff
4 0 1 0 0 1 02 ff
4 0 0 0 0 1 00 ff
4 0 1 0 0 1 01 ff
4 0 1 0 0 1 02 ff
4 0 1 0 0 0 02 ff
4 0 1 0 0 1 03 ff
4 0 1 0 0 1 04 ff
4 0 1 0 0 1 05 ff
4 0 1 0 0 1 06 ff
4 0 1 0 0 0 06 ff
4 0 1 0 0 0 06 ff
4 0 1 0 0 1 07 ff
4 0 1 0 1 0 00 ff
4 0 1 0 0 0 00 ff
4 0 1 0 0 0 00 ff
4 0 1 1 0 1 01 ff
4 0 1 0 0 1 02 ff
4 0 1 0 0 1 03 ff
4 0 1 0 0 0 03 ff
4 0 1 0 0 0 03 ff
4 0 1 0 0 1 04 ff
4 0 1 0 1 0 00 ff
4 0 0 0 0 1 00 ff
4 0 1 0 0 0 00 ff
4 0 1 0 0 1 01 ff
4 0 1 1 0 1 02 ff
4 0 0 0 0 1 00 ff
4 0 1 0 0 0 00 ff
4 0 1 0 0 1 01 ff
4 0 1 0 0 0 01 ff
4 0 0 0 0 0 00 ff
4 0 1 0 1 0 01 ff
4 0 1 0 0 1 02 ff
4 0 1 0 0 0 02 ff
4 0 1 0 0 0 02 ff
4 0 1 0 0 0 02 ff
4 0 1 0 0 0 02 ff
4 0 1 0 0 0 02 ff
4 0 0 0 0 1 00 ff
4 0 1 0 0 0 00 ff
4 0 0 0 1 0 00 ff
4 0 0 0 0 0 00 ff
4 0 1 0 1 1 01 ff
4 0 0 1 0 0 00 ff
4 0 1 0 0 1 01 ff
4 0 1 0 0 0 01 ff
4 0 1 0 0 1 02 ff
4 0 1 0 0 1 03 ff
4 0 1 1 0 0 03 ff
4 0 1 0 0 0 03 ff
4 0 1 0 0 0 03 ff
4 0 0 1 0 1 00 ff
4 0 1 0 0 1 01 ff
4 0 1 0 1 0 03 ff
4 0 1 0 0 0 03 ff
4 0 1 0 0 0 03 ff
4 0 1 0 0 0 03 ff
4 0 0 0 0 0 00 ff
4 0 1 0 0 0 00 ff
4 0 1 0 0 0 00 ff
4 0 1 0 0 1 01 ff
4 0 1 0 0 1 02 ff
4 0 0 0 0 1 00 ff
4 0 1 0 0 0 00 ff
4 0 0 0 0 0 00 ff
4 0 1 0 0 0 00 ff
4 0 1 0 0 0 00 ff
4 0 1 0 0 0 00 ff
4 0 0 0 0 1 00 ff
4 0 1 0 0 1 01 ff
4 0 0 0 0 0 00 ff
4 0 1 0 0 0 00 ff
4 0 1 0 0 0 00 ff
4 0 0 0 0 0 00 ff
4 0 1 0 0 0 00 ff
4 0 1 0 0 1 01 ff
4 0 1 0 0 0 01 ff
4 0 1 1 0 0 01 ff
4 0 1 0 1 0 01 ff
4 0 1 1 0 0 01 ff
4 0 0 0 0 0 00 ff
4 0 1 0 0 0 00 ff
4 0 1 0 0 0 00 ff
4 0 1 0 0 0 00 ff
4 0 1 0 1 1 01 ff
4 0 1 1 0 0 01 ff
4 0 1 0 0 0 01 ff
4 0 1 1 1 1 01 ff
4 0 1 0 0 0 01 ff
4 0 0 0 0 0 00 ff
4 0 1 0 0 0 00 ff
4 0 1 0 0 1 01 ff
4 0 1 0 0 1 02 ff
4 0 0 1 0 1 00 ff
4 0 1 0 0 0 00 ff
4 0 1 0 0 1 01 ff
4 0 0 0 0 0 00 ff
4 0 1 0 0 0 00 ff
4 0 0 0 0 1 00 ff
4 0 1 0 0 1 01 ff
4 0 1 1 0 1 02 ff
4 0 1 0 0 0 02 ff
4 0 1 0 0 1 03 ff
4 0 1 0 0 1 04 ff
4 0 1 1 0 1 05 ff
4 0 1 0 0 0 05 ff
4 0 1 1 1 1 04 ff
4 0 0 0 0 0 00 ff
4 0 1 0 0 0 00 ff
4 0 1 0 0 0 00 ff
4 0 0 1 0 1 00 ff
4 0 1 0 0 1 01 ff
4 0 1 0 0 0 01 ff
4 0 1 0 0 0 01 ff
4 0 1 0 0 0 01 ff
4 0 0 1 0 1 00 ff
4 0 1 0 0 0 00 ff
4 0 1 0 0 1 01 ff
4 0 1 0 0 0 01 ff
4 0 1 0 0 0 01 ff
4 0 0 0 1 1 00 ff
4 0 1 1 0 1 01 ff
4 0 1 0 0 1 02 ff
4 0 0 0 0 1 00 ff
4 0 0 0 0 0 00 ff
4 0 1 0 0 0 00 ff
4 0 1 0 0 1 01 ff
4 0 1 0 0 1 02 ff
4 0 0 0 0 0 00 ff
4 0 1 0 0 0 00 ff
4 0 0 0 0 1 00 ff
4 0 0 1 0 0 00 ff
4 0 1 1 1 1 00 ff
4 0 1 0 0 0 00 ff
4 0 1 0 0 1 01 ff
4 0 1 0 1 1 00 ff
4 0 1 1 0 0 00 ff
4 0 1 0 0 1 01 ff
4 0 1 0 0 1 02 ff
4 0 1 1 0 0 02 ff
4 0 1 0 0 1 03 ff
4 0 1 0 0 1 04 ff
4 0 1 1 0 1 05 ff
4 0 1 0 0 1 06 ff
4 0 1 0 1 1 04 ff
4 0 1 0 0 1 05 ff
4 0 1 0 0 1 06 ff
4 0 1 1 0 1 07 ff
4 0 1 0 1 1 06 ff
4 0 0 0 0 1 00 ff
4 0 1 0 0 1 01 ff
4 0 1 0 0 1 02 ff
4 0 1 0 0 1 03 ff
4 0 1 1 0 1 04 ff
4 0 0 0 0 1 00 ff
4 0 1 0 0 0 00 ff
4 0 0 0 0 0 00 ff
4 0 1 1 0 1 01 ff
4 0 1 0 0 1 02 ff
4 0 1 0 1 0 00 ff
4 0 0 0 0 1 00 ff
4 0 1 1 0 1 01 ff
4 0 1 0 0 0 01 ff
4 0 1 0 0 1 02 ff
4 0 1 0 0 1 03 ff
4 0 1 0 0 0 03 ff
4 0 1 0 0 1 04 ff
4 0 1 0 0 1 05 ff
4 0 1 0 0 0 05 ff
4 0 1 0 0 0 05 ff
4 0 1 0 0 1 06 ff
4 0 1 0 0 1 07 ff
4 0 0 0 0 1 00 ff
4 0 1 0 0 1 01 ff
4 0 1 0 0 0 01 ff
4 0 1 1 0 1 02 ff
4 0 1 0 0 1 03 ff
4 0 0 0 0 1 00 ff
4 0 1 0 0 1 01 ff
4 0 1 0 0 1 02 ff
4 0 0 0 0 0 00 ff
4 0 1 0 0 1 01 ff
4 0 1 0 1 1 01 ff
4 0 1 0 0 1 02 ff
4 0 1 0 0 0 02 ff
4 0 1 0 0 1 03 ff
4 0 1 0 0 0 03 ff
4 0 1 0 0 1 04 ff
4 0 1 0 0 1 05 ff
4 0 1 0 0 1 06 ff
4 0 1 0 1 1 01 ff
4 0 0 0 0 0 00 ff
4 0 0 0 0 0 00 ff
4 0 1 0 0 1 01 ff
4 0 1 0 0 0 01 ff
4 0 1 0 0 1 02 ff
4 0 1 0 0 1 03 ff
4 0 1 1 0 1 04 ff
4 0 0 0 1 1 00 ff
4 0 0 0 0 1 00 ff
4 0 1 0 1 1 03 ff
4 0 1 0 0 1 04 ff
4 0 1 0 1 0 03 ff
4 0 1 0 0 0 03 ff
4 0 1 0 0 0 03 ff
4 0 1 0 0 1 04 ff
4 0 1 0 0 0 04 ff
4 0 0 0 0 1 00 ff
4 0 0 0 0 1 00 ff
4 0 1 0 0 1 01 ff
4 0 0 0 0 0 00 ff
4 0 0 0 1 0 00 ff
4 0 1 0 0 1 01 ff
4 0 1 0 0 1 02 ff
4 0 1 0 0 0 02 ff
4 0 0 0 0 1 00 ff
4 0 0 0 0 1 00 ff
4 0 0 0 0 1 00 ff
4 0 0 0 1 0 00 ff
4 0 1 0 0 1 01 ff
4 0 0 0 0 0 00 ff
4 0 1 1 1 0 03 ff
4 0 1 0 1 1 00 ff
4 0 1 0 0 0 00 ff
4 0 1 0 1 0 00 ff
4 0 0 1 1 0 00 ff
4 0 0 0 1 1 00 ff
4 0 0 1 0 0 00 ff
4 0 1 0 0 0 00 ff
4 0 1 1 0 0 00 ff
4 0 1 0 0 1 01 ff
4 0 1 1 1 0 00 ff
4 0 1 0 0 0 00 ff
4 0 1 0 0 1 01 ff
4 0 0 0 0 0 00 ff
4 0 1 0 0 1 01 ff
4 0 0 0 0 0 00 ff
4 0 1 0 0 0 00 ff
4 0 1 0 0 0 00 ff
4 0 1 0 0 0 00 ff
4 0 0 0 0 0 00 ff
4 0 1 0 0 0 00 ff
4 0 1 0 0 1 01 ff
4 0 0 0 0 1 00 ff
4 0 1 0 0 1 01 ff
4 0 1 0 0 0 01 ff
4 0 1 0 0 0 01 ff
4 0 1 0 0 0 01 ff
4 0 1 0 0 1 02 ff
4 0 1 0 0 0 02 ff
4 0 1 0 0 1 03 ff
4 0 1 1 0 1 04 ff
4 0 1 0 0 1 05 ff
4 0 1 0 0 1 06 ff
4 0 1 0 0 1 07 ff
4 0 1 0 0 1 08 ff
4 0 1 0 0 0 08 ff
4 0 1 1 0 0 08 ff
4 0 0 0 0 1 00 ff
4 0 1 0 0 0 00 ff
4 0 0 0 0 0 00 ff
4 0 1 0 0 1 01 ff
4 0 1 0 0 1 02 ff
4 0 1 0 0 0 02 ff
4 0 1 1 0 1 03 ff
4 0 1 0 0 0 03 ff
4 0 1 0 1 1 02 ff
4 0 0 0 0 0 00 ff
4 0 1 0 0 0 00 ff
4 0 1 1 0 0 00 ff
4 0 1 0 0 0 00 ff
4 0 1 0 1 0 00 ff
4 0 1 0 0 1 01 ff
4 0 0 0 0 1 00 ff
4 0 1 0 0 0 00 ff
4 0 1 0 0 0 00 ff
4 0 1 0 1 0 00 ff
4 0 1 1 0 1 01 ff
4 0 1 0 0 1 02 ff
4 0 1 0 0 1 03 ff
4 0 1 0 0 1 04 ff
4 0 1 0 1 1 00 ff
4 0 1 0 1 1 00 ff
4 0 0 0 0 0 00 ff
4 0 1 0 0 0 00 ff
4 0 1 0 0 0 00 ff
4 1 1 0 0 0 00 ff
4 0 1 0 0 1 01 ff
4 0 1 0 0 1 02 ff
4 0 0 0 0 0 00 ff
4 0 0 0 0 1 00 ff
4 0 1 0 0 0 00 ff
4 0 1 0 0 0 00 ff
4 0 1 0 0 0 00 ff
4 0 1 0 0 1 01 ff
4 0 1 0 0 0 01 ff
4 0 1 0 0 1 02 ff
4 0 1 0 0 0 02 ff
4 0 1 0 0 0 02 ff
4 0 1 0 0 0 02 ff
4 0 1 0 0 0 02 ff
4 0 1 0 0 0 02 ff
4 0 1 0 0 1 03 ff
4 0 1 1 0 0 03 ff
4 0 1 0 0 1 04 ff
4 0 1 1 0 1 05 ff
4 0 1 0 1 0 04 ff
4 0 0 0 0 0 00 ff
4 0 1 0 0 0 00 ff
4 0 1 0 0 1 01 ff
4 0 1 0 0 0 01 ff
4 0 1 0 0 0 01 ff
4 0 0 1 0 0 00 ff
4 0 1 0 0 1 01 ff
4 0 1 0 0 1 02 ff
4 0 0 0 0 0 00 ff
4 0 0 0 0 0 00 ff
4 0 1 0 0 1 01 ff
4 0 1 0 0 0 01 ff
4 0 1 0 0 0 01 ff
4 0 1 1 0 0 01 ff
4 0 0 0 0 0 00 ff
4 0 1 0 0 0 00 ff
4 0 0 0 0 1 00 ff
4 0 1 0 0 1 01 ff
4 0 1 0 0 1 02 ff
4 0 0 0 0 0 00 ff
4 0 1 0 0 1 01 ff
4 0 1 0 0 0 01 ff
4 0 0 0 0 1 00 ff
4 0 0 0 0 1 00 ff
4 0 1 0 0 1 01 ff
4 0 1 0 0 0 01 ff
4 0 1 0 0 1 02 ff
4 0 1 0 0 0 02 ff
4 0 1 0 0 0 02 ff
4 0 1 0 0 0 02 ff
4 0 1 0 0 0 02 ff
4 0 1 0 1 1 01 ff
4 0 1 1 0 0 01 ff
4 0 1 0 0 1 02 ff
4 0 1 0 0 0 02 ff
4 0 0 0 0 0 00 ff
4 0 1 0 0 0 00 ff
4 0 1 0 1 1 01 ff
4 0 1 0 0 0 01 ff
4 0 1 1 0 0 01 ff
4 0 1 0 0 1 02 ff
4 0 1 0 0 1 03 ff
4 0 0 0 0 0 00 ff
4 0 1 0 0 0 00 ff
4 0 1 0 0 1 01 ff
4 0 1 0 0 0 01 ff
4 0 0 0 1 0 00 ff
4 0 1 0 0 0 00 ff
4 0 1 0 0 0 00 ff
4 0 1 0 0 0 00 ff
4 0 1 0 0 0 00 ff
4 0 1 0 0 1 01 ff
4 0 1 0 0 0 01 ff
4 0 0 0 0 0 00 ff
4 0 1 0 0 0 00 ff
4 0 1 0 0 1 01 ff
4 0 1 0 0 1 02 ff
4 0 1 0 0 0 02 ff
4 0 0 0 0 1 00 ff
4 0 0 0 1 1 00 ff
4 0 1 0 1 0 01 ff
4 0 1 0 0 0 01 ff
4 0 1 0 0 1 02 ff
4 0 1 0 0 0 02 ff
4 0 0 0 0 1 00 ff
4 0 1 0 0 1 01 ff
4 0 0 0 0 1 00 ff
4 0 1 0 0 1 01 ff
4 0 1 0 0 1 02 ff
4 0 0 0 0 1 00 ff
4 0 1 0 0 1 01 ff
4 0 1 0 1 0 01 ff
4 0 1 0 0 1 02 ff
4 0 1 1 0 0 02 ff
4 0 1 1 0 0 02 ff
4 0 0 0 0 1 00 ff
4 0 1 0 0 1 01 ff
4 0 1 0 0 0 01 ff
4 0 0 0 1 1 00 ff
4 0 1 0 0 1 01 ff
4 0 0 0 0 1 00 ff
4 0 1 0 0 0 00 ff
4 0 1 0 0 0 00 ff
4 0 1 0 0 1 01 ff
4 0 1 1 0 1 02 ff
4 0 1 1 0 1 03 ff
4 0 0 0 0 0 00 ff
4 0 1 0 0 0 00 ff
4 0 0 0 0 0 00 ff
4 0 1 0 0 1 01 ff
4 0 0 0 0 0 00 ff
4 0 1 0 0 0 00 ff
4 0 1 0 1 0 02 ff
4 0 1 0 0 1 03 ff
4 0 1 0 0 1 04 ff
4 0 1 0 0 1 05 ff
4 0 1 0 0 0 05 ff
4 0 1 1 0 0 05 ff
4 0 1 0 0 0 05 ff
4 0 1 0 0 1 06 ff
4 0 1 1 0 0 06 ff
4 0 1 0 0 1 07 ff
4 0 1 0 1 0 06 ff
4 0 1 0 0 1 07 ff
4 0 0 0 0 0 00 ff
4 0 1 0 0 0 00 ff
4 0 1 1 0 1 01 ff
4 0 1 0 1 0 00 ff
4 0 1 0 0 1 01 ff
4 1 0 0 0 1 00 ff
4 0 1 0 0 1 01 ff
4 0 0 1 0 1 00 ff
4 0 1 0 0 1 01 ff
4 0 0 0 0 0 00 ff
4 0 1 0 0 0 00 ff
4 0 1 0 0 0 00 ff
4 0 1 0 0 1 01 ff
4 0 1 0 0 1 02 ff
4 0 1 1 0 1 03 ff
4 0 1 0 0 1 04 ff
4 0 1 0 0 0 04 ff
4 0 1 0 0 0 04 ff
4 0 1 0 0 1 05 ff
4 0 1 0 0 1 06 ff
4 0 0 0 0 0 00 ff
4 0 1 0 0 0 00 ff
4 0 1 1 0 0 00 ff
4 0 0 0 1 1 00 ff
4 0 0 0 0 1 00 ff
4 0 1 0 0 0 00 ff
4 0 1 0 0 0 00 ff
4 0 1 0 1 1 00 ff
4 0 1 0 0 1 01 ff
4 0 0 0 0 1 00 ff
4 0 0 0 0 1 00 ff
4 0 1 0 1 0 00 ff
4 0 1 0 0 1 01 ff
4 0 1 1 0 1 02 ff
4 0 1 0 1 0 01 ff
4 0 1 0 0 0 01 ff
4 0 1 0 0 0 01 ff
4 0 1 0 0 1 02 ff
4 0 1 0 0 0 02 ff
4 0 0 0 0 0 00 ff
4 0 1 0 1 0 01 ff
4 0 1 0 0 1 02 ff
4 0 1 0 0 1 03 ff
4 0 1 0 0 0 03 ff
4 0 1 1 0 1 04 ff
4 0 1 0 0 1 05 ff
4 0 0 0 0 0 00 ff
4 0 1 0 0 1 01 ff
4 0 1 0 1 0 03 ff
4 0 1 0 0 1 04 ff
4 0 1 0 0 0 04 ff
4 0 1 0 0 0 04 ff
4 0 0 0 0 0 00 ff
4 0 1 0 0 1 01 ff
4 0 1 0 0 0 01 ff
4 0 0 0 0 0 00 ff
4 0 1 0 0 1 01 ff
4 0 1 0 0 1 02 ff
4 0 0 0 0 0 00 ff
4 0 1 0 0 1 01 ff
4 0 1 0 0 0 01 ff
4 0 0 0 0 1 00 ff
4 0 1 0 0 1 01 ff
4 0 1 0 0 0 01 ff
4 0 1 0 0 0 01 ff
4 0 1 0 0 0 01 ff
4 0 1 0 0 1 02 ff
4 0 1 1 1 1 03 ff
4 0 1 0 1 1 02 ff
4 0 1 0 0 0 02 ff
4 0 1 0 0 0 02 ff
4 0 1 0 0 1 03 ff
4 0 1 0 0 0 03 ff
4 0 1 0 0 0 03 ff
4 0 0 1 0 1 00 ff
4 0 1 0 0 1 01 ff
4 0 1 0 0 1 02 ff
4 0 1 0 0 0 02 ff
4 0 0 0 1 1 00 ff
4 0 1 0 0 0 00 ff
4 0 1 0 1 1 02 ff
4 0 1 0 0 1 03 ff
4 0 0 0 0 0 00 ff
4 0 0 0 0 1 00 ff
4 0 1 0 0 1 01 ff
4 0 1 0 0 1 02 ff
4 0 1 0 1 0 02 ff
4 0 0 1 0 1 00 ff
4 0 1 0 0 0 00 ff
4 0 0 0 0 1 00 ff
4 0 1 0 0 0 00 ff
4 0 1 0 0 1 01 ff
4 0 1 0 1 1 02 ff
4 0 0 0 0 0 00 ff
4 0 1 0 0 1 01 ff
4 0 1 0 0 1 02 ff
4 0 1 0 0 0 02 ff
4 0 1 0 0 1 03 ff
4 0 1 0 0 0 03 ff
4 0 1 0 0 0 03 ff
4 0 1 0 0 0 03 ff
4 0 1 0 0 1 04 ff
4 0 0 0 0 1 00 ff
4 0 1 0 0 0 00 ff
4 0 1 0 0 1 01 ff
4 0 1 0 0 0 01 ff
4 0 1 0 0 1 02 ff
4 0 1 0 1 0 02 ff
4 0 1 0 0 1 03 ff
4 0 1 0 0 0 03 ff
4 0 0 0 0 0 00 ff
4 0 1 0 0 0 00 ff
4 0 1 0 0 1 01 ff
4 0 0 0 1 0 00 ff
4 0 1 0 0 0 00 ff
4 0 1 0 0 1 01 ff
4 0 1 0 0 0 01 ff
4 0 1 0 1 1 02 ff
4 0 1 0 0 1 03 ff
4 0 1 0 0 0 03 ff
4 0 1 0 0 0 03 ff
4 0 1 0 0 0 03 ff
4 0 1 0 0 0 03 ff
4 0 1 0 0 1 04 ff
4 0 1 0 0 1 05 ff
4 0 1 0 0 1 06 ff
4 0 1 0 0 1 07 ff
4 0 1 0 0 1 08 ff
4 0 1 0 0 1 09 ff
4 0 0 0 0 1 00 ff
4 0 1 0 0 0 00 ff
4 0 1 0 0 1 01 ff
4 0 1 0 0 1 02 ff
4 0 1 0 0 1 03 ff
4 0 1 1 0 1 04 ff
4 0 1 0 0 0 04 ff
4 0 1 0 0 1 05 ff
4 0 1 0 0 0 05 ff
4 0 0 0 0 1 00 ff
4 0 1 0 1 0 03 ff
4 0 1 0 1 0 03 ff
4 0 1 1 0 1 04 ff
4 0 1 0 0 0 04 ff
4 0 1 0 0 1 05 ff
4 0 1 0 0 0 05 ff
4 0 1 0 0 0 05 ff
4 0 1 0 0 1 06 ff
4 0 1 0 0 0 06 ff
4 0 1 0 0 0 06 ff
4 0 1 0 0 0 06 ff
4 0 1 0 0 0 06 ff
4 0 1 0 0 0 06 ff
4 0 1 1 0 1 07 ff
4 0 1 1 0 0 07 ff
4 0 1 0 0 0 07 ff
4 0 1 0 0 1 08 ff
4 0 1 0 0 0 08 ff
4 0 0 0 0 1 00 ff
4 0 1 0 0 0 00 ff
4 0 1 0 0 0 00 ff
4 0 1 0 0 1 01 ff
4 0 0 0 0 0 00 ff
4 0 1 0 0 1 01 ff
4 0 1 0 0 1 02 ff
4 0 1 0 1 0 07 ff
4 0 1 0 1 0 07 ff
4 0 1 0 0 0 07 ff
4 0 1 0 0 0 07 ff
4 0 1 0 1 1 07 ff
4 0 1 1 0 1 08 ff
4 0 1 0 0 1 09 ff
4 0 1 0 0 0 09 ff
4 0 0 0 0 0 00 ff
4 0 1 0 0 0 00 ff
4 0 0 0 0 1 00 ff
4 0 1 0 0 1 01 ff
4 0 1 0 0 1 02 ff
4 0 1 0 0 1 03 ff
4 0 1 0 1 1 07 ff
4 0 1 1 0 0 07 ff
4 0 1 0 0 0 07 ff
4 0 0 0 0 1 00 ff
4 0 1 0 0 1 01 ff
4 0 1 0 0 1 02 ff
4 0 1 0 0 1 03 ff
4 0 0 0 1 1 00 ff
4 0 1 0 0 0 00 ff
4 0 1 0 0 0 00 ff
4 0 1 0 0 1 01 ff
4 0 1 0 0 0 01 ff
4 0 1 0 0 1 02 ff
4 0 1 1 0 0 02 ff
4 0 1 0 0 0 02 ff
4 0 1 0 0 0 02 ff
4 0 1 0 0 1 03 ff
4 0 1 0 0 0 03 ff
4 0 0 0 0 1 00 ff
4 0 1 0 0 0 00 ff
4 0 1 0 0 0 00 ff
4 0 1 0 0 0 00 ff
4 0 1 0 0 1 01 ff
4 0 1 0 0 0 01 ff
4 0 1 0 0 0 01 ff
4 0 1 0 1 0 02 ff
4 0 1 0 0 0 02 ff
4 0 1 0 0 0 02 ff
4 0 1 0 0 0 02 ff
4 0 1 0 0 1 03 ff
4 0 1 1 0 0 03 ff
4 0 1 1 0 1 04 ff
4 0 0 0 0 1 00 ff
4 0 0 0 0 0 00 ff
4 0 1 0 0 0 00 ff
4 0 1 0 0 1 01 ff
4 0 1 0 1 0 03 ff
4 0 1 0 0 0 03 ff
4 0 0 0 0 0 00 ff
4 0 1 0 0 0 00 ff
4 0 1 0 0 0 00 ff
4 0 1 0 1 1 03 ff
4 0 0 1 0 0 00 ff
4 0 0 0 1 0 00 ff
4 0 0 0 1 0 00 ff
4 0 1 0 0 0 00 ff
4 0 1 0 0 1 01 ff
4 0 1 0 0 0 01 ff
4 0 1 0 0 0 01 ff
4 0 0 0 1 1 00 ff
4 0 1 1 0 1 01 ff
4 0 0 0 0 0 00 ff
4 0 1 1 0 0 00 ff
4 0 1 0 0 0 00 ff
4 0 1 0 0 1 01 ff
4 0 1 0 0 1 02 ff
4 0 1 0 0 1 03 ff
4 0 0 1 0 0 00 ff
4 0 0 0 0 0 00 ff
4 0 1 0 0 0 00 ff
4 0 1 0 0 1 01 ff
4 0 1 1 0 0 01 ff
4 0 1 0 0 1 02 ff
4 0 1 0 0 1 03 ff
4 0 1 0 0 0 03 ff
4 0 1 0 0 1 04 ff
4 0 1 0 0 1 05 ff
4 0 0 0 0 0 00 ff
4 0 1 0 0 0 00 ff
4 0 1 1 0 0 00 ff
4 0 1 1 0 0 00 ff
4 0 1 0 0 0 00 ff
4 0 1 0 0 0 00 ff
4 0 1 0 0 1 01 ff
4 0 1 0 0 0 01 ff
4 0 1 0 0 0 01 ff
4 0 0 0 1 0 00 ff
4 0 1 0 0 1 01 ff
4 0 1 0 0 0 01 ff
4 0 1 0 0 1 02 ff
4 0 1 0 0 0 02 ff
4 0 1 0 1 0 00 ff
4 0 1 0 0 0 00 ff
4 0 1 0 0 1 01 ff
4 0 1 0 0 1 02 ff
4 0 1 0 0 0 02 ff
4 0 1 0 0 1 03 ff
4 0 1 0 0 1 04 ff
4 0 0 0 0 0 00 ff
4 0 1 0 0 1 01 ff
4 0 1 0 1 1 00 ff
4 0 1 1 0 1 01 ff
4 0 1 0 0 1 02 ff
4 0 1 0 0 0 02 ff
4 0 1 0 1 1 00 ff
4 0 1 1 0 0 00 ff
4 0 0 0 0 1 00 ff
4 0 1 0 0 1 01 ff
4 0 1 0 0 1 02 ff
4 0 1 0 0 1 03 ff
4 0 1 0 1 1 00 ff
4 0 1 1 0 0 00 ff
4 0 0 0 0 0 00 ff
4 0 0 0 0 1 00 ff
4 0 1 0 0 0 00 ff
4 0 1 0 0 1 01 ff
4 0 0 0 0 0 00 ff
4 0 1 0 0 1 01 ff
4 0 1 0 0 1 02 ff
4 0 1 0 0 1 03 ff
4 0 1 0 0 1 04 ff
4 0 1 0 0 1 05 ff
4 0 1 1 0 0 05 ff
4 0 1 0 0 0 05 ff
4 0 1 0 0 1 06 ff
4 0 0 0 0 1 00 ff
4 0 1 0 0 0 00 ff
4 0 1 0 1 0 05 ff
4 0 1 0 0 0 05 ff
4 0 1 0 1 0 05 ff
4 0 1 0 0 1 06 ff
4 0 1 0 0 0 06 ff
4 0 0 0 1 1 00 ff
4 0 0 0 0 1 00 ff
4 0 1 0 0 0 00 ff
4 0 1 0 0 1 01 ff
4 0 1 0 0 0 01 ff
4 0 0 0 0 0 00 ff
4 0 1 0 0 1 01 ff
4 0 1 0 0 0 01 ff
4 0 0 0 0 0 00 ff
4 0 1 0 0 1 01 ff
4 0 1 0 0 1 02 ff
4 0 1 0 0 0 02 ff
4 0 1 0 1 0 05 ff
4 0 1 0 1 1 05 ff
4 0 1 0 0 0 05 ff
4 0 1 0 0 0 05 ff
4 0 0 0 0 0 00 ff
4 0 1 1 0 1 01 ff
4 0 1 0 0 0 01 ff
4 0 1 0 0 0 01 ff
4 0 1 0 0 1 02 ff
4 0 1 1 0 1 03 ff
4 0 1 0 0 0 03 ff
4 0 1 0 0 1 04 ff
4 0 0 0 1 1 00 ff
4 0 1 0 1 0 02 ff
4 0 1 0 0 1 03 ff
4 0 1 0 0 1 04 ff
4 0 1 0 0 0 04 ff
4 0 1 0 0 0 04 ff
4 0 1 0 0 1 05 ff
4 0 0 1 1 0 00 ff
4 0 1 0 0 0 00 ff
4 0 1 0 0 0 00 ff
4 0 1 0 0 1 01 ff
4 0 1 0 0 1 02 ff
4 0 1 0 0 0 02 ff
4 0 1 0 0 0 02 ff
4 0 1 0 1 0 02 ff
4 0 1 0 0 1 03 ff
4 0 1 0 0 0 03 ff
4 0 1 0 0 1 04 ff
4 0 1 0 0 0 04 ff
4 0 1 0 0 0 04 ff
4 0 1 0 0 0 04 ff
4 0 0 1 1 1 00 ff
4 0 1 1 0 0 00 ff
4 0 1 0 0 0 00 ff
4 0 1 0 0 0 00 ff
4 0 1 1 0 0 00 ff
4 0 1 0 0 0 00 ff
4 0 1 0 0 1 01 ff
4 0 1 0 0 0 01 ff
4 0 0 0 0 0 00 ff
4 0 1 0 0 1 01 ff
4 0 1 0 0 1 02 ff
4 0 0 1 0 1 00 ff
4 0 1 0 0 0 00 ff
4 0 1 0 0 0 00 ff
4 0 1 1 0 1 01 ff
4 0 0 0 0 0 00 ff
4 0 1 0 0 0 00 ff
4 0 0 1 0 0 00 ff
4 0 1 0 0 1 01 ff
4 0 1 0 0 0 01 ff
4 0 0 0 0 0 00 ff
4 0 1 0 0 0 00 ff
4 0 1 0 0 1 01 ff
4 0 0 0 1 1 00 ff
4 0 1 0 0 1 01 ff
4 0 1 0 0 1 02 ff
4 0 1 0 0 1 03 ff
4 0 1 0 0 1 04 ff
4 0 0 0 0 1 00 ff
4 0 1 0 0 0 00 ff
4 0 1 0 0 1 01 ff
4 0 1 0 1 0 00 ff
4 0 1 1 0 1 01 ff
4 0 1 0 0 1 02 ff
4 0 1 1 0 1 03 ff
4 0 1 0 0 0 03 ff
4 0 1 1 0 1 04 ff
4 0 1 0 1 0 03 ff
4 0 1 0 0 0 03 ff
4 0 0 0 1 0 00 ff
4 0 1 0 0 0 00 ff
4 0 0 0 0 1 00 ff
4 0 1 0 0 1 01 ff
4 0 0 0 0 0 00 ff
4 0 1 0 0 1 01 ff
4 0 0 0 0 0 00 ff
4 0 1 1 1 1 03 ff
4 0 0 0 1 0 00 ff
4 0 1 0 0 0 00 ff
4 0 1 0 0 1 01 ff
4 0 1 0 0 0 01 ff
4 0 1 0 0 0 01 ff
4 0 1 0 0 1 02 ff
4 0 0 0 0 1 00 ff
4 0 1 0 0 0 00 ff
4 0 1 1 0 0 00 ff
4 0 1 0 0 1 01 ff
4 0 1 0 1 0 00 ff
4 0 1 0 0 0 00 ff
4 0 1 0 0 1 01 ff
4 0 0 0 0 0 00 ff
4 0 1 0 0 0 00 ff
4 0 1 0 0 1 01 ff
4 0 1 0 0 1 02 ff
4 0 1 0 0 0 02 ff
4 0 1 0 0 0 02 ff
4 0 0 0 0 1 00 ff
4 0 1 0 0 1 01 ff
4 0 1 0 0 0 01 ff
4 0 1 0 0 0 01 ff
4 0 1 0 1 1 00 ff
4 0 1 0 0 1 01 ff
4 0 1 0 1 0 00 ff
4 0 1 1 0 0 00 ff
4 0 1 0 0 0 00 ff
4 0 1 0 0 1 01 ff
4 0 1 0 0 1 02 ff
4 0 1 1 0 0 02 ff
4 0 1 0 0 1 03 ff
4 0 1 0 0 0 03 ff
4 0 1 0 0 0 03 ff
4 0 1 0 0 1 04 ff
4 0 1 0 1 0 02 ff
4 0 1 0 0 1 03 ff
4 0 0 0 0 0 00 ff
4 0 1 0 0 0 00 ff
4 0 1 0 1 1 02 ff
4 0 1 0 0 1 03 ff
4 0 1 0 1 0 02 ff
4 0 1 0 0 1 03 ff
4 0 0 0 1 0 00 ff
4 0 1 0 0 0 00 ff
4 0 1 0 1 1 02 ff
4 0 1 1 0 0 02 ff
4 0 1 0 0 0 02 ff
4 0 1 1 0 1 03 ff
4 0 1 0 0 1 04 ff
4 0 1 0 0 1 05 ff
4 0 1 0 0 0 05 ff
4 0 1 0 0 0 05 ff
4 0 1 0 0 0 05 ff
4 0 1 0 0 0 05 ff
4 0 1 0 0 0 05 ff
4 0 1 0 0 0 05 ff
4 0 1 0 0 0 05 ff
4 0 0 0 0 1 00 ff
4 0 1 0 0 0 00 ff
4 0 1 1 0 1 01 ff
4 0 1 0 0 1 02 ff
4 0 1 0 0 0 02 ff
4 0 1 0 0 0 02 ff
4 0 1 0 0 0 02 ff
4 0 0 0 0 0 00 ff
4 0 1 0 0 0 00 ff
4 0 0 0 0 1 00 ff
4 0 1 1 0 1 01 ff
4 0 1 0 0 0 01 ff
4 0 1 1 0 0 01 ff
4 0 1 0 0 1 02 ff
4 0 1 0 0 0 02 ff
4 0 1 0 0 1 03 ff
4 0 1 0 1 0 01 ff
4 0 1 0 0 0 01 ff
4 0 1 0 0 0 01 ff
4 0 1 0 1 1 01 ff
4 0 0 0 1 1 00 ff
4 0 1 0 0 1 01 ff
4 0 1 0 0 1 02 ff
4 0 1 1 0 0 02 ff
4 0 1 0 0 1 03 ff
4 0 1 0 0 0 03 ff
4 0 1 0 0 0 03 ff
4 0 1 0 0 1 04 ff
4 0 1 0 0 0 04 ff
4 0 1 0 0 0 04 ff
4 0 1 0 0 0 04 ff
4 0 1 0 0 1 05 ff
4 0 1 0 0 1 06 ff
4 0 1 0 0 0 06 ff
4 0 1 0 0 1 07 ff
4 0 1 0 0 0 07 ff
4 0 1 1 0 0 07 ff
4 0 0 0 0 0 00 ff
4 0 1 0 0 1 01 ff
4 0 1 0 0 0 01 ff
4 0 0 1 0 1 00 ff
4 0 0 0 0 0 00 ff
4 0 1 0 0 1 01 ff
4 0 1 0 0 1 02 ff
4 0 1 0 0 0 02 ff
4 0 1 0 1 0 07 ff
4 0 1 0 0 0 07 ff
4 0 0 0 0 0 00 ff
4 0 1 1 0 1 01 ff
4 0 1 0 1 1 00 ff
4 0 1 0 0 0 00 ff
4 0 1 0 0 1 01 ff
4 0 0 0 0 0 00 ff
4 0 1 0 0 1 01 ff
4 0 0 1 0 1 00 ff
4 0 1 0 0 1 01 ff
4 0 1 0 0 0 01 ff
4 0 1 0 0 0 01 ff
4 0 1 0 0 0 01 ff
4 0 1 0 0 1 02 ff
4 0 1 0 1 1 00 ff
4 0 1 0 0 0 00 ff
4 0 1 1 0 1 01 ff
4 0 1 0 0 1 02 ff
4 0 1 0 0 1 03 ff
4 0 1 0 0 1 04 ff
4 0 1 0 1 0 00 ff
4 0 1 0 0 0 00 ff
4 0 0 1 1 1 00 ff
4 0 0 0 0 0 00 ff
4 0 1 0 0 1 01 ff
4 0 1 0 0 1 02 ff
4 0 0 0 0 0 00 ff
4 0 1 0 0 1 01 ff
4 0 1 0 0 1 02 ff
4 0 1 1 0 0 02 ff
4 0 1 0 0 0 02 ff
4 0 0 0 0 0 00 ff
4 0 1 0 0 1 01 ff
4 0 1 0 1 1 02 ff
4 0 1 1 1 0 02 ff
4 0 0 0 0 1 00 ff
4 0 1 0 1 0 02 ff
4 0 0 0 0 1 00 ff
4 0 0 0 0 0 00 ff
4 0 1 0 0 0 00 ff
4 0 0 0 0 1 00 ff
4 0 1 0 1 1 02 ff
4 0 1 0 0 0 02 ff
4 0 1 0 0 1 03 ff
4 0 0 0 0 1 00 ff
4 0 1 0 0 1 01 ff
4 0 1 0 0 1 02 ff
4 0 1 0 0 0 02 ff
4 0 1 0 0 1 03 ff
4 0 1 0 0 1 04 ff
4 0 0 0 0 0 00 ff
4 0 0 0 1 0 00 ff
4 0 1 0 0 0 00 ff
4 0 1 0 0 0 00 ff
4 0 0 0 0 1 00 ff
4 0 1 0 0 0 00 ff
4 0 1 0 0 1 01 ff
4 0 1 0 0 0 01 ff
4 0 1 0 0 0 01 ff
4 0 0 0 0 1 00 ff
4 0 1 0 0 0 00 ff
4 0 1 0 0 1 01 ff
4 0 1 1 0 0 01 ff
4 0 0 0 0 1 00 ff
4 0 1 0 0 0 00 ff
4 0 0 0 0 0 00 ff
4 0 1 0 0 0 00 ff
4 0 1 0 0 1 01 ff
4 0 0 0 0 0 00 ff
4 0 1 0 0 1 01 ff
4 0 1 0 1 1 01 ff
4 0 1 0 0 0 01 ff
4 0 1 0 1 0 01 ff
4 0 1 0 0 0 01 ff
4 0 1 0 0 0 01 ff
4 0 0 0 0 1 00 ff
4 0 1 0 0 0 00 ff
4 0 1 0 0 0 00 ff
4 0 1 0 0 0 00 ff
4 0 0 0 1 1 00 ff
4 0 0 0 0 0 00 ff
4 0 1 1 0 1 01 ff
4 0 1 1 0 1 02 ff
4 0 1 0 0 0 02 ff
4 0 0 1 0 1 00 ff
4 0 1 0 0 1 01 ff
4 0 1 1 1 1 01 ff
4 0 1 0 0 1 02 ff
4 0 1 0 0 1 03 ff
4 0 1 0 0 1 04 ff
4 0 1 0 0 1 05 ff
4 0 1 0 0 1 06 ff
4 0 0 0 0 0 00 ff
4 0 0 0 0 0 00 ff
4 0 0 1 0 0 00 ff
4 0 1 0 0 1 01 ff
4 0 1 0 0 1 02 ff
4 0 1 0 0 0 02 ff
4 0 1 0 0 0 02 ff
4 0 1 0 0 0 02 ff
4 0 1 0 0 0 02 ff
4 0 1 0 0 0 02 ff
4 0 1 1 0 0 02 ff
4 0 1 0 0 0 02 ff
4 0 0 0 0 0 00 ff
4 0 1 0 0 1 01 ff
4 0 0 0 0 0 00 ff
4 0 0 1 0 0 00 ff
4 0 1 0 0 0 00 ff
4 0 1 1 0 0 00 ff
4 0 1 0 0 1 01 ff
4 0 1 0 0 1 02 ff
4 0 1 0 0 0 02 ff
4 0 1 0 0 0 02 ff
4 0 1 1 0 1 03 ff
4 0 1 0 0 1 04 ff
4 0 1 0 0 0 04 ff
4 0 1 0 0 1 05 ff
4 0 1 0 0 1 06 ff
4 0 1 0 0 0 06 ff
4 0 1 0 0 1 07 ff
4 0 1 0 0 1 08 ff
4 0 1 0 0 1 09 ff
4 0 1 0 0 0 09 ff
4 0 0 0 0 0 00 ff
4 0 1 0 0 0 00 ff
4 0 1 0 0 0 00 ff
4 0 1 0 0 1 01 ff
4 0 1 1 0 1 02 ff
4 0 0 0 0 1 00 ff
4 0 1 0 0 1 01 ff
4 0 1 0 0 0 01 ff
4 0 0 0 0 0 00 ff
4 0 1 1 0 0 00 ff
4 0 1 0 0 1 01 ff
4 0 1 0 0 0 01 ff
4 0 0 0 0 1 00 ff
4 0 1 0 0 0 00 ff
4 0 1 0 0 1 01 ff
4 0 1 1 1 1 00 ff
4 0 1 0 0 0 00 ff
4 0 1 0 0 1 01 ff
4 0 1 0 0 0 01 ff
4 0 1 0 0 0 01 ff
4 0 1 0 0 0 01 ff
4 0 1 0 0 0 01 ff
4 0 1 0 0 1 02 ff
4 0 1 1 0 1 03 ff
4 0 1 0 0 0 03 ff
4 0 0 0 0 1 00 ff
4 0 1 0 0 0 00 ff
4 0 1 0 0 0 00 ff
4 0 0 0 0 0 00 ff
4 0 0 0 0 1 00 ff
4 0 1 0 0 0 00 ff
4 0 1 0 0 1 01 ff
4 0 1 0 0 1 02 ff
4 0 1 0 0 1 03 ff
4 0 1 0 0 0 03 ff
4 0 1 0 0 0 03 ff
4 0 1 0 0 1 04 ff
4 0 1 0 0 1 05 ff
4 0 1 0 1 1 02 ff
4 0 1 0 0 0 02 ff
4 0 1 0 0 1 03 ff
4 0 1 1 0 1 04 ff
4 0 1 0 0 1 05 ff
4 0 1 0 0 0 05 ff
4 0 1 0 0 1 06 ff
4 0 1 0 0 1 07 ff
4 0 0 0 0 1 00 ff
4 0 1 1 1 0 03 ff
4 0 1 0 0 0 03 ff
4 0 0 0 0 0 00 ff
4 0 1 0 0 1 01 ff
4 0 1 0 0 0 01 ff
4 0 1 0 0 1 02 ff
4 0 0 0 0 0 00 ff
4 0 1 0 0 1 01 ff
4 0 1 0 0 1 02 ff
4 0 1 0 0 0 02 ff
4 0 1 1 0 1 03 ff
4 0 0 1 0 1 00 ff
4 0 1 0 0 1 01 ff
4 0 1 1 1 1 02 ff
4 0 1 0 0 1 03 ff
4 0 1 0 0 1 04 ff
4 0 0 0 0 1 00 ff
4 0 1 0 0 1 01 ff
4 0 1 0 0 0 01 ff
4 0 1 0 0 1 02 ff
4 0 1 0 0 0 02 ff
4 0 0 1 0 0 00 ff
4 0 0 0 0 1 00 ff
4 0 1 0 0 0 00 ff
4 0 1 0 0 0 00 ff
4 0 1 0 0 0 00 ff
4 0 1 0 1 0 01 ff
4 0 1 0 0 0 01 ff
4 0 1 0 0 1 02 ff
4 0 1 0 1 0 01 ff
4 0 1 0 0 0 01 ff
4 0 1 0 0 1 02 ff
4 0 0 0 0 0 00 ff
4 0 1 1 0 0 00 ff
4 0 1 0 0 0 00 ff
4 0 1 0 0 1 01 ff
4 0 1 0 0 1 02 ff
4 0 1 0 0 1 03 ff
4 0 1 0 0 1 04 ff
4 0 1 0 0 0 04 ff
4 0 1 0 0 0 04 ff
4 0 1 0 0 0 04 ff
4 0 0 0 0 1 00 ff
4 0 0 0 0 1 00 ff
4 0 1 0 0 1 01 ff
4 0 1 0 0 1 02 ff
4 0 0 0 0 0 00 ff
4 0 1 0 0 1 01 ff
4 0 0 0 0 0 00 ff
4 0 1 0 0 0 00 ff
4 0 1 0 1 0 00 ff
4 0 1 0 0 0 00 ff
4 0 1 0 0 0 00 ff
4 0 1 0 0 1 01 ff
4 0 1 0 0 0 01 ff
4 0 1 0 0 0 01 ff
4 0 0 1 1 0 00 ff
4 0 1 0 0 1 01 ff
4 0 1 0 0 0 01 ff
4 0 1 1 1 0 00 ff
4 0 1 0 0 0 00 ff
4 0 0 0 0 1 00 ff
4 0 1 0 0 1 01 ff
4 0 0 0 0 0 00 ff
4 0 1 0 0 1 01 ff
4 0 1 0 0 0 01 ff
4 0 1 0 0 1 02 ff
4 0 1 0 0 0 02 ff
4 0 0 0 0 0 00 ff
4 0 1 0 0 0 00 ff
4 0 1 0 0 0 00 ff
4 0 1 0 0 0 00 ff
4 0 1 0 0 0 00 ff
4 0 0 0 0 0 00 ff
4 0 1 0 0 0 00 ff
4 0 1 0 0 0 00 ff
4 0 1 0 0 0 00 ff
4 0 1 0 0 1 01 ff
4 0 1 0 1 0 01 ff
4 0 0 0 0 1 00 ff
4 0 1 0 0 1 01 ff
4 0 1 0 1 0 01 ff
4 0 1 0 0 0 01 ff
4 0 1 0 0 1 02 ff
4 0 1 1 0 0 02 ff
4 0 1 0 1 0 02 ff
4 0 1 0 0 1 03 ff
4 0 0 0 0 0 00 ff
4 0 0 0 0 1 00 ff
4 0 1 0 0 1 01 ff
4 0 0 0 0 1 00 ff
4 0 1 0 1 0 02 ff
4 0 0 0 0 0 00 ff
4 0 1 0 0 1 01 ff
4 0 1 0 0 1 02 ff
4 0 1 0 0 0 02 ff
4 0 0 0 0 0 00 ff
4 0 1 0 0 0 00 ff
4 0 0 0 0 0 00 ff
4 0 1 0 0 1 01 ff
4 0 1 0 0 0 01 ff
4 0 1 0 0 1 02 ff
4 0 1 0 0 1 03 ff
4 0 1 0 0 1 04 ff
4 0 1 0 0 0 04 ff
4 0 1 1 0 0 04 ff
4 0 1 1 0 0 04 ff
4 0 1 0 0 0 04 ff
4 0 1 0 0 1 05 ff
4 0 1 0 0 1 06 ff
4 0 1 0 0 1 07 ff
4 0 0 0 0 0 00 ff
4 0 1 0 0 0 00 ff
4 0 0 0 1 1 00 ff
4 0 1 0 1 1 04 ff
4 0 1 0 0 1 05 ff
4 0 1 0 0 1 06 ff
4 0 1 0 1 0 04 ff
4 0 0 0 0 0 00 ff
4 0 0 0 0 0 00 ff
4 0 0 1 0 0 00 ff
4 0 1 0 0 0 00 ff
4 0 1 0 0 0 00 ff
4 0 1 0 0 1 01 ff
4 0 0 0 0 1 00 ff
4 0 1 0 0 0 00 ff
4 0 1 0 1 1 04 ff
4 0 0 1 0 0 00 ff
4 0 1 0 0 0 00 ff
4 0 1 0 0 1 01 ff
4 0 0 0 0 0 00 ff
4 0 1 0 0 1 01 ff
4 0 1 0 0 0 01 ff
4 0 1 1 0 0 01 ff
4 0 1 0 0 0 01 ff
4 0 0 0 1 0 00 ff
4 0 1 0 0 1 01 ff
4 0 1 0 0 1 02 ff
4 0 1 0 0 1 03 ff
4 0 1 0 0 1 04 ff
4 0 1 0 0 1 05 ff
4 0 1 0 0 0 05 ff
4 0 1 0 0 0 05 ff
4 0 0 0 0 1 00 ff
4 0 1 0 0 0 00 ff
4 0 1 0 1 0 01 ff
4 0 1 0 0 0 01 ff
4 0 1 0 0 0 01 ff
4 0 1 0 0 1 02 ff
4 0 1 0 0 0 02 ff
4 0 0 0 0 1 00 ff
4 0 1 0 0 1 01 ff
4 0 1 1 0 1 02 ff
4 0 0 0 0 0 00 ff
4 0 1 0 1 1 01 ff
4 0 1 0 0 0 01 ff
4 0 1 0 0 0 01 ff
4 0 1 0 0 1 02 ff
4 0 1 0 0 0 02 ff
4 0 0 0 0 0 00 ff
4 0 1 0 0 1 01 ff
4 0 1 1 0 1 02 ff
4 0 1 0 0 1 03 ff
4 0 1 0 0 1 04 ff
4 0 1 0 0 0 04 ff
4 0 1 0 0 1 05 ff
4 0 0 0 0 0 00 ff
4 0 0 0 0 1 00 ff
4 0 1 0 0 0 00 ff
4 0 1 0 0 1 01 ff
4 0 0 0 0 1 00 ff
4 0 0 0 0 0 00 ff
4 0 1 0 0 0 00 ff
4 0 1 1 0 1 01 ff
4 0 1 0 0 0 01 ff
4 0 1 0 0 1 02 ff
4 0 1 0 0 1 03 ff
4 0 0 0 0 0 00 ff
4 0 1 0 0 1 01 ff
4 0 0 0 0 0 00 ff
4 0 1 0 0 0 00 ff
4 0 1 0 0 0 00 ff
4 0 1 1 0 1 01 ff
4 0 1 0 0 1 02 ff
4 0 0 0 0 0 00 ff
4 0 1 0 0 0 00 ff
4 0 1 0 0 0 00 ff
4 0 1 0 0 0 00 ff
4 0 1 0 1 0 00 ff
4 0 1 0 0 0 00 ff
4 0 1 0 0 0 00 ff
4 0 1 0 0 0 00 ff
4 0 1 0 0 0 00 ff
4 0 0 0 0 1 00 ff
4 0 1 0 0 0 00 ff
4 0 1 0 0 1 01 ff
4 0 1 0 0 1 02 ff
4 0 1 1 0 1 03 ff
4 0 1 1 0 1 04 ff
4 0 1 0 0 1 05 ff
4 0 1 1 1 0 03 ff
4 0 0 0 1 0 00 ff
4 0 0 0 0 1 00 ff
4 0 1 0 0 1 01 ff
4 0 1 0 0 0 01 ff
4 0 1 0 0 1 02 ff
4 0 1 1 0 1 03 ff
4 0 1 0 0 1 04 ff
4 0 1 0 0 1 05 ff
4 0 1 0 0 0 05 ff
4 0 1 0 0 1 06 ff
4 0 1 0 0 1 07 ff
4 0 0 1 0 0 00 ff
4 0 1 0 0 1 01 ff
4 0 1 0 1 0 02 ff
4 0 1 0 0 1 03 ff
4 0 0 0 0 0 00 ff
4 0 1 0 0 0 00 ff
4 0 0 0 0 1 00 ff
4 0 1 0 0 1 01 ff
4 0 1 0 0 1 02 ff
4 0 1 0 0 0 02 ff
4 0 0 0 0 1 00 ff
4 0 1 0 0 1 01 ff
4 0 1 0 0 1 02 ff
4 0 1 0 0 1 03 ff
4 0 1 0 0 1 04 ff
4 0 1 0 0 1 05 ff
4 0 1 0 0 0 05 ff
4 0 1 0 1 0 02 ff
4 0 1 0 0 0 02 ff
4 0 1 0 0 0 02 ff
4 0 1 0 0 1 03 ff
4 0 1 0 0 1 04 ff
4 0 1 0 0 1 05 ff
4 0 1 0 0 1 06 ff
4 0 1 0 0 1 07 ff
4 0 1 0 0 1 08 ff
4 0 1 0 0 0 08 ff
4 0 1 0 0 1 09 ff
4 0 1 0 0 1 0a ff
4 0 1 0 1 0 02 ff
4 0 1 0 0 0 02 ff
4 0 1 0 0 1 03 ff
4 0 0 0 0 0 00 ff
4 0 1 1 0 1 01 ff
4 0 1 1 0 1 02 ff
4 0 1 0 0 1 03 ff
4 0 1 0 0 1 04 ff
4 0 0 0 0 0 00 ff
4 0 1 0 0 0 00 ff
4 0 1 0 0 1 01 ff
4 0 1 0 0 0 01 ff
4 0 1 0 0 1 02 ff
4 0 1 0 0 1 03 ff
4 0 1 0 0 0 03 ff
4 0 0 0 1 0 00 ff
4 0 1 0 0 0 00 ff
4 0 1 0 0 1 01 ff
4 0 0 0 0 0 00 ff
4 0 0 0 0 0 00 ff
4 0 1 0 0 1 01 ff
4 0 1 0 0 1 02 ff
4 0 1 0 0 0 02 ff
4 0 1 0 0 0 02 ff
4 0 1 0 0 1 03 ff
4 0 1 0 0 0 03 ff
4 0 1 0 0 1 04 ff
4 0 0 0 0 0 00 ff
4 0 1 0 0 0 00 ff
4 0 1 0 0 1 01 ff
4 0 1 0 0 0 01 ff
4 0 1 0 1 1 01 ff
4 0 1 0 0 1 02 ff
4 0 1 0 0 0 02 ff
4 0 1 0 1 1 01 ff
4 0 1 0 0 0 01 ff
4 0 0 1 0 0 00 ff
4 0 1 0 0 1 01 ff
4 0 1 0 0 0 01 ff
4 0 1 0 0 0 01 ff
4 0 1 0 0 0 01 ff
4 0 0 0 0 1 00 ff
4 0 1 0 0 1 01 ff
4 0 0 0 0 0 00 ff
4 0 0 0 0 0 00 ff
4 0 1 0 0 0 00 ff
4 0 1 0 0 1 01 ff
4 0 1 0 0 0 01 ff
4 0 1 0 0 1 02 ff
4 0 1 0 0 0 02 ff
4 0 1 0 0 1 03 ff
4 0 1 0 0 0 03 ff
4 0 1 1 0 0 03 ff
4 0 1 0 1 1 03 ff
4 0 1 0 0 1 04 ff
4 0 1 0 0 1 05 ff
4 0 1 0 0 1 06 ff
4 0 1 0 0 0 06 ff
4 0 1 0 0 0 06 ff
4 0 1 0 0 0 06 ff
4 0 1 0 0 1 07 ff
4 0 1 0 0 1 08 ff
4 0 1 0 0 0 08 ff
4 0 1 0 0 0 08 ff
4 0 1 0 0 1 09 ff
4 0 1 0 0 1 0a ff
4 0 0 0 0 1 00 ff
4 0 1 0 1 1 03 ff
4 0 1 0 0 0 03 ff
4 0 1 0 0 1 04 ff
4 0 1 0 0 0 04 ff
4 0 1 0 0 1 05 ff
4 0 1 0 0 0 05 ff
4 0 1 0 0 0 05 ff
4 0 1 0 0 1 06 ff
4 0 1 0 0 1 07 ff
4 0 1 0 0 1 08 ff
4 0 1 0 0 1 09 ff
4 0 0 0 0 1 00 ff
4 0 1 1 1 0 03 ff
4 0 1 0 0 0 03 ff
4 0 0 0 0 0 00 ff
4 0 1 0 0 1 01 ff
4 0 1 0 0 0 01 ff
4 0 1 0 0 1 02 ff
4 0 0 0 1 0 00 ff
4 0 1 0 0 0 00 ff
4 0 1 0 0 0 00 ff
4 0 1 1 0 0 00 ff
4 0 1 0 0 1 01 ff
4 0 1 0 0 0 01 ff
4 0 0 0 0 0 00 ff
4 0 0 0 0 1 00 ff
4 0 1 0 0 0 00 ff
4 0 1 0 0 0 00 ff
4 0 1 0 0 1 01 ff
4 0 1 0 0 1 02 ff
4 0 1 0 0 0 02 ff
4 0 1 0 0 1 03 ff
4 0 1 0 0 0 03 ff
4 0 1 0 0 1 04 ff
4 0 1 0 0 1 05 ff
4 0 1 1 0 0 05 ff
4 0 0 0 0 0 00 ff
4 0 1 0 0 1 01 ff
4 0 1 0 0 1 02 ff
4 0 1 1 0 0 02 ff
4 0 1 0 0 0 02 ff
4 0 1 0 0 1 03 ff
4 0 0 0 0 0 00 ff
4 0 0 0 0 0 00 ff
4 0 0 0 0 1 00 ff
4 0 1 0 0 0 00 ff
4 0 1 0 0 1 01 ff
4 0 0 0 0 1 00 ff
4 0 1 0 0 1 01 ff
4 0 1 0 0 0 01 ff
4 0 1 0 0 1 02 ff
4 0 1 0 0 1 03 ff
4 0 1 0 0 0 03 ff
4 0 1 0 0 0 03 ff
4 0 1 1 0 0 03 ff
4 0 1 0 0 1 04 ff
4 0 1 0 0 0 04 ff
4 0 1 1 0 1 05 ff
4 0 1 0 0 1 06 ff
4 0 1 0 0 0 06 ff
4 0 1 1 0 1 07 ff
4 0 1 0 0 1 08 ff
4 0 1 0 0 1 09 ff
4 0 0 0 0 1 00 ff
4 0 1 0 0 1 01 ff
4 0 1 0 0 0 01 ff
4 0 1 0 0 1 02 ff
4 0 1 0 0 1 03 ff
4 0 1 0 0 1 04 ff
4 0 1 0 1 1 06 ff
4 0 0 0 0 1 00 ff
4 0 1 0 0 1 01 ff
4 0 1 0 0 0 01 ff
4 0 1 0 0 1 02 ff
4 0 1 0 0 0 02 ff
4 0 1 0 0 0 02 ff
4 0 0 0 0 0 00 ff
4 0 1 0 0 1 01 ff
4 0 1 1 0 0 01 ff
4 0 1 0 0 1 02 ff
4 0 1 1 0 1 03 ff
4 0 0 0 1 1 00 ff
4 0 1 0 0 1 01 ff
4 0 0 0 0 1 00 ff
4 0 1 0 0 1 01 ff
4 0 1 0 0 1 02 ff
4 0 1 0 1 1 02 ff
4 0 1 0 0 1 03 ff
4 0 1 0 0 1 04 ff
4 0 1 0 1 1 02 ff
4 0 1 1 0 0 02 ff
4 0 1 0 0 1 03 ff
4 0 1 0 0 0 03 ff
4 0 1 0 0 0 03 ff
4 0 0 0 1 0 00 ff
4 0 1 0 0 0 00 ff
4 0 1 0 0 0 00 ff
4 0 1 0 0 0 00 ff
4 0 1 0 0 1 01 ff
4 0 1 0 0 0 01 ff
4 0 1 0 0 1 02 ff
4 0 1 0 0 0 02 ff
4 0 1 0 0 0 02 ff
4 0 1 0 0 0 02 ff
4 0 0 0 0 0 00 ff
4 0 1 0 0 1 01 ff
4 0 1 0 0 0 01 ff
4 0 1 0 0 0 01 ff
4 0 1 0 0 1 02 ff
4 0 0 0 0 1 00 ff
4 0 1 1 0 0 00 ff
4 0 0 0 0 0 00 ff
4 0 1 0 1 1 00 ff
4 0 1 0 0 1 01 ff
4 0 0 0 0 0 00 ff
4 0 1 0 1 1 00 ff
4 0 1 0 0 1 01 ff
4 0 0 0 0 0 00 ff
4 0 1 0 0 1 01 ff
4 0 1 0 1 1 00 ff
4 0 0 0 0 1 00 ff
4 0 1 0 0 0 00 ff
4 0 1 0 0 0 00 ff
4 0 1 0 0 0 00 ff
4 0 1 0 0 1 01 ff
4 0 1 0 1 0 00 ff
4 0 1 0 0 1 01 ff
4 0 1 1 0 1 02 ff
4 0 0 0 0 1 00 ff
4 0 1 0 0 0 00 ff
4 0 0 0 0 1 00 ff
4 0 1 0 1 0 01 ff
4 0 0 1 0 0 00 ff
4 0 1 0 0 0 00 ff
4 0 0 0 0 1 00 ff
4 0 1 0 0 0 00 ff
4 0 1 0 0 1 01 ff
4 0 1 0 0 0 01 ff
4 0 0 0 0 0 00 ff
4 0 1 0 0 0 00 ff
4 0 0 0 0 1 00 ff
4 0 1 0 0 0 00 ff
4 0 1 1 0 1 01 ff
4 0 0 0 1 1 00 ff
4 0 1 0 0 0 00 ff
4 0 1 0 0 1 01 ff
4 0 1 0 0 1 02 ff
4 0 1 0 1 0 00 ff
4 0 1 0 0 1 01 ff
4 0 1 0 0 0 01 ff
4 0 0 0 0 1 00 ff
4 0 1 0 0 1 01 ff
4 0 1 1 0 0 01 ff
4 0 1 0 0 1 02 ff
4 0 0 0 0 1 00 ff
4 0 1 0 0 0 00 ff
4 0 1 0 0 0 00 ff
4 0 0 0 0 0 00 ff
4 0 1 1 1 0 01 ff
4 0 1 0 0 1 02 ff
4 0 0 0 0 1 00 ff
4 0 1 0 0 0 00 ff
4 0 0 0 0 0 00 ff
4 0 1 0 0 1 01 ff
4 0 1 0 0 0 01 ff
4 0 1 0 0 1 02 ff
4 0 1 0 0 0 02 ff
4 0 1 0 0 0 02 ff
4 0 1 0 1 1 00 ff
4 0 1 0 0 0 00 ff
4 0 0 0 0 0 00 ff
4 0 1 0 0 0 00 ff
4 0 1 0 0 0 00 ff
4 0 0 0 0 0 00 ff
4 0 1 0 0 1 01 ff
4 0 0 0 0 1 00 ff
4 0 1 1 0 0 00 ff
4 0 1 0 0 0 00 ff
4 0 0 0 0 0 00 ff
4 0 0 0 0 0 00 ff
4 0 0 0 1 1 00 ff
4 0 1 0 0 1 01 ff
4 0 1 0 0 0 01 ff
4 0 1 0 0 1 02 ff
4 0 1 0 0 1 03 ff
4 0 1 0 0 1 04 ff
4 0 1 0 0 0 04 ff
4 0 1 0 0 1 05 ff
4 0 1 0 1 0 00 ff
4 0 1 0 1 1 00 ff
4 0 1 0 0 1 01 ff
4 0 1 0 0 0 01 ff
4 0 0 0 0 1 00 ff
4 0 0 0 0 0 00 ff
4 0 1 0 0 0 00 ff
4 0 0 0 0 0 00 ff
4 0 0 1 1 0 00 ff
4 0 0 0 0 0 00 ff
4 0 0 1 0 0 00 ff
4 0 1 0 0 0 00 ff
4 0 1 1 0 1 01 ff
4 0 1 0 0 1 02 ff
4 1 1 0 0 0 00 ff
4 0 1 0 0 0 00 ff
4 0 1 0 0 0 00 ff
4 0 1 0 0 1 01 ff
4 0 1 0 0 1 02 ff
4 0 1 0 0 1 03 ff
4 0 1 0 0 0 03 ff
4 0 1 0 0 1 04 ff
4 0 1 0 0 0 04 ff
4 0 1 0 0 0 04 ff
4 0 1 0 1 0 00 ff
4 0 1 0 1 0 00 ff
4 0 1 0 0 0 00 ff
4 0 0 0 0 1 00 ff
4 0 1 1 0 0 00 ff
4 0 1 0 0 1 01 ff
4 0 0 0 0 0 00 ff
4 0 0 0 0 0 00 ff
4 0 0 0 0 1 00 ff
4 0 1 1 0 0 00 ff
4 0 1 1 1 0 00 ff
4 0 1 0 0 1 01 ff
4 0 0 0 0 1 00 ff
4 0 1 1 0 1 01 ff
4 0 1 0 1 1 00 ff
4 0 0 0 0 0 00 ff
4 0 0 0 0 0 00 ff
4 0 1 1 0 0 00 ff
4 0 1 0 1 0 00 ff
4 0 1 0 0 1 01 ff
4 0 1 0 0 0 01 ff
4 0 1 0 0 0 01 ff
4 0 1 0 0 1 02 ff
4 0 1 0 0 1 03 ff
4 0 1 0 0 0 03 ff
4 0 1 0 0 0 03 ff
4 0 1 0 0 0 03 ff
4 0 1 0 0 1 04 ff
4 0 1 0 0 1 05 ff
4 0 1 0 1 1 00 ff
4 0 1 0 0 0 00 ff
4 0 1 0 0 0 00 ff
4 0 1 0 1 0 00 ff
4 0 1 0 0 0 00 ff
4 0 1 0 0 0 00 ff
4 0 1 0 0 1 01 ff
4 0 1 0 0 1 02 ff
4 0 1 1 1 1 00 ff
4 0 1 0 0 1 01 ff
4 0 1 0 0 1 02 ff
4 0 1 0 0 1 03 ff
4 0 1 0 0 0 03 ff
4 0 1 0 1 1 02 ff
4 0 1 0 1 0 02 ff
4 0 1 0 0 1 03 ff
4 0 1 0 0 1 04 ff
4 0 0 0 0 1 00 ff
4 0 0 0 0 0 00 ff
4 0 0 0 0 0 00 ff
4 0 1 0 0 0 00 ff
4 0 0 0 0 1 00 ff
4 0 1 0 0 0 00 ff
4 0 1 0 1 1 02 ff
4 0 1 0 0 1 03 ff
4 0 1 0 0 0 03 ff
4 0 1 0 0 0 03 ff
4 0 0 0 0 0 00 ff
4 0 1 0 0 1 01 ff
4 0 1 0 0 1 02 ff
4 0 0 0 0 0 00 ff
4 0 1 1 0 0 00 ff
4 0 0 0 0 0 00 ff
4 0 1 0 0 1 01 ff
4 0 1 0 0 0 01 ff
4 0 0 0 0 0 00 ff
4 0 1 1 0 0 00 ff
4 0 1 1 1 0 00 ff
4 0 1 0 0 1 01 ff
4 0 0 0 0 0 00 ff
4 0 1 0 0 0 00 ff
4 0 1 0 0 0 00 ff
4 0 1 0 1 0 00 ff
4 0 1 0 0 0 00 ff
4 0 1 0 0 1 01 ff
4 0 1 0 0 1 02 ff
4 0 1 0 0 1 03 ff
4 0 1 0 0 1 04 ff
4 0 1 0 0 1 05 ff
4 0 1 0 0 1 06 ff
4 0 1 0 0 1 07 ff
4 0 1 0 0 0 07 ff
4 0 1 0 0 0 07 ff
4 0 1 0 1 1 00 ff
4 0 1 1 0 1 01 ff
4 0 1 0 0 0 01 ff
4 0 1 0 0 1 02 ff
4 0 0 0 0 1 00 ff
4 0 1 0 0 1 01 ff
4 0 1 0 0 1 02 ff
4 0 1 0 0 1 03 ff
4 0 1 0 0 1 04 ff
4 0 1 0 0 1 05 ff
4 0 1 0 0 0 05 ff
4 0 1 0 0 0 05 ff
4 0 1 0 0 0 05 ff
4 0 1 0 0 0 05 ff
4 0 0 0 0 1 00 ff
4 0 1 1 0 1 01 ff
4 0 1 0 0 1 02 ff
4 0 1 0 0 0 02 ff
4 0 1 0 0 0 02 ff
4 0 1 0 1 0 00 ff
4 0 0 0 0 1 00 ff
4 0 1 0 0 1 01 ff
4 0 0 0 1 0 00 ff
4 0 1 0 0 0 00 ff
4 0 1 0 0 1 01 ff
4 0 0 0 0 0 00 ff
4 0 1 1 0 0 00 ff
4 0 1 1 0 1 01 ff
4 0 1 0 0 1 02 ff
4 0 1 0 0 0 02 ff
4 0 1 0 0 1 03 ff
4 0 1 0 0 1 04 ff
4 0 1 0 0 0 04 ff
4 0 1 0 0 1 05 ff
4 0 1 1 0 0 05 ff
4 0 1 0 0 0 05 ff
4 0 1 0 0 1 06 ff
4 0 1 0 0 0 06 ff
4 0 1 0 0 0 06 ff
4 0 0 0 1 1 00 ff
4 0 0 0 0 0 00 ff
4 0 1 0 0 1 01 ff
4 0 1 1 1 0 05 ff
4 0 1 0 0 0 05 ff
4 0 0 0 0 1 00 ff
4 0 1 0 0 0 00 ff
4 0 1 0 0 0 00 ff
4 0 0 0 0 1 00 ff
4 0 1 0 0 1 01 ff
4 0 1 0 0 0 01 ff
4 0 1 0 0 1 02 ff
4 0 0 0 0 0 00 ff
4 0 1 0 0 1 01 ff
4 0 0 0 0 1 00 ff
4 0 0 0 0 0 00 ff
4 0 1 0 0 0 00 ff
4 0 1 0 0 0 00 ff
4 0 1 0 0 1 01 ff
4 0 1 0 0 0 01 ff
4 0 1 0 0 0 01 ff
4 0 1 0 0 0 01 ff
4 0 1 0 0 0 01 ff
4 0 1 0 0 0 01 ff
4 0 0 0 0 0 00 ff
4 0 1 0 1 1 01 ff
4 0 0 1 0 1 00 ff
4 0 0 0 0 1 00 ff
4 0 1 1 0 1 01 ff
4 0 1 0 0 0 01 ff
4 0 1 1 0 0 01 ff
4 0 1 0 0 0 01 ff
4 0 1 0 1 0 01 ff
4 0 1 0 1 0 01 ff
4 0 1 0 1 1 01 ff
4 0 1 0 0 1 02 ff
4 0 1 0 0 1 03 ff
4 0 1 0 0 0 03 ff
4 0 1 0 0 0 03 ff
4 0 1 0 0 0 03 ff
4 0 1 0 0 0 03 ff
4 0 1 0 0 0 03 ff
4 0 1 0 0 1 04 ff
4 0 1 0 0 1 05 ff
4 0 1 0 1 1 01 ff
4 0 0 0 0 0 00 ff
4 0 1 0 0 0 00 ff
4 0 0 0 0 0 00 ff
4 0 1 0 0 0 00 ff
4 0 1 0 0 0 00 ff
4 0 0 0 1 1 00 ff
4 0 1 0 0 1 01 ff
4 0 1 0 0 0 01 ff
4 0 1 0 0 0 01 ff
4 0 1 0 1 1 01 ff
4 0 1 0 0 1 02 ff
4 0 0 0 0 1 00 ff
4 0 0 0 1 0 00 ff
4 0 1 0 0 1 01 ff
4 0 0 0 0 1 00 ff
4 0 1 0 0 1 01 ff
4 0 1 1 0 0 01 ff
4 0 1 0 0 0 01 ff
4 0 1 0 0 0 01 ff
4 0 1 1 0 0 01 ff
4 0 0 0 1 1 00 ff
4 0 1 0 0 1 01 ff
4 0 1 0 0 1 02 ff
4 0 1 0 0 1 03 ff
4 0 1 0 1 0 01 ff
4 0 0 0 0 1 00 ff
4 0 0 0 0 0 00 ff
4 0 1 0 0 1 01 ff
4 0 1 0 0 0 01 ff
4 0 1 0 0 1 02 ff
4 0 1 0 0 1 03 ff
4 0 1 0 0 1 04 ff
4 0 1 0 0 0 04 ff
4 0 0 0 0 0 00 ff
4 0 1 0 1 1 01 ff
4 0 1 0 1 1 01 ff
4 0 1 0 0 1 02 ff
4 0 1 0 0 0 02 ff
4 0 1 0 0 0 02 ff
4 0 1 0 0 0 02 ff
4 0 1 0 0 0 02 ff
4 0 1 0 0 1 03 ff
4 0 1 0 0 1 04 ff
4 0 1 0 0 0 04 ff
4 0 1 0 0 0 04 ff
4 0 1 0 0 0 04 ff
4 0 1 0 0 1 05 ff
4 0 1 0 1 1 01 ff
4 0 1 0 0 1 02 ff
4 0 1 0 0 1 03 ff
4 0 1 1 0 0 03 ff
4 0 1 0 0 1 04 ff
4 0 1 1 0 1 05 ff
4 0 1 0 0 0 05 ff
4 0 1 0 0 1 06 ff
4 0 1 0 0 0 06 ff
4 0 1 0 0 0 06 ff
4 0 1 0 0 0 06 ff
4 0 1 0 0 1 07 ff
4 0 1 0 1 1 04 ff
4 0 0 0 0 1 00 ff
4 0 0 0 0 1 00 ff
4 0 1 0 0 1 01 ff
4 0 1 0 0 1 02 ff
4 0 1 0 0 0 02 ff
4 0 1 0 0 0 02 ff
4 0 1 0 0 0 02 ff
4 0 0 0 0 1 00 ff
4 0 1 0 0 1 01 ff
4 0 1 0 0 1 02 ff
4 0 1 0 0 0 02 ff
4 0 1 0 0 1 03 ff
4 0 1 0 0 0 03 ff
4 0 0 0 0 0 00 ff
4 0 1 1 0 0 00 ff
4 0 1 0 0 0 00 ff
4 0 1 0 0 1 01 ff
4 0 1 0 0 1 02 ff
4 0 1 0 0 0 02 ff
4 0 0 0 0 1 00 ff
4 0 1 0 0 0 00 ff
4 0 1 0 0 1 01 ff
4 0 0 0 0 1 00 ff
4 0 1 0 0 0 00 ff
4 0 0 0 1 1 00 ff
4 0 1 0 0 0 00 ff
4 0 1 0 0 0 00 ff
4 0 1 0 0 0 00 ff
4 0 1 0 0 0 00 ff
4 0 1 0 1 1 00 ff
4 0 1 0 0 1 01 ff
4 0 1 0 0 0 01 ff
4 0 1 1 0 1 02 ff
4 0 1 0 0 1 03 ff
4 0 1 0 0 0 03 ff
4 0 1 0 0 1 04 ff
4 0 1 0 0 0 04 ff
4 0 1 0 0 1 05 ff
4 0 1 0 1 1 01 ff
4 0 1 1 0 1 02 ff
4 0 1 0 0 1 03 ff
4 0 1 0 0 0 03 ff
4 0 1 0 0 1 04 ff
4 0 0 0 0 1 00 ff
4 0 1 0 0 0 00 ff
4 0 1 0 0 0 00 ff
4 0 1 0 0 1 01 ff
4 0 1 0 0 0 01 ff
4 0 0 0 0 0 00 ff
4 0 1 0 0 1 01 ff
4 0 1 0 0 0 01 ff
4 0 1 0 0 0 01 ff
4 0 0 0 0 0 00 ff
4 0 0 0 0 0 00 ff
4 0 1 0 1 1 01 ff
4 0 1 0 0 1 02 ff
4 0 0 0 0 0 00 ff
4 0 1 1 0 0 00 ff
4 0 0 0 0 1 00 ff
4 0 1 0 0 0 00 ff
4 0 1 0 0 0 00 ff
4 0 1 0 1 1 00 ff
4 1 0 0 0 0 00 ff
4 0 1 0 0 0 00 ff
4 0 1 0 0 0 00 ff
4 0 1 0 0 0 00 ff
4 0 1 0 1 0 00 ff
4 0 1 0 1 0 00 ff
4 0 1 0 1 0 00 ff
4 0 1 0 0 1 01 ff
4 0 1 0 0 1 02 ff
4 0 1 0 0 1 03 ff
4 0 1 0 0 0 03 ff
4 0 1 0 0 1 04 ff
4 0 1 0 0 0 04 ff
4 0 1 0 0 0 04 ff
4 0 1 0 0 1 05 ff
4 0 0 0 0 0 00 ff
4 0 1 0 0 0 00 ff
4 0 1 0 0 1 01 ff
4 0 1 0 0 0 01 ff
4 0 1 0 0 0 01 ff
4 0 1 0 0 0 01 ff
4 0 1 0 0 0 01 ff
4 0 1 0 0 0 01 ff
4 0 1 0 0 0 01 ff
4 0 1 0 0 0 01 ff
4 0 0 1 0 1 00 ff
4 0 1 0 0 1 01 ff
4 0 0 0 0 1 00 ff
4 0 1 0 0 1 01 ff
4 0 0 0 0 0 00 ff
4 0 0 0 0 1 00 ff
4 0 1 0 1 0 00 ff
4 0 1 0 0 1 01 ff
4 0 1 0 0 1 02 ff
4 0 1 0 0 0 02 ff
4 0 1 0 0 0 02 ff
4 0 1 0 0 1 03 ff
4 0 1 0 0 0 03 ff
4 0 1 0 1 1 00 ff
4 0 1 0 0 0 00 ff
4 0 1 1 0 1 01 ff
4 0 1 0 0 0 01 ff
4 0 1 1 0 0 01 ff
4 0 1 0 1 0 01 ff
4 0 0 0 0 1 00 ff
4 0 1 0 0 0 00 ff
4 0 0 0 0 1 00 ff
4 0 0 0 0 1 00 ff
4 0 1 0 0 0 00 ff
4 0 1 0 0 0 00 ff
4 0 1 0 0 1 01 ff
4 0 1 0 0 1 02 ff
4 0 0 0 0 1 00 ff
4 0 0 0 0 1 00 ff
4 0 0 1 0 0 00 ff
4 0 0 1 0 0 00 ff
4 0 1 0 0 0 00 ff
4 0 1 0 1 1 01 ff
4 0 1 0 0 0 01 ff
4 0 1 0 0 0 01 ff
4 0 1 0 0 1 02 ff
4 0 0 0 0 0 00 ff
4 0 1 0 0 0 00 ff
4 0 1 0 0 0 00 ff
4 0 1 0 0 0 00 ff
4 0 0 1 0 0 00 ff
4 0 0 0 0 1 00 ff
4 0 0 0 0 0 00 ff
4 0 1 0 0 0 00 ff
4 0 1 0 0 1 01 ff
4 0 1 0 1 1 01 ff
4 0 1 0 0 1 02 ff
4 0 1 0 0 1 03 ff
4 0 0 0 0 1 00 ff
4 0 1 0 0 1 01 ff
4 0 0 0 0 0 00 ff
4 0 1 1 0 0 00 ff
4 0 1 0 0 0 00 ff
4 0 1 0 0 1 01 ff
4 0 1 0 0 0 01 ff
4 0 1 0 0 1 02 ff
4 0 0 0 0 0 00 ff
4 0 1 0 0 1 01 ff
4 0 1 0 0 0 01 ff
4 0 1 1 0 0 01 ff
4 0 1 0 0 1 02 ff
4 0 1 0 1 1 01 ff
4 0 1 0 0 1 02 ff
4 0 1 0 0 0 02 ff
4 0 1 0 0 0 02 ff
4 0 1 0 0 1 03 ff
4 0 1 0 0 0 03 ff
4 0 1 0 0 0 03 ff
4 0 1 0 0 0 03 ff
4 0 0 0 0 1 00 ff
4 0 0 0 0 0 00 ff
4 0 0 0 1 1 00 ff
4 0 1 0 0 0 00 ff
4 0 0 0 0 1 00 ff
4 0 1 0 0 0 00 ff
4 0 1 0 0 0 00 ff
4 0 1 0 0 1 01 ff
4 0 0 0 0 1 00 ff
4 0 1 0 0 1 01 ff
4 0 1 0 1 1 01 ff
4 0 1 1 0 0 01 ff
4 0 1 0 1 0 01 ff
4 0 1 0 0 0 01 ff
4 0 1 0 0 1 02 ff
4 0 0 0 1 0 00 ff
4 0 1 0 0 1 01 ff
4 0 0 0 0 1 00 ff
4 0 1 0 1 0 01 ff
4 0 1 0 1 0 01 ff
4 0 1 0 0 0 01 ff
4 0 1 0 1 1 01 ff
4 0 1 0 0 1 02 ff
4 0 0 0 0 1 00 ff
4 0 1 0 1 0 01 ff
4 0 1 1 0 0 01 ff
4 0 1 0 0 1 02 ff
4 0 1 0 0 1 03 ff
4 0 1 0 0 1 04 ff
4 0 1 0 1 1 01 ff
4 0 1 0 0 0 01 ff
4 0 0 0 0 0 00 ff
4 0 0 0 0 0 00 ff
4 0 0 0 0 0 00 ff
4 0 1 0 0 1 01 ff
4 0 1 0 0 0 01 ff
4 0 1 0 0 0 01 ff
4 0 1 0 0 1 02 ff
4 0 1 0 0 0 02 ff
4 0 1 0 0 0 02 ff
4 0 0 0 0 1 00 ff
4 0 1 0 0 1 01 ff
4 0 1 0 0 0 01 ff
4 0 0 0 0 0 00 ff
4 0 1 0 0 1 01 ff
4 0 1 0 0 0 01 ff
4 0 0 0 0 1 00 ff
4 0 1 1 0 0 00 ff
4 0 0 0 0 1 00 ff
4 0 1 0 0 0 00 ff
4 0 1 0 0 0 00 ff
4 0 1 0 0 1 01 ff
4 0 1 0 0 1 02 ff
4 0 0 0 0 0 00 ff
4 0 0 0 0 0 00 ff
4 0 1 0 0 1 01 ff
4 0 1 0 0 1 02 ff
4 0 0 0 0 1 00 ff
4 0 0 0 0 0 00 ff
4 0 1 0 0 0 00 ff
4 0 1 0 0 0 00 ff
4 0 1 0 0 1 01 ff
4 0 0 0 0 0 00 ff
4 0 1 0 1 1 00 ff
4 0 1 1 0 1 01 ff
4 0 1 1 0 0 01 ff
4 0 1 0 0 0 01 ff
4 0 1 0 0 0 01 ff
4 0 1 0 0 1 02 ff
4 0 1 0 0 1 03 ff
4 0 1 0 1 0 01 ff
4 0 1 1 1 0 01 ff
4 0 0 0 0 0 00 ff
4 0 0 0 0 1 00 ff
4 0 1 0 0 1 01 ff
4 0 1 0 0 1 02 ff
4 0 0 0 0 0 00 ff
4 0 1 0 0 0 00 ff
4 0 1 0 0 0 00 ff
4 0 1 1 0 0 00 ff
4 0 1 0 0 1 01 ff
4 0 1 0 0 0 01 ff
4 0 0 1 0 1 00 ff
4 0 0 0 0 0 00 ff
4 0 1 0 0 0 00 ff
4 0 1 0 0 1 01 ff
4 0 1 0 0 1 02 ff
4 0 1 1 0 1 03 ff
4 0 1 0 0 0 03 ff
4 0 0 0 0 0 00 ff
4 0 0 1 0 1 00 ff
4 0 0 0 0 0 00 ff
4 0 1 0 0 0 00 ff
4 0 0 0 0 0 00 ff
4 0 0 0 0 1 00 ff
4 0 1 0 0 0 00 ff
4 0 0 0 0 1 00 ff
4 0 1 0 0 1 01 ff
4 0 1 0 0 0 01 ff
4 0 1 1 0 0 01 ff
4 0 1 0 0 0 01 ff
4 0 0 0 0 0 00 ff
4 0 1 0 0 0 00 ff
4 0 1 0 0 0 00 ff
4 0 0 0 1 1 00 ff
4 0 0 0 0 0 00 ff
4 0 1 0 0 1 01 ff
4 0 1 0 0 1 02 ff
4 0 1 0 0 0 02 ff
4 0 1 0 0 1 03 ff
4 0 1 0 0 0 03 ff
4 0 1 0 0 0 03 ff
4 0 1 1 0 1 04 ff
4 0 0 0 0 0 00 ff
4 0 1 0 0 1 01 ff
4 0 1 0 0 1 02 ff
4 0 1 0 0 1 03 ff
4 0 1 0 0 0 03 ff
4 0 0 0 0 0 00 ff
4 0 1 1 0 1 01 ff
4 1 0 0 0 0 00 ff
4 0 0 0 0 1 00 ff
4 0 0 1 0 0 00 ff
4 0 1 0 0 1 01 ff
4 0 1 0 0 1 02 ff
4 0 1 0 0 1 03 ff
4 0 0 0 0 1 00 ff
4 0 1 0 0 1 01 ff
4 0 1 0 0 1 02 ff
4 0 1 0 0 0 02 ff
4 0 1 0 0 1 03 ff
4 0 1 0 0 0 03 ff
4 0 1 0 0 1 04 ff
4 0 0 1 0 1 00 ff
4 0 1 1 1 1 00 ff
4 0 1 0 0 1 01 ff
4 0 0 0 0 1 00 ff
4 0 1 0 0 1 01 ff
4 0 1 0 0 1 02 ff
4 0 1 0 0 1 03 ff
4 0 1 0 0 1 04 ff
4 0 1 0 0 0 04 ff
4 0 1 0 0 1 05 ff
4 0 1 1 0 1 06 ff
4 0 1 1 1 1 05 ff
4 0 0 1 0 1 00 ff
4 0 1 1 1 1 06 ff
4 0 1 0 0 0 06 ff
4 0 1 1 1 1 00 ff
4 0 1 0 0 1 01 ff
4 0 0 0 0 0 00 ff
4 0 1 0 0 0 00 ff
4 0 1 0 0 0 00 ff
4 0 0 0 0 0 00 ff
4 0 1 0 0 1 01 ff
4 0 1 0 0 1 02 ff
4 0 1 0 1 0 06 ff
4 0 1 0 1 0 06 ff
4 0 1 0 0 0 06 ff
4 0 1 1 0 1 07 ff
4 0 1 0 0 0 07 ff
4 0 1 0 0 0 07 ff
4 0 1 1 0 0 07 ff
4 0 1 1 0 1 08 ff
4 0 1 0 1 1 07 ff
4 0 0 1 0 0 00 ff
4 0 1 0 1 1 07 ff
4 0 1 0 0 1 08 ff
4 0 1 0 0 0 08 ff
4 0 0 0 0 0 00 ff
4 0 1 0 0 0 00 ff
4 0 1 0 0 0 00 ff
4 0 1 0 0 1 01 ff
4 0 1 0 0 0 01 ff
4 0 1 0 0 0 01 ff
4 0 0 0 0 1 00 ff
4 0 1 0 0 1 01 ff
4 0 0 1 1 1 00 ff
4 0 1 0 0 1 01 ff
4 0 1 0 0 0 01 ff
4 0 0 0 0 1 00 ff
4 0 1 0 0 1 01 ff
4 0 1 0 0 1 02 ff
4 0 1 0 0 0 02 ff
4 0 0 0 0 0 00 ff
4 0 1 0 0 0 00 ff
4 0 1 0 0 1 01 ff
4 0 1 0 0 1 02 ff
4 0 1 0 0 1 03 ff
4 0 1 0 0 0 03 ff
4 0 1 1 0 0 03 ff
4 0 1 0 0 0 03 ff
4 0 1 0 0 0 03 ff
4 0 1 0 0 1 04 ff
4 0 1 0 0 1 05 ff
4 0 0 0 0 1 00 ff
4 0 1 0 0 0 00 ff
4 0 1 0 0 1 01 ff
4 0 0 1 0 1 00 ff
4 0 0 0 0 0 00 ff
4 0 1 0 0 1 01 ff
4 0 1 0 0 1 02 ff
4 0 0 0 0 0 00 ff
4 0 1 0 0 1 01 ff
4 0 0 0 0 1 00 ff
4 0 1 0 0 0 00 ff
4 0 0 0 0 0 00 ff
4 0 1 0 0 0 00 ff
4 0 1 0 0 1 01 ff
4 0 1 0 0 1 02 ff
4 0 1 0 0 0 02 ff
4 0 1 0 0 1 03 ff
4 0 1 0 0 0 03 ff
4 0 1 0 0 0 03 ff
4 0 1 1 0 1 04 ff
4 0 0 0 0 1 00 ff
4 0 0 0 0 0 00 ff
4 0 0 0 0 1 00 ff
4 0 1 0 0 0 00 ff
4 0 1 0 0 0 00 ff
4 0 1 0 0 0 00 ff
4 0 1 0 1 0 03 ff
4 0 0 0 0 1 00 ff
4 0 1 0 0 1 01 ff
4 0 1 0 0 1 02 ff
4 0 1 0 0 0 02 ff
4 0 1 1 0 0 02 ff
4 0 1 0 0 0 02 ff
4 0 1 0 0 0 02 ff
4 0 1 0 0 1 03 ff
4 0 0 0 1 1 00 ff
4 0 1 0 1 0 02 ff
4 0 1 1 0 0 02 ff
4 0 1 0 0 1 03 ff
4 0 1 0 0 0 03 ff
4 0 1 0 0 1 04 ff
4 0 1 0 0 0 04 ff
4 0 1 1 0 1 05 ff
4 0 1 0 0 0 05 ff
4 0 1 1 0 0 05 ff
4 0 1 0 0 0 05 ff
4 0 1 0 0 0 05 ff
4 0 0 0 0 1 00 ff
4 0 1 0 0 0 00 ff
4 0 0 0 0 0 00 ff
4 0 1 0 0 0 00 ff
4 0 0 0 0 1 00 ff
4 0 1 0 0 0 00 ff
4 0 1 0 0 0 00 ff
4 0 1 0 0 0 00 ff
4 0 1 0 0 1 01 ff
4 0 1 0 0 1 02 ff
4 0 1 0 0 1 03 ff
4 0 0 1 0 0 00 ff
4 0 1 0 0 0 00 ff
4 0 1 0 0 1 01 ff
4 0 1 0 0 1 02 ff
4 0 0 0 1 0 00 ff
4 0 1 0 0 0 00 ff
4 0 1 0 1 1 05 ff
4 0 1 0 0 1 06 ff
4 0 1 0 0 1 07 ff
4 0 1 0 1 1 05 ff
4 0 1 0 0 1 06 ff
4 0 1 0 0 1 07 ff
4 0 1 0 0 0 07 ff
4 0 1 0 0 0 07 ff
4 0 1 0 0 0 07 ff
4 0 1 0 0 1 08 ff
4 0 0 0 0 1 00 ff
4 0 1 0 0 0 00 ff
4 0 1 0 0 0 00 ff
4 0 0 0 0 1 00 ff
4 0 1 0 0 0 00 ff
4 0 1 0 0 0 00 ff
4 0 1 0 0 1 01 ff
4 0 1 0 0 0 01 ff
4 0 1 0 0 1 02 ff
4 0 1 0 0 0 02 ff
4 0 1 0 0 1 03 ff
4 0 1 0 0 0 03 ff
4 0 1 0 0 0 03 ff
4 0 0 0 0 0 00 ff
4 0 0 0 0 0 00 ff
4 0 0 0 0 0 00 ff
4 0 1 0 0 0 00 ff
4 0 1 0 0 0 00 ff
4 0 0 0 0 1 00 ff
4 0 1 0 0 1 01 ff
4 0 1 0 0 1 02 ff
4 0 1 0 0 1 03 ff
4 0 1 0 0 0 03 ff
4 0 1 0 0 0 03 ff
4 0 0 0 0 1 00 ff
4 0 1 0 0 0 00 ff
4 0 1 0 0 1 01 ff
4 0 1 0 0 1 02 ff
4 0 1 0 0 1 03 ff
4 0 1 0 0 1 04 ff
4 0 1 0 0 1 05 ff
4 0 1 0 0 1 06 ff
4 0 1 0 0 1 07 ff
4 0 0 0 1 0 00 ff
4 0 1 0 0 0 00 ff
4 0 1 0 0 1 01 ff
4 0 1 0 0 1 02 ff
4 0 1 0 0 0 02 ff
4 0 1 0 1 0 05 ff
4 0 0 0 0 1 00 ff
4 0 1 0 0 0 00 ff
4 0 1 0 0 1 01 ff
4 0 1 0 0 1 02 ff
4 0 1 0 0 0 02 ff
4 0 1 0 0 1 03 ff
4 0 1 0 0 1 04 ff
4 0 1 0 0 0 04 ff
4 0 1 0 0 0 04 ff
4 0 1 0 0 1 05 ff
4 0 0 0 0 1 00 ff
4 0 1 0 0 1 01 ff
4 0 1 0 1 1 05 ff
4 0 0 0 0 0 00 ff
4 0 1 0 0 0 00 ff
4 0 1 0 0 1 01 ff
4 0 1 0 0 0 01 ff
4 0 1 0 0 0 01 ff
4 0 0 0 0 1 00 ff
4 0 1 0 0 0 00 ff
4 0 1 0 0 1 01 ff
4 0 1 0 1 0 05 ff
4 0 1 0 0 0 05 ff
4 0 1 0 0 0 05 ff
4 0 1 0 0 1 06 ff
4 0 0 0 0 1 00 ff
4 0 1 0 0 1 01 ff
4 0 1 0 0 1 02 ff
4 0 1 0 0 0 02 ff
4 0 1 0 0 0 02 ff
4 0 1 0 1 0 05 ff
4 0 1 0 0 1 06 ff
4 0 1 0 0 0 06 ff
4 0 1 0 0 0 06 ff
4 0 0 0 0 1 00 ff
4 0 1 0 0 1 01 ff
4 0 1 0 0 0 01 ff
4 0 0 1 0 0 00 ff
4 0 1 0 0 1 01 ff
4 0 1 0 0 0 01 ff
4 0 0 0 0 1 00 ff
4 0 1 0 0 0 00 ff
4 0 0 0 0 0 00 ff
4 0 0 1 0 0 00 ff
4 0 1 0 0 1 01 ff
4 0 1 1 0 1 02 ff
4 0 1 0 0 1 03 ff
4 0 1 0 0 1 04 ff
4 0 1 0 0 0 04 ff
4 0 0 0 0 0 00 ff
4 0 1 0 0 1 01 ff
4 0 1 1 0 0 01 ff
4 0 1 1 0 0 01 ff
4 0 1 0 0 0 01 ff
4 0 1 0 0 0 01 ff
4 0 1 0 0 0 01 ff
4 0 1 0 0 0 01 ff
4 0 0 0 0 1 00 ff
4 0 1 0 0 1 01 ff
4 0 1 0 0 0 01 ff
4 0 1 0 0 0 01 ff
4 0 0 0 0 1 00 ff
4 0 1 0 0 1 01 ff
4 0 1 0 0 1 02 ff
4 0 1 0 0 1 03 ff
4 0 1 0 0 1 04 ff
4 0 1 0 0 1 05 ff
4 0 1 0 0 0 05 ff
4 0 1 0 0 0 05 ff
4 0 1 0 0 0 05 ff
4 0 1 0 0 1 06 ff
4 0 1 0 0 1 07 ff
4 0 1 0 1 1 01 ff
4 1 1 1 0 1 00 ff
4 0 1 0 0 1 01 ff
4 0 0 0 0 0 00 ff
4 0 1 1 0 0 00 ff
4 0 1 0 0 1 01 ff
4 0 1 0 0 1 02 ff
4 0 1 0 0 0 02 ff
4 0 1 0 1 0 00 ff
4 0 1 0 0 0 00 ff
4 0 1 0 0 0 00 ff
4 0 1 0 0 0 00 ff
4 0 0 0 0 1 00 ff
4 0 0 0 0 1 00 ff
4 0 0 0 0 1 00 ff
4 0 0 0 0 1 00 ff
4 0 1 0 0 0 00 ff
4 0 1 1 0 0 00 ff
4 0 1 0 0 1 01 ff
4 0 1 0 0 0 01 ff
4 0 1 1 0 1 02 ff
4 0 1 0 0 1 03 ff
4 0 1 0 0 1 04 ff
4 0 1 0 1 1 01 ff
4 0 1 0 0 0 01 ff
4 0 1 0 0 0 01 ff
4 0 1 0 0 0 01 ff
4 0 0 0 0 1 00 ff
4 0 1 0 0 1 01 ff
4 0 0 0 0 1 00 ff
4 0 1 0 0 1 01 ff
4 0 1 0 0 1 02 ff
4 0 0 0 0 0 00 ff
4 0 1 0 0 1 01 ff
4 0 1 0 0 0 01 ff
4 0 1 0 0 0 01 ff
4 0 1 0 0 0 01 ff
4 0 1 0 0 0 01 ff
4 0 1 0 0 0 01 ff
4 0 1 0 0 1 02 ff
4 0 1 0 0 0 02 ff
4 0 1 0 0 1 03 ff
4 0 1 0 0 1 04 ff
4 0 0 0 0 1 00 ff
4 0 1 0 0 1 01 ff
4 0 0 0 0 0 00 ff
4 0 1 0 0 0 00 ff
4 0 0 0 0 1 00 ff
4 0 1 0 0 1 01 ff
4 0 1 0 0 1 02 ff
4 0 1 0 0 0 02 ff
4 0 1 0 0 1 03 ff
4 0 1 0 0 1 04 ff
4 0 0 0 0 0 00 ff
4 0 1 0 0 1 01 ff
4 0 1 0 0 1 02 ff
4 0 1 0 0 0 02 ff
4 0 0 0 0 0 00 ff
4 0 1 1 0 0 00 ff
4 0 0 0 0 1 00 ff
4 0 0 0 0 0 00 ff
4 0 1 0 0 1 01 ff
4 0 1 0 1 0 00 ff
4 0 0 0 0 0 00 ff
4 0 1 0 0 1 01 ff
4 0 1 0 0 0 01 ff
4 0 1 0 0 0 01 ff
4 0 1 0 0 0 01 ff
4 0 1 0 0 1 02 ff
4 0 1 0 0 0 02 ff
4 0 0 0 0 1 00 ff
4 0 1 0 0 1 01 ff
4 0 0 0 0 1 00 ff
4 0 1 0 0 1 01 ff
4 0 1 0 0 0 01 ff
4 0 1 0 0 1 02 ff
4 0 0 1 0 1 00 ff
4 0 1 0 0 0 00 ff
4 0 1 0 0 1 01 ff
4 0 1 0 0 1 02 ff
4 0 1 0 0 1 03 ff
4 0 1 0 0 0 03 ff
4 0 1 0 0 1 04 ff
4 0 1 0 0 0 04 ff
4 0 1 0 0 0 04 ff
4 0 0 0 0 1 00 ff
4 0 1 0 1 0 00 ff
4 0 1 0 0 1 01 ff
4 0 1 0 0 0 01 ff
4 0 1 0 0 1 02 ff
4 0 1 0 0 1 03 ff
4 0 1 1 0 1 04 ff
4 0 1 0 0 0 04 ff
4 0 1 0 0 0 04 ff
4 0 1 0 0 1 05 ff
4 0 1 0 0 1 06 ff
4 0 0 0 1 0 00 ff
4 0 1 0 0 1 01 ff
4 0 1 0 0 0 01 ff
4 0 1 0 0 1 02 ff
4 0 1 0 0 0 02 ff
4 0 1 1 0 1 03 ff
4 0 0 0 0 0 00 ff
4 0 1 0 0 0 00 ff
4 0 1 0 0 0 00 ff
4 0 1 0 0 0 00 ff
4 0 1 0 0 0 00 ff
4 0 1 0 0 0 00 ff
4 0 1 1 0 0 00 ff
4 0 1 0 0 1 01 ff
4 0 1 0 0 0 01 ff
4 0 1 0 0 1 02 ff
4 0 1 0 0 0 02 ff
4 0 1 0 0 0 02 ff
4 0 1 0 1 1 00 ff
4 0 1 0 0 1 01 ff
4 0 1 0 0 0 01 ff
4 0 1 0 0 1 02 ff
4 0 1 0 0 1 03 ff
4 0 0 0 0 1 00 ff
4 0 1 1 0 1 01 ff
4 0 1 0 0 0 01 ff
4 0 1 0 0 1 02 ff
4 0 1 0 0 0 02 ff
4 0 0 0 0 0 00 ff
4 0 1 1 0 0 00 ff
4 0 1 0 0 0 00 ff
4 0 1 0 0 0 00 ff
4 0 1 1 0 0 00 ff
4 0 1 0 0 1 01 ff
4 0 1 0 0 1 02 ff
4 0 1 0 0 0 02 ff
4 0 1 1 0 1 03 ff
4 0 1 0 0 0 03 ff
4 0 1 0 0 1 04 ff
4 0 0 0 0 0 00 ff
4 0 1 1 0 0 00 ff
4 0 1 0 0 0 00 ff
4 0 1 0 0 0 00 ff
4 0 0 0 0 0 00 ff
4 0 1 0 0 0 00 ff
4 0 1 0 0 1 01 ff
4 0 1 0 1 0 00 ff
4 0 0 0 0 0 00 ff
4 0 1 0 0 1 01 ff
4 0 1 0 0 0 01 ff
4 0 1 0 0 1 02 ff
4 0 1 0 0 1 03 ff
4 0 1 0 0 0 03 ff
4 0 0 1 0 0 00 ff
4 0 1 0 0 1 01 ff
4 0 1 1 1 1 00 ff
4 0 0 0 0 1 00 ff
4 0 1 0 0 1 01 ff
4 0 0 0 0 1 00 ff
4 0 1 0 1 0 01 ff
4 0 0 0 0 1 00 ff
4 0 1 0 0 0 00 ff
4 0 1 0 0 1 01 ff
4 0 1 0 1 0 01 ff
4 0 1 0 0 1 02 ff
4 0 1 0 0 0 02 ff
4 0 1 0 0 1 03 ff
4 0 1 0 0 0 03 ff
4 0 1 0 0 0 03 ff
4 0 1 0 1 1 01 ff
4 0 1 0 0 0 01 ff
4 0 1 0 0 1 02 ff
4 0 1 0 0 1 03 ff
4 0 0 1 0 1 00 ff
4 0 1 0 0 0 00 ff
4 0 1 0 0 1 01 ff
4 0 1 1 0 1 02 ff
4 0 1 0 0 0 02 ff
4 0 1 0 0 1 03 ff
4 0 1 0 0 1 04 ff
4 0 1 0 0 0 04 ff
4 0 1 0 0 1 05 ff
4 0 1 0 0 1 06 ff
4 0 1 1 0 0 06 ff
4 0 1 0 0 0 06 ff
4 0 0 1 0 1 00 ff
4 0 1 0 0 1 01 ff
4 0 1 0 0 0 01 ff
4 0 1 0 0 0 01 ff
4 0 1 0 0 1 02 ff
4 0 1 0 0 0 02 ff
4 0 1 0 0 1 03 ff
4 0 1 1 0 1 04 ff
4 0 1 0 0 1 05 ff
4 0 1 0 0 0 05 ff
4 0 1 0 0 1 06 ff
4 0 0 0 0 1 00 ff
4 0 1 0 0 1 01 ff
4 0 1 0 0 0 01 ff
4 0 1 0 0 0 01 ff
4 0 1 0 0 0 01 ff
4 0 1 1 0 1 02 ff
4 0 0 1 0 0 00 ff
4 0 1 0 0 0 00 ff
4 0 1 0 0 1 01 ff
4 0 1 0 0 0 01 ff
4 0 1 0 1 0 01 ff
4 0 1 0 0 1 02 ff
4 0 1 1 0 1 03 ff
4 0 1 1 0 1 04 ff
4 0 1 0 0 1 05 ff
4 0 1 0 0 1 06 ff
4 0 1 1 0 0 06 ff
4 0 1 0 0 0 06 ff
4 0 1 0 0 0 06 ff
4 0 1 0 0 1 07 ff
4 0 0 0 0 0 00 ff
4 0 0 1 0 0 00 ff
4 0 1 0 0 0 00 ff
4 0 1 0 1 1 06 ff
4 0 0 0 0 1 00 ff
4 0 1 0 0 0 00 ff
4 0 1 0 0 0 00 ff
4 0 0 0 0 1 00 ff
4 0 1 0 0 0 00 ff
4 0 1 0 0 0 00 ff
4 0 1 0 0 1 01 ff
4 0 1 0 1 0 06 ff
4 0 1 0 0 0 06 ff
4 0 1 0 0 0 06 ff
4 0 1 0 0 0 06 ff
4 0 1 0 1 1 06 ff
4 0 0 1 0 0 00 ff
4 0 1 0 0 1 01 ff
4 0 1 0 0 0 01 ff
4 0 0 0 0 0 00 ff
4 0 0 0 0 1 00 ff
4 0 1 0 0 0 00 ff
4 0 1 0 0 0 00 ff
4 0 1 0 0 0 00 ff
4 0 1 1 0 1 01 ff
4 0 1 0 0 1 02 ff
4 0 1 0 0 0 02 ff
4 0 1 0 0 1 03 ff
4 0 1 1 0 1 04 ff
4 0 0 0 0 1 00 ff
4 0 1 0 0 1 01 ff
4 0 1 0 0 0 01 ff
4 0 1 0 0 0 01 ff
4 0 1 0 0 1 02 ff
4 0 0 0 0 1 00 ff
4 0 1 1 0 1 01 ff
4 0 1 1 0 1 02 ff
4 0 1 0 0 1 03 ff
4 0 1 0 0 0 03 ff
4 0 1 1 0 1 04 ff
4 0 1 0 0 0 04 ff
4 0 1 0 0 1 05 ff
4 0 0 0 0 1 00 ff
4 0 1 0 0 1 01 ff
4 0 0 0 0 1 00 ff
4 0 1 0 0 1 01 ff
4 0 1 0 0 1 02 ff
4 0 1 0 0 0 02 ff
4 0 1 0 0 0 02 ff
4 0 1 0 0 1 03 ff
4 0 1 1 0 0 03 ff
4 0 1 0 0 0 03 ff
4 0 0 0 0 1 00 ff
4 0 1 1 0 1 01 ff
4 0 1 0 0 0 01 ff
4 0 1 0 1 1 00 ff
4 0 1 0 1 0 00 ff
4 0 1 1 0 1 01 ff
4 0 1 0 0 0 01 ff
4 0 1 0 0 1 02 ff
4 0 1 0 1 1 00 ff
4 0 1 0 0 1 01 ff
4 0 0 0 0 0 00 ff
4 0 0 1 0 1 00 ff
4 0 1 0 0 0 00 ff
4 1 1 0 1 1 00 ff
4 0 1 0 0 0 00 ff
4 0 0 0 0 1 00 ff
4 0 1 0 0 0 00 ff
