0 1 0 0 0 0 f 0 1
0 0 1 2 3 4 f 1 1
0 0 0 0 0 4 f 0 1
0 0 0 0 0 4 f 0 1
0 0 0 0 0 0 f 0 1
0 0 0 0 0 0 f 0 1
1 0 1 2 3 4 f 1 1
1 0 1 2 2 4 f 0 1
1 0 1 2 5 4 f 0 1
1 0 0 0 0 0 f 0 1
1 0 0 0 0 0 f 0 1
1 0 1 2 2 4 f 1 1
2 0 1 0 7 5 f 1 1
2 0 1 1 1 3 f 1 1
2 0 1 3 4 9 f 1 1
2 0 0 0 0 9 f 0 1
2 0 0 0 0 9 f 0 1
2 0 0 0 0 9 f 0 1
2 0 0 0 0 1 f 0 1
2 0 0 0 0 0 f 0 1
2 0 0 0 0 0 f 0 1
2 0 0 0 0 0 f 0 1
2 0 0 0 0 0 f 0 1
3 0 1 1 0 0 f 0 1
4 0 0 0 0 0 f 0 1
4 0 1 1 2 2 f 1 1
4 0 1 2 1 6 f 1 1
4 0 0 3 5 0 f 0 1
4 0 1 1 3 2 f 1 1
4 0 0 1 7 2 f 0 1
4 0 1 0 5 3 f 1 1
4 0 0 2 0 1 f 0 1
4 0 0 1 7 1 f 0 1
4 0 1 3 0 1 f 0 1
4 0 1 1 1 3 f 1 1
4 0 1 0 4 0 f 0 1
4 0 0 2 1 0 f 0 1
4 0 1 0 5 1 f 1 1
4 0 0 3 2 1 f 0 1
4 0 1 2 6 5 f 1 1
4 0 1 1 4 7 f 1 1
4 0 1 1 0 7 f 0 1
4 0 0 2 0 6 f 0 1
4 0 1 2 3 6 f 0 1
4 0 0 0 5 4 f 0 1
4 0 1 2 7 0 f 0 1
4 0 1 2 2 4 f 1 1
4 0 0 3 2 4 f 0 1
4 0 0 3 6 0 f 0 1
4 0 0 1 7 0 f 0 1
4 0 0 3 5 0 f 0 1
4 0 1 0 4 1 f 1 1
4 0 1 3 5 9 f 1 1
4 0 1 3 3 9 f 0 1
4 0 1 0 1 9 f 0 1
4 0 1 1 6 a f 1 1
4 0 1 0 1 b f 1 1
4 0 0 2 2 2 f 0 1
4 0 1 3 7 a f 1 1
4 0 1 3 3 a f 0 1
4 0 0 0 4 a f 0 1
4 0 0 2 2 8 f 0 1
4 0 1 1 7 a f 1 1
4 0 1 2 7 e f 1 1
4 0 1 0 3 f f 1 1
4 0 1 0 3 7 f 0 1
4 0 0 1 1 7 f 0 1
4 0 0 2 2 6 f 0 1
4 0 0 3 6 6 f 0 1
4 0 0 3 6 4 f 0 1
4 0 0 2 2 0 f 0 1
4 0 1 0 4 1 f 1 1
4 0 1 0 7 1 f 0 1
4 0 1 3 3 9 f 1 1
4 0 0 1 6 9 f 0 1
4 0 1 3 0 8 f 0 1
4 0 0 1 2 0 f 0 1
4 0 0 2 1 0 f 0 1
4 0 0 0 6 0 f 0 1
4 0 0 2 4 0 f 0 1
4 0 0 0 1 0 f 0 1
4 0 0 3 4 0 f 0 1
4 0 1 2 6 4 f 1 1
4 0 1 1 1 6 f 1 1
4 0 0 2 2 4 f 0 1
4 0 1 0 3 5 f 1 1
4 0 1 1 7 7 f 1 1
4 0 1 2 1 7 f 0 1
4 0 0 3 7 2 f 0 1
4 0 1 0 1 3 f 1 1
4 0 1 3 4 a f 1 1
4 0 0 1 7 a f 0 1
4 0 0 2 5 a f 0 1
4 0 1 3 3 8 f 0 1
4 0 1 1 1 2 f 1 1
4 0 0 0 4 0 f 0 1
4 0 1 2 3 4 f 1 1
4 0 0 0 0 4 f 0 1
4 0 0 1 2 4 f 0 1
4 0 1 3 3 8 f 1 1
4 0 0 2 7 8 f 0 1
4 0 1 1 2 a f 1 1
4 0 1 0 4 3 f 1 1
4 0 1 2 7 5 f 1 1
4 0 1 1 1 7 f 1 1
4 0 0 1 2 5 f 0 1
4 0 1 0 3 4 f 0 1
4 0 0 0 3 4 f 0 1
4 0 0 1 0 4 f 0 1
4 0 1 1 6 6 f 1 1
4 0 0 1 0 2 f 0 1
4 0 1 1 7 2 f 0 1
4 0 0 2 7 2 f 0 1
4 0 1 0 5 3 f 1 1
4 0 0 1 7 3 f 0 1
4 0 0 1 0 1 f 0 1
4 0 0 2 2 1 f 0 1
4 0 0 2 4 1 f 0 1
4 0 0 2 7 0 f 0 1
4 0 0 2 3 0 f 0 1
4 0 0 2 2 0 f 0 1
4 0 0 0 7 0 f 0 1
4 0 0 1 5 0 f 0 1
4 0 1 3 2 8 f 1 1
4 0 1 0 3 9 f 1 1
4 0 1 3 6 1 f 0 1
4 0 0 2 3 1 f 0 1
4 0 1 0 6 0 f 0 1
4 0 1 3 3 8 f 1 1
4 0 0 1 2 8 f 0 1
4 0 1 1 4 a f 1 1
4 0 1 2 5 6 f 1 1
4 0 1 1 6 6 f 0 1
4 0 0 2 0 6 f 0 1
4 0 1 2 6 4 f 0 1
4 0 1 1 0 4 f 0 1
4 0 1 0 6 1 f 1 1
4 0 0 0 7 1 f 0 1
4 0 0 0 1 1 f 0 1
4 0 1 1 2 3 f 1 1
4 0 0 3 0 3 f 0 1
4 0 1 0 4 1 f 0 1
4 0 0 0 4 0 f 0 1
4 0 0 1 7 0 f 0 1
4 0 1 1 3 2 f 1 1
4 0 1 1 1 2 f 0 1
4 0 0 0 5 2 f 0 1
4 0 1 1 7 0 f 0 1
4 0 1 2 2 4 f 1 1
4 0 0 3 6 4 f 0 1
4 1 1 3 2 0 f 0 1
4 0 1 1 5 2 f 1 1
4 0 1 3 3 a f 1 1
4 0 1 1 2 a f 0 1
4 0 0 3 4 a f 0 1
4 0 1 2 5 6 f 1 1
4 0 1 1 1 4 f 0 1
4 0 0 0 4 4 f 0 1
4 0 0 0 3 4 f 0 1
4 0 1 3 1 c f 1 1
4 0 1 2 6 0 f 0 1
4 0 1 3 6 8 f 1 1
4 0 1 3 1 8 f 0 1
4 0 1 2 2 c f 1 1
4 0 1 0 0 c f 0 1
4 0 0 0 0 8 f 0 1
4 0 1 2 3 c f 1 1
4 0 1 3 7 4 f 0 1
4 0 0 3 3 4 f 0 1
4 0 0 2 4 0 f 0 1
4 0 1 0 1 1 f 1 1
4 0 0 2 3 0 f 0 1
4 0 0 0 2 0 f 0 1
4 0 0 2 2 0 f 0 1
4 0 0 1 3 0 f 0 1
4 0 0 2 1 0 f 0 1
4 0 0 3 0 0 f 0 1
4 0 1 2 2 4 f 1 1
4 0 0 0 7 4 f 0 1
4 0 1 2 7 0 f 0 1
4 0 1 1 7 2 f 1 1
4 0 0 0 2 2 f 0 1
4 0 0 0 0 2 f 0 1
4 0 0 1 4 2 f 0 1
4 0 1 2 2 6 f 1 1
4 0 1 2 1 6 f 0 1
4 0 0 2 5 2 f 0 1
4 0 1 2 5 4 f 1 1
4 0 1 2 0 4 f 0 1
4 0 0 0 1 4 f 0 1
4 0 0 3 7 4 f 0 1
4 0 1 1 2 6 f 1 1
4 0 0 3 0 2 f 0 1
4 0 0 2 1 0 f 0 1
4 0 1 2 2 4 f 1 1
4 0 1 0 1 5 f 1 1
4 0 1 3 0 0 f 0 1
4 0 1 1 0 0 f 0 1
4 0 1 1 4 2 f 1 1
4 0 1 2 3 6 f 1 1
4 0 1 3 5 e f 1 1
4 0 1 3 2 e f 0 1
4 0 1 1 6 8 f 0 1
4 0 1 3 1 8 f 0 1
4 0 0 3 0 8 f 0 1
4 0 1 3 1 0 f 0 1
4 0 0 1 4 0 f 0 1
4 0 1 0 2 1 f 1 1
4 0 1 0 2 1 f 0 1
4 0 1 3 7 8 f 1 1
4 0 0 3 1 8 f 0 1
4 0 1 1 5 a f 1 1
4 0 0 0 2 a f 0 1
4 0 1 3 7 a f 0 1
4 0 1 0 7 b f 1 1
4 0 0 0 0 b f 0 1
4 0 1 0 5 1 f 0 1
4 0 0 2 6 1 f 0 1
4 0 1 0 0 1 f 0 1
4 0 1 3 3 9 f 1 1
4 0 0 0 4 9 f 0 1
4 0 0 2 4 8 f 0 1
4 0 0 2 5 0 f 0 1
4 0 1 2 2 4 f 1 1
4 0 1 2 0 4 f 0 1
4 0 0 2 4 0 f 0 1
4 0 1 3 5 8 f 1 1
4 0 1 1 5 a f 1 1
4 0 0 2 0 a f 0 1
4 0 0 3 6 a f 0 1
4 0 1 1 1 a f 0 1
4 0 1 2 4 6 f 1 1
4 0 1 2 3 4 f 0 1
4 0 0 1 7 4 f 0 1
4 0 0 2 2 4 f 0 1
4 0 0 3 6 0 f 0 1
4 0 0 1 1 0 f 0 1
4 0 1 1 2 2 f 1 1
4 0 0 3 2 2 f 0 1
4 0 1 1 1 0 f 0 1
4 0 1 3 7 8 f 1 1
4 0 1 1 0 8 f 0 1
4 0 1 3 2 8 f 0 1
4 0 1 3 2 8 f 0 1
4 0 1 3 7 8 f 0 1
4 0 0 1 5 8 f 0 1
4 0 1 0 6 9 f 1 1
4 0 0 3 4 1 f 0 1
4 0 0 0 7 1 f 0 1
4 0 1 0 6 1 f 0 1
4 0 1 3 2 9 f 1 1
4 0 1 2 3 d f 1 1
4 0 1 0 3 4 f 0 1
4 0 0 0 6 4 f 0 1
4 0 1 3 7 8 f 1 1
4 0 0 0 5 8 f 0 1
4 0 0 2 3 8 f 0 1
4 0 1 3 4 8 f 0 1
4 0 1 1 0 8 f 0 1
4 0 0 0 2 8 f 0 1
4 0 1 1 0 8 f 0 1
4 0 1 3 1 0 f 0 1
4 0 0 2 3 0 f 0 1
4 0 1 1 0 0 f 0 1
4 0 0 1 2 0 f 0 1
4 0 1 1 1 2 f 1 1
4 0 0 0 3 0 f 0 1
4 0 0 2 3 0 f 0 1
4 0 1 0 0 0 f 0 1
4 0 0 3 0 0 f 0 1
4 0 1 0 0 0 f 0 1
4 0 1 0 2 1 f 1 1
4 0 0 0 5 1 f 0 1
4 0 1 3 6 8 f 1 1
4 0 0 2 0 8 f 0 1
4 0 0 1 6 8 f 0 1
4 0 1 0 1 9 f 1 1
4 0 0 0 3 8 f 0 1
4 0 0 0 2 8 f 0 1
4 0 0 1 1 0 f 0 1
4 0 0 3 7 0 f 0 1
4 0 0 2 1 0 f 0 1
4 0 0 2 0 0 f 0 1
4 0 0 3 1 0 f 0 1
4 0 1 0 5 1 f 1 1
4 0 0 3 4 1 f 0 1
4 0 1 3 1 9 f 1 1
4 0 1 1 1 3 f 1 1
4 0 0 2 6 1 f 0 1
4 0 0 2 2 0 f 0 1
4 0 0 1 7 0 f 0 1
4 0 1 3 0 0 f 0 1
4 0 0 2 3 0 f 0 1
4 0 0 3 4 0 f 0 1
4 0 1 2 1 4 f 1 1
4 0 1 3 5 8 f 1 1
4 0 0 2 2 8 f 0 1
4 0 0 3 3 8 f 0 1
4 0 0 3 7 8 f 0 1
4 0 0 0 5 8 f 0 1
4 0 1 3 7 0 f 0 1
4 0 1 2 7 4 f 1 1
4 0 1 2 5 4 f 0 1
4 0 1 0 4 5 f 1 1
4 0 1 3 3 d f 1 1
4 0 0 3 2 d f 0 1
4 0 0 3 6 d f 0 1
4 0 0 0 7 4 f 0 1
4 0 0 0 1 0 f 0 1
4 0 0 3 7 0 f 0 1
4 0 1 3 7 8 f 1 1
4 0 0 1 4 8 f 0 1
4 0 1 2 7 c f 1 1
4 0 1 2 2 c f 0 1
4 0 0 3 0 c f 0 1
4 0 0 3 4 c f 0 1
4 0 0 3 4 c f 0 1
4 0 1 2 1 4 f 0 1
4 0 1 0 6 5 f 1 1
4 0 0 1 7 1 f 0 1
4 0 0 1 7 1 f 0 1
4 0 1 0 7 1 f 0 1
4 0 1 0 2 1 f 0 1
4 0 0 2 3 1 f 0 1
4 0 0 3 5 0 f 0 1
4 0 0 0 7 0 f 0 1
4 0 1 2 4 4 f 1 1
4 0 0 2 0 4 f 0 1
4 0 1 3 6 c f 1 1
4 0 1 1 2 e f 1 1
4 0 0 3 5 a f 0 1
4 0 0 2 1 8 f 0 1
4 0 1 0 2 9 f 1 1
4 0 0 0 2 9 f 0 1
4 0 1 2 4 4 f 1 1
4 0 0 1 7 4 f 0 1
4 0 0 1 2 4 f 0 1
4 0 1 3 6 c f 1 1
4 0 0 0 0 8 f 0 1
4 0 0 3 1 8 f 0 1
4 0 0 3 3 8 f 0 1
4 0 0 2 0 8 f 0 1
4 0 1 3 5 8 f 0 1
4 0 0 0 4 0 f 0 1
4 0 1 3 3 8 f 1 1
4 0 1 0 4 9 f 1 1
4 0 0 2 6 9 f 0 1
4 0 1 0 6 1 f 0 1
4 0 0 2 1 1 f 0 1
4 0 0 0 2 0 f 0 1
4 0 1 3 4 8 f 1 1
4 0 1 0 7 9 f 1 1
4 0 1 3 1 9 f 0 1
4 0 0 2 5 9 f 0 1
4 0 0 1 1 1 f 0 1
4 0 1 2 0 1 f 0 1
4 0 1 1 0 1 f 0 1
4 0 0 2 0 1 f 0 1
4 0 1 0 0 0 f 0 1
4 0 1 0 5 1 f 1 1
4 0 1 2 6 5 f 1 1
4 0 1 3 3 d f 1 1
4 0 0 0 3 d f 0 1
4 0 0 1 1 d f 0 1
4 0 1 3 6 4 f 0 1
4 0 0 3 4 4 f 0 1
4 0 0 3 6 0 f 0 1
4 0 1 3 5 8 f 1 1
4 0 1 0 2 9 f 1 1
4 0 1 2 4 d f 1 1
4 0 1 3 6 c f 0 1
4 0 0 1 3 c f 0 1
4 0 1 0 4 5 f 1 1
4 0 1 3 3 9 f 1 1
4 0 1 2 0 9 f 0 1
4 0 0 0 7 9 f 0 1
4 0 0 2 1 0 f 0 1
4 0 0 2 5 0 f 0 1
4 0 0 0 0 0 f 0 1
4 0 0 1 2 0 f 0 1
4 0 1 2 4 4 f 1 1
4 0 0 0 4 4 f 0 1
4 0 1 3 1 c f 1 1
4 0 0 2 3 4 f 0 1
4 0 1 0 4 1 f 1 1
4 0 1 0 6 1 f 0 1
4 0 0 3 4 1 f 0 1
4 0 0 2 3 1 f 0 1
4 0 1 3 6 8 f 1 1
4 0 1 0 5 9 f 1 1
4 0 1 1 1 b f 1 1
4 0 0 3 4 9 f 0 1
4 0 0 0 6 9 f 0 1
4 0 1 1 6 b f 1 1
4 0 0 2 6 2 f 0 1
4 0 1 0 0 2 f 0 1
4 0 0 3 5 2 f 0 1
4 0 0 2 3 2 f 0 1
4 0 1 0 2 3 f 1 1
4 0 0 1 0 1 f 0 1
4 0 0 2 3 0 f 0 1
4 0 0 3 3 0 f 0 1
4 0 1 2 7 4 f 1 1
4 0 0 3 0 4 f 0 1
4 0 0 2 0 4 f 0 1
4 0 0 0 1 4 f 0 1
4 0 0 1 2 4 f 0 1
4 0 1 1 6 6 f 1 1
4 0 0 3 3 6 f 0 1
4 0 1 0 7 3 f 1 1
4 0 1 2 1 7 f 1 1
4 0 0 3 3 3 f 0 1
4 0 0 2 5 3 f 0 1
4 0 0 3 7 1 f 0 1
4 0 1 1 4 3 f 1 1
4 0 1 2 7 7 f 1 1
4 0 0 1 1 6 f 0 1
4 0 1 1 5 6 f 0 1
4 0 0 2 7 4 f 0 1
4 0 1 3 6 c f 1 1
4 0 1 1 7 e f 1 1
4 0 0 3 4 e f 0 1
4 0 0 0 0 a f 0 1
4 0 0 2 1 a f 0 1
4 0 1 0 6 b f 1 1
4 0 1 2 6 7 f 1 1
4 0 0 0 7 7 f 0 1
4 0 0 1 1 5 f 0 1
4 0 1 3 6 d f 1 1
4 0 0 3 0 d f 0 1
4 0 1 1 4 e f 1 1
4 0 0 2 2 a f 0 1
4 0 0 1 3 a f 0 1
4 0 0 0 6 a f 0 1
4 0 0 0 7 0 f 0 1
4 0 0 0 5 0 f 0 1
4 0 0 0 1 0 f 0 1
4 0 0 0 5 0 f 0 1
4 0 1 3 3 8 f 1 1
4 0 0 0 0 8 f 0 1
4 0 1 1 7 a f 1 1
4 0 0 3 1 2 f 0 1
4 0 1 3 1 a f 1 1
4 0 1 3 0 2 f 0 1
4 0 1 2 1 6 f 1 1
4 0 0 3 1 2 f 0 1
4 0 1 1 1 2 f 0 1
4 0 1 0 5 1 f 1 1
4 0 0 3 7 1 f 0 1
4 0 1 2 5 5 f 1 1
4 0 1 0 0 5 f 0 1
4 0 1 0 1 5 f 0 1
4 0 0 0 2 4 f 0 1
4 0 0 3 6 4 f 0 1
4 0 1 3 1 8 f 1 1
4 0 1 3 0 0 f 0 1
4 0 1 0 2 1 f 1 1
4 0 0 2 3 1 f 0 1
4 0 1 0 5 0 f 0 1
4 0 0 0 2 0 f 0 1
4 0 1 0 5 1 f 1 1
4 0 0 2 3 1 f 0 1
4 0 1 0 1 1 f 0 1
4 0 1 1 5 3 f 1 1
4 0 1 1 0 3 f 0 1
4 0 0 3 6 2 f 0 1
4 0 0 2 5 2 f 0 1
4 0 1 3 7 a f 1 1
4 0 1 0 6 9 f 1 1
4 0 0 3 2 9 f 0 1
4 0 1 3 7 9 f 0 1
4 0 1 3 1 9 f 0 1
4 0 0 2 6 9 f 0 1
4 0 1 3 4 9 f 0 1
4 0 0 2 7 0 f 0 1
4 0 1 1 1 2 f 1 1
4 0 0 2 3 0 f 0 1
4 0 1 3 2 8 f 1 1
4 0 0 1 2 8 f 0 1
4 0 1 2 0 0 f 0 1
4 0 0 3 0 0 f 0 1
4 0 1 1 6 2 f 1 1
4 0 0 1 7 2 f 0 1
4 0 0 3 6 2 f 0 1
4 0 0 0 5 2 f 0 1
4 0 0 2 2 2 f 0 1
4 0 1 1 3 2 f 0 1
4 0 0 0 7 0 f 0 1
4 0 0 3 0 0 f 0 1
4 0 0 2 4 0 f 0 1
4 0 1 2 7 4 f 1 1
4 0 1 2 7 4 f 0 1
4 0 0 3 6 4 f 0 1
4 0 0 0 2 4 f 0 1
4 0 0 1 0 4 f 0 1
4 0 1 1 4 6 f 1 1
4 0 1 3 2 e f 1 1
4 0 1 2 7 a f 0 1
4 0 1 1 2 2 f 0 1
4 0 0 2 7 0 f 0 1
4 0 1 0 5 1 f 1 1
4 0 1 2 7 5 f 1 1
4 0 1 2 0 5 f 0 1
4 0 0 2 5 5 f 0 1
4 0 1 1 2 7 f 1 1
4 0 1 1 6 6 f 0 1
4 0 0 0 3 4 f 0 1
4 0 1 3 3 c f 1 1
4 0 0 0 3 8 f 0 1
4 0 1 1 3 a f 1 1
4 0 1 1 0 2 f 0 1
4 0 0 0 0 2 f 0 1
4 0 0 1 1 0 f 0 1
4 0 1 3 1 8 f 1 1
4 0 1 2 6 4 f 1 1
4 0 1 0 0 4 f 0 1
4 0 0 3 7 4 f 0 1
4 0 1 1 6 6 f 1 1
4 0 0 0 4 6 f 0 1
4 0 0 0 3 6 f 0 1
4 0 0 2 2 2 f 0 1
4 0 1 1 5 2 f 0 1
4 0 1 3 4 a f 1 1
4 0 1 1 7 8 f 0 1
4 0 1 2 0 8 f 0 1
4 0 0 3 2 8 f 0 1
4 0 0 1 5 0 f 0 1
4 0 1 0 0 0 f 0 1
4 0 0 1 2 0 f 0 1
4 0 1 1 1 2 f 1 1
4 0 1 3 4 8 f 1 1
4 0 0 3 6 8 f 0 1
4 0 1 3 3 8 f 0 1
4 0 0 3 6 8 f 0 1
4 0 0 1 5 0 f 0 1
4 0 1 0 4 1 f 1 1
4 0 1 2 4 5 f 1 1
4 0 0 1 7 5 f 0 1
4 0 1 3 6 d f 1 1
4 0 1 3 7 c f 0 1
4 0 0 1 7 8 f 0 1
4 0 1 1 5 a f 1 1
4 0 1 2 0 a f 0 1
4 0 1 2 2 e f 1 1
4 0 1 0 3 7 f 1 1
4 0 1 2 2 3 f 0 1
4 0 1 0 6 1 f 0 1
4 0 0 2 4 0 f 0 1
4 0 0 1 4 0 f 0 1
4 0 1 2 3 4 f 1 1
4 0 1 2 3 4 f 0 1
4 0 1 3 0 4 f 0 1
4 0 0 1 5 0 f 0 1
4 0 1 1 6 2 f 1 1
4 0 1 3 1 a f 1 1
4 0 0 0 6 2 f 0 1
4 0 1 0 5 3 f 1 1
4 0 0 1 2 3 f 0 1
4 0 0 2 2 3 f 0 1
4 0 0 1 0 1 f 0 1
4 0 0 0 7 1 f 0 1
4 0 0 0 0 0 f 0 1
4 0 1 1 5 2 f 1 1
4 0 1 1 0 2 f 0 1
4 0 1 2 7 6 f 1 1
4 0 0 0 6 6 f 0 1
4 0 0 0 0 6 f 0 1
4 0 1 0 3 5 f 1 1
4 0 1 1 6 7 f 1 1
4 0 1 3 5 f f 1 1
4 0 1 0 1 e f 0 1
4 0 1 2 1 a f 0 1
4 0 0 1 6 a f 0 1
4 0 1 0 1 b f 1 1
4 0 0 0 5 0 f 0 1
4 0 0 3 4 0 f 0 1
4 0 0 0 1 0 f 0 1
4 0 0 0 2 0 f 0 1
4 0 0 2 5 0 f 0 1
4 0 0 1 6 0 f 0 1
4 0 0 3 6 0 f 0 1
4 0 0 2 7 0 f 0 1
4 0 0 2 4 0 f 0 1
4 0 0 0 2 0 f 0 1
4 0 1 0 6 1 f 1 1
4 0 1 0 5 1 f 0 1
4 0 0 0 6 1 f 0 1
4 0 0 2 0 1 f 0 1
4 0 1 0 0 1 f 0 1
4 0 1 0 1 1 f 0 1
4 0 1 2 4 4 f 1 1
4 0 0 2 3 4 f 0 1
4 0 0 1 1 4 f 0 1
4 0 1 1 5 6 f 1 1
4 0 0 1 4 2 f 0 1
4 0 0 0 5 2 f 0 1
4 0 0 1 4 2 f 0 1
4 0 0 3 3 2 f 0 1
4 0 1 2 1 4 f 1 1
4 0 0 2 7 0 f 0 1
4 0 1 0 4 1 f 1 1
4 0 0 0 2 1 f 0 1
4 0 1 3 2 9 f 1 1
4 0 0 0 6 9 f 0 1
4 0 0 3 2 0 f 0 1
4 0 1 1 2 2 f 1 1
4 0 0 0 3 2 f 0 1
4 0 1 2 3 4 f 1 1
4 0 0 0 7 4 f 0 1
4 0 1 2 7 4 f 0 1
4 0 0 3 4 0 f 0 1
4 0 1 1 0 0 f 0 1
4 0 1 0 4 1 f 1 1
4 0 1 1 0 1 f 0 1
4 0 0 2 0 1 f 0 1
4 0 0 2 6 1 f 0 1
4 0 1 1 1 2 f 1 1
4 0 1 0 0 0 f 0 1
4 0 0 2 1 0 f 0 1
4 0 0 2 7 0 f 0 1
4 0 1 1 6 2 f 1 1
4 0 0 0 7 2 f 0 1
4 0 1 3 2 a f 1 1
4 0 1 2 7 e f 1 1
4 0 0 1 6 6 f 0 1
4 0 0 1 7 6 f 0 1
4 0 0 3 5 4 f 0 1
4 0 1 3 3 c f 1 1
4 0 0 3 7 c f 0 1
4 0 0 0 3 c f 0 1
4 0 0 0 0 0 f 0 1
4 0 1 1 5 2 f 1 1
4 0 1 1 5 2 f 0 1
4 0 1 3 4 a f 1 1
4 0 0 2 6 a f 0 1
4 0 0 1 0 a f 0 1
4 0 0 0 6 8 f 0 1
4 0 1 1 0 0 f 0 1
4 0 0 3 5 0 f 0 1
4 0 1 0 4 1 f 1 1
4 0 1 3 2 9 f 1 1
4 0 0 1 1 9 f 0 1
4 0 0 3 2 1 f 0 1
4 0 0 0 2 0 f 0 1
4 0 1 2 2 4 f 1 1
4 0 0 0 6 4 f 0 1
4 0 0 0 1 0 f 0 1
4 0 1 3 7 8 f 1 1
4 0 1 2 5 c f 1 1
4 0 1 0 4 d f 1 1
4 0 0 1 7 d f 0 1
4 0 0 3 1 d f 0 1
4 0 1 3 3 d f 0 1
4 0 0 1 1 8 f 0 1
4 0 0 1 7 0 f 0 1
4 0 0 3 7 0 f 0 1
4 0 1 0 0 0 f 0 1
4 0 1 3 4 8 f 1 1
4 0 1 1 3 a f 1 1
4 0 1 0 7 b f 1 1
4 0 1 0 5 b f 0 1
4 0 0 1 0 1 f 0 1
4 0 0 0 3 1 f 0 1
4 0 0 3 6 1 f 0 1
4 0 0 0 3 1 f 0 1
4 0 0 2 3 1 f 0 1
4 0 1 2 5 4 f 1 1
4 0 0 3 1 4 f 0 1
4 0 0 1 2 4 f 0 1
4 0 1 3 4 c f 1 1
4 0 0 2 4 c f 0 1
4 0 0 3 5 8 f 0 1
4 0 0 3 3 8 f 0 1
4 0 0 3 3 0 f 0 1
4 0 1 2 5 4 f 1 1
4 0 0 1 2 4 f 0 1
4 0 0 0 0 4 f 0 1
4 0 0 2 2 4 f 0 1
4 0 1 0 0 4 f 0 1
4 0 0 0 1 0 f 0 1
4 0 0 0 2 0 f 0 1
4 0 0 1 5 0 f 0 1
4 0 1 1 5 2 f 1 1
4 0 0 1 3 2 f 0 1
4 0 0 0 4 2 f 0 1
4 0 0 0 3 2 f 0 1
4 0 0 2 4 2 f 0 1
4 0 1 3 2 8 f 1 1
4 0 1 0 0 8 f 0 1
4 0 1 2 6 4 f 1 1
4 0 0 3 4 4 f 0 1
4 0 1 1 0 4 f 0 1
4 0 0 3 3 4 f 0 1
4 0 1 1 7 6 f 1 1
4 0 0 1 6 6 f 0 1
4 0 0 2 3 2 f 0 1
4 0 0 3 1 2 f 0 1
4 0 1 2 6 6 f 1 1
4 0 1 3 1 e f 1 1
4 0 1 2 1 6 f 0 1
4 0 1 3 0 4 f 0 1
4 0 0 3 6 4 f 0 1
4 0 1 2 7 4 f 0 1
4 0 1 2 7 0 f 0 1
4 0 1 0 4 1 f 1 1
4 0 1 3 0 1 f 0 1
4 0 1 2 0 1 f 0 1
4 0 0 0 0 1 f 0 1
4 0 0 3 6 0 f 0 1
4 0 0 2 0 0 f 0 1
4 0 1 1 3 2 f 1 1
4 0 0 3 4 2 f 0 1
4 0 1 0 1 3 f 1 1
4 0 0 3 2 0 f 0 1
4 0 1 0 6 1 f 1 1
4 0 0 2 3 1 f 0 1
4 0 0 1 3 1 f 0 1
4 0 1 2 7 5 f 1 1
4 0 1 2 4 5 f 0 1
4 0 0 1 7 5 f 0 1
4 0 0 1 2 4 f 0 1
4 0 1 3 3 c f 1 1
4 0 0 2 6 c f 0 1
4 0 0 0 1 c f 0 1
4 0 0 3 3 0 f 0 1
4 0 0 0 1 0 f 0 1
4 0 1 0 7 1 f 1 1
4 0 1 3 3 9 f 1 1
4 0 1 0 0 9 f 0 1
4 0 1 0 6 9 f 0 1
4 0 0 1 2 1 f 0 1
4 0 1 1 0 1 f 0 1
4 0 1 3 3 9 f 1 1
4 0 1 1 7 a f 1 1
4 0 0 2 5 a f 0 1
4 0 1 3 3 2 f 0 1
4 0 1 3 6 a f 1 1
4 0 0 1 2 a f 0 1
4 0 1 2 4 e f 1 1
4 0 1 0 1 f f 1 1
4 0 1 2 2 c f 0 1
4 0 1 2 7 c f 0 1
4 0 1 3 6 0 f 0 1
4 0 0 3 0 0 f 0 1
4 0 1 1 3 2 f 1 1
4 0 1 3 2 a f 1 1
4 0 1 2 1 e f 1 1
4 0 1 2 7 0 f 0 1
4 0 0 0 1 0 f 0 1
4 0 0 3 3 0 f 0 1
4 0 0 0 2 0 f 0 1
4 0 0 0 6 0 f 0 1
4 0 0 0 3 0 f 0 1
4 0 0 0 3 0 f 0 1
4 0 1 2 0 0 f 0 1
4 0 1 3 1 8 f 1 1
4 0 1 2 4 4 f 1 1
4 0 1 0 0 4 f 0 1
4 0 1 0 4 5 f 1 1
4 0 0 2 3 5 f 0 1
4 0 1 2 6 1 f 0 1
4 0 1 2 7 5 f 1 1
4 0 0 0 7 4 f 0 1
4 0 0 2 7 4 f 0 1
4 0 0 2 1 4 f 0 1
4 0 0 1 1 4 f 0 1
4 0 0 1 7 4 f 0 1
4 0 1 3 5 c f 1 1
4 0 1 1 6 a f 1 1
4 0 1 0 1 b f 1 1
4 0 0 0 1 a f 0 1
4 0 1 0 1 b f 1 1
4 0 0 0 5 2 f 0 1
4 0 1 1 0 2 f 0 1
4 0 1 1 7 0 f 0 1
4 0 1 1 5 2 f 1 1
4 0 0 2 5 2 f 0 1
4 0 1 2 2 6 f 1 1
4 0 0 0 1 6 f 0 1
4 0 0 0 5 2 f 0 1
4 0 1 2 7 4 f 1 1
4 0 0 1 5 4 f 0 1
4 0 0 0 1 4 f 0 1
4 0 1 2 6 4 f 0 1
4 0 1 0 3 5 f 1 1
4 0 0 2 6 5 f 0 1
4 0 1 2 1 5 f 0 1
4 0 0 3 4 0 f 0 1
4 0 0 0 6 0 f 0 1
4 0 1 3 7 8 f 1 1
4 0 0 2 4 8 f 0 1
4 0 1 0 6 9 f 1 1
4 0 0 0 7 9 f 0 1
4 0 1 3 6 9 f 0 1
4 0 0 1 0 9 f 0 1
4 0 0 0 5 9 f 0 1
4 0 0 3 4 1 f 0 1
4 0 0 2 2 0 f 0 1
4 0 0 1 0 0 f 0 1
4 0 0 3 7 0 f 0 1
4 0 1 1 2 2 f 1 1
4 0 0 1 0 2 f 0 1
4 0 0 0 5 0 f 0 1
4 0 0 2 5 0 f 0 1
4 0 1 3 2 8 f 1 1
4 0 0 1 0 8 f 0 1
4 0 0 0 4 0 f 0 1
4 0 1 2 1 4 f 1 1
4 0 0 0 1 0 f 0 1
4 0 1 1 7 2 f 1 1
4 0 1 1 2 2 f 0 1
4 0 1 2 3 6 f 1 1
4 0 1 3 2 e f 1 1
4 0 0 3 4 e f 0 1
4 0 0 3 6 2 f 0 1
4 0 0 2 2 2 f 0 1
4 0 1 0 2 1 f 1 1
4 0 1 0 2 1 f 0 1
4 0 1 3 0 0 f 0 1
4 0 0 2 0 0 f 0 1
4 0 0 0 3 0 f 0 1
4 0 0 3 6 0 f 0 1
4 0 0 1 1 0 f 0 1
4 0 0 0 1 0 f 0 1
4 0 1 0 3 1 f 1 1
4 0 1 2 2 5 f 1 1
4 0 0 0 3 5 f 0 1
4 0 0 1 0 0 f 0 1
4 0 1 1 5 2 f 1 1
4 0 0 0 2 2 f 0 1
4 0 0 0 4 2 f 0 1
4 0 0 1 7 2 f 0 1
4 0 0 0 3 2 f 0 1
4 0 0 1 2 0 f 0 1
4 0 1 0 3 1 f 1 1
4 0 1 0 7 1 f 0 1
4 0 1 1 0 1 f 0 1
4 0 1 2 1 4 f 1 1
4 0 0 3 5 0 f 0 1
4 0 1 0 1 1 f 1 1
4 0 0 3 3 0 f 0 1
4 0 0 3 6 0 f 0 1
4 0 0 0 2 0 f 0 1
4 0 1 0 0 0 f 0 1
4 0 0 1 2 0 f 0 1
4 0 1 3 4 8 f 1 1
4 0 0 1 6 8 f 0 1
4 0 1 1 7 a f 1 1
4 0 1 2 7 e f 1 1
4 0 0 0 7 6 f 0 1
4 0 0 2 6 6 f 0 1
4 0 0 3 6 6 f 0 1
4 0 1 0 3 7 f 1 1
4 0 0 1 5 7 f 0 1
4 0 1 2 2 5 f 0 1
4 0 0 0 6 0 f 0 1
4 0 1 1 3 2 f 1 1
4 0 1 0 5 3 f 1 1
4 0 0 1 1 3 f 0 1
4 0 0 2 3 1 f 0 1
4 0 1 1 6 3 f 1 1
4 0 1 2 5 7 f 1 1
4 0 1 1 6 6 f 0 1
4 0 0 3 3 6 f 0 1
4 0 1 1 5 6 f 0 1
4 0 0 1 5 6 f 0 1
4 0 0 2 3 0 f 0 1
4 0 1 2 1 4 f 1 1
4 0 1 2 6 0 f 0 1
4 0 1 2 4 4 f 1 1
4 0 0 3 4 4 f 0 1
4 0 0 3 6 4 f 0 1
4 0 0 0 6 4 f 0 1
4 0 0 2 6 0 f 0 1
4 0 0 2 3 0 f 0 1
4 0 1 2 4 4 f 1 1
4 0 0 1 4 4 f 0 1
4 0 0 0 6 4 f 0 1
4 0 0 0 1 4 f 0 1
4 0 1 3 1 8 f 1 1
4 0 1 0 3 1 f 1 1
4 0 0 3 0 1 f 0 1
4 0 0 0 3 1 f 0 1
4 0 1 1 1 2 f 1 1
4 0 0 0 2 0 f 0 1
4 0 0 1 7 0 f 0 1
4 0 0 0 6 0 f 0 1
4 0 0 2 3 0 f 0 1
4 0 0 2 2 0 f 0 1
4 0 1 1 4 2 f 1 1
4 0 0 0 6 2 f 0 1
4 0 0 0 5 2 f 0 1
4 0 1 2 3 6 f 1 1
4 0 1 1 3 4 f 0 1
4 0 1 2 2 4 f 0 1
4 0 1 0 4 1 f 1 1
4 0 0 3 4 1 f 0 1
4 0 0 0 0 1 f 0 1
4 0 0 2 6 1 f 0 1
4 0 0 1 2 0 f 0 1
4 0 0 1 0 0 f 0 1
4 0 0 2 3 0 f 0 1
4 0 0 1 6 0 f 0 1
4 0 1 0 6 1 f 1 1
4 0 0 0 2 1 f 0 1
4 0 1 3 2 9 f 1 1
4 0 0 1 5 9 f 0 1
4 0 0 0 0 1 f 0 1
4 0 1 2 7 5 f 1 1
4 0 1 2 4 4 f 0 1
4 0 0 0 2 4 f 0 1
4 0 0 2 6 4 f 0 1
4 0 1 2 6 4 f 0 1
4 0 0 2 2 4 f 0 1
4 0 1 3 6 c f 1 1
4 0 1 0 3 9 f 1 1
4 0 1 3 2 9 f 0 1
4 0 0 3 3 9 f 0 1
4 0 1 0 1 8 f 0 1
4 0 0 0 5 8 f 0 1
4 0 1 1 5 2 f 1 1
4 0 1 2 1 6 f 1 1
4 0 0 3 5 2 f 0 1
4 0 1 1 1 2 f 0 1
4 0 1 3 7 a f 1 1
4 0 1 0 6 9 f 1 1
4 0 1 3 1 9 f 0 1
4 0 0 0 6 9 f 0 1
4 0 0 0 7 9 f 0 1
4 0 1 2 5 d f 1 1
4 0 0 2 2 d f 0 1
4 0 0 0 1 4 f 0 1
4 0 1 3 3 c f 1 1
4 0 1 2 4 c f 0 1
4 0 0 2 2 8 f 0 1
4 0 0 2 4 0 f 0 1
4 0 0 1 0 0 f 0 1
4 0 0 1 2 0 f 0 1
4 0 0 1 6 0 f 0 1
4 0 1 3 3 8 f 1 1
4 0 1 0 0 8 f 0 1
4 0 0 0 0 8 f 0 1
4 0 0 3 3 0 f 0 1
4 0 0 3 6 0 f 0 1
4 0 0 0 2 0 f 0 1
4 0 0 3 7 0 f 0 1
4 0 0 1 4 0 f 0 1
4 0 0 0 6 0 f 0 1
4 0 1 0 5 1 f 1 1
4 0 1 1 1 3 f 1 1
4 0 1 2 3 5 f 1 1
4 0 1 0 3 5 f 0 1
4 0 0 0 7 5 f 0 1
4 0 0 2 2 0 f 0 1
4 0 1 1 2 2 f 1 1
4 0 0 0 6 2 f 0 1
4 0 1 1 5 0 f 0 1
4 0 0 0 6 0 f 0 1
4 0 0 0 4 0 f 0 1
4 0 0 3 5 0 f 0 1
4 0 1 0 7 1 f 1 1
4 0 0 2 2 1 f 0 1
4 0 1 1 1 3 f 1 1
4 0 0 3 4 1 f 0 1
4 0 0 2 1 1 f 0 1
4 0 0 0 3 1 f 0 1
4 0 1 2 6 5 f 1 1
4 0 0 0 3 4 f 0 1
4 0 1 2 4 4 f 0 1
4 0 0 3 5 4 f 0 1
4 0 1 3 7 c f 1 1
4 0 0 0 6 c f 0 1
4 0 1 0 7 9 f 1 1
4 0 0 2 1 9 f 0 1
4 0 0 1 7 9 f 0 1
4 0 0 2 7 9 f 0 1
4 0 0 0 4 9 f 0 1
4 0 1 3 0 1 f 0 1
4 0 0 1 6 1 f 0 1
4 0 1 1 0 0 f 0 1
4 0 1 1 7 2 f 1 1
4 0 1 3 4 a f 1 1
4 0 1 0 3 b f 1 1
4 0 0 0 6 b f 0 1
4 0 0 1 4 b f 0 1
4 0 0 0 1 2 f 0 1
4 0 1 1 2 2 f 0 1
4 0 1 0 2 1 f 1 1
4 0 1 3 4 9 f 1 1
4 0 1 3 7 8 f 0 1
4 0 1 3 7 8 f 0 1
4 0 1 3 6 8 f 0 1
4 0 1 3 1 0 f 0 1
4 0 0 2 6 0 f 0 1
4 0 0 3 4 0 f 0 1
4 0 0 3 6 0 f 0 1
4 0 1 0 4 1 f 1 1
4 0 0 3 4 1 f 0 1
4 0 0 3 5 1 f 0 1
4 0 0 1 3 1 f 0 1
4 0 0 2 0 0 f 0 1
4 0 0 3 3 0 f 0 1
4 0 0 0 0 0 f 0 1
4 0 1 0 1 1 f 1 1
4 0 1 2 2 4 f 1 1
4 0 1 2 2 4 f 0 1
4 0 0 3 1 0 f 0 1
4 0 1 1 7 2 f 1 1
4 0 0 1 6 2 f 0 1
4 0 0 0 4 2 f 0 1
4 0 1 0 3 3 f 1 1
4 0 1 2 2 7 f 1 1
4 0 0 1 2 7 f 0 1
4 0 0 1 6 2 f 0 1
4 0 1 3 1 8 f 1 1
4 0 1 1 2 2 f 1 1
4 0 0 1 5 2 f 0 1
4 0 0 1 2 0 f 0 1
4 0 1 3 3 8 f 1 1
4 0 1 1 1 a f 1 1
4 0 1 3 0 8 f 0 1
4 0 1 0 4 1 f 1 1
4 0 0 3 5 1 f 0 1
4 0 0 1 4 1 f 0 1
4 0 0 3 7 1 f 0 1
4 0 0 0 2 0 f 0 1
4 0 1 1 3 2 f 1 1
4 0 0 2 5 2 f 0 1
4 0 0 2 2 2 f 0 1
4 0 1 3 2 8 f 1 1
4 0 1 2 3 c f 1 1
4 0 1 0 7 5 f 1 1
4 0 0 0 7 5 f 0 1
4 0 0 1 6 1 f 0 1
4 0 1 1 6 3 f 1 1
4 0 0 2 4 3 f 0 1
4 0 1 0 6 3 f 0 1
4 0 1 1 5 3 f 0 1
4 0 0 2 2 2 f 0 1
4 0 0 1 7 2 f 0 1
4 0 1 3 0 0 f 0 1
4 0 1 1 2 2 f 1 1
4 0 1 1 5 2 f 0 1
4 0 0 2 3 0 f 0 1
4 0 1 2 4 4 f 1 1
4 0 1 0 7 5 f 1 1
4 0 1 0 4 5 f 0 1
4 0 1 1 6 7 f 1 1
4 0 0 2 1 3 f 0 1
4 0 1 0 2 3 f 0 1
4 0 0 3 0 3 f 0 1
4 0 1 0 3 3 f 0 1
4 0 0 2 2 2 f 0 1
4 0 1 1 6 0 f 0 1
4 0 1 3 0 0 f 0 1
4 0 1 3 2 8 f 1 1
4 0 1 0 4 9 f 1 1
4 0 0 0 6 1 f 0 1
4 0 1 3 1 9 f 1 1
4 0 1 2 6 5 f 1 1
4 0 1 1 2 6 f 1 1
4 0 1 3 7 e f 1 1
4 0 1 2 2 c f 0 1
4 0 0 2 2 c f 0 1
4 0 1 3 4 c f 0 1
4 0 1 0 7 9 f 1 1
4 0 0 2 1 9 f 0 1
4 0 1 0 0 9 f 0 1
4 0 0 0 1 1 f 0 1
4 0 1 3 4 9 f 1 1
4 0 1 2 4 d f 1 1
4 0 1 1 2 f f 1 1
4 0 1 3 0 e f 0 1
4 0 0 2 0 4 f 0 1
4 0 1 0 4 1 f 1 1
4 0 1 3 1 9 f 1 1
4 0 0 2 3 1 f 0 1
4 0 1 2 6 5 f 1 1
4 0 0 3 5 4 f 0 1
4 0 0 0 4 4 f 0 1
4 0 0 3 2 4 f 0 1
4 0 1 0 2 5 f 1 1
4 0 0 3 5 5 f 0 1
4 0 0 2 4 0 f 0 1
4 0 0 3 2 0 f 0 1
4 0 1 2 7 4 f 1 1
4 0 1 0 5 5 f 1 1
4 0 0 3 1 5 f 0 1
4 0 1 1 4 7 f 1 1
4 0 1 2 4 7 f 0 1
4 0 0 0 1 7 f 0 1
4 0 0 1 3 6 f 0 1
4 0 0 1 1 0 f 0 1
4 0 0 2 7 0 f 0 1
4 0 1 1 3 2 f 1 1
4 0 0 1 4 2 f 0 1
4 0 1 2 1 6 f 1 1
4 0 0 1 2 0 f 0 1
4 0 1 0 1 1 f 1 1
4 0 0 3 5 0 f 0 1
4 0 1 1 3 2 f 1 1
4 0 0 0 0 2 f 0 1
4 0 0 3 5 2 f 0 1
4 0 0 2 1 0 f 0 1
4 0 0 3 2 0 f 0 1
4 0 1 3 2 8 f 1 1
4 0 0 0 4 8 f 0 1
4 0 1 0 4 1 f 1 1
4 0 1 2 1 5 f 1 1
4 0 1 3 0 1 f 0 1
4 0 1 0 4 1 f 0 1
4 0 0 2 4 0 f 0 1
4 0 1 3 1 8 f 1 1
4 0 0 2 5 0 f 0 1
4 0 1 3 4 8 f 1 1
4 0 0 1 6 8 f 0 1
4 0 1 0 0 8 f 0 1
4 0 0 1 2 8 f 0 1
4 0 0 2 4 0 f 0 1
4 0 0 2 1 0 f 0 1
4 0 0 3 4 0 f 0 1
4 0 1 1 0 0 f 0 1
4 0 0 2 6 0 f 0 1
4 0 0 1 4 0 f 0 1
4 0 1 3 3 8 f 1 1
4 0 1 1 7 a f 1 1
4 0 0 0 6 a f 0 1
4 0 1 2 7 6 f 1 1
4 0 0 2 6 6 f 0 1
4 0 0 2 6 6 f 0 1
4 0 1 3 5 e f 1 1
4 0 0 1 7 e f 0 1
4 0 0 3 4 c f 0 1
4 0 1 1 4 e f 1 1
4 0 1 1 7 a f 0 1
4 0 0 3 1 2 f 0 1
4 0 1 1 1 2 f 0 1
4 0 0 0 1 0 f 0 1
4 0 1 1 3 2 f 1 1
4 0 1 1 1 2 f 0 1
4 0 1 2 1 6 f 1 1
4 0 0 3 7 0 f 0 1
4 0 1 3 3 8 f 1 1
4 0 1 0 3 9 f 1 1
4 0 0 1 4 9 f 0 1
4 0 1 0 0 1 f 0 1
4 0 1 2 2 4 f 1 1
4 0 0 2 7 4 f 0 1
4 0 1 1 7 2 f 1 1
4 0 0 3 0 2 f 0 1
4 0 0 0 2 2 f 0 1
4 0 0 3 3 2 f 0 1
4 0 1 2 5 6 f 1 1
4 0 0 0 7 6 f 0 1
4 0 0 3 0 6 f 0 1
4 0 0 2 2 4 f 0 1
4 0 1 1 6 6 f 1 1
4 0 0 0 3 2 f 0 1
4 0 1 1 5 2 f 0 1
4 0 0 3 4 2 f 0 1
4 0 0 2 0 2 f 0 1
4 0 1 0 2 3 f 1 1
4 0 0 2 7 1 f 0 1
4 0 0 3 1 0 f 0 1
4 0 0 2 7 0 f 0 1
4 0 1 1 6 2 f 1 1
4 0 0 3 5 2 f 0 1
4 0 0 1 6 2 f 0 1
4 0 0 2 5 2 f 0 1
4 0 0 3 4 2 f 0 1
4 0 0 1 2 2 f 0 1
4 0 0 0 3 0 f 0 1
4 0 0 0 3 0 f 0 1
4 0 1 1 4 2 f 1 1
4 0 0 3 5 2 f 0 1
4 0 0 0 6 2 f 0 1
4 0 0 3 1 2 f 0 1
4 0 1 0 6 1 f 1 1
4 0 1 2 4 5 f 1 1
4 0 0 3 1 5 f 0 1
4 0 1 2 0 5 f 0 1
4 0 0 0 4 5 f 0 1
4 0 1 2 5 1 f 0 1
4 0 1 2 2 4 f 1 1
4 0 1 3 6 c f 1 1
4 0 1 2 1 8 f 0 1
4 0 1 3 3 8 f 0 1
4 0 0 3 1 8 f 0 1
4 0 1 3 2 8 f 0 1
4 0 1 0 5 9 f 1 1
4 0 0 3 0 1 f 0 1
4 0 0 2 4 1 f 0 1
4 0 0 3 0 1 f 0 1
4 0 0 2 3 1 f 0 1
4 0 1 2 3 4 f 1 1
4 0 1 1 7 6 f 1 1
4 0 1 3 1 e f 1 1
4 1 0 1 2 0 f 0 1
4 0 1 3 3 8 f 1 1
4 0 1 3 4 8 f 0 1
4 0 0 1 2 8 f 0 1
4 0 0 3 0 0 f 0 1
4 0 1 0 0 0 f 0 1
4 0 1 2 3 4 f 1 1
4 0 0 2 5 4 f 0 1
4 0 0 2 1 4 f 0 1
4 0 0 1 1 0 f 0 1
4 0 0 0 4 0 f 0 1
4 0 0 3 6 0 f 0 1
4 0 0 1 3 0 f 0 1
4 0 1 1 3 2 f 1 1
4 0 1 0 2 3 f 1 1
4 0 0 3 1 3 f 0 1
4 0 1 2 0 0 f 0 1
4 0 0 2 6 0 f 0 1
4 0 1 2 2 4 f 1 1
4 0 0 1 0 4 f 0 1
4 0 0 2 3 0 f 0 1
4 0 0 3 7 0 f 0 1
4 0 0 2 7 0 f 0 1
4 0 0 3 1 0 f 0 1
4 0 1 2 4 4 f 1 1
4 0 1 1 6 6 f 1 1
4 0 0 0 7 6 f 0 1
4 0 0 0 5 6 f 0 1
4 0 1 0 2 3 f 1 1
4 0 0 3 2 3 f 0 1
4 0 1 0 6 2 f 0 1
4 0 0 2 1 0 f 0 1
4 0 0 3 7 0 f 0 1
4 0 0 3 1 0 f 0 1
4 0 0 0 3 0 f 0 1
4 0 1 3 7 8 f 1 1
4 0 1 0 2 9 f 1 1
4 0 1 3 5 9 f 0 1
4 0 1 2 5 c f 1 1
4 0 1 1 7 e f 1 1
4 0 0 3 1 e f 0 1
4 0 0 1 6 e f 0 1
4 0 0 1 5 6 f 0 1
4 0 0 3 2 2 f 0 1
4 0 0 3 7 2 f 0 1
4 0 1 3 2 a f 1 1
4 0 1 3 0 8 f 0 1
4 0 1 1 6 2 f 1 1
4 0 1 0 2 3 f 1 1
4 0 1 3 1 b f 1 1
4 0 1 2 1 6 f 1 1
4 1 0 1 7 0 f 0 1
4 0 1 2 6 4 f 1 1
4 0 1 2 5 4 f 0 1
4 0 1 2 3 4 f 0 1
4 0 1 3 5 c f 1 1
4 0 0 3 1 c f 0 1
4 0 0 0 2 c f 0 1
4 0 0 1 4 8 f 0 1
4 0 0 1 2 8 f 0 1
4 0 0 3 4 0 f 0 1
4 0 0 0 0 0 f 0 1
4 0 1 1 3 2 f 1 1
4 0 0 1 0 2 f 0 1
4 0 0 3 1 2 f 0 1
4 0 0 1 6 0 f 0 1
4 0 0 0 5 0 f 0 1
4 0 1 3 5 8 f 1 1
4 0 1 1 3 a f 1 1
4 0 0 3 7 a f 0 1
4 0 1 2 6 e f 1 1
4 0 1 0 3 d f 1 1
4 0 1 2 6 5 f 0 1
4 0 1 2 1 5 f 0 1
4 0 1 0 0 4 f 0 1
4 0 1 2 4 4 f 0 1
4 0 1 1 3 2 f 1 1
4 0 1 0 5 3 f 1 1
4 0 1 1 4 3 f 0 1
4 0 0 2 3 1 f 0 1
4 0 1 1 0 1 f 0 1
4 0 1 1 3 3 f 1 1
4 0 0 0 0 2 f 0 1
4 0 0 1 0 2 f 0 1
4 0 1 1 5 0 f 0 1
4 0 0 3 7 0 f 0 1
4 0 1 0 5 1 f 1 1
4 0 1 2 5 5 f 1 1
4 0 0 0 5 5 f 0 1
4 0 1 1 4 7 f 1 1
4 0 1 2 0 7 f 0 1
4 0 0 2 2 6 f 0 1
4 0 1 3 0 2 f 0 1
4 0 1 0 6 1 f 1 1
4 0 0 3 1 1 f 0 1
4 0 1 1 7 3 f 1 1
4 0 0 0 0 3 f 0 1
4 0 0 3 4 3 f 0 1
4 0 1 0 1 3 f 0 1
4 0 1 2 7 6 f 1 1
4 0 1 3 4 e f 1 1
4 0 1 1 4 e f 0 1
4 0 0 0 7 c f 0 1
4 0 0 1 0 c f 0 1
4 0 0 2 2 4 f 0 1
4 0 0 2 1 4 f 0 1
4 0 0 1 7 0 f 0 1
4 0 1 2 4 4 f 1 1
4 0 1 1 3 6 f 1 1
4 0 1 0 4 7 f 1 1
4 0 1 2 5 7 f 0 1
4 0 1 2 1 1 f 0 1
4 0 1 1 7 3 f 1 1
4 1 1 2 2 0 f 0 1
4 0 0 0 4 0 f 0 1
4 0 1 0 7 1 f 1 1
4 1 1 1 2 0 f 0 1
4 0 1 3 3 8 f 1 1
4 0 0 0 7 8 f 0 1
4 0 0 0 7 8 f 0 1
4 0 1 2 3 4 f 1 1
4 0 1 2 1 4 f 0 1
4 0 0 1 3 4 f 0 1
4 0 1 1 1 2 f 1 1
4 0 0 1 6 0 f 0 1
4 0 1 3 7 8 f 1 1
4 0 0 2 0 8 f 0 1
4 0 0 1 6 8 f 0 1
4 0 1 0 6 9 f 1 1
4 0 0 2 3 9 f 0 1
4 0 0 3 5 9 f 0 1
4 0 0 3 4 9 f 0 1
4 0 0 3 3 1 f 0 1
4 0 1 1 1 3 f 1 1
4 0 0 2 5 0 f 0 1
4 0 1 1 0 0 f 0 1
4 0 1 0 1 1 f 1 1
4 0 1 3 1 8 f 1 1
4 0 1 1 5 2 f 1 1
4 0 1 3 3 a f 1 1
4 0 1 1 1 a f 0 1
4 0 1 2 0 a f 0 1
4 0 1 3 6 2 f 0 1
4 0 0 3 1 0 f 0 1
4 0 0 3 6 0 f 0 1
4 0 0 2 7 0 f 0 1
4 0 1 1 4 2 f 1 1
4 0 0 1 3 2 f 0 1
4 0 0 3 6 2 f 0 1
4 0 1 3 0 2 f 0 1
4 0 0 1 3 0 f 0 1
4 0 0 2 6 0 f 0 1
4 0 0 1 5 0 f 0 1
4 0 0 3 1 0 f 0 1
4 0 0 1 4 0 f 0 1
4 0 1 3 4 8 f 1 1
4 0 0 1 5 8 f 0 1
4 0 1 0 6 9 f 1 1
4 0 1 1 4 b f 1 1
4 0 1 0 5 3 f 0 1
4 0 1 3 6 b f 1 1
4 0 0 3 2 b f 0 1
4 0 1 2 7 d f 1 1
4 0 0 0 3 c f 0 1
4 0 0 0 6 c f 0 1
4 0 1 1 1 e f 1 1
4 0 0 2 0 4 f 0 1
4 0 0 3 5 4 f 0 1
4 0 1 2 7 4 f 0 1
4 0 0 2 5 0 f 0 1
4 0 1 0 4 1 f 1 1
4 0 1 2 5 5 f 1 1
4 0 0 3 5 5 f 0 1
4 0 0 0 4 5 f 0 1
4 0 1 1 1 6 f 1 1
4 0 1 0 6 5 f 1 1
4 0 0 3 3 1 f 0 1
4 0 0 2 2 1 f 0 1
4 0 1 0 5 1 f 0 1
4 0 1 1 2 3 f 1 1
4 0 1 3 7 b f 1 1
4 0 0 2 6 8 f 0 1
4 0 0 2 6 8 f 0 1
4 0 1 1 0 8 f 0 1
4 0 0 3 2 8 f 0 1
4 0 1 1 2 a f 1 1
4 0 1 0 2 b f 1 1
4 0 0 2 4 1 f 0 1
4 0 1 2 6 4 f 1 1
4 0 0 3 3 4 f 0 1
4 0 0 0 4 4 f 0 1
4 0 1 2 2 4 f 0 1
4 0 0 2 3 4 f 0 1
4 0 0 1 6 4 f 0 1
4 0 1 0 2 1 f 1 1
4 0 1 3 5 9 f 1 1
4 0 0 1 0 8 f 0 1
4 0 0 2 0 8 f 0 1
4 0 1 3 0 8 f 0 1
4 0 1 2 2 c f 1 1
4 0 1 2 7 4 f 0 1
4 0 1 2 3 0 f 0 1
4 0 1 2 6 4 f 1 1
4 0 0 0 3 4 f 0 1
4 0 0 3 7 4 f 0 1
4 0 1 2 1 4 f 0 1
4 0 0 3 4 4 f 0 1
4 0 0 1 5 4 f 0 1
4 0 0 2 1 0 f 0 1
4 0 1 3 1 8 f 1 1
4 0 0 1 1 0 f 0 1
4 0 1 2 2 4 f 1 1
4 0 0 2 7 4 f 0 1
4 0 1 1 5 2 f 1 1
4 0 0 3 7 2 f 0 1
4 0 1 0 2 3 f 1 1
4 0 1 3 7 b f 1 1
4 0 1 0 6 a f 0 1
4 0 0 1 7 8 f 0 1
4 0 0 2 1 8 f 0 1
4 0 1 3 0 8 f 0 1
4 0 1 0 0 8 f 0 1
4 0 0 3 1 8 f 0 1
4 0 1 2 7 4 f 1 1
4 0 0 1 6 4 f 0 1
4 0 1 2 5 4 f 0 1
4 0 1 2 2 4 f 0 1
4 0 0 2 3 4 f 0 1
4 0 0 3 1 4 f 0 1
4 0 0 2 5 4 f 0 1
4 1 1 1 3 0 f 0 1
4 0 1 0 4 1 f 1 1
4 0 0 3 2 1 f 0 1
4 0 0 1 2 1 f 0 1
4 0 0 0 4 1 f 0 1
4 0 0 0 3 0 f 0 1
4 0 0 1 2 0 f 0 1
4 0 0 2 6 0 f 0 1
4 0 1 2 6 4 f 1 1
4 0 1 3 6 c f 1 1
4 0 0 1 7 c f 0 1
4 0 0 3 1 c f 0 1
4 0 0 3 1 c f 0 1
4 0 1 1 0 c f 0 1
4 0 0 3 0 8 f 0 1
4 0 0 3 5 0 f 0 1
4 0 1 1 5 2 f 1 1
4 0 1 2 2 6 f 1 1
4 0 0 2 0 6 f 0 1
4 0 1 0 4 3 f 1 1
4 0 1 3 4 b f 1 1
4 0 1 3 4 9 f 0 1
4 0 0 3 3 9 f 0 1
4 0 0 2 0 8 f 0 1
4 0 1 3 0 0 f 0 1
4 0 0 0 1 0 f 0 1
4 0 0 0 3 0 f 0 1
4 0 1 0 6 1 f 1 1
4 0 1 1 3 3 f 1 1
4 0 1 3 7 b f 1 1
4 0 0 2 4 b f 0 1
4 0 1 2 2 d f 1 1
4 0 0 2 7 d f 0 1
4 0 0 3 5 8 f 0 1
4 0 1 2 5 c f 1 1
4 0 0 2 3 c f 0 1
4 0 0 0 1 4 f 0 1
4 0 0 0 7 4 f 0 1
4 0 1 2 7 4 f 0 1
4 0 1 3 0 0 f 0 1
4 0 1 2 1 4 f 1 1
4 0 1 3 4 8 f 1 1
4 0 0 0 5 8 f 0 1
4 0 1 0 0 8 f 0 1
4 0 1 3 4 8 f 0 1
4 0 0 0 2 0 f 0 1
4 0 1 2 5 4 f 1 1
4 0 0 2 1 4 f 0 1
4 0 0 0 4 4 f 0 1
4 0 0 0 7 4 f 0 1
4 0 1 2 7 4 f 0 1
4 0 1 0 3 1 f 1 1
4 0 0 0 7 1 f 0 1
4 0 0 3 7 1 f 0 1
4 0 1 2 5 4 f 1 1
4 0 1 3 5 c f 1 1
4 0 1 0 4 d f 1 1
4 0 1 1 7 f f 1 1
4 0 0 3 5 f f 0 1
4 0 0 2 7 b f 0 1
4 0 0 3 3 2 f 0 1
4 0 1 0 6 3 f 1 1
4 0 1 2 5 7 f 1 1
4 0 1 2 6 7 f 0 1
4 0 1 2 7 5 f 0 1
4 0 0 0 5 5 f 0 1
4 0 0 0 2 5 f 0 1
4 0 0 0 0 0 f 0 1
4 0 0 0 1 0 f 0 1
4 0 0 1 5 0 f 0 1
4 0 0 0 6 0 f 0 1
4 0 1 0 0 0 f 0 1
4 0 1 3 2 8 f 1 1
4 0 0 2 1 8 f 0 1
4 0 0 3 7 0 f 0 1
4 0 0 3 6 0 f 0 1
4 0 1 0 6 1 f 1 1
4 0 1 2 7 5 f 1 1
4 0 1 0 4 5 f 0 1
4 0 0 2 3 5 f 0 1
4 0 0 1 7 5 f 0 1
4 0 1 0 4 5 f 0 1
4 0 1 1 1 6 f 1 1
4 0 1 3 7 c f 1 1
4 0 0 3 6 8 f 0 1
4 0 0 0 4 8 f 0 1
4 0 0 2 7 8 f 0 1
4 0 0 1 6 8 f 0 1
4 0 0 3 2 8 f 0 1
4 0 0 3 6 8 f 0 1
4 0 1 2 1 4 f 1 1
4 0 1 0 0 0 f 0 1
4 0 0 0 4 0 f 0 1
4 0 1 0 5 1 f 1 1
4 0 1 1 7 3 f 1 1
4 0 0 2 4 3 f 0 1
4 0 1 2 5 7 f 1 1
4 0 0 1 1 7 f 0 1
4 0 0 0 1 6 f 0 1
4 0 0 1 7 6 f 0 1
4 0 0 0 0 6 f 0 1
4 0 1 2 3 0 f 0 1
4 0 0 1 5 0 f 0 1
4 0 1 2 3 4 f 1 1
4 0 1 3 2 c f 1 1
4 0 1 2 0 c f 0 1
4 0 1 3 6 0 f 0 1
4 0 0 1 3 0 f 0 1
4 0 0 2 7 0 f 0 1
4 0 0 3 5 0 f 0 1
4 0 1 2 7 4 f 1 1
4 0 0 2 6 4 f 0 1
4 0 0 3 2 4 f 0 1
4 0 0 2 6 4 f 0 1
4 0 0 1 3 4 f 0 1
4 0 0 2 7 4 f 0 1
4 0 1 2 0 4 f 0 1
4 0 1 2 1 0 f 0 1
4 0 0 1 4 0 f 0 1
4 0 1 2 0 0 f 0 1
4 0 0 3 3 0 f 0 1
4 0 0 0 6 0 f 0 1
4 0 0 3 1 0 f 0 1
4 0 1 0 3 1 f 1 1
4 0 0 1 2 1 f 0 1
4 0 1 0 4 1 f 0 1
4 0 1 2 0 0 f 0 1
4 0 0 1 5 0 f 0 1
4 0 1 3 2 8 f 1 1
4 0 0 1 7 8 f 0 1
4 0 0 0 2 0 f 0 1
4 0 1 1 2 2 f 1 1
4 0 0 3 6 2 f 0 1
4 0 0 2 6 0 f 0 1
4 0 1 0 7 1 f 1 1
4 0 0 1 7 1 f 0 1
4 0 0 1 1 1 f 0 1
4 0 1 3 5 9 f 1 1
4 0 0 2 7 9 f 0 1
4 0 1 1 4 b f 1 1
4 0 1 1 6 b f 0 1
4 0 0 3 3 a f 0 1
4 0 1 1 0 2 f 0 1
4 0 1 3 2 8 f 1 1
4 0 0 3 3 8 f 0 1
4 0 0 2 2 0 f 0 1
4 0 1 3 0 0 f 0 1
4 0 0 2 5 0 f 0 1
4 0 1 0 7 1 f 1 1
4 0 0 0 3 1 f 0 1
4 0 1 1 7 3 f 1 1
4 0 0 3 5 3 f 0 1
4 0 0 3 5 3 f 0 1
4 0 0 1 5 3 f 0 1
4 0 1 0 5 3 f 0 1
4 0 0 0 2 2 f 0 1
4 0 0 3 4 2 f 0 1
4 0 0 3 1 0 f 0 1
4 0 1 3 2 8 f 1 1
4 0 1 3 1 8 f 0 1
4 0 0 1 5 0 f 0 1
4 0 0 1 4 0 f 0 1
4 0 0 1 6 0 f 0 1
4 0 1 3 4 8 f 1 1
4 0 1 1 4 a f 1 1
4 0 0 1 0 a f 0 1
4 0 0 3 7 a f 0 1
4 0 1 2 6 6 f 1 1
4 0 1 2 3 4 f 0 1
4 0 0 2 4 4 f 0 1
4 0 0 3 5 4 f 0 1
4 0 1 3 3 c f 1 1
4 0 1 1 5 e f 1 1
4 0 0 1 5 a f 0 1
4 0 0 2 6 2 f 0 1
4 0 0 2 6 2 f 0 1
4 0 0 1 5 2 f 0 1
4 0 0 2 7 0 f 0 1
4 0 0 0 5 0 f 0 1
4 0 1 1 2 2 f 1 1
4 0 0 2 5 2 f 0 1
4 0 1 3 5 8 f 1 1
4 0 0 2 2 8 f 0 1
4 0 0 0 1 8 f 0 1
4 0 1 0 3 9 f 1 1
4 0 1 2 1 d f 1 1
4 0 0 2 0 1 f 0 1
4 0 1 3 4 8 f 1 1
4 0 0 0 2 8 f 0 1
4 0 1 0 1 9 f 1 1
4 0 0 3 2 8 f 0 1
4 0 1 1 5 2 f 1 1
4 0 1 3 4 a f 1 1
4 0 0 0 1 a f 0 1
4 0 0 2 7 a f 0 1
4 0 1 3 7 a f 0 1
4 0 0 1 2 0 f 0 1
4 0 1 1 5 2 f 1 1
4 0 0 1 7 2 f 0 1
4 0 1 3 3 a f 1 1
4 0 1 3 4 a f 0 1
4 0 0 2 4 a f 0 1
4 0 0 0 3 0 f 0 1
4 0 0 3 4 0 f 0 1
4 0 0 3 7 0 f 0 1
4 0 1 3 3 8 f 1 1
4 0 0 0 3 8 f 0 1
4 0 0 2 5 8 f 0 1
4 0 1 0 1 1 f 1 1
4 0 1 1 0 0 f 0 1
4 0 1 3 2 8 f 1 1
4 0 1 1 5 a f 1 1
4 0 0 1 0 2 f 0 1
4 0 1 3 7 a f 1 1
4 0 0 1 2 a f 0 1
4 0 0 3 4 a f 0 1
4 0 1 1 1 8 f 0 1
4 0 1 2 0 8 f 0 1
4 0 1 1 1 a f 1 1
4 0 1 1 3 8 f 0 1
4 0 0 1 2 0 f 0 1
4 0 1 3 2 8 f 1 1
4 0 1 0 6 9 f 1 1
4 0 0 0 2 1 f 0 1
4 0 1 3 5 9 f 1 1
4 0 1 2 6 d f 1 1
4 0 1 0 6 d f 0 1
4 0 1 2 0 d f 0 1
4 0 0 1 2 c f 0 1
4 0 1 2 0 4 f 0 1
4 0 1 3 2 c f 1 1
4 0 1 2 7 8 f 0 1
4 0 1 0 5 1 f 1 1
4 0 1 2 6 5 f 1 1
4 0 0 2 4 5 f 0 1
4 0 1 1 3 7 f 1 1
4 0 0 1 2 7 f 0 1
4 0 0 3 0 6 f 0 1
4 0 0 0 3 4 f 0 1
4 0 1 1 1 2 f 1 1
4 0 1 2 6 4 f 1 1
4 0 1 3 2 c f 1 1
4 0 1 3 3 c f 0 1
4 0 1 3 6 4 f 0 1
4 0 0 1 6 4 f 0 1
4 0 1 2 0 4 f 0 1
4 0 0 0 0 0 f 0 1
4 0 1 2 3 4 f 1 1
4 0 0 2 5 4 f 0 1
4 0 1 2 3 4 f 0 1
4 0 1 2 2 0 f 0 1
4 0 1 2 0 0 f 0 1
4 0 1 3 4 8 f 1 1
4 0 0 2 4 8 f 0 1
4 0 1 1 6 a f 1 1
4 0 0 1 3 a f 0 1
4 0 0 2 2 2 f 0 1
4 0 1 0 7 3 f 1 1
4 0 0 1 6 3 f 0 1
4 0 0 2 3 3 f 0 1
4 0 1 0 0 1 f 0 1
4 0 1 1 6 3 f 1 1
4 0 0 0 0 3 f 0 1
4 0 0 2 2 3 f 0 1
4 0 1 3 3 a f 1 1
4 0 1 0 2 b f 1 1
4 0 0 3 0 b f 0 1
4 0 0 2 1 0 f 0 1
4 0 1 0 7 1 f 1 1
4 0 1 1 0 1 f 0 1
4 0 1 0 4 1 f 0 1
4 0 0 3 6 1 f 0 1
4 0 0 1 4 1 f 0 1
4 0 0 0 6 1 f 0 1
4 0 0 1 4 1 f 0 1
4 0 0 2 7 0 f 0 1
4 0 1 2 6 4 f 1 1
4 0 1 0 0 4 f 0 1
4 0 0 3 4 4 f 0 1
4 0 0 2 0 4 f 0 1
4 0 0 2 3 4 f 0 1
4 0 0 0 5 4 f 0 1
4 0 0 3 4 0 f 0 1
4 0 1 1 3 2 f 1 1
4 0 0 0 5 2 f 0 1
4 0 1 3 4 a f 1 1
4 0 0 3 0 8 f 0 1
4 0 0 0 7 8 f 0 1
4 0 1 0 7 9 f 1 1
4 0 0 0 7 1 f 0 1
4 0 0 1 2 1 f 0 1
4 0 1 0 6 1 f 0 1
4 0 1 1 6 3 f 1 1
4 0 1 0 3 3 f 0 1
4 0 1 2 1 7 f 1 1
4 0 0 0 2 2 f 0 1
4 0 0 2 5 2 f 0 1
4 0 0 3 3 2 f 0 1
4 0 0 0 3 0 f 0 1
4 0 0 2 6 0 f 0 1
4 0 1 3 3 8 f 1 1
4 0 0 1 0 8 f 0 1
4 0 0 2 4 8 f 0 1
4 0 0 2 3 0 f 0 1
4 0 1 2 1 4 f 1 1
4 0 0 0 0 0 f 0 1
4 0 0 0 0 0 f 0 1
4 0 1 2 2 4 f 1 1
4 0 1 2 0 4 f 0 1
4 0 1 3 1 8 f 1 1
4 0 1 0 5 1 f 1 1
4 0 0 3 1 1 f 0 1
4 0 0 3 3 1 f 0 1
4 0 0 1 3 1 f 0 1
4 0 1 0 3 1 f 0 1
4 0 1 1 1 2 f 1 1
4 0 0 3 2 0 f 0 1
4 0 0 3 7 0 f 0 1
4 0 1 1 5 2 f 1 1
4 0 0 1 5 2 f 0 1
4 0 0 0 4 2 f 0 1
4 0 0 3 1 2 f 0 1
4 0 0 0 3 2 f 0 1
4 0 1 3 2 8 f 1 1
4 0 1 2 6 c f 1 1
4 0 0 0 5 4 f 0 1
4 0 0 2 1 4 f 0 1
4 0 1 1 0 4 f 0 1
4 0 1 1 7 6 f 1 1
4 0 0 3 6 6 f 0 1
4 0 1 0 1 3 f 1 1
4 0 1 2 6 6 f 1 1
4 0 1 2 2 6 f 0 1
4 0 1 1 5 6 f 0 1
4 0 1 1 0 6 f 0 1
4 0 1 3 4 c f 1 1
4 0 1 2 5 c f 0 1
4 0 1 0 0 8 f 0 1
4 0 0 0 0 8 f 0 1
4 0 1 2 4 4 f 1 1
4 0 1 3 6 c f 1 1
4 0 0 2 5 c f 0 1
4 0 1 1 5 e f 1 1
4 0 0 3 7 a f 0 1
4 0 1 1 7 a f 0 1
4 0 1 1 6 a f 0 1
4 0 0 3 5 2 f 0 1
4 0 0 0 2 0 f 0 1
4 0 1 0 1 1 f 1 1
4 0 1 3 4 8 f 1 1
4 0 1 3 3 8 f 0 1
4 0 0 3 7 8 f 0 1
4 0 1 0 1 9 f 1 1
4 0 1 0 0 0 f 0 1
4 0 0 1 3 0 f 0 1
4 0 0 3 2 0 f 0 1
4 0 1 3 6 8 f 1 1
4 0 1 3 3 8 f 0 1
4 0 0 2 7 8 f 0 1
4 0 0 2 1 8 f 0 1
4 0 1 0 3 9 f 1 1
4 0 1 0 2 9 f 0 1
4 0 1 1 5 3 f 1 1
4 0 1 2 7 6 f 1 1
4 0 0 2 7 6 f 0 1
4 0 1 3 7 e f 1 1
4 0 1 0 6 f f 1 1
4 0 0 1 2 d f 0 1
4 0 1 1 1 f f 1 1
4 0 1 0 0 d f 0 1
4 0 1 0 4 9 f 0 1
4 0 1 0 5 9 f 0 1
4 0 1 1 7 2 f 1 1
4 0 1 2 1 6 f 1 1
4 0 0 2 0 2 f 0 1
4 0 0 3 1 2 f 0 1
4 0 0 2 7 2 f 0 1
4 0 0 2 7 2 f 0 1
4 0 0 1 3 2 f 0 1
4 0 1 1 3 0 f 0 1
4 0 0 3 7 0 f 0 1
4 0 0 2 4 0 f 0 1
4 0 0 2 7 0 f 0 1
4 0 1 2 4 4 f 1 1
4 0 0 0 1 4 f 0 1
4 0 0 2 7 4 f 0 1
4 1 0 2 7 0 f 0 1
4 0 0 3 6 0 f 0 1
4 0 0 0 6 0 f 0 1
4 0 0 0 2 0 f 0 1
4 0 1 2 0 0 f 0 1
4 0 1 3 0 0 f 0 1
4 0 1 1 0 0 f 0 1
4 0 1 2 5 4 f 1 1
4 0 1 1 1 6 f 1 1
4 0 1 0 0 4 f 0 1
4 0 1 0 2 5 f 1 1
4 0 1 2 5 5 f 0 1
4 0 0 2 7 0 f 0 1
4 0 0 0 1 0 f 0 1
4 0 1 2 3 4 f 1 1
4 0 1 3 7 c f 1 1
4 0 0 2 3 c f 0 1
4 0 0 2 3 8 f 0 1
4 0 0 2 7 8 f 0 1
4 0 0 1 2 8 f 0 1
4 0 0 0 4 8 f 0 1
4 0 1 3 0 8 f 0 1
4 0 1 0 0 0 f 0 1
4 0 0 3 7 0 f 0 1
4 0 0 2 2 0 f 0 1
4 0 1 2 3 4 f 1 1
4 0 1 0 2 5 f 1 1
4 0 0 1 0 5 f 0 1
4 0 0 3 5 0 f 0 1
4 0 0 1 3 0 f 0 1
4 0 1 2 7 4 f 1 1
4 0 0 3 4 4 f 0 1
4 0 1 1 2 6 f 1 1
4 0 0 0 0 6 f 0 1
4 0 0 3 2 4 f 0 1
4 0 1 2 5 4 f 0 1
4 0 0 3 0 4 f 0 1
4 0 1 0 1 1 f 1 1
4 0 1 0 6 0 f 0 1
4 0 1 0 6 1 f 1 1
4 0 0 3 1 1 f 0 1
4 0 1 2 4 5 f 1 1
4 0 1 3 5 d f 1 1
4 0 1 2 7 d f 0 1
4 0 1 3 5 d f 0 1
4 0 0 3 1 8 f 0 1
4 0 1 2 4 c f 1 1
4 0 0 2 4 4 f 0 1
4 0 1 2 5 4 f 0 1
4 0 0 3 0 4 f 0 1
4 0 1 2 7 0 f 0 1
4 0 0 1 2 0 f 0 1
4 0 0 0 2 0 f 0 1
4 0 1 1 4 2 f 1 1
4 0 0 2 5 2 f 0 1
4 0 0 2 4 2 f 0 1
4 0 1 1 1 2 f 0 1
4 0 0 1 5 0 f 0 1
4 0 1 0 0 0 f 0 1
4 0 1 2 6 4 f 1 1
4 0 0 3 7 4 f 0 1
4 0 1 3 4 c f 1 1
4 0 1 2 3 c f 0 1
4 0 1 3 6 c f 0 1
4 0 0 0 5 c f 0 1
4 0 1 0 5 1 f 1 1
4 0 0 3 1 1 f 0 1
4 0 1 1 0 1 f 0 1
4 0 0 2 5 1 f 0 1
4 0 0 3 4 1 f 0 1
4 0 1 3 3 8 f 1 1
4 0 1 0 1 9 f 1 1
4 0 1 0 0 8 f 0 1
4 0 0 3 3 0 f 0 1
4 0 1 0 0 0 f 0 1
4 0 1 0 3 1 f 1 1
4 0 0 3 2 1 f 0 1
4 0 1 0 3 1 f 0 1
4 0 1 1 1 2 f 1 1
4 0 0 1 5 0 f 0 1
4 0 0 3 7 0 f 0 1
4 0 1 2 4 4 f 1 1
4 0 0 3 1 4 f 0 1
4 0 0 0 1 4 f 0 1
4 0 0 2 7 4 f 0 1
4 0 1 2 2 0 f 0 1
4 0 1 2 7 4 f 1 1
4 0 0 1 0 4 f 0 1
4 0 1 2 3 4 f 0 1
4 0 0 3 6 4 f 0 1
4 0 0 0 0 4 f 0 1
4 0 1 2 3 4 f 0 1
4 0 1 1 7 6 f 1 1
4 0 0 1 6 2 f 0 1
4 0 1 2 2 6 f 1 1
4 0 1 2 4 6 f 0 1
4 0 1 0 1 3 f 1 1
4 0 1 0 3 2 f 0 1
4 0 1 0 3 3 f 1 1
4 0 1 0 3 1 f 0 1
4 0 0 1 5 1 f 0 1
4 0 1 1 3 2 f 1 1
4 0 0 0 4 2 f 0 1
4 0 1 1 0 2 f 0 1
4 0 1 0 5 1 f 1 1
4 0 1 1 2 3 f 1 1
4 0 1 0 4 3 f 0 1
4 0 1 3 3 9 f 1 1
4 0 1 2 2 d f 1 1
4 0 0 2 3 c f 0 1
4 0 0 3 7 0 f 0 1
4 0 0 3 0 0 f 0 1
4 0 0 1 4 0 f 0 1
4 0 0 0 0 0 f 0 1
4 0 0 3 0 0 f 0 1
4 0 0 0 1 0 f 0 1
4 0 1 2 7 4 f 1 1
4 0 0 0 2 4 f 0 1
4 0 1 0 6 5 f 1 1
4 0 0 2 5 5 f 0 1
4 0 0 2 3 5 f 0 1
4 0 0 2 5 5 f 0 1
4 0 0 1 0 5 f 0 1
4 0 1 3 5 9 f 1 1
4 0 1 3 0 8 f 0 1
4 0 1 0 5 9 f 1 1
4 0 1 0 2 9 f 0 1
4 0 0 3 5 9 f 0 1
4 0 1 0 0 1 f 0 1
4 0 0 2 6 1 f 0 1
4 0 0 3 2 0 f 0 1
4 0 1 1 5 2 f 1 1
4 0 1 3 2 a f 1 1
4 0 1 0 5 b f 1 1
4 0 0 1 2 3 f 0 1
4 0 0 0 1 3 f 0 1
4 0 1 3 2 9 f 1 1
4 0 0 3 4 9 f 0 1
4 0 0 2 5 0 f 0 1
4 0 1 1 4 2 f 1 1
4 0 0 0 3 2 f 0 1
4 0 0 3 1 2 f 0 1
4 0 1 3 7 a f 1 1
4 0 1 3 7 8 f 0 1
4 0 0 1 5 8 f 0 1
4 0 1 2 7 c f 1 1
4 0 0 1 2 c f 0 1
4 0 0 3 6 c f 0 1
4 0 1 2 7 c f 0 1
4 0 1 2 4 4 f 0 1
4 0 0 0 2 4 f 0 1
4 0 0 2 7 4 f 0 1
4 0 1 2 4 0 f 0 1
4 0 1 2 7 4 f 1 1
4 0 0 3 5 4 f 0 1
4 0 1 0 7 5 f 1 1
4 0 0 0 4 5 f 0 1
4 0 0 1 4 5 f 0 1
4 0 1 2 6 5 f 0 1
4 0 1 0 4 5 f 0 1
4 0 1 1 1 3 f 1 1
4 0 0 1 6 1 f 0 1
4 0 1 1 1 2 f 1 1
4 0 0 2 2 0 f 0 1
4 0 1 2 4 4 f 1 1
4 0 0 3 3 4 f 0 1
4 0 0 0 4 4 f 0 1
4 0 0 0 6 4 f 0 1
4 0 1 1 7 2 f 1 1
4 0 0 1 4 2 f 0 1
4 0 0 1 0 2 f 0 1
4 0 1 1 6 2 f 0 1
4 0 1 1 0 2 f 0 1
4 0 0 1 6 2 f 0 1
4 0 1 2 5 6 f 1 1
4 0 1 2 5 4 f 0 1
4 0 0 3 4 4 f 0 1
4 0 1 0 2 5 f 1 1
4 0 1 0 1 5 f 0 1
4 0 1 1 6 2 f 1 1
4 0 0 0 5 2 f 0 1
4 0 0 0 7 2 f 0 1
4 0 1 3 3 a f 1 1
4 0 1 3 1 a f 0 1
4 0 0 3 2 a f 0 1
4 0 0 3 0 0 f 0 1
4 0 1 3 2 8 f 1 1
4 0 1 2 0 8 f 0 1
4 0 1 3 2 0 f 0 1
4 0 1 3 0 0 f 0 1
4 0 0 1 2 0 f 0 1
4 0 1 1 0 0 f 0 1
4 0 1 3 1 8 f 1 1
4 0 1 3 3 0 f 0 1
4 0 0 0 1 0 f 0 1
4 0 1 0 0 0 f 0 1
4 0 0 3 3 0 f 0 1
4 0 0 1 7 0 f 0 1
4 0 0 1 7 0 f 0 1
4 0 0 1 5 0 f 0 1
4 0 1 0 4 1 f 1 1
4 0 0 2 0 1 f 0 1
4 0 0 1 7 1 f 0 1
4 0 0 0 4 1 f 0 1
4 0 0 1 7 0 f 0 1
4 0 1 2 0 0 f 0 1
4 0 0 1 2 0 f 0 1
4 0 0 0 3 0 f 0 1
4 0 0 3 2 0 f 0 1
4 0 0 2 2 0 f 0 1
4 0 0 3 3 0 f 0 1
4 0 0 3 6 0 f 0 1
4 0 0 2 7 0 f 0 1
4 0 0 1 6 0 f 0 1
4 0 0 2 2 0 f 0 1
4 0 1 1 7 2 f 1 1
4 0 1 1 2 2 f 0 1
4 0 1 0 2 3 f 1 1
4 0 1 0 4 3 f 0 1
4 0 1 2 3 6 f 1 1
4 0 1 0 0 6 f 0 1
4 0 0 0 7 6 f 0 1
4 0 0 1 4 0 f 0 1
4 0 1 2 3 4 f 1 1
4 0 1 1 6 6 f 1 1
4 0 1 1 1 6 f 0 1
4 0 1 3 3 a f 1 1
4 0 0 0 1 a f 0 1
4 0 1 2 3 e f 1 1
4 0 1 3 7 6 f 0 1
4 0 0 2 5 4 f 0 1
4 0 0 2 2 0 f 0 1
4 0 1 3 1 8 f 1 1
4 0 1 2 6 4 f 1 1
4 0 0 2 1 4 f 0 1
4 0 1 1 4 6 f 1 1
4 0 0 3 5 6 f 0 1
4 0 0 2 6 6 f 0 1
4 0 1 0 5 7 f 1 1
4 0 0 3 4 1 f 0 1
4 0 1 2 3 5 f 1 1
4 0 1 1 5 7 f 1 1
4 0 1 0 4 7 f 0 1
4 0 1 1 2 2 f 0 1
4 0 0 2 3 2 f 0 1
4 0 1 0 1 3 f 1 1
4 0 1 3 0 0 f 0 1
4 0 1 2 6 4 f 1 1
4 0 0 3 2 4 f 0 1
4 0 1 3 4 c f 1 1
4 0 1 3 0 c f 0 1
4 0 1 3 1 c f 0 1
4 0 0 2 6 c f 0 1
4 0 1 3 2 0 f 0 1
4 0 0 0 1 0 f 0 1
4 0 1 0 3 1 f 1 1
4 0 1 2 2 5 f 1 1
4 0 1 2 1 5 f 0 1
4 0 0 0 5 0 f 0 1
4 0 1 1 3 2 f 1 1
4 0 1 1 6 2 f 0 1
4 0 0 2 5 2 f 0 1
4 0 0 0 0 0 f 0 1
4 0 0 2 0 0 f 0 1
4 0 0 1 2 0 f 0 1
4 0 0 2 1 0 f 0 1
4 0 0 2 4 0 f 0 1
4 0 0 3 5 0 f 0 1
4 0 1 1 5 2 f 1 1
4 0 0 2 2 2 f 0 1
4 0 1 3 6 a f 1 1
4 0 1 2 3 e f 1 1
4 0 0 1 1 e f 0 1
4 0 1 0 2 d f 1 1
4 0 1 3 6 9 f 0 1
4 0 0 0 5 8 f 0 1
4 0 0 2 5 0 f 0 1
4 0 0 1 5 0 f 0 1
4 0 1 1 7 2 f 1 1
4 0 1 2 3 6 f 1 1
4 0 0 1 4 6 f 0 1
4 0 1 0 5 7 f 1 1
4 0 1 1 1 3 f 0 1
4 0 1 0 0 3 f 0 1
4 0 1 3 6 b f 1 1
4 0 0 0 1 9 f 0 1
4 0 1 1 2 a f 1 1
4 0 0 1 2 a f 0 1
4 0 1 0 5 9 f 1 1
4 0 1 3 2 9 f 0 1
4 0 1 1 3 3 f 1 1
4 0 1 1 3 3 f 0 1
4 0 0 2 0 3 f 0 1
4 0 0 2 1 0 f 0 1
4 0 1 3 4 8 f 1 1
4 0 1 1 5 a f 1 1
4 0 1 0 0 a f 0 1
4 0 0 0 0 a f 0 1
4 0 1 1 4 2 f 0 1
4 0 1 0 3 3 f 1 1
4 0 0 1 4 1 f 0 1
4 0 1 0 3 1 f 0 1
4 0 1 2 0 0 f 0 1
4 0 1 0 4 1 f 1 1
4 0 1 3 0 1 f 0 1
4 0 1 0 4 1 f 0 1
4 0 1 3 0 1 f 0 1
4 0 1 0 7 0 f 0 1
4 0 0 0 5 0 f 0 1
4 0 1 0 6 1 f 1 1
4 0 0 3 5 1 f 0 1
4 0 0 3 2 1 f 0 1
4 0 1 2 7 5 f 1 1
4 0 0 2 1 5 f 0 1
4 0 1 3 1 d f 1 1
4 0 1 3 1 4 f 0 1
4 0 1 1 6 6 f 1 1
4 0 0 3 4 6 f 0 1
4 0 1 2 2 6 f 0 1
4 0 0 3 1 2 f 0 1
4 0 1 1 0 2 f 0 1
4 0 0 2 1 2 f 0 1
4 0 1 1 6 0 f 0 1
4 0 1 1 3 2 f 1 1
4 0 1 0 7 3 f 1 1
4 0 0 1 5 3 f 0 1
4 0 0 0 2 1 f 0 1
4 0 1 1 7 3 f 1 1
4 0 0 2 0 3 f 0 1
4 0 1 3 0 3 f 0 1
4 0 1 2 7 7 f 1 1
4 0 0 0 7 6 f 0 1
4 0 1 1 7 6 f 0 1
4 0 1 0 5 7 f 1 1
4 0 0 1 0 5 f 0 1
4 0 0 1 0 5 f 0 1
4 0 0 1 1 5 f 0 1
4 0 0 0 0 1 f 0 1
4 0 1 3 3 8 f 1 1
4 0 0 0 4 8 f 0 1
4 0 0 2 0 8 f 0 1
4 0 1 0 7 1 f 1 1
4 0 0 3 6 1 f 0 1
4 0 0 0 5 1 f 0 1
4 0 0 1 1 1 f 0 1
4 0 0 0 2 1 f 0 1
4 0 1 2 1 5 f 1 1
4 0 1 1 2 3 f 1 1
4 0 0 3 5 2 f 0 1
4 0 1 3 7 8 f 1 1
4 0 1 0 7 9 f 1 1
4 0 0 2 4 9 f 0 1
4 0 1 1 1 b f 1 1
4 0 0 3 1 9 f 0 1
4 0 0 1 0 9 f 0 1
4 0 1 0 6 9 f 0 1
4 0 1 1 6 3 f 1 1
4 0 1 2 7 6 f 1 1
4 0 0 0 7 6 f 0 1
4 0 0 2 3 6 f 0 1
4 0 1 3 7 e f 1 1
4 0 0 2 5 e f 0 1
4 0 0 0 4 c f 0 1
4 0 1 1 7 e f 1 1
4 0 1 3 0 a f 0 1
4 0 0 2 5 a f 0 1
4 0 1 0 0 a f 0 1
4 0 1 1 7 2 f 0 1
4 0 1 1 0 2 f 0 1
4 0 1 3 1 a f 1 1
4 0 0 3 4 0 f 0 1
4 0 0 2 4 0 f 0 1
4 0 0 0 1 0 f 0 1
4 0 0 1 4 0 f 0 1
4 0 0 1 6 0 f 0 1
4 0 1 2 7 4 f 1 1
4 0 1 1 3 6 f 1 1
4 0 1 1 4 6 f 0 1
4 0 1 3 1 e f 1 1
4 0 1 2 3 4 f 0 1
4 0 0 3 6 4 f 0 1
4 0 1 2 7 4 f 0 1
4 0 1 1 5 2 f 1 1
4 0 0 1 0 2 f 0 1
4 0 0 0 1 2 f 0 1
4 0 1 2 1 6 f 1 1
4 0 0 0 0 2 f 0 1
4 0 1 0 5 1 f 1 1
4 0 0 0 7 1 f 0 1
4 0 1 0 1 1 f 0 1
4 0 1 2 6 5 f 1 1
4 0 0 0 6 5 f 0 1
4 0 0 0 1 4 f 0 1
4 0 1 0 5 5 f 1 1
4 0 0 2 6 5 f 0 1
4 0 1 1 3 7 f 1 1
4 0 0 1 7 3 f 0 1
4 0 1 3 4 b f 1 1
4 0 0 3 0 8 f 0 1
4 0 0 3 0 8 f 0 1
4 0 0 3 5 8 f 0 1
4 0 0 3 2 0 f 0 1
4 0 0 3 1 0 f 0 1
4 0 1 2 0 0 f 0 1
4 0 1 0 2 1 f 1 1
4 0 0 2 3 1 f 0 1
4 0 0 3 6 0 f 0 1
4 0 0 0 2 0 f 0 1
4 0 0 1 3 0 f 0 1
4 0 0 2 0 0 f 0 1
4 0 0 3 5 0 f 0 1
4 0 0 2 6 0 f 0 1
4 0 1 3 6 8 f 1 1
4 0 0 0 6 8 f 0 1
4 0 1 3 5 8 f 0 1
4 0 0 0 1 8 f 0 1
4 0 1 1 7 a f 1 1
4 0 0 1 3 a f 0 1
4 0 1 1 4 2 f 0 1
4 0 0 1 6 2 f 0 1
4 0 1 0 3 3 f 1 1
4 0 0 0 1 3 f 0 1
4 0 0 3 6 3 f 0 1
4 0 0 1 0 0 f 0 1
4 0 0 1 0 0 f 0 1
4 0 0 2 6 0 f 0 1
4 0 0 2 3 0 f 0 1
4 0 0 0 4 0 f 0 1
4 0 1 2 4 4 f 1 1
4 0 1 2 4 4 f 0 1
4 0 1 0 6 5 f 1 1
4 0 0 0 2 5 f 0 1
4 0 1 2 2 1 f 0 1
4 0 0 0 5 1 f 0 1
4 0 0 3 3 1 f 0 1
4 0 1 1 3 3 f 1 1
4 0 1 2 4 6 f 1 1
4 0 1 2 2 6 f 0 1
4 0 0 1 0 4 f 0 1
4 0 1 1 2 6 f 1 1
4 0 0 3 2 2 f 0 1
4 0 1 3 6 8 f 1 1
4 0 1 0 0 8 f 0 1
4 0 0 2 2 8 f 0 1
4 0 1 1 0 8 f 0 1
4 0 1 1 2 a f 1 1
4 0 0 2 3 a f 0 1
4 0 1 2 5 4 f 1 1
4 0 1 3 0 4 f 0 1
4 0 1 2 0 4 f 0 1
4 0 1 2 6 4 f 0 1
4 0 1 3 1 c f 1 1
4 0 0 0 0 0 f 0 1
4 0 1 3 4 8 f 1 1
4 0 0 3 4 8 f 0 1
4 0 1 3 2 8 f 0 1
4 0 1 0 5 9 f 1 1
4 0 0 1 6 1 f 0 1
4 0 1 1 7 3 f 1 1
4 0 1 2 4 7 f 1 1
4 0 1 1 0 7 f 0 1
4 0 0 2 5 6 f 0 1
4 0 0 1 6 6 f 0 1
4 0 0 2 0 2 f 0 1
4 0 1 1 7 2 f 0 1
4 1 1 2 5 0 f 0 1
4 0 1 0 2 1 f 1 1
4 0 0 1 4 1 f 0 1
4 0 1 2 5 4 f 1 1
4 0 0 2 1 4 f 0 1
4 0 0 1 4 4 f 0 1
4 0 1 0 6 5 f 1 1
4 0 1 3 1 d f 1 1
4 0 1 3 7 1 f 0 1
4 0 1 2 2 5 f 1 1
4 0 1 1 4 7 f 1 1
4 0 0 1 0 3 f 0 1
4 0 0 0 1 2 f 0 1
4 0 1 0 3 3 f 1 1
4 0 1 2 6 5 f 1 1
4 0 0 0 2 5 f 0 1
4 0 1 3 0 4 f 0 1
4 0 0 0 6 4 f 0 1
4 0 0 2 6 4 f 0 1
4 0 1 3 5 c f 1 1
4 0 1 2 2 8 f 0 1
4 0 1 1 0 8 f 0 1
4 1 1 0 0 0 f 0 1
4 0 0 2 3 0 f 0 1
4 0 0 2 7 0 f 0 1
4 0 1 1 2 2 f 1 1
4 0 0 0 5 2 f 0 1
4 0 1 3 2 8 f 1 1
4 0 1 0 2 9 f 1 1
4 0 1 0 6 1 f 0 1
4 0 1 2 5 4 f 1 1
4 0 1 1 0 4 f 0 1
4 0 1 1 0 4 f 0 1
4 0 1 3 2 c f 1 1
4 0 0 1 4 c f 0 1
4 0 0 0 1 0 f 0 1
4 0 1 2 5 4 f 1 1
4 0 0 3 5 4 f 0 1
4 0 1 2 0 4 f 0 1
4 0 0 0 0 4 f 0 1
4 0 1 2 3 4 f 0 1
4 0 0 2 3 0 f 0 1
4 0 1 3 3 8 f 1 1
4 0 1 0 1 9 f 1 1
4 0 0 3 0 8 f 0 1
4 0 0 3 6 0 f 0 1
4 0 1 1 0 0 f 0 1
4 0 1 3 1 8 f 1 1
4 0 0 3 6 0 f 0 1
4 0 0 1 2 0 f 0 1
4 0 0 0 6 0 f 0 1
4 0 1 3 7 8 f 1 1
4 0 0 3 6 8 f 0 1
4 0 0 3 5 8 f 0 1
4 0 1 0 6 9 f 1 1
4 0 1 1 2 b f 1 1
4 0 1 2 1 f f 1 1
4 0 0 2 7 9 f 0 1
4 0 1 2 4 5 f 1 1
4 0 1 1 0 5 f 0 1
4 0 0 3 1 4 f 0 1
4 0 0 3 5 4 f 0 1
4 0 1 3 1 8 f 1 1
4 0 0 1 4 0 f 0 1
4 0 0 1 6 0 f 0 1
4 0 1 1 6 2 f 1 1
4 0 1 2 7 6 f 1 1
4 0 1 3 7 e f 1 1
4 0 0 0 6 e f 0 1
4 0 0 2 1 e f 0 1
4 0 1 0 1 f f 1 1
4 0 1 2 0 c f 0 1
4 0 1 1 0 c f 0 1
4 0 0 1 3 8 f 0 1
4 0 1 2 0 0 f 0 1
4 0 0 1 5 0 f 0 1
4 0 1 0 2 1 f 1 1
4 0 1 0 7 1 f 0 1
4 0 1 1 1 2 f 1 1
4 0 0 3 0 0 f 0 1
4 0 0 2 0 0 f 0 1
4 0 0 1 4 0 f 0 1
4 0 0 2 1 0 f 0 1
4 0 0 0 0 0 f 0 1
4 0 0 2 4 0 f 0 1
4 0 0 0 6 0 f 0 1
4 0 1 1 4 2 f 1 1
4 0 0 0 1 2 f 0 1
4 0 1 2 5 6 f 1 1
4 0 0 1 3 6 f 0 1
4 0 0 1 3 4 f 0 1
4 0 1 0 4 5 f 1 1
4 0 1 1 7 7 f 1 1
4 0 1 2 3 3 f 0 1
4 0 1 1 5 3 f 0 1
4 0 0 3 4 2 f 0 1
4 0 0 3 0 2 f 0 1
4 0 1 3 6 a f 1 1
4 0 1 1 1 a f 0 1
4 0 1 0 1 9 f 1 1
4 0 0 1 1 8 f 0 1
4 0 1 3 2 8 f 0 1
4 0 0 0 7 8 f 0 1
4 0 0 2 0 0 f 0 1
4 0 1 2 1 4 f 1 1
4 0 0 3 6 0 f 0 1
4 0 1 2 0 0 f 0 1
4 0 0 2 4 0 f 0 1
4 0 1 1 5 2 f 1 1
4 0 1 1 4 2 f 0 1
4 0 1 1 4 2 f 0 1
4 0 0 0 1 2 f 0 1
4 0 0 1 2 2 f 0 1
4 0 0 1 0 0 f 0 1
4 0 1 3 3 8 f 1 1
4 0 1 3 7 8 f 0 1
4 0 0 2 7 8 f 0 1
4 0 1 0 6 1 f 1 1
4 0 1 1 2 3 f 1 1
4 0 0 3 7 3 f 0 1
4 0 1 1 7 1 f 0 1
4 0 1 1 7 3 f 1 1
4 0 1 0 5 3 f 0 1
4 0 1 3 5 a f 1 1
4 0 0 0 2 a f 0 1
4 0 1 2 7 e f 1 1
4 0 1 1 4 e f 0 1
4 0 0 1 6 e f 0 1
4 0 0 2 1 4 f 0 1
4 0 0 1 6 4 f 0 1
4 0 1 1 5 6 f 1 1
4 0 0 2 1 6 f 0 1
4 0 0 0 3 2 f 0 1
4 0 0 3 7 2 f 0 1
4 0 1 3 4 a f 1 1
4 0 0 3 2 8 f 0 1
4 0 1 3 2 8 f 0 1
4 0 1 3 5 8 f 0 1
4 0 1 1 3 2 f 1 1
4 0 0 2 3 2 f 0 1
4 0 1 0 1 3 f 1 1
4 0 0 0 5 0 f 0 1
4 0 1 2 1 4 f 1 1
4 0 0 2 4 0 f 0 1
4 0 1 1 5 2 f 1 1
4 0 0 1 6 2 f 0 1
4 0 0 1 4 2 f 0 1
4 0 1 1 2 2 f 0 1
4 0 1 1 0 2 f 0 1
4 0 1 0 2 1 f 1 1
4 0 1 0 2 1 f 0 1
4 0 0 2 5 0 f 0 1
4 0 0 3 7 0 f 0 1
4 0 1 3 0 0 f 0 1
4 0 0 2 0 0 f 0 1
4 0 0 0 2 0 f 0 1
4 0 1 2 7 4 f 1 1
4 0 0 2 2 4 f 0 1
4 0 1 0 5 5 f 1 1
4 0 1 3 0 5 f 0 1
4 0 0 2 1 5 f 0 1
4 0 0 2 2 5 f 0 1
4 0 0 2 5 5 f 0 1
4 0 0 1 1 0 f 0 1
4 0 0 2 2 0 f 0 1
4 0 0 3 5 0 f 0 1
4 0 1 3 7 8 f 1 1
4 0 0 0 2 8 f 0 1
4 0 1 1 6 a f 1 1
4 0 1 1 3 a f 0 1
4 0 1 2 2 e f 1 1
4 0 1 3 6 e f 0 1
4 0 1 1 3 a f 0 1
4 0 0 3 0 2 f 0 1
4 0 0 1 5 0 f 0 1
4 0 0 0 5 0 f 0 1
4 0 1 1 5 2 f 1 1
4 0 0 0 2 2 f 0 1
4 0 1 2 3 6 f 1 1
4 0 1 0 6 7 f 1 1
4 0 0 0 1 7 f 0 1
4 0 0 2 5 1 f 0 1
4 0 1 2 1 5 f 1 1
4 0 1 1 6 3 f 1 1
4 0 0 0 0 3 f 0 1
4 0 1 3 7 a f 1 1
4 0 0 3 7 a f 0 1
4 0 0 1 3 a f 0 1
4 0 0 2 2 a f 0 1
4 0 1 3 7 8 f 0 1
4 0 0 2 5 8 f 0 1
4 0 1 0 1 9 f 1 1
4 0 0 0 4 0 f 0 1
4 0 0 3 2 0 f 0 1
4 0 1 2 6 4 f 1 1
4 0 1 0 1 5 f 1 1
4 0 0 0 5 4 f 0 1
4 0 0 3 3 4 f 0 1
4 0 1 3 1 c f 1 1
4 0 1 2 2 4 f 0 1
4 0 0 0 7 0 f 0 1
4 0 1 2 7 4 f 1 1
4 0 1 2 6 4 f 0 1
4 0 0 2 3 4 f 0 1
4 0 1 1 0 4 f 0 1
4 0 1 3 0 4 f 0 1
4 0 1 3 3 c f 1 1
4 0 1 1 6 e f 1 1
4 0 1 0 7 b f 1 1
4 0 1 1 6 3 f 0 1
4 0 0 2 7 3 f 0 1
4 0 1 0 6 3 f 0 1
4 0 1 0 2 3 f 0 1
4 0 0 2 4 1 f 0 1
4 0 1 3 3 9 f 1 1
4 0 0 1 4 8 f 0 1
4 0 0 3 1 8 f 0 1
4 0 1 2 3 4 f 1 1
4 0 0 1 0 4 f 0 1
4 0 1 0 3 5 f 1 1
4 0 1 1 5 3 f 1 1
4 0 1 1 4 3 f 0 1
4 0 0 3 5 2 f 0 1
4 0 0 2 2 2 f 0 1
4 0 0 1 3 2 f 0 1
4 0 0 2 1 0 f 0 1
4 0 1 3 2 8 f 1 1
4 0 0 1 6 8 f 0 1
4 0 1 0 5 1 f 1 1
4 0 0 3 3 1 f 0 1
4 0 0 2 1 1 f 0 1
4 0 0 3 6 1 f 0 1
4 0 1 3 3 9 f 1 1
4 0 0 1 0 8 f 0 1
4 0 0 0 1 8 f 0 1
4 0 0 2 6 0 f 0 1
4 0 1 1 4 2 f 1 1
4 0 1 0 1 3 f 1 1
4 0 0 0 6 2 f 0 1
4 0 0 1 4 2 f 0 1
4 0 1 3 4 8 f 1 1
4 0 1 3 1 8 f 0 1
4 0 1 1 6 a f 1 1
4 0 1 0 0 a f 0 1
4 0 1 1 6 2 f 0 1
4 0 1 0 6 3 f 1 1
