0 1 0 0 0 7 00 7f
1 0 1 0 4 7 0b 7f
1 0 1 7 2 7 0a 7f
2 1 0 0 0 7 00 7f
2 0 1 0 4 7 0b 7f
2 0 1 4 2 7 2e 7f
2 0 1 2 6 7 3d 7f
2 0 1 6 1 7 78 7f
2 0 1 1 5 7 73 7f
2 0 1 5 3 7 56 7f
2 0 1 3 7 7 45 7f
2 0 1 7 0 7 00 7f
3 0 1 1 4 7 03 7f
3 0 0 1 4 7 03 7f
3 0 1 2 4 7 11 7f
3 0 1 2 4 7 11 7f
3 0 1 3 4 7 01 7f
3 0 1 0 4 7 0b 7f
3 0 1 0 4 7 0b 7f
3 0 1 5 2 7 0e 7f
3 0 1 5 2 7 0e 7f
3 0 1 1 6 7 07 7f
3 0 1 4 2 7 26 7f
3 0 1 5 2 7 06 7f
3 0 1 3 6 7 05 7f
3 0 1 7 0 7 00 7f
3 0 1 2 4 7 11 7f
3 0 1 4 0 7 34 7f
3 0 1 4 0 7 34 7f
3 0 0 4 0 7 34 7f
3 0 1 1 6 7 37 7f
3 0 1 1 6 7 37 7f
3 0 1 1 6 7 37 7f
3 0 1 5 3 7 16 7f
3 0 1 3 6 7 05 7f
3 0 1 6 0 7 40 7f
3 0 0 1 0 7 40 7f
3 0 1 2 4 7 51 7f
3 0 1 0 4 7 5b 7f
3 0 1 0 4 7 5b 7f
3 0 1 2 4 7 59 7f
3 0 1 7 1 7 18 7f
3 0 1 0 4 7 1b 7f
3 0 1 0 4 7 1b 7f
3 0 1 1 4 7 13 7f
3 0 1 2 4 7 11 7f
3 0 1 6 0 7 50 7f
3 0 1 6 0 7 50 7f
3 0 1 6 0 7 50 7f
3 0 1 7 0 7 10 7f
3 0 1 3 4 7 01 7f
3 0 1 0 4 7 0b 7f
3 0 1 0 4 7 0b 7f
3 0 1 7 2 7 0a 7f
3 0 1 6 2 7 4a 7f
3 0 1 2 4 7 59 7f
3 0 1 6 1 7 58 7f
3 0 1 4 1 7 7c 7f
3 0 1 1 7 7 77 7f
3 0 1 0 7 7 7f 7f
3 0 1 0 7 7 7f 7f
3 0 1 2 7 7 7d 7f
3 0 1 0 7 7 7f 7f
3 0 1 4 3 7 7e 7f
3 0 1 0 7 7 7f 7f
3 0 1 7 3 7 3a 7f
3 0 1 6 3 7 7a 7f
3 0 1 2 5 7 79 7f
3 0 1 1 5 7 73 7f
3 0 1 0 5 7 7b 7f
3 0 1 2 5 7 79 7f
3 0 1 1 5 7 73 7f
3 0 1 2 5 7 71 7f
3 0 1 5 0 7 54 7f
3 0 1 2 7 7 55 7f
3 0 0 1 7 7 55 7f
3 0 1 7 0 7 10 7f
3 0 1 1 4 7 13 7f
3 0 1 1 4 7 13 7f
3 0 1 6 3 7 52 7f
3 0 0 3 3 7 52 7f
3 0 1 4 3 7 76 7f
3 0 1 0 7 7 7f 7f
3 0 1 4 3 7 7e 7f
3 0 0 6 3 7 7e 7f
3 0 1 1 7 7 77 7f
3 0 0 4 7 7 77 7f
3 0 1 4 3 7 76 7f
3 0 0 5 3 7 76 7f
3 0 0 6 3 7 76 7f
3 0 1 6 3 7 72 7f
3 0 1 0 5 7 7b 7f
3 0 1 2 5 7 79 7f
3 0 1 5 1 7 5c 7f
3 0 1 3 7 7 4d 7f
3 0 1 1 7 7 47 7f
3 0 1 4 2 7 66 7f
3 0 1 1 7 7 67 7f
3 0 1 6 2 7 62 7f
3 0 1 6 2 7 62 7f
3 0 1 7 2 7 22 7f
3 0 1 7 2 7 22 7f
3 0 1 4 2 7 26 7f
3 0 1 0 6 7 2f 7f
3 0 0 5 6 7 2f 7f
3 0 0 0 6 7 2f 7f
3 0 0 4 6 7 2f 7f
3 0 1 2 6 7 3d 7f
3 0 1 6 1 7 78 7f
3 0 1 3 5 7 69 7f
3 0 1 1 5 7 63 7f
3 0 1 7 2 7 22 7f
3 0 1 3 5 7 21 7f
3 0 1 2 5 7 31 7f
3 0 1 5 0 7 14 7f
3 0 1 1 6 7 17 7f
3 0 1 5 3 7 16 7f
3 0 1 7 3 7 12 7f
3 0 1 2 4 7 11 7f
3 0 1 1 4 7 13 7f
3 0 1 3 4 7 01 7f
3 0 1 3 4 7 01 7f
3 0 1 6 0 7 40 7f
3 0 1 4 0 7 64 7f
3 0 1 5 0 7 44 7f
3 0 1 4 0 7 64 7f
3 0 1 5 0 7 44 7f
3 0 1 3 7 7 45 7f
3 0 1 0 7 7 4f 7f
3 0 1 1 7 7 47 7f
3 0 0 6 7 7 47 7f
3 0 1 5 2 7 46 7f
3 0 1 1 7 7 47 7f
3 0 1 0 7 7 4f 7f
3 0 1 4 2 7 6e 7f
3 0 1 2 7 7 7d 7f
3 0 1 5 1 7 5c 7f
3 0 1 2 7 7 5d 7f
3 0 1 6 1 7 58 7f
3 0 1 5 1 7 5c 7f
3 0 1 2 7 7 5d 7f
3 0 1 4 1 7 7c 7f
3 0 1 2 7 7 7d 7f
3 0 1 1 7 7 77 7f
3 0 1 6 3 7 72 7f
3 0 1 3 5 7 61 7f
3 0 1 1 5 7 63 7f
3 0 1 7 2 7 22 7f
3 0 1 7 2 7 22 7f
3 0 1 1 5 7 23 7f
3 0 1 1 5 7 23 7f
3 0 1 6 2 7 62 7f
3 0 0 6 2 7 62 7f
3 0 1 1 5 7 63 7f
3 0 0 6 5 7 63 7f
3 0 1 1 5 7 63 7f
3 0 1 6 2 7 62 7f
3 0 0 1 2 7 62 7f
3 0 1 1 5 7 63 7f
3 0 1 3 5 7 61 7f
3 0 1 6 0 7 60 7f
3 0 0 3 0 7 60 7f
3 0 1 6 0 7 60 7f
3 0 1 7 0 7 20 7f
3 0 1 2 5 7 31 7f
3 0 1 7 0 7 30 7f
3 0 1 7 0 7 30 7f
3 0 1 6 0 7 70 7f
3 0 1 7 0 7 30 7f
3 0 1 1 5 7 33 7f
3 0 1 3 5 7 21 7f
3 0 1 4 0 7 24 7f
3 0 1 7 0 7 20 7f
3 0 1 4 0 7 24 7f
3 0 1 2 6 7 35 7f
3 0 1 4 0 7 34 7f
3 0 1 4 0 7 34 7f
3 0 1 2 6 7 35 7f
3 0 1 0 6 7 3f 7f
3 0 1 0 6 7 3f 7f
3 0 1 2 6 7 3d 7f
3 0 1 2 6 7 3d 7f
3 0 1 3 6 7 2d 7f
3 0 1 2 6 7 3d 7f
3 0 0 4 6 7 3d 7f
3 0 0 0 6 7 3d 7f
3 0 1 0 6 7 3f 7f
3 0 1 6 3 7 7a 7f
3 0 1 1 5 7 73 7f
3 0 1 2 5 7 71 7f
3 0 1 4 0 7 74 7f
3 0 1 5 0 7 54 7f
3 0 1 5 0 7 54 7f
3 0 1 4 0 7 74 7f
3 0 1 1 7 7 77 7f
3 0 1 1 7 7 77 7f
3 0 0 4 7 7 77 7f
3 0 1 5 3 7 56 7f
3 0 1 1 7 7 57 7f
3 0 1 0 7 7 5f 7f
3 0 1 3 7 7 4d 7f
3 0 1 0 7 7 4f 7f
3 0 1 6 2 7 4a 7f
3 0 1 5 2 7 4e 7f
3 0 1 7 2 7 0a 7f
3 0 1 3 4 7 09 7f
3 0 1 5 1 7 0c 7f
3 0 0 2 1 7 0c 7f
3 0 0 0 1 7 0c 7f
3 0 1 5 1 7 0c 7f
3 0 1 1 6 7 07 7f
3 0 0 2 6 7 07 7f
3 0 1 2 6 7 15 7f
3 0 1 2 6 7 15 7f
3 0 1 3 6 7 05 7f
3 0 1 1 6 7 07 7f
3 0 1 5 2 7 06 7f
3 0 1 4 2 7 26 7f
3 0 0 5 2 7 26 7f
3 0 1 3 6 7 25 7f
3 0 1 5 0 7 04 7f
3 0 1 5 0 7 04 7f
3 0 1 2 6 7 15 7f
3 0 1 1 6 7 17 7f
3 0 1 4 3 7 36 7f
3 0 1 5 3 7 16 7f
3 0 1 5 3 7 16 7f
3 0 1 2 6 7 15 7f
3 0 1 7 0 7 10 7f
3 0 1 6 0 7 50 7f
3 0 1 4 0 7 74 7f
3 0 1 1 7 7 77 7f
3 0 1 0 7 7 7f 7f
3 0 1 3 7 7 6d 7f
3 0 1 3 7 7 6d 7f
3 0 1 1 7 7 67 7f
3 0 1 6 2 7 62 7f
3 0 1 5 2 7 46 7f
3 0 0 7 2 7 46 7f
3 0 1 7 2 7 02 7f
3 0 1 1 4 7 03 7f
3 0 1 1 4 7 03 7f
3 0 1 2 4 7 11 7f
3 0 0 5 4 7 11 7f
3 0 1 3 4 7 01 7f
3 0 1 1 4 7 03 7f
3 0 1 2 4 7 11 7f
3 0 1 5 0 7 14 7f
3 0 1 5 0 7 14 7f
3 0 1 3 6 7 05 7f
3 0 1 5 0 7 04 7f
3 0 1 7 0 7 00 7f
3 0 1 0 4 7 0b 7f
3 0 1 1 4 7 03 7f
3 0 1 4 2 7 26 7f
3 0 1 0 6 7 2f 7f
3 0 1 1 6 7 27 7f
3 0 1 3 6 7 25 7f
3 0 0 1 6 7 25 7f
3 0 1 0 6 7 2f 7f
3 0 1 2 6 7 3d 7f
3 0 1 2 6 7 3d 7f
3 0 1 5 1 7 1c 7f
3 0 0 4 1 7 1c 7f
3 0 1 6 1 7 58 7f
3 0 0 7 1 7 58 7f
3 0 0 3 1 7 58 7f
3 0 1 2 4 7 59 7f
3 0 1 5 1 7 5c 7f
3 0 1 6 1 7 58 7f
3 0 1 4 1 7 7c 7f
3 0 1 1 7 7 77 7f
3 0 1 6 3 7 72 7f
3 0 1 6 3 7 72 7f
3 0 1 3 5 7 61 7f
3 0 1 1 5 7 63 7f
3 0 1 2 5 7 71 7f
3 0 1 6 0 7 70 7f
3 0 1 7 0 7 30 7f
3 0 1 5 0 7 14 7f
3 0 0 4 0 7 14 7f
3 0 1 3 6 7 05 7f
3 0 1 6 0 7 40 7f
3 0 1 2 4 7 51 7f
3 0 1 7 0 7 10 7f
3 0 1 0 4 7 1b 7f
3 0 1 5 3 7 1e 7f
3 0 1 4 3 7 3e 7f
3 0 1 1 6 7 37 7f
3 0 1 5 3 7 16 7f
3 0 1 5 3 7 16 7f
3 0 1 6 3 7 52 7f
3 0 0 2 3 7 52 7f
3 0 1 3 4 7 41 7f
3 0 1 6 0 7 40 7f
3 0 0 0 0 7 40 7f
3 0 1 1 4 7 43 7f
3 0 1 6 2 7 42 7f
3 0 1 4 2 7 66 7f
3 0 1 4 2 7 66 7f
3 0 1 4 2 7 66 7f
3 0 1 7 2 7 22 7f
3 0 1 4 2 7 26 7f
3 0 1 3 6 7 25 7f
3 0 1 2 6 7 35 7f
3 0 1 6 0 7 70 7f
3 0 1 5 0 7 54 7f
3 0 0 0 0 7 54 7f
3 0 1 4 0 7 74 7f
3 0 1 2 7 7 75 7f
3 0 0 4 7 7 75 7f
3 0 1 7 0 7 30 7f
3 0 1 7 0 7 30 7f
3 0 1 4 0 7 34 7f
3 0 1 3 6 7 25 7f
3 0 1 4 0 7 24 7f
3 0 1 4 0 7 24 7f
3 0 1 4 0 7 24 7f
3 0 1 6 0 7 60 7f
3 0 1 6 0 7 60 7f
3 0 0 7 0 7 60 7f
3 0 1 5 0 7 44 7f
3 0 1 7 0 7 00 7f
3 0 1 5 0 7 04 7f
3 0 1 7 0 7 00 7f
3 0 1 7 0 7 00 7f
3 0 0 7 0 7 00 7f
3 0 1 7 0 7 00 7f
3 0 1 6 0 7 40 7f
3 0 1 6 0 7 40 7f
3 0 1 5 0 7 44 7f
3 0 1 3 7 7 45 7f
3 0 1 1 7 7 47 7f
3 0 1 7 2 7 02 7f
3 0 1 3 4 7 01 7f
3 0 1 6 0 7 40 7f
3 0 1 4 0 7 64 7f
3 0 0 6 0 7 64 7f
3 0 0 6 0 7 64 7f
3 0 1 6 0 7 60 7f
3 0 1 6 0 7 60 7f
3 0 1 4 0 7 64 7f
3 0 1 3 7 7 65 7f
3 0 1 5 0 7 44 7f
3 0 1 7 0 7 00 7f
3 0 1 7 0 7 00 7f
3 0 1 2 4 7 11 7f
3 0 1 4 0 7 34 7f
3 0 1 4 0 7 34 7f
3 0 0 1 0 7 34 7f
3 0 1 5 0 7 14 7f
3 0 1 6 0 7 50 7f
3 0 1 1 4 7 53 7f
3 0 1 4 3 7 76 7f
3 0 1 5 3 7 56 7f
3 0 1 6 3 7 52 7f
3 0 1 5 3 7 56 7f
3 0 1 0 7 7 5f 7f
3 0 1 7 3 7 1a 7f
3 0 1 3 4 7 09 7f
3 0 0 7 4 7 09 7f
3 0 1 2 4 7 19 7f
3 0 1 1 4 7 13 7f
3 0 1 0 4 7 1b 7f
3 0 1 4 3 7 3e 7f
3 0 1 3 6 7 2d 7f
3 0 1 5 1 7 0c 7f
3 0 1 4 1 7 2c 7f
3 0 0 1 1 7 2c 7f
3 0 0 4 1 7 2c 7f
3 0 0 6 1 7 2c 7f
3 0 1 1 6 7 27 7f
3 0 1 5 2 7 06 7f
3 0 1 0 6 7 0f 7f
3 0 1 2 6 7 1d 7f
3 0 1 2 6 7 1d 7f
3 0 1 5 1 7 1c 7f
3 0 0 7 1 7 1c 7f
3 0 1 1 6 7 17 7f
3 0 1 7 3 7 12 7f
3 0 1 1 4 7 13 7f
3 0 1 1 4 7 13 7f
3 0 1 3 4 7 01 7f
3 0 1 4 0 7 24 7f
3 0 1 1 6 7 27 7f
3 0 1 2 6 7 35 7f
3 0 0 0 6 7 35 7f
3 0 0 0 6 7 35 7f
3 0 1 0 6 7 3f 7f
3 0 1 7 3 7 3a 7f
3 0 1 4 3 7 3e 7f
3 0 1 5 3 7 1e 7f
3 0 1 1 6 7 17 7f
3 0 1 7 3 7 12 7f
3 0 1 6 3 7 52 7f
3 0 1 5 3 7 56 7f
3 0 1 7 3 7 12 7f
3 0 1 4 3 7 36 7f
3 0 1 2 6 7 35 7f
3 0 1 0 6 7 3f 7f
3 0 1 4 3 7 3e 7f
3 0 1 5 3 7 1e 7f
3 0 1 1 6 7 17 7f
3 0 1 2 6 7 15 7f
3 0 1 6 0 7 50 7f
3 0 1 7 0 7 10 7f
3 0 1 3 4 7 01 7f
3 0 1 5 0 7 04 7f
3 0 1 2 6 7 15 7f
3 0 1 1 6 7 17 7f
3 0 0 3 6 7 17 7f
3 0 1 1 6 7 17 7f
3 0 0 5 6 7 17 7f
3 0 1 4 3 7 36 7f
3 0 1 1 6 7 37 7f
3 0 1 3 6 7 25 7f
3 0 1 7 0 7 20 7f
3 0 1 3 5 7 21 7f
3 0 0 4 5 7 21 7f
3 0 1 1 5 7 23 7f
3 0 1 1 5 7 23 7f
3 0 1 5 2 7 06 7f
3 0 1 6 2 7 42 7f
3 0 1 4 2 7 66 7f
3 0 1 1 7 7 67 7f
3 0 1 4 2 7 66 7f
3 0 1 2 7 7 75 7f
3 0 1 7 0 7 30 7f
3 0 1 5 0 7 14 7f
3 0 1 1 6 7 17 7f
3 0 1 7 3 7 12 7f
3 0 1 0 4 7 1b 7f
3 0 1 6 3 7 5a 7f
3 0 1 4 3 7 7e 7f
3 0 1 0 7 7 7f 7f
3 0 0 5 7 7 7f 7f
3 0 1 6 3 7 7a 7f
3 0 1 4 3 7 7e 7f
3 0 1 5 3 7 5e 7f
3 0 1 2 7 7 5d 7f
3 0 1 6 1 7 58 7f
3 0 1 4 1 7 7c 7f
3 1 1 5 0 7 00 7f
3 0 1 4 0 7 24 7f
3 0 1 0 6 7 2f 7f
3 0 1 0 6 7 2f 7f
3 0 0 3 6 7 2f 7f
3 0 1 1 6 7 27 7f
3 0 1 2 6 7 35 7f
3 0 1 1 6 7 37 7f
3 0 1 2 6 7 35 7f
3 0 1 3 6 7 25 7f
3 0 1 6 0 7 60 7f
3 0 1 0 5 7 6b 7f
3 0 1 6 2 7 6a 7f
3 0 0 5 2 7 6a 7f
3 0 1 4 2 7 6e 7f
3 0 1 6 2 7 6a 7f
3 0 1 3 5 7 69 7f
3 0 1 5 1 7 4c 7f
3 0 0 3 1 7 4c 7f
3 0 0 2 1 7 4c 7f
3 0 1 5 1 7 4c 7f
3 0 1 2 7 7 5d 7f
3 1 1 3 0 7 00 7f
3 0 1 1 4 7 03 7f
3 0 1 1 4 7 03 7f
3 0 1 0 4 7 0b 7f
3 0 1 5 2 7 0e 7f
3 0 1 4 2 7 2e 7f
3 0 1 7 2 7 2a 7f
3 0 0 0 2 7 2a 7f
3 0 1 4 2 7 2e 7f
3 0 1 3 6 7 2d 7f
3 0 1 4 1 7 2c 7f
3 0 1 1 6 7 27 7f
3 0 1 3 6 7 25 7f
3 0 1 1 6 7 27 7f
3 0 1 0 6 7 2f 7f
3 0 1 0 6 7 2f 7f
3 0 1 5 2 7 0e 7f
3 0 0 5 2 7 0e 7f
3 0 0 3 2 7 0e 7f
3 0 1 3 6 7 0d 7f
3 0 1 2 6 7 1d 7f
3 0 1 2 6 7 1d 7f
3 0 1 6 1 7 58 7f
3 0 1 0 4 7 5b 7f
3 0 1 1 4 7 53 7f
3 0 1 5 3 7 56 7f
3 0 1 4 3 7 76 7f
3 0 1 5 3 7 56 7f
3 0 1 1 7 7 57 7f
3 0 1 6 3 7 52 7f
3 0 1 7 3 7 12 7f
3 0 1 6 3 7 52 7f
3 0 1 0 4 7 5b 7f
3 0 1 4 3 7 7e 7f
3 0 1 7 3 7 3a 7f
3 0 0 3 3 7 3a 7f
3 0 1 6 3 7 7a 7f
3 0 1 6 3 7 7a 7f
3 0 1 3 5 7 69 7f
3 0 1 6 1 7 68 7f
3 0 1 7 1 7 28 7f
3 0 1 1 5 7 23 7f
3 0 1 1 5 7 23 7f
3 0 1 7 2 7 22 7f
3 0 1 1 5 7 23 7f
3 0 1 7 2 7 22 7f
3 0 1 7 2 7 22 7f
3 0 1 1 5 7 23 7f
3 0 1 2 5 7 31 7f
3 0 1 7 0 7 30 7f
3 0 1 2 5 7 31 7f
3 0 1 4 0 7 34 7f
3 0 1 6 0 7 70 7f
3 0 1 4 0 7 74 7f
3 0 1 2 7 7 75 7f
3 0 0 7 7 7 75 7f
3 0 0 0 7 7 75 7f
3 0 1 6 0 7 70 7f
3 0 1 7 0 7 30 7f
3 0 1 5 0 7 14 7f
3 0 1 7 0 7 10 7f
3 0 1 5 0 7 14 7f
3 0 0 4 0 7 14 7f
3 0 0 1 0 7 14 7f
3 0 1 2 6 7 15 7f
3 0 1 3 6 7 05 7f
3 0 1 3 6 7 05 7f
3 0 0 7 6 7 05 7f
3 0 1 4 0 7 24 7f
3 0 1 6 0 7 60 7f
3 0 1 4 0 7 64 7f
3 0 1 7 0 7 20 7f
3 0 1 0 5 7 2b 7f
3 0 0 6 5 7 2b 7f
3 0 1 2 5 7 39 7f
3 0 1 1 5 7 33 7f
3 0 1 7 3 7 32 7f
3 0 1 5 3 7 16 7f
3 0 1 5 3 7 16 7f
3 0 1 7 3 7 12 7f
3 0 0 6 3 7 12 7f
3 0 1 3 4 7 01 7f
3 0 1 3 4 7 01 7f
3 0 1 3 4 7 01 7f
3 0 1 3 4 7 01 7f
3 0 1 0 4 7 0b 7f
3 0 1 5 2 7 0e 7f
3 0 1 2 6 7 1d 7f
3 0 1 0 6 7 1f 7f
3 0 1 1 6 7 17 7f
3 0 1 1 6 7 17 7f
3 0 0 0 6 7 17 7f
3 0 1 4 3 7 36 7f
3 0 1 1 6 7 37 7f
3 0 1 0 6 7 3f 7f
3 0 1 4 3 7 3e 7f
3 0 1 5 3 7 1e 7f
3 0 1 4 3 7 3e 7f
3 0 1 2 6 7 3d 7f
3 0 1 7 1 7 38 7f
3 0 0 7 1 7 38 7f
3 0 0 5 1 7 38 7f
3 0 1 2 5 7 39 7f
3 0 0 2 5 7 39 7f
3 0 0 3 5 7 39 7f
3 0 1 5 1 7 1c 7f
3 0 1 1 6 7 17 7f
3 0 1 7 3 7 12 7f
3 0 1 5 3 7 16 7f
3 0 0 3 3 7 16 7f
3 0 0 7 3 7 16 7f
3 0 1 7 3 7 12 7f
3 0 1 6 3 7 52 7f
3 0 1 7 3 7 12 7f
3 0 1 4 3 7 36 7f
3 0 1 4 3 7 36 7f
3 0 1 2 6 7 35 7f
3 0 0 6 6 7 35 7f
3 0 0 5 6 7 35 7f
3 0 1 4 0 7 34 7f
3 0 1 6 0 7 70 7f
3 0 1 3 5 7 61 7f
3 0 1 4 0 7 64 7f
3 0 1 1 7 7 67 7f
3 0 1 2 7 7 75 7f
3 0 1 7 0 7 30 7f
3 0 1 6 0 7 70 7f
3 0 1 7 0 7 30 7f
3 0 1 0 5 7 3b 7f
3 0 1 4 3 7 3e 7f
3 0 1 5 3 7 1e 7f
3 0 1 4 3 7 3e 7f
3 0 1 7 3 7 3a 7f
3 0 1 3 5 7 29 7f
3 0 1 7 1 7 28 7f
3 0 1 6 1 7 68 7f
3 0 1 1 5 7 63 7f
3 0 1 7 2 7 22 7f
3 0 1 1 5 7 23 7f
3 0 1 5 2 7 06 7f
3 0 1 6 2 7 42 7f
3 0 1 3 4 7 41 7f
3 0 1 3 4 7 41 7f
3 0 1 5 0 7 44 7f
3 0 1 6 0 7 40 7f
3 0 1 2 4 7 51 7f
3 0 0 1 4 7 51 7f
3 0 1 7 0 7 10 7f
3 0 1 6 0 7 50 7f
3 0 1 6 0 7 50 7f
3 0 1 7 0 7 10 7f
3 0 1 7 0 7 10 7f
3 0 1 6 0 7 50 7f
3 0 1 3 4 7 41 7f
3 0 1 3 4 7 41 7f
3 0 1 1 4 7 43 7f
3 0 1 3 4 7 41 7f
3 0 1 5 0 7 44 7f
3 0 1 6 0 7 40 7f
3 0 1 3 4 7 41 7f
3 0 1 7 0 7 00 7f
3 0 1 2 4 7 11 7f
3 0 1 4 0 7 34 7f
3 0 0 7 0 7 34 7f
3 0 0 6 0 7 34 7f
3 0 1 6 0 7 70 7f
3 0 0 5 0 7 70 7f
3 0 1 4 0 7 74 7f
3 0 1 6 0 7 70 7f
3 0 1 4 0 7 74 7f
3 0 1 2 7 7 75 7f
3 0 1 5 0 7 54 7f
3 0 1 5 0 7 54 7f
3 0 1 3 7 7 45 7f
3 0 1 6 0 7 40 7f
3 0 1 7 0 7 00 7f
3 0 1 3 4 7 01 7f
3 0 1 6 0 7 40 7f
3 0 1 4 0 7 64 7f
3 0 1 0 7 7 6f 7f
3 0 1 6 2 7 6a 7f
3 0 1 7 2 7 2a 7f
3 0 1 1 5 7 23 7f
3 0 1 1 5 7 23 7f
3 0 1 4 2 7 26 7f
3 0 0 1 2 7 26 7f
3 0 1 6 2 7 62 7f
3 0 0 5 2 7 62 7f
3 0 0 5 2 7 62 7f
3 0 1 6 2 7 62 7f
3 0 1 2 5 7 71 7f
3 0 1 7 0 7 30 7f
3 0 1 6 0 7 70 7f
3 0 1 1 5 7 73 7f
3 0 1 5 3 7 56 7f
3 0 1 0 7 7 5f 7f
3 0 0 7 7 7 5f 7f
3 0 1 5 3 7 5e 7f
3 0 1 2 7 7 5d 7f
3 0 1 5 1 7 5c 7f
3 0 1 0 7 7 5f 7f
3 0 1 1 7 7 57 7f
3 0 0 1 7 7 57 7f
3 0 1 5 3 7 56 7f
3 0 0 7 3 7 56 7f
3 0 0 5 3 7 56 7f
3 0 1 7 3 7 12 7f
3 0 1 7 3 7 12 7f
3 0 1 0 4 7 1b 7f
3 0 1 0 4 7 1b 7f
3 0 1 2 4 7 19 7f
3 0 1 1 4 7 13 7f
3 0 1 4 3 7 36 7f
3 0 1 7 3 7 32 7f
3 0 1 5 3 7 16 7f
3 0 0 0 3 7 16 7f
3 0 1 1 6 7 17 7f
3 0 1 6 3 7 52 7f
3 0 1 0 4 7 5b 7f
3 0 1 5 3 7 5e 7f
3 0 0 7 3 7 5e 7f
3 0 1 1 7 7 57 7f
3 0 0 6 7 7 57 7f
3 0 1 4 3 7 76 7f
3 0 1 4 3 7 76 7f
3 0 1 3 7 7 65 7f
3 0 1 5 0 7 44 7f
3 0 0 0 0 7 44 7f
3 0 1 0 7 7 4f 7f
3 0 1 0 7 7 4f 7f
3 0 0 3 7 7 4f 7f
3 0 1 5 2 7 4e 7f
3 0 1 0 7 7 4f 7f
3 0 1 7 2 7 0a 7f
3 0 0 4 2 7 0a 7f
3 0 1 6 2 7 4a 7f
3 0 0 3 2 7 4a 7f
3 0 1 2 4 7 59 7f
3 0 0 7 4 7 59 7f
3 0 1 4 1 7 7c 7f
3 0 1 4 1 7 7c 7f
3 0 1 3 7 7 6d 7f
3 0 1 4 1 7 6c 7f
3 0 1 4 1 7 6c 7f
3 0 0 6 1 7 6c 7f
3 0 1 3 7 7 6d 7f
3 0 1 7 1 7 28 7f
3 0 1 4 1 7 2c 7f
3 0 0 6 1 7 2c 7f
3 0 0 5 1 7 2c 7f
3 0 1 2 6 7 3d 7f
3 0 1 5 1 7 1c 7f
3 0 1 7 1 7 18 7f
3 0 0 7 1 7 18 7f
3 0 1 4 1 7 3c 7f
3 0 1 0 6 7 3f 7f
3 0 1 0 6 7 3f 7f
3 0 1 3 6 7 2d 7f
3 0 1 2 6 7 3d 7f
3 0 1 5 1 7 1c 7f
3 0 1 1 6 7 17 7f
3 0 0 1 6 7 17 7f
3 0 0 4 6 7 17 7f
3 0 1 3 6 7 05 7f
3 0 1 2 6 7 15 7f
3 1 1 2 0 7 00 7f
3 0 1 4 0 7 24 7f
3 0 1 6 0 7 60 7f
3 0 0 3 0 7 60 7f
3 0 0 1 0 7 60 7f
3 0 1 7 0 7 20 7f
3 0 1 5 0 7 04 7f
3 0 1 3 6 7 05 7f
3 0 1 2 6 7 15 7f
3 1 1 6 0 7 00 7f
3 0 1 1 4 7 03 7f
3 0 1 5 2 7 06 7f
3 0 1 6 2 7 42 7f
3 0 1 4 2 7 66 7f
3 0 1 0 7 7 6f 7f
3 0 1 1 7 7 67 7f
3 0 1 0 7 7 6f 7f
3 0 0 7 7 7 6f 7f
3 0 1 7 2 7 2a 7f
3 0 1 0 5 7 2b 7f
3 0 1 2 5 7 39 7f
3 0 1 2 5 7 39 7f
3 0 1 2 5 7 39 7f
3 0 1 6 1 7 78 7f
3 0 1 5 1 7 5c 7f
3 0 0 0 1 7 5c 7f
3 0 1 2 7 7 5d 7f
3 0 1 4 1 7 7c 7f
3 0 1 0 7 7 7f 7f
3 0 1 2 7 7 7d 7f
3 0 1 5 1 7 5c 7f
3 0 1 7 1 7 18 7f
3 0 1 7 1 7 18 7f
3 0 1 0 4 7 1b 7f
3 0 1 6 3 7 5a 7f
3 0 1 3 4 7 49 7f
3 0 1 0 4 7 4b 7f
3 0 1 3 4 7 49 7f
3 0 1 6 1 7 48 7f
3 0 0 7 1 7 48 7f
3 0 1 0 4 7 4b 7f
3 0 1 0 4 7 4b 7f
3 0 1 0 4 7 4b 7f
3 0 1 6 2 7 4a 7f
3 0 1 4 2 7 6e 7f
3 0 1 2 7 7 7d 7f
3 0 0 2 7 7 7d 7f
3 0 1 0 7 7 7f 7f
3 0 1 1 7 7 77 7f
3 0 1 7 3 7 32 7f
3 0 0 5 3 7 32 7f
3 0 1 2 5 7 31 7f
3 0 1 1 5 7 33 7f
3 0 1 2 5 7 31 7f
3 0 0 3 5 7 31 7f
3 0 1 1 5 7 33 7f
3 0 1 4 3 7 36 7f
3 0 1 4 3 7 36 7f
3 0 1 7 3 7 32 7f
3 0 1 2 5 7 31 7f
3 0 0 3 5 7 31 7f
3 0 1 5 0 7 14 7f
3 0 1 0 6 7 1f 7f
3 0 1 1 6 7 17 7f
3 0 1 6 3 7 52 7f
3 0 1 3 4 7 41 7f
3 0 1 3 4 7 41 7f
3 0 1 3 4 7 41 7f
3 0 1 7 0 7 00 7f
3 0 0 1 0 7 00 7f
3 0 1 3 4 7 01 7f
3 0 1 4 0 7 24 7f
3 0 1 2 6 7 35 7f
3 0 1 6 0 7 70 7f
3 0 1 3 5 7 61 7f
3 0 0 0 5 7 61 7f
3 0 1 0 5 7 6b 7f
3 0 0 0 5 7 6b 7f
3 0 1 1 5 7 63 7f
3 0 1 5 2 7 46 7f
3 0 1 4 2 7 66 7f
3 0 1 7 2 7 22 7f
3 0 1 3 5 7 21 7f
3 0 1 4 0 7 24 7f
3 0 1 7 0 7 20 7f
3 0 1 4 0 7 24 7f
3 0 0 1 0 7 24 7f
3 0 1 3 6 7 25 7f
3 0 1 7 0 7 20 7f
3 0 1 7 0 7 20 7f
3 0 0 0 0 7 20 7f
3 0 0 0 0 7 20 7f
3 0 1 2 5 7 31 7f
3 0 1 4 0 7 34 7f
3 0 1 5 0 7 14 7f
3 0 0 5 0 7 14 7f
3 0 1 7 0 7 10 7f
3 0 1 6 0 7 50 7f
3 0 1 4 0 7 74 7f
3 0 1 4 0 7 74 7f
3 0 0 5 0 7 74 7f
3 0 1 5 0 7 54 7f
3 0 1 7 0 7 10 7f
3 0 1 2 4 7 11 7f
3 0 1 4 0 7 34 7f
3 0 0 1 0 7 34 7f
3 0 1 2 6 7 35 7f
3 0 1 4 0 7 34 7f
3 0 1 6 0 7 70 7f
3 0 0 6 0 7 70 7f
3 0 1 4 0 7 74 7f
3 0 1 3 7 7 65 7f
3 0 1 4 0 7 64 7f
3 0 1 2 7 7 75 7f
3 0 1 3 7 7 65 7f
3 0 1 5 0 7 44 7f
3 0 1 3 7 7 45 7f
3 0 1 6 0 7 40 7f
3 0 1 0 4 7 4b 7f
3 0 1 4 2 7 6e 7f
3 0 1 2 7 7 7d 7f
3 0 0 0 7 7 7d 7f
3 0 1 7 1 7 38 7f
3 0 1 4 1 7 3c 7f
3 0 1 2 6 7 3d 7f
3 0 1 4 1 7 3c 7f
3 0 1 2 6 7 3d 7f
3 0 1 4 1 7 3c 7f
3 0 1 4 1 7 3c 7f
3 0 1 0 6 7 3f 7f
3 0 1 7 3 7 3a 7f
3 0 0 7 3 7 3a 7f
3 0 0 2 3 7 3a 7f
3 0 1 0 5 7 3b 7f
3 0 1 7 3 7 3a 7f
3 0 1 2 5 7 39 7f
3 0 1 1 5 7 33 7f
3 0 1 5 3 7 16 7f
3 0 1 0 6 7 1f 7f
3 0 1 2 6 7 1d 7f
3 0 1 3 6 7 0d 7f
3 0 1 7 1 7 08 7f
3 0 1 3 4 7 09 7f
3 0 1 3 4 7 09 7f
3 0 1 7 1 7 08 7f
3 0 1 1 4 7 03 7f
3 0 1 3 4 7 01 7f
3 0 1 2 4 7 11 7f
3 0 0 4 4 7 11 7f
3 0 1 4 0 7 34 7f
3 0 1 0 6 7 3f 7f
3 0 1 3 6 7 2d 7f
3 0 1 4 1 7 2c 7f
3 0 1 3 6 7 2d 7f
3 0 1 4 1 7 2c 7f
3 0 1 1 6 7 27 7f
3 0 1 3 6 7 25 7f
3 0 1 1 6 7 27 7f
3 0 1 0 6 7 2f 7f
3 0 1 6 2 7 6a 7f
3 0 1 3 5 7 69 7f
3 0 1 6 1 7 68 7f
3 0 1 0 5 7 6b 7f
3 0 1 0 5 7 6b 7f
3 0 1 2 5 7 79 7f
3 0 1 4 1 7 7c 7f
3 0 1 4 1 7 7c 7f
3 0 1 4 1 7 7c 7f
3 0 1 0 7 7 7f 7f
3 0 1 5 3 7 5e 7f
3 0 1 2 7 7 5d 7f
3 0 1 2 7 7 5d 7f
3 0 1 5 1 7 5c 7f
3 0 1 1 7 7 57 7f
3 0 0 5 7 7 57 7f
3 0 1 6 3 7 52 7f
3 0 1 4 3 7 76 7f
3 0 1 1 7 7 77 7f
3 0 1 6 3 7 72 7f
3 0 1 3 5 7 61 7f
3 0 1 5 0 7 44 7f
3 0 1 6 0 7 40 7f
3 0 1 5 0 7 44 7f
3 0 0 2 0 7 44 7f
3 0 1 0 7 7 4f 7f
3 0 1 4 2 7 6e 7f
3 0 1 6 2 7 6a 7f
3 0 1 2 5 7 79 7f
3 0 1 1 5 7 73 7f
3 0 1 4 3 7 76 7f
3 0 1 1 7 7 77 7f
3 0 1 6 3 7 72 7f
3 0 1 4 3 7 76 7f
3 0 1 1 7 7 77 7f
3 0 1 1 7 7 77 7f
3 0 1 6 3 7 72 7f
3 0 1 0 5 7 7b 7f
3 0 0 4 5 7 7b 7f
3 0 1 3 5 7 69 7f
3 0 1 4 1 7 6c 7f
3 0 1 6 1 7 68 7f
3 0 1 0 5 7 6b 7f
3 0 1 4 2 7 6e 7f
3 0 1 7 2 7 2a 7f
3 0 1 7 2 7 2a 7f
3 0 1 5 2 7 0e 7f
3 0 1 3 6 7 0d 7f
3 0 1 2 6 7 1d 7f
3 0 0 3 6 7 1d 7f
3 0 1 3 6 7 0d 7f
3 0 1 7 1 7 08 7f
3 0 1 5 1 7 0c 7f
3 0 1 2 6 7 1d 7f
3 0 1 2 6 7 1d 7f
3 0 1 5 1 7 1c 7f
3 0 1 1 6 7 17 7f
3 0 0 0 6 7 17 7f
3 0 1 4 3 7 36 7f
3 0 1 6 3 7 72 7f
3 0 1 0 5 7 7b 7f
3 0 0 4 5 7 7b 7f
3 0 1 5 3 7 5e 7f
3 0 1 4 3 7 7e 7f
3 0 1 2 7 7 7d 7f
3 0 1 7 1 7 38 7f
3 1 0 5 0 7 00 7f
3 0 1 3 4 7 01 7f
3 0 1 0 4 7 0b 7f
3 0 1 1 4 7 03 7f
3 0 1 1 4 7 03 7f
3 0 1 0 4 7 0b 7f
3 0 1 6 2 7 4a 7f
3 0 1 6 2 7 4a 7f
3 0 1 7 2 7 0a 7f
3 0 1 1 4 7 03 7f
3 0 0 2 4 7 03 7f
3 0 1 2 4 7 11 7f
3 0 1 0 4 7 1b 7f
3 0 1 2 4 7 19 7f
3 0 1 2 4 7 19 7f
3 0 0 3 4 7 19 7f
3 0 1 5 1 7 1c 7f
3 0 1 5 1 7 1c 7f
3 0 1 1 6 7 17 7f
3 0 1 6 3 7 52 7f
3 0 1 7 3 7 12 7f
3 0 1 2 4 7 11 7f
3 0 1 6 0 7 50 7f
3 0 1 0 4 7 5b 7f
3 0 1 0 4 7 5b 7f
3 0 0 6 4 7 5b 7f
3 0 1 0 4 7 5b 7f
3 0 1 0 4 7 5b 7f
3 0 1 5 3 7 5e 7f
3 0 1 1 7 7 57 7f
3 0 1 0 7 7 5f 7f
3 0 1 6 3 7 5a 7f
3 0 1 3 4 7 49 7f
3 0 1 4 1 7 6c 7f
3 0 1 3 7 7 6d 7f
3 0 1 2 7 7 7d 7f
3 0 1 5 1 7 5c 7f
3 0 0 2 1 7 5c 7f
3 0 1 2 7 7 5d 7f
3 0 1 7 1 7 18 7f
3 0 1 6 1 7 58 7f
3 0 1 7 1 7 18 7f
3 0 1 6 1 7 58 7f
3 0 0 1 1 7 58 7f
3 0 0 1 1 7 58 7f
3 0 1 3 4 7 49 7f
3 0 1 1 4 7 43 7f
3 0 1 0 4 7 4b 7f
3 0 1 2 4 7 59 7f
3 0 1 5 1 7 5c 7f
3 0 1 0 7 7 5f 7f
3 0 1 7 3 7 1a 7f
3 0 1 5 3 7 1e 7f
3 0 1 3 6 7 0d 7f
3 0 1 7 1 7 08 7f
3 0 1 3 4 7 09 7f
3 0 0 4 4 7 09 7f
3 0 1 6 1 7 48 7f
3 0 1 2 4 7 59 7f
3 0 1 2 4 7 59 7f
3 0 1 4 1 7 7c 7f
3 0 1 2 7 7 7d 7f
3 0 0 6 7 7 7d 7f
3 0 1 4 1 7 7c 7f
3 0 1 3 7 7 6d 7f
3 0 1 6 1 7 68 7f
3 0 1 6 1 7 68 7f
3 0 0 0 1 7 68 7f
3 0 1 3 5 7 69 7f
3 0 1 2 5 7 79 7f
3 0 1 1 5 7 73 7f
3 0 1 4 3 7 76 7f
3 0 1 7 3 7 32 7f
3 0 1 7 3 7 32 7f
3 0 1 2 5 7 31 7f
3 0 1 5 0 7 14 7f
3 0 0 7 0 7 14 7f
3 0 1 3 6 7 05 7f
3 0 1 0 6 7 0f 7f
3 0 1 3 6 7 0d 7f
3 0 1 7 1 7 08 7f
3 0 1 4 1 7 2c 7f
3 0 1 6 1 7 68 7f
3 0 1 7 1 7 28 7f
3 0 1 4 1 7 2c 7f
3 0 1 5 1 7 0c 7f
3 0 1 4 1 7 2c 7f
3 0 1 1 6 7 27 7f
3 0 0 3 6 7 27 7f
3 0 1 4 2 7 26 7f
3 0 1 7 2 7 22 7f
3 0 0 4 2 7 22 7f
3 0 1 6 2 7 62 7f
3 0 1 5 2 7 46 7f
3 0 1 1 7 7 47 7f
3 0 1 0 7 7 4f 7f
3 0 1 4 2 7 6e 7f
3 0 1 6 2 7 6a 7f
3 0 1 5 2 7 4e 7f
3 0 1 5 2 7 4e 7f
3 0 1 4 2 7 6e 7f
3 0 1 2 7 7 7d 7f
3 0 0 4 7 7 7d 7f
3 0 1 1 7 7 77 7f
3 0 1 5 3 7 56 7f
3 0 1 1 7 7 57 7f
3 0 1 2 7 7 55 7f
3 0 1 1 7 7 57 7f
3 0 1 0 7 7 5f 7f
3 0 1 0 7 7 5f 7f
3 0 1 4 3 7 7e 7f
3 0 1 7 3 7 3a 7f
3 0 1 3 5 7 29 7f
3 0 1 6 1 7 68 7f
3 0 1 6 1 7 68 7f
3 0 1 1 5 7 63 7f
3 0 1 1 5 7 63 7f
3 0 1 4 2 7 66 7f
3 0 1 4 2 7 66 7f
3 0 1 7 2 7 22 7f
3 0 1 4 2 7 26 7f
3 0 0 5 2 7 26 7f
3 0 0 2 2 7 26 7f
3 0 1 4 2 7 26 7f
3 0 1 4 2 7 26 7f
3 0 1 1 6 7 27 7f
3 0 1 4 2 7 26 7f
3 0 1 2 6 7 35 7f
3 0 1 0 6 7 3f 7f
3 0 1 1 6 7 37 7f
3 0 1 6 3 7 72 7f
3 0 0 1 3 7 72 7f
3 0 1 4 3 7 76 7f
3 0 1 7 3 7 32 7f
3 0 1 4 3 7 36 7f
3 0 0 3 3 7 36 7f
3 0 1 7 3 7 32 7f
3 0 1 4 3 7 36 7f
3 0 1 0 6 7 3f 7f
3 0 1 6 3 7 7a 7f
3 0 1 0 5 7 7b 7f
3 0 1 5 3 7 5e 7f
3 0 1 5 3 7 5e 7f
3 0 1 7 3 7 1a 7f
3 0 1 5 3 7 1e 7f
3 0 1 7 3 7 1a 7f
3 0 1 3 4 7 09 7f
3 0 1 2 4 7 19 7f
3 0 1 0 4 7 1b 7f
3 0 0 6 4 7 1b 7f
3 0 1 7 3 7 1a 7f
3 0 0 0 3 7 1a 7f
3 0 1 5 3 7 1e 7f
3 0 0 0 3 7 1e 7f
3 0 1 2 6 7 1d 7f
3 0 1 0 6 7 1f 7f
3 0 1 1 6 7 17 7f
3 0 1 4 3 7 36 7f
3 0 1 6 3 7 72 7f
3 0 1 7 3 7 32 7f
3 0 1 4 3 7 36 7f
3 0 0 0 3 7 36 7f
3 0 1 0 6 7 3f 7f
3 0 0 7 6 7 3f 7f
3 0 1 0 6 7 3f 7f
3 0 0 0 6 7 3f 7f
3 0 1 7 3 7 3a 7f
3 0 1 6 3 7 7a 7f
3 0 1 5 3 7 5e 7f
3 0 1 5 3 7 5e 7f
3 0 1 1 7 7 57 7f
3 0 1 3 7 7 45 7f
3 0 1 0 7 7 4f 7f
3 0 0 7 7 7 4f 7f
3 1 1 5 0 7 00 7f
3 0 1 2 4 7 11 7f
3 0 1 2 4 7 11 7f
3 0 1 1 4 7 13 7f
3 0 1 3 4 7 01 7f
3 0 1 0 4 7 0b 7f
3 0 0 6 4 7 0b 7f
3 0 1 1 4 7 03 7f
3 0 1 2 4 7 11 7f
3 0 1 3 4 7 01 7f
3 0 1 7 0 7 00 7f
3 0 1 1 4 7 03 7f
3 0 0 1 4 7 03 7f
3 0 1 0 4 7 0b 7f
3 0 1 1 4 7 03 7f
3 0 1 6 2 7 42 7f
3 0 1 2 4 7 51 7f
3 0 1 5 0 7 54 7f
3 0 1 3 7 7 45 7f
3 0 1 7 0 7 00 7f
3 0 1 7 0 7 00 7f
3 0 1 7 0 7 00 7f
3 0 1 6 0 7 40 7f
3 0 0 4 0 7 40 7f
3 0 1 0 4 7 4b 7f
3 0 1 4 2 7 6e 7f
3 0 1 2 7 7 7d 7f
3 0 1 7 1 7 38 7f
3 0 1 7 1 7 38 7f
3 0 1 4 1 7 3c 7f
3 0 1 1 6 7 37 7f
3 0 1 6 3 7 72 7f
3 0 1 0 5 7 7b 7f
3 0 1 7 3 7 3a 7f
3 0 1 3 5 7 29 7f
3 0 1 2 5 7 39 7f
3 0 1 6 1 7 78 7f
3 0 1 5 1 7 5c 7f
3 0 0 1 1 7 5c 7f
3 0 0 6 1 7 5c 7f
3 0 1 1 7 7 57 7f
3 0 1 7 3 7 12 7f
3 0 1 2 4 7 11 7f
3 0 1 2 4 7 11 7f
3 0 1 4 0 7 34 7f
3 0 1 5 0 7 14 7f
3 0 1 5 0 7 14 7f
3 0 1 7 0 7 10 7f
3 0 1 5 0 7 14 7f
3 0 1 2 6 7 15 7f
3 0 1 1 6 7 17 7f
3 0 1 6 3 7 52 7f
3 0 1 6 3 7 52 7f
3 0 1 4 3 7 76 7f
3 0 0 6 3 7 76 7f
3 0 1 1 7 7 77 7f
3 0 1 1 7 7 77 7f
3 0 1 6 3 7 72 7f
3 0 1 4 3 7 76 7f
3 0 1 5 3 7 56 7f
3 0 1 5 3 7 56 7f
3 0 1 1 7 7 57 7f
3 0 1 6 3 7 52 7f
3 0 1 6 3 7 52 7f
3 0 1 3 4 7 41 7f
3 0 1 1 4 7 43 7f
3 0 1 3 4 7 41 7f
3 0 1 1 4 7 43 7f
3 0 1 7 2 7 02 7f
3 0 1 1 4 7 03 7f
3 0 1 1 4 7 03 7f
3 0 1 0 4 7 0b 7f
3 0 1 4 2 7 2e 7f
3 0 1 7 2 7 2a 7f
3 0 1 2 5 7 39 7f
3 0 1 5 1 7 1c 7f
3 0 1 6 1 7 58 7f
3 0 0 3 1 7 58 7f
3 0 1 6 1 7 58 7f
3 0 0 6 1 7 58 7f
3 0 1 0 4 7 5b 7f
3 0 1 6 3 7 5a 7f
3 0 1 5 3 7 5e 7f
3 0 1 1 7 7 57 7f
3 0 0 4 7 7 57 7f
3 0 1 5 3 7 56 7f
3 0 1 3 7 7 45 7f
3 0 1 3 7 7 45 7f
3 0 1 1 7 7 47 7f
3 0 1 1 7 7 47 7f
3 0 0 6 7 7 47 7f
3 0 0 4 7 7 47 7f
3 0 1 4 2 7 66 7f
3 0 1 5 2 7 46 7f
3 0 0 1 2 7 46 7f
3 0 0 5 2 7 46 7f
3 0 1 4 2 7 66 7f
3 0 1 4 2 7 66 7f
3 0 1 3 7 7 65 7f
3 0 1 3 7 7 65 7f
3 0 1 3 7 7 65 7f
3 0 1 5 0 7 44 7f
3 0 1 6 0 7 40 7f
3 0 1 5 0 7 44 7f
3 0 1 2 7 7 55 7f
3 0 0 3 7 7 55 7f
3 0 1 0 7 7 5f 7f
3 0 1 6 3 7 5a 7f
3 0 1 7 3 7 1a 7f
3 0 1 7 3 7 1a 7f
3 0 1 1 4 7 13 7f
3 0 1 1 4 7 13 7f
3 0 1 3 4 7 01 7f
3 0 0 6 4 7 01 7f
3 0 1 1 4 7 03 7f
3 0 0 6 4 7 03 7f
3 0 1 6 2 7 42 7f
3 0 0 0 2 7 42 7f
3 0 1 4 2 7 66 7f
3 0 1 4 2 7 66 7f
3 0 1 1 7 7 67 7f
3 0 1 4 2 7 66 7f
3 0 0 3 2 7 66 7f
3 0 1 0 7 7 6f 7f
3 0 0 7 7 7 6f 7f
3 0 1 5 2 7 4e 7f
3 0 1 7 2 7 0a 7f
3 0 1 6 2 7 4a 7f
3 0 1 1 4 7 43 7f
3 0 1 1 4 7 43 7f
3 0 1 4 2 7 66 7f
3 0 1 2 7 7 75 7f
3 0 0 0 7 7 75 7f
3 0 1 2 7 7 75 7f
3 0 1 2 7 7 75 7f
3 0 1 0 7 7 7f 7f
3 0 1 4 3 7 7e 7f
3 0 0 7 3 7 7e 7f
3 0 1 5 3 7 5e 7f
3 0 1 3 7 7 4d 7f
3 0 1 4 1 7 6c 7f
3 0 1 3 7 7 6d 7f
3 0 1 1 7 7 67 7f
3 0 1 4 2 7 66 7f
3 0 1 4 2 7 66 7f
3 0 1 5 2 7 46 7f
3 0 1 5 2 7 46 7f
3 0 1 1 7 7 47 7f
3 0 1 3 7 7 45 7f
3 0 1 7 0 7 00 7f
3 0 1 3 4 7 01 7f
3 0 0 6 4 7 01 7f
3 0 1 0 4 7 0b 7f
3 0 1 6 2 7 4a 7f
3 0 1 1 4 7 43 7f
3 0 1 2 4 7 51 7f
3 0 1 3 4 7 41 7f
3 0 1 0 4 7 4b 7f
3 0 1 2 4 7 59 7f
3 0 1 5 1 7 5c 7f
3 0 1 5 1 7 5c 7f
3 0 1 3 7 7 4d 7f
3 0 1 6 1 7 48 7f
3 0 1 2 4 7 59 7f
3 0 1 3 4 7 49 7f
3 0 1 3 4 7 49 7f
3 0 1 4 1 7 6c 7f
3 0 1 6 1 7 68 7f
3 0 1 0 5 7 6b 7f
3 0 1 6 2 7 6a 7f
3 0 1 5 2 7 4e 7f
3 0 0 6 2 7 4e 7f
3 0 1 6 2 7 4a 7f
3 0 1 3 4 7 49 7f
3 0 1 1 4 7 43 7f
3 0 1 1 4 7 43 7f
3 0 1 6 2 7 42 7f
3 0 1 6 2 7 42 7f
3 0 0 5 2 7 42 7f
3 0 1 7 2 7 02 7f
3 0 1 2 4 7 11 7f
3 0 1 7 0 7 10 7f
3 0 1 3 4 7 01 7f
3 0 1 0 4 7 0b 7f
3 0 1 6 2 7 4a 7f
3 0 1 2 4 7 59 7f
3 0 1 4 1 7 7c 7f
3 0 1 3 7 7 6d 7f
3 0 1 3 7 7 6d 7f
3 0 1 3 7 7 6d 7f
3 0 1 0 7 7 6f 7f
3 0 0 5 7 7 6f 7f
3 0 1 5 2 7 4e 7f
3 0 1 5 2 7 4e 7f
3 0 1 7 2 7 0a 7f
3 0 1 4 2 7 2e 7f
3 0 1 6 2 7 6a 7f
3 0 1 6 2 7 6a 7f
3 0 1 3 5 7 69 7f
3 0 1 5 1 7 4c 7f
3 0 0 7 1 7 4c 7f
3 0 1 5 1 7 4c 7f
3 0 1 7 1 7 08 7f
3 0 1 6 1 7 48 7f
3 0 1 5 1 7 4c 7f
3 0 1 2 7 7 5d 7f
3 0 1 6 1 7 58 7f
3 0 0 3 1 7 58 7f
3 0 1 7 1 7 18 7f
3 0 1 2 4 7 19 7f
3 0 1 5 1 7 1c 7f
3 0 1 1 6 7 17 7f
3 0 1 5 3 7 16 7f
3 0 1 1 6 7 17 7f
3 0 1 1 6 7 17 7f
3 0 0 7 6 7 17 7f
3 0 1 3 6 7 05 7f
3 0 1 7 0 7 00 7f
3 0 1 0 4 7 0b 7f
3 0 1 5 2 7 0e 7f
3 0 1 1 6 7 07 7f
3 0 1 3 6 7 05 7f
3 0 0 4 6 7 05 7f
3 0 1 1 6 7 07 7f
3 0 1 1 6 7 07 7f
3 0 1 1 6 7 07 7f
3 0 1 4 2 7 26 7f
3 0 1 2 6 7 35 7f
3 0 1 6 0 7 70 7f
3 0 1 6 0 7 70 7f
3 0 1 1 5 7 73 7f
3 0 1 0 5 7 7b 7f
3 0 1 2 5 7 79 7f
3 0 1 1 5 7 73 7f
3 0 1 2 5 7 71 7f
3 0 1 6 0 7 70 7f
3 0 1 4 0 7 74 7f
3 0 1 7 0 7 30 7f
3 0 0 5 0 7 30 7f
3 0 1 3 5 7 21 7f
3 0 1 6 0 7 60 7f
3 0 1 5 0 7 44 7f
3 0 1 6 0 7 40 7f
3 0 1 0 4 7 4b 7f
3 0 1 2 4 7 59 7f
3 0 1 3 4 7 49 7f
3 0 1 3 4 7 49 7f
3 0 1 0 4 7 4b 7f
3 0 1 7 2 7 0a 7f
3 0 1 7 2 7 0a 7f
3 0 1 2 4 7 19 7f
3 0 1 6 1 7 58 7f
3 0 1 0 4 7 5b 7f
3 0 1 3 4 7 49 7f
3 0 1 0 4 7 4b 7f
3 0 1 1 4 7 43 7f
3 0 1 7 2 7 02 7f
3 0 1 0 4 7 0b 7f
3 0 1 3 4 7 09 7f
3 0 1 2 4 7 19 7f
3 0 1 6 1 7 58 7f
3 0 1 1 4 7 53 7f
3 0 1 7 3 7 12 7f
3 0 1 2 4 7 11 7f
3 0 1 3 4 7 01 7f
3 0 1 6 0 7 40 7f
3 0 1 1 4 7 43 7f
3 0 1 4 2 7 66 7f
3 0 1 3 7 7 65 7f
3 0 1 1 7 7 67 7f
3 0 0 1 7 7 67 7f
3 0 1 6 2 7 62 7f
3 0 0 2 2 7 62 7f
3 0 1 0 5 7 6b 7f
3 0 0 0 5 7 6b 7f
3 0 1 3 5 7 69 7f
3 0 1 4 1 7 6c 7f
3 0 0 4 1 7 6c 7f
3 0 1 4 1 7 6c 7f
3 0 0 1 1 7 6c 7f
3 0 1 0 7 7 6f 7f
3 0 1 4 2 7 6e 7f
3 0 1 2 7 7 7d 7f
3 0 1 1 7 7 77 7f
3 0 1 7 3 7 32 7f
3 0 1 2 5 7 31 7f
3 0 1 4 0 7 34 7f
3 0 1 4 0 7 34 7f
3 0 1 6 0 7 70 7f
3 0 1 1 5 7 73 7f
3 0 1 5 3 7 56 7f
3 0 1 7 3 7 12 7f
3 0 0 3 3 7 12 7f
3 0 1 5 3 7 16 7f
3 0 1 2 6 7 15 7f
3 0 1 7 0 7 10 7f
3 0 0 7 0 7 10 7f
3 0 1 7 0 7 10 7f
3 0 1 5 0 7 14 7f
3 0 1 5 0 7 14 7f
3 0 1 0 6 7 1f 7f
3 0 1 5 3 7 1e 7f
3 0 0 0 3 7 1e 7f
3 0 1 7 3 7 1a 7f
3 0 1 0 4 7 1b 7f
3 0 1 7 3 7 1a 7f
3 0 1 7 3 7 1a 7f
3 0 0 6 3 7 1a 7f
3 0 1 6 3 7 5a 7f
3 0 1 3 4 7 49 7f
3 0 1 7 1 7 08 7f
3 0 1 7 1 7 08 7f
3 0 1 1 4 7 03 7f
3 0 1 2 4 7 11 7f
3 0 1 0 4 7 1b 7f
3 0 1 7 3 7 1a 7f
3 0 1 1 4 7 13 7f
3 0 1 3 4 7 01 7f
3 0 1 4 0 7 24 7f
3 0 1 7 0 7 20 7f
3 0 1 5 0 7 04 7f
3 0 1 6 0 7 40 7f
3 0 0 1 0 7 40 7f
3 0 1 3 4 7 41 7f
3 0 1 4 0 7 64 7f
3 0 1 3 7 7 65 7f
3 0 0 0 7 7 65 7f
3 0 1 3 7 7 65 7f
3 0 1 7 0 7 20 7f
3 0 1 5 0 7 04 7f
3 0 1 1 6 7 07 7f
3 0 1 2 6 7 15 7f
3 0 1 4 0 7 34 7f
3 0 1 2 6 7 35 7f
3 0 1 7 0 7 30 7f
3 0 1 6 0 7 70 7f
3 0 0 7 0 7 70 7f
3 0 1 5 0 7 54 7f
3 0 1 0 7 7 5f 7f
3 0 1 1 7 7 57 7f
3 0 1 1 7 7 57 7f
3 0 1 7 3 7 12 7f
3 0 1 4 3 7 36 7f
3 0 1 2 6 7 35 7f
3 0 1 6 0 7 70 7f
3 0 1 7 0 7 30 7f
3 0 1 5 0 7 14 7f
3 0 1 4 0 7 34 7f
3 0 1 3 6 7 25 7f
3 0 1 7 0 7 20 7f
3 0 1 6 0 7 60 7f
3 0 1 4 0 7 64 7f
3 0 1 4 0 7 64 7f
3 0 1 2 7 7 75 7f
3 0 1 2 7 7 75 7f
3 0 1 4 0 7 74 7f
3 0 1 1 7 7 77 7f
3 0 1 3 7 7 65 7f
3 0 1 7 0 7 20 7f
3 0 1 5 0 7 04 7f
3 0 1 1 6 7 07 7f
3 0 1 1 6 7 07 7f
3 0 1 6 2 7 42 7f
3 0 0 0 2 7 42 7f
3 0 1 4 2 7 66 7f
3 0 1 4 2 7 66 7f
3 0 1 4 2 7 66 7f
3 0 1 2 7 7 75 7f
3 0 1 7 0 7 30 7f
3 0 1 0 5 7 3b 7f
3 0 1 5 3 7 1e 7f
3 0 1 7 3 7 1a 7f
3 0 1 1 4 7 13 7f
3 0 1 7 3 7 12 7f
3 0 0 1 3 7 12 7f
3 0 1 0 4 7 1b 7f
3 0 0 6 4 7 1b 7f
3 0 1 7 3 7 1a 7f
3 0 1 1 4 7 13 7f
3 0 1 7 3 7 12 7f
3 0 1 3 4 7 01 7f
3 0 1 1 4 7 03 7f
3 0 1 6 2 7 42 7f
3 0 1 3 4 7 41 7f
3 0 1 2 4 7 51 7f
3 0 0 7 4 7 51 7f
3 0 1 7 0 7 10 7f
3 0 0 4 0 7 10 7f
3 0 0 5 0 7 10 7f
3 0 1 1 4 7 13 7f
3 0 1 0 4 7 1b 7f
3 0 1 3 4 7 09 7f
3 0 1 2 4 7 19 7f
3 0 1 0 4 7 1b 7f
3 0 1 2 4 7 19 7f
3 0 1 0 4 7 1b 7f
3 0 1 7 3 7 1a 7f
3 0 1 2 4 7 19 7f
3 0 0 0 4 7 19 7f
3 0 1 6 1 7 58 7f
3 0 1 2 4 7 59 7f
3 0 1 6 1 7 58 7f
3 0 1 3 4 7 49 7f
3 0 1 5 1 7 4c 7f
3 0 0 2 1 7 4c 7f
3 0 0 3 1 7 4c 7f
3 0 1 4 1 7 6c 7f
3 0 1 7 1 7 28 7f
3 1 0 6 0 7 00 7f
3 0 1 7 0 7 00 7f
3 0 1 4 0 7 24 7f
3 0 1 7 0 7 20 7f
3 0 1 3 5 7 21 7f
3 0 0 4 5 7 21 7f
3 0 1 6 0 7 60 7f
3 0 0 1 0 7 60 7f
3 0 1 4 0 7 64 7f
3 0 0 4 0 7 64 7f
3 0 1 5 0 7 44 7f
3 0 0 6 0 7 44 7f
3 0 1 7 0 7 00 7f
3 0 1 5 0 7 04 7f
3 0 1 0 6 7 0f 7f
3 0 1 7 2 7 0a 7f
3 0 1 1 4 7 03 7f
3 0 0 0 4 7 03 7f
3 0 1 2 4 7 11 7f
3 0 1 3 4 7 01 7f
3 0 1 3 4 7 01 7f
3 0 1 0 4 7 0b 7f
3 0 1 0 4 7 0b 7f
3 0 1 0 4 7 0b 7f
3 0 1 2 4 7 19 7f
3 0 1 3 4 7 09 7f
3 0 1 2 4 7 19 7f
3 0 1 1 4 7 13 7f
3 0 1 7 3 7 12 7f
3 0 1 4 3 7 36 7f
3 0 1 5 3 7 16 7f
3 0 1 7 3 7 12 7f
3 0 1 7 3 7 12 7f
3 0 1 0 4 7 1b 7f
3 0 0 6 4 7 1b 7f
3 0 1 2 4 7 19 7f
3 0 1 6 1 7 58 7f
3 0 1 0 4 7 5b 7f
3 0 1 0 4 7 5b 7f
3 0 1 6 3 7 5a 7f
3 0 1 3 4 7 49 7f
3 0 1 1 4 7 43 7f
3 0 1 0 4 7 4b 7f
3 0 0 2 4 7 4b 7f
3 0 1 1 4 7 43 7f
3 0 1 3 4 7 41 7f
3 0 1 0 4 7 4b 7f
3 0 1 7 2 7 0a 7f
3 0 1 5 2 7 0e 7f
3 0 1 1 6 7 07 7f
3 0 1 6 2 7 42 7f
3 0 1 3 4 7 41 7f
3 0 1 7 0 7 00 7f
3 0 1 5 0 7 04 7f
3 0 0 7 0 7 04 7f
3 0 1 4 0 7 24 7f
3 0 1 6 0 7 60 7f
3 0 1 6 0 7 60 7f
3 0 1 4 0 7 64 7f
3 0 1 2 7 7 75 7f
3 0 0 1 7 7 75 7f
3 0 1 2 7 7 75 7f
3 0 0 6 7 7 75 7f
3 0 1 5 0 7 54 7f
3 0 1 3 7 7 45 7f
3 0 1 5 0 7 44 7f
3 0 1 5 0 7 44 7f
3 0 1 0 7 7 4f 7f
3 0 1 1 7 7 47 7f
3 0 1 3 7 7 45 7f
3 0 0 4 7 7 45 7f
3 0 1 0 7 7 4f 7f
3 0 1 1 7 7 47 7f
3 0 1 6 2 7 42 7f
3 0 0 6 2 7 42 7f
3 0 1 4 2 7 66 7f
3 0 1 1 7 7 67 7f
3 0 1 3 7 7 65 7f
3 0 1 7 0 7 20 7f
3 0 1 4 0 7 24 7f
3 0 1 1 6 7 27 7f
3 0 1 4 2 7 26 7f
3 0 1 0 6 7 2f 7f
3 0 1 1 6 7 27 7f
3 0 1 0 6 7 2f 7f
3 0 1 2 6 7 3d 7f
3 0 1 1 6 7 37 7f
3 0 1 1 6 7 37 7f
3 0 1 4 3 7 36 7f
3 0 0 4 3 7 36 7f
3 0 1 1 6 7 37 7f
3 0 1 2 6 7 35 7f
3 0 0 0 6 7 35 7f
3 0 1 3 6 7 25 7f
3 0 1 2 6 7 35 7f
3 0 1 4 0 7 34 7f
3 0 0 0 0 7 34 7f
3 0 1 7 0 7 30 7f
3 0 1 3 5 7 21 7f
3 0 1 7 0 7 20 7f
3 0 0 2 0 7 20 7f
3 0 1 7 0 7 20 7f
3 0 1 0 5 7 2b 7f
3 0 1 7 2 7 2a 7f
3 0 1 2 5 7 39 7f
3 0 0 6 5 7 39 7f
3 0 1 1 5 7 33 7f
3 0 1 2 5 7 31 7f
3 0 1 2 5 7 31 7f
3 0 1 7 0 7 30 7f
3 0 1 0 5 7 3b 7f
3 0 1 7 3 7 3a 7f
3 0 1 5 3 7 1e 7f
3 0 1 7 3 7 1a 7f
3 0 1 2 4 7 19 7f
3 0 1 3 4 7 09 7f
3 0 1 3 4 7 09 7f
3 0 1 5 1 7 0c 7f
3 0 1 7 1 7 08 7f
3 0 1 6 1 7 48 7f
3 0 1 1 4 7 43 7f
3 0 1 3 4 7 41 7f
3 0 0 5 4 7 41 7f
3 0 0 1 4 7 41 7f
3 0 1 7 0 7 00 7f
3 0 1 0 4 7 0b 7f
3 0 1 6 2 7 4a 7f
3 0 0 5 2 7 4a 7f
3 0 1 6 2 7 4a 7f
3 0 1 3 4 7 49 7f
3 0 1 5 1 7 4c 7f
3 0 1 2 7 7 5d 7f
3 0 0 2 7 7 5d 7f
3 0 1 4 1 7 7c 7f
3 0 0 6 1 7 7c 7f
3 0 1 2 7 7 7d 7f
3 0 0 6 7 7 7d 7f
3 0 0 2 7 7 7d 7f
3 0 1 7 1 7 38 7f
3 0 1 4 1 7 3c 7f
3 0 1 0 6 7 3f 7f
3 0 1 2 6 7 3d 7f
3 0 1 3 6 7 2d 7f
3 0 1 4 1 7 2c 7f
3 0 1 4 1 7 2c 7f
3 0 0 3 1 7 2c 7f
3 0 0 2 1 7 2c 7f
3 0 1 5 1 7 0c 7f
3 0 1 4 1 7 2c 7f
3 0 1 2 6 7 3d 7f
3 0 1 5 1 7 1c 7f
3 0 0 2 1 7 1c 7f
3 0 1 1 6 7 17 7f
3 0 1 1 6 7 17 7f
3 0 1 2 6 7 15 7f
3 0 1 6 0 7 50 7f
3 0 1 5 0 7 54 7f
3 0 0 4 0 7 54 7f
3 0 1 4 0 7 74 7f
3 0 1 7 0 7 30 7f
3 0 0 7 0 7 30 7f
3 0 0 3 0 7 30 7f
3 0 1 0 5 7 3b 7f
3 0 1 0 5 7 3b 7f
3 0 1 7 3 7 3a 7f
3 0 1 4 3 7 3e 7f
3 0 1 1 6 7 37 7f
3 0 1 2 6 7 35 7f
3 0 1 0 6 7 3f 7f
3 0 1 0 6 7 3f 7f
3 0 1 7 3 7 3a 7f
3 0 0 2 3 7 3a 7f
3 0 1 7 3 7 3a 7f
3 0 1 3 5 7 29 7f
3 0 1 7 1 7 28 7f
3 0 1 2 5 7 39 7f
3 0 1 4 1 7 3c 7f
3 0 1 0 6 7 3f 7f
3 0 1 2 6 7 3d 7f
3 0 0 4 6 7 3d 7f
3 0 1 5 1 7 1c 7f
3 0 1 4 1 7 3c 7f
3 0 0 3 1 7 3c 7f
3 0 1 3 6 7 2d 7f
3 0 1 0 6 7 2f 7f
3 0 1 7 2 7 2a 7f
3 0 1 1 5 7 23 7f
3 0 0 1 5 7 23 7f
3 0 0 5 5 7 23 7f
3 0 1 0 5 7 2b 7f
3 0 1 0 5 7 2b 7f
3 0 1 2 5 7 39 7f
3 0 1 3 5 7 29 7f
3 0 1 0 5 7 2b 7f
3 0 1 4 2 7 2e 7f
3 0 1 2 6 7 3d 7f
3 0 0 1 6 7 3d 7f
3 0 1 5 1 7 1c 7f
3 0 1 5 1 7 1c 7f
3 0 1 2 6 7 1d 7f
3 0 1 1 6 7 17 7f
3 0 1 4 3 7 36 7f
3 0 1 4 3 7 36 7f
3 0 1 3 6 7 25 7f
3 0 0 6 6 7 25 7f
3 0 1 0 6 7 2f 7f
3 0 1 0 6 7 2f 7f
3 0 1 5 2 7 0e 7f
3 0 1 7 2 7 0a 7f
3 0 1 1 4 7 03 7f
3 0 1 4 2 7 26 7f
3 0 1 0 6 7 2f 7f
3 0 1 4 2 7 2e 7f
3 0 1 7 2 7 2a 7f
3 0 1 6 2 7 6a 7f
3 0 1 6 2 7 6a 7f
3 0 0 0 2 7 6a 7f
3 0 1 3 5 7 69 7f
3 0 1 3 5 7 69 7f
3 0 1 3 5 7 69 7f
3 0 1 7 1 7 28 7f
3 0 1 2 5 7 39 7f
3 0 1 5 1 7 1c 7f
3 0 1 5 1 7 1c 7f
3 0 1 4 1 7 3c 7f
3 0 1 4 1 7 3c 7f
3 0 1 5 1 7 1c 7f
3 0 1 2 6 7 1d 7f
3 0 1 1 6 7 17 7f
3 0 1 6 3 7 52 7f
3 0 1 4 3 7 76 7f
3 0 1 6 3 7 72 7f
3 0 1 6 3 7 72 7f
3 0 1 2 5 7 71 7f
3 0 0 1 5 7 71 7f
3 0 0 2 5 7 71 7f
3 0 1 4 0 7 74 7f
3 0 1 2 7 7 75 7f
3 0 1 2 7 7 75 7f
3 0 1 0 7 7 7f 7f
3 0 1 2 7 7 7d 7f
3 0 1 7 1 7 38 7f
3 0 1 2 5 7 39 7f
3 0 1 5 1 7 1c 7f
3 0 0 0 1 7 1c 7f
3 0 1 5 1 7 1c 7f
3 0 1 2 6 7 1d 7f
3 0 0 0 6 7 1d 7f
3 0 1 3 6 7 0d 7f
3 0 1 1 6 7 07 7f
3 0 0 7 6 7 07 7f
3 0 1 2 6 7 15 7f
3 0 1 7 0 7 10 7f
3 0 1 3 4 7 01 7f
3 0 1 1 4 7 03 7f
3 0 1 2 4 7 11 7f
3 0 1 1 4 7 13 7f
3 0 0 5 4 7 13 7f
3 0 1 0 4 7 1b 7f
3 0 1 6 3 7 5a 7f
3 0 1 5 3 7 5e 7f
3 0 1 6 3 7 5a 7f
3 0 1 6 3 7 5a 7f
3 0 1 1 4 7 53 7f
3 0 1 4 3 7 76 7f
3 0 0 5 3 7 76 7f
3 0 1 1 7 7 77 7f
3 0 0 2 7 7 77 7f
3 0 1 5 3 7 56 7f
3 0 1 0 7 7 5f 7f
3 0 1 4 3 7 7e 7f
3 0 1 7 3 7 3a 7f
3 0 0 7 3 7 3a 7f
3 0 0 4 3 7 3a 7f
3 0 1 3 5 7 29 7f
3 0 1 5 1 7 0c 7f
3 0 1 7 1 7 08 7f
3 0 1 4 1 7 2c 7f
3 0 1 7 1 7 28 7f
3 0 1 7 1 7 28 7f
3 0 0 5 1 7 28 7f
3 0 0 6 1 7 28 7f
3 0 1 7 1 7 28 7f
3 0 1 7 1 7 28 7f
3 0 1 6 1 7 68 7f
3 0 0 4 1 7 68 7f
3 0 1 5 1 7 4c 7f
3 0 1 4 1 7 6c 7f
3 0 1 5 1 7 4c 7f
3 0 1 7 1 7 08 7f
3 1 1 6 0 7 00 7f
3 0 1 1 4 7 03 7f
3 0 1 3 4 7 01 7f
3 0 1 6 0 7 40 7f
3 0 1 4 0 7 64 7f
3 0 1 3 7 7 65 7f
3 0 1 0 7 7 6f 7f
3 0 1 1 7 7 67 7f
3 0 1 3 7 7 65 7f
3 0 0 2 7 7 65 7f
3 0 1 5 0 7 44 7f
3 0 1 4 0 7 64 7f
3 0 1 6 0 7 60 7f
3 0 1 0 5 7 6b 7f
3 0 1 7 2 7 2a 7f
3 1 1 5 0 7 00 7f
3 0 1 4 0 7 24 7f
3 0 1 2 6 7 35 7f
3 0 1 2 6 7 35 7f
3 0 1 4 0 7 34 7f
3 0 1 5 0 7 14 7f
3 0 1 2 6 7 15 7f
3 0 1 5 0 7 14 7f
3 0 1 5 0 7 14 7f
3 0 1 3 6 7 05 7f
3 0 0 0 6 7 05 7f
3 0 1 2 6 7 15 7f
3 0 1 5 0 7 14 7f
3 0 1 3 6 7 05 7f
3 0 1 7 0 7 00 7f
3 0 1 0 4 7 0b 7f
3 0 1 3 4 7 09 7f
3 0 0 3 4 7 09 7f
3 0 1 2 4 7 19 7f
3 0 1 5 1 7 1c 7f
3 0 1 2 6 7 1d 7f
3 0 1 4 1 7 3c 7f
3 0 0 1 1 7 3c 7f
3 0 1 3 6 7 2d 7f
3 0 0 3 6 7 2d 7f
3 0 1 2 6 7 3d 7f
3 0 1 4 1 7 3c 7f
3 0 1 6 1 7 78 7f
3 0 0 0 1 7 78 7f
3 0 1 6 1 7 78 7f
3 0 1 5 1 7 5c 7f
3 0 1 6 1 7 58 7f
3 0 1 2 4 7 59 7f
3 0 1 1 4 7 53 7f
3 0 1 5 3 7 56 7f
3 0 0 4 3 7 56 7f
3 0 0 2 3 7 56 7f
3 0 1 1 7 7 57 7f
3 0 1 6 3 7 52 7f
3 0 1 1 4 7 53 7f
3 0 0 7 4 7 53 7f
3 0 1 4 3 7 76 7f
3 0 1 2 7 7 75 7f
3 0 1 1 7 7 77 7f
3 0 1 1 7 7 77 7f
3 0 1 1 7 7 77 7f
3 0 0 5 7 7 77 7f
3 0 0 6 7 7 77 7f
3 0 0 6 7 7 77 7f
3 0 1 6 3 7 72 7f
3 0 0 5 3 7 72 7f
3 0 1 5 3 7 56 7f
3 0 1 6 3 7 52 7f
3 0 1 0 4 7 5b 7f
3 0 1 2 4 7 59 7f
3 0 1 7 1 7 18 7f
3 0 1 5 1 7 1c 7f
3 0 1 7 1 7 18 7f
3 0 1 6 1 7 58 7f
3 0 1 2 4 7 59 7f
3 0 1 4 1 7 7c 7f
3 0 1 5 1 7 5c 7f
3 0 0 3 1 7 5c 7f
3 0 1 1 7 7 57 7f
3 0 1 6 3 7 52 7f
3 0 0 1 3 7 52 7f
3 0 1 1 4 7 53 7f
3 0 1 2 4 7 51 7f
3 0 1 2 4 7 51 7f
3 0 1 2 4 7 51 7f
3 0 1 6 0 7 50 7f
3 0 0 2 0 7 50 7f
3 0 1 1 4 7 53 7f
3 0 1 6 3 7 52 7f
3 0 1 2 4 7 51 7f
3 0 1 1 4 7 53 7f
3 0 1 3 4 7 41 7f
3 0 1 4 0 7 64 7f
3 0 1 7 0 7 20 7f
3 0 0 2 0 7 20 7f
3 0 0 6 0 7 20 7f
3 0 1 1 5 7 23 7f
3 0 0 6 5 7 23 7f
3 0 1 7 2 7 22 7f
3 0 1 5 2 7 06 7f
3 0 0 1 2 7 06 7f
3 0 1 6 2 7 42 7f
3 0 1 7 2 7 02 7f
3 0 1 5 2 7 06 7f
3 0 1 1 6 7 07 7f
3 0 1 4 2 7 26 7f
3 0 1 5 2 7 06 7f
3 0 0 0 2 7 06 7f
3 0 1 5 2 7 06 7f
3 0 1 5 2 7 06 7f
3 0 1 0 6 7 0f 7f
3 0 1 2 6 7 1d 7f
3 0 0 6 6 7 1d 7f
3 0 1 2 6 7 1d 7f
3 0 1 3 6 7 0d 7f
3 0 1 1 6 7 07 7f
3 0 1 2 6 7 15 7f
3 0 1 2 6 7 15 7f
3 0 1 4 0 7 34 7f
3 0 1 7 0 7 30 7f
3 0 1 0 5 7 3b 7f
3 0 1 6 3 7 7a 7f
3 0 1 0 5 7 7b 7f
3 0 1 1 5 7 73 7f
3 0 0 1 5 7 73 7f
3 0 1 0 5 7 7b 7f
3 0 1 0 5 7 7b 7f
3 0 0 1 5 7 7b 7f
3 0 1 6 3 7 7a 7f
3 0 1 6 3 7 7a 7f
3 0 0 2 3 7 7a 7f
3 0 1 2 5 7 79 7f
3 0 1 1 5 7 73 7f
3 0 1 6 3 7 72 7f
3 0 1 0 5 7 7b 7f
3 0 1 4 3 7 7e 7f
3 0 1 2 7 7 7d 7f
3 0 0 4 7 7 7d 7f
3 0 1 7 1 7 38 7f
3 0 1 6 1 7 78 7f
3 0 1 1 5 7 73 7f
3 0 1 7 3 7 32 7f
3 0 1 6 3 7 72 7f
3 0 1 6 3 7 72 7f
3 0 0 4 3 7 72 7f
3 0 0 6 3 7 72 7f
3 0 1 7 3 7 32 7f
3 0 1 3 5 7 21 7f
3 0 1 1 5 7 23 7f
3 0 1 4 2 7 26 7f
3 0 1 7 2 7 22 7f
3 0 1 3 5 7 21 7f
3 0 0 4 5 7 21 7f
3 0 1 5 0 7 04 7f
3 0 1 2 6 7 15 7f
3 0 0 1 6 7 15 7f
3 0 1 4 0 7 34 7f
3 0 1 6 0 7 70 7f
3 0 1 7 0 7 30 7f
3 0 1 3 5 7 21 7f
3 0 0 7 5 7 21 7f
3 0 1 4 0 7 24 7f
3 0 1 3 6 7 25 7f
3 0 1 3 6 7 25 7f
3 0 1 2 6 7 35 7f
3 0 0 7 6 7 35 7f
3 0 1 4 0 7 34 7f
3 0 1 6 0 7 70 7f
3 0 1 5 0 7 54 7f
3 0 1 0 7 7 5f 7f
3 0 0 6 7 7 5f 7f
3 1 1 7 0 7 00 7f
3 0 1 4 0 7 24 7f
3 0 0 2 0 7 24 7f
3 0 1 3 6 7 25 7f
3 0 1 6 0 7 60 7f
3 0 1 3 5 7 61 7f
3 0 1 0 5 7 6b 7f
3 0 1 2 5 7 79 7f
3 0 0 0 5 7 79 7f
3 0 1 2 5 7 79 7f
3 0 1 1 5 7 73 7f
3 0 1 2 5 7 71 7f
3 0 1 1 5 7 73 7f
3 0 1 1 5 7 73 7f
3 0 1 2 5 7 71 7f
