0 0000 0 1 1 1
1 0001 1 1 1 1
1 0002 1 1 1 1
1 0004 1 1 1 1
1 0008 1 1 1 1
1 0010 1 1 1 1
1 0020 1 1 1 1
1 0040 1 1 1 1
1 0080 1 1 1 1
1 0100 1 1 1 1
1 0200 1 1 1 1
1 0400 1 1 1 1
1 0800 1 1 1 1
1 1000 1 1 1 1
1 2000 1 1 1 1
1 4000 1 1 1 1
1 8000 1 1 1 1
2 0003 0 1 0 1
2 0005 0 1 0 1
2 0009 0 1 0 1
2 0011 0 1 0 1
2 0021 0 1 0 1
2 0041 0 1 0 1
2 0081 0 1 0 1
2 0101 0 1 0 1
2 0201 0 1 0 1
2 0401 0 1 0 1
2 0801 0 1 0 1
2 1001 0 1 0 1
2 2001 0 1 0 1
2 4001 0 1 0 1
2 8001 0 1 0 1
2 0006 0 1 0 1
2 000a 0 1 0 1
2 0012 0 1 0 1
2 0022 0 1 0 1
2 0042 0 1 0 1
2 0082 0 1 0 1
2 0102 0 1 0 1
2 0202 0 1 0 1
2 0402 0 1 0 1
2 0802 0 1 0 1
2 1002 0 1 0 1
2 2002 0 1 0 1
2 4002 0 1 0 1
2 8002 0 1 0 1
2 000c 0 1 0 1
2 0014 0 1 0 1
2 0024 0 1 0 1
2 0044 0 1 0 1
2 0084 0 1 0 1
2 0104 0 1 0 1
2 0204 0 1 0 1
2 0404 0 1 0 1
2 0804 0 1 0 1
2 1004 0 1 0 1
2 2004 0 1 0 1
2 4004 0 1 0 1
2 8004 0 1 0 1
2 0018 0 1 0 1
2 0028 0 1 0 1
2 0048 0 1 0 1
2 0088 0 1 0 1
2 0108 0 1 0 1
2 0208 0 1 0 1
2 0408 0 1 0 1
2 0808 0 1 0 1
2 1008 0 1 0 1
2 2008 0 1 0 1
2 4008 0 1 0 1
2 8008 0 1 0 1
2 0030 0 1 0 1
2 0050 0 1 0 1
2 0090 0 1 0 1
2 0110 0 1 0 1
2 0210 0 1 0 1
2 0410 0 1 0 1
2 0810 0 1 0 1
2 1010 0 1 0 1
2 2010 0 1 0 1
2 4010 0 1 0 1
2 8010 0 1 0 1
2 0060 0 1 0 1
2 00a0 0 1 0 1
2 0120 0 1 0 1
2 0220 0 1 0 1
2 0420 0 1 0 1
2 0820 0 1 0 1
2 1020 0 1 0 1
2 2020 0 1 0 1
2 4020 0 1 0 1
2 8020 0 1 0 1
2 00c0 0 1 0 1
2 0140 0 1 0 1
2 0240 0 1 0 1
2 0440 0 1 0 1
2 0840 0 1 0 1
2 1040 0 1 0 1
2 2040 0 1 0 1
2 4040 0 1 0 1
2 8040 0 1 0 1
2 0180 0 1 0 1
2 0280 0 1 0 1
2 0480 0 1 0 1
2 0880 0 1 0 1
2 1080 0 1 0 1
2 2080 0 1 0 1
2 4080 0 1 0 1
2 8080 0 1 0 1
2 0300 0 1 0 1
2 0500 0 1 0 1
2 0900 0 1 0 1
2 1100 0 1 0 1
2 2100 0 1 0 1
2 4100 0 1 0 1
2 8100 0 1 0 1
2 0600 0 1 0 1
2 0a00 0 1 0 1
2 1200 0 1 0 1
2 2200 0 1 0 1
2 4200 0 1 0 1
2 8200 0 1 0 1
2 0c00 0 1 0 1
2 1400 0 1 0 1
2 2400 0 1 0 1
2 4400 0 1 0 1
2 8400 0 1 0 1
2 1800 0 1 0 1
2 2800 0 1 0 1
2 4800 0 1 0 1
2 8800 0 1 0 1
2 3000 0 1 0 1
2 5000 0 1 0 1
2 9000 0 1 0 1
2 6000 0 1 0 1
2 a000 0 1 0 1
2 c000 0 1 0 1
3 ffff 0 1 0 1
3 7fff 0 1 0 1
3 fffe 0 1 0 1
3 8001 0 1 0 1
3 c000 0 1 0 1
3 0003 0 1 0 1
3 5555 0 1 0 1
3 aaaa 0 1 0 1
3 8000 1 1 1 1
3 0001 1 1 1 1
4 0814 0 1 0 1
4 0001 1 1 1 1
4 c000 0 1 0 1
4 14b0 0 1 0 1
4 0802 0 1 0 1
4 08a0 0 1 0 1
4 002c 0 1 0 1
4 0008 1 1 1 1
4 0004 1 1 1 1
4 4018 0 1 0 1
4 0080 1 1 1 1
4 1014 0 1 0 1
4 1000 1 1 1 1
4 1400 0 1 0 1
4 0040 1 1 1 1
4 2000 1 1 1 1
4 1000 1 1 1 1
4 0019 0 1 0 1
4 0209 0 1 0 1
4 0040 1 1 1 1
4 0400 1 1 1 1
4 0004 1 1 1 1
4 0001 1 1 1 1
4 15b7 0 1 0 1
4 7f2a 0 1 0 1
4 ebc1 0 1 0 1
4 2000 1 1 1 1
4 1000 1 1 1 1
4 0004 1 1 1 1
4 2536 0 1 0 1
4 0002 1 1 1 1
4 0100 1 1 1 1
4 aee7 0 1 0 1
4 da1b 0 1 0 1
4 0100 1 1 1 1
4 ff7a 0 1 0 1
4 0008 1 1 1 1
4 0284 0 1 0 1
4 0b04 0 1 0 1
4 2004 0 1 0 1
4 2008 0 1 0 1
4 5d95 0 1 0 1
4 8048 0 1 0 1
4 bee6 0 1 0 1
4 1000 1 1 1 1
4 5426 0 1 0 1
4 2000 1 1 1 1
4 0040 1 1 1 1
4 4000 1 1 1 1
4 2400 0 1 0 1
4 0200 1 1 1 1
4 0108 0 1 0 1
4 0001 1 1 1 1
4 20a0 0 1 0 1
4 0004 1 1 1 1
4 1082 0 1 0 1
4 2900 0 1 0 1
4 0410 0 1 0 1
4 0820 0 1 0 1
4 8001 0 1 0 1
4 0100 1 1 1 1
4 0008 1 1 1 1
4 25f8 0 1 0 1
4 0002 1 1 1 1
4 4000 1 1 1 1
4 1000 1 1 1 1
4 1001 0 1 0 1
4 0204 0 1 0 1
4 0106 0 1 0 1
4 4bc7 0 1 0 1
4 0004 1 1 1 1
4 4804 0 1 0 1
4 c3a0 0 1 0 1
4 0c20 0 1 0 1
4 8020 0 1 0 1
4 0002 1 1 1 1
4 0014 0 1 0 1
4 0020 1 1 1 1
4 0001 1 1 1 1
4 0020 1 1 1 1
4 4300 0 1 0 1
4 6366 0 1 0 1
4 0020 1 1 1 1
4 7b68 0 1 0 1
4 f249 0 1 0 1
4 0404 0 1 0 1
4 2000 1 1 1 1
4 4f0a 0 1 0 1
4 86e8 0 1 0 1
4 a440 0 1 0 1
4 0200 1 1 1 1
4 0080 1 1 1 1
4 0008 1 1 1 1
4 8000 1 1 1 1
4 0482 0 1 0 1
4 0001 1 1 1 1
4 4080 0 1 0 1
4 20a0 0 1 0 1
4 9fff 0 1 0 1
4 0281 0 1 0 1
4 15aa 0 1 0 1
4 0c02 0 1 0 1
4 2202 0 1 0 1
4 0040 1 1 1 1
4 0020 1 1 1 1
4 0004 1 1 1 1
4 0800 1 1 1 1
4 7861 0 1 0 1
4 891b 0 1 0 1
4 1801 0 1 0 1
4 0400 1 1 1 1
4 0400 1 1 1 1
4 4000 1 1 1 1
4 00d0 0 1 0 1
4 0008 1 1 1 1
4 8080 0 1 0 1
4 0040 1 1 1 1
4 0008 1 1 1 1
4 0002 1 1 1 1
4 0004 1 1 1 1
4 0800 1 1 1 1
4 0001 1 1 1 1
4 2060 0 1 0 1
4 0080 1 1 1 1
4 0100 1 1 1 1
4 aeca 0 1 0 1
4 0001 1 1 1 1
4 0301 0 1 0 1
4 2000 1 1 1 1
4 0100 1 1 1 1
4 2600 0 1 0 1
4 0002 1 1 1 1
4 8010 0 1 0 1
4 0020 1 1 1 1
4 5000 0 1 0 1
4 0200 1 1 1 1
4 0001 1 1 1 1
4 4008 0 1 0 1
4 0680 0 1 0 1
4 1040 0 1 0 1
4 0004 1 1 1 1
4 0280 0 1 0 1
4 40c0 0 1 0 1
4 0400 1 1 1 1
4 8022 0 1 0 1
4 0400 1 1 1 1
4 06e0 0 1 0 1
4 0040 1 1 1 1
4 0410 0 1 0 1
4 0400 1 1 1 1
4 1808 0 1 0 1
4 c579 0 1 0 1
4 0005 0 1 0 1
4 6bfc 0 1 0 1
4 2880 0 1 0 1
4 0088 0 1 0 1
4 0200 1 1 1 1
4 3482 0 1 0 1
4 0080 1 1 1 1
4 0400 1 1 1 1
4 0004 1 1 1 1
4 0400 1 1 1 1
4 0008 1 1 1 1
4 d2f6 0 1 0 1
4 1240 0 1 0 1
4 de4e 0 1 0 1
4 0800 1 1 1 1
4 0108 0 1 0 1
4 1200 0 1 0 1
4 0020 1 1 1 1
4 2bea 0 1 0 1
4 0200 1 1 1 1
4 0100 1 1 1 1
4 7000 0 1 0 1
4 0100 1 1 1 1
4 0110 0 1 0 1
4 8408 0 1 0 1
4 0400 1 1 1 1
4 0800 1 1 1 1
4 0d04 0 1 0 1
4 4751 0 1 0 1
4 0201 0 1 0 1
4 0008 1 1 1 1
4 0038 0 1 0 1
4 2265 0 1 0 1
4 0148 0 1 0 1
4 6c50 0 1 0 1
4 0002 1 1 1 1
4 8020 0 1 0 1
4 0800 1 1 1 1
4 4440 0 1 0 1
4 0008 1 1 1 1
4 0004 1 1 1 1
4 4100 0 1 0 1
4 8000 1 1 1 1
4 2fb3 0 1 0 1
4 0315 0 1 0 1
4 55e1 0 1 0 1
4 0020 1 1 1 1
4 0002 1 1 1 1
4 94c0 0 1 0 1
4 0400 1 1 1 1
4 0030 0 1 0 1
4 1001 0 1 0 1
4 1000 1 1 1 1
4 4000 1 1 1 1
4 0026 0 1 0 1
4 0040 1 1 1 1
4 ecaa 0 1 0 1
4 61a5 0 1 0 1
4 26ef 0 1 0 1
4 0046 0 1 0 1
4 2080 0 1 0 1
4 0008 1 1 1 1
4 f6da 0 1 0 1
4 0130 0 1 0 1
4 c5a4 0 1 0 1
4 0009 0 1 0 1
4 4000 1 1 1 1
4 8008 0 1 0 1
4 0040 1 1 1 1
4 4018 0 1 0 1
4 0081 0 1 0 1
4 2000 1 1 1 1
4 0c00 0 1 0 1
4 0500 0 1 0 1
4 0001 1 1 1 1
4 0040 1 1 1 1
4 0002 1 1 1 1
4 0001 1 1 1 1
4 4020 0 1 0 1
4 0006 0 1 0 1
4 2005 0 1 0 1
4 0010 1 1 1 1
4 92b2 0 1 0 1
4 8c00 0 1 0 1
4 0800 1 1 1 1
4 8402 0 1 0 1
4 0106 0 1 0 1
4 0180 0 1 0 1
4 0240 0 1 0 1
4 6c7f 0 1 0 1
4 0002 1 1 1 1
4 00c0 0 1 0 1
4 0880 0 1 0 1
4 1004 0 1 0 1
4 0422 0 1 0 1
4 0400 1 1 1 1
4 8011 0 1 0 1
4 0054 0 1 0 1
4 8000 1 1 1 1
4 0001 1 1 1 1
4 0200 1 1 1 1
4 0008 1 1 1 1
4 93c2 0 1 0 1
4 0040 1 1 1 1
4 0148 0 1 0 1
4 4020 0 1 0 1
4 0200 1 1 1 1
4 2000 1 1 1 1
4 0040 1 1 1 1
4 8010 0 1 0 1
4 8500 0 1 0 1
4 0302 0 1 0 1
4 0046 0 1 0 1
4 1004 0 1 0 1
4 0320 0 1 0 1
4 2657 0 1 0 1
4 2180 0 1 0 1
4 0001 1 1 1 1
4 4800 0 1 0 1
4 146d 0 1 0 1
4 b2f4 0 1 0 1
4 0030 0 1 0 1
4 0400 1 1 1 1
4 bcaa 0 1 0 1
4 1820 0 1 0 1
4 0020 1 1 1 1
4 0420 0 1 0 1
4 5004 0 1 0 1
4 4200 0 1 0 1
4 0100 1 1 1 1
4 0202 0 1 0 1
4 8012 0 1 0 1
4 8090 0 1 0 1
4 4101 0 1 0 1
4 0020 1 1 1 1
4 0004 1 1 1 1
4 0004 1 1 1 1
4 0081 0 1 0 1
4 0082 0 1 0 1
4 0020 1 1 1 1
4 0100 1 1 1 1
4 0008 1 1 1 1
4 0100 1 1 1 1
4 0108 0 1 0 1
4 0040 1 1 1 1
4 8840 0 1 0 1
4 4008 0 1 0 1
4 4014 0 1 0 1
4 0020 1 1 1 1
4 1000 1 1 1 1
4 4000 1 1 1 1
4 020a 0 1 0 1
4 6359 0 1 0 1
4 040c 0 1 0 1
4 00a0 0 1 0 1
4 ee2b 0 1 0 1
4 0008 1 1 1 1
4 0001 1 1 1 1
4 4020 0 1 0 1
4 4000 1 1 1 1
4 e4e2 0 1 0 1
4 4000 1 1 1 1
4 0404 0 1 0 1
4 0014 0 1 0 1
4 0100 1 1 1 1
4 2923 0 1 0 1
4 8009 0 1 0 1
4 26d5 0 1 0 1
4 0020 1 1 1 1
4 126a 0 1 0 1
4 0850 0 1 0 1
4 8002 0 1 0 1
4 8012 0 1 0 1
4 2693 0 1 0 1
4 8000 1 1 1 1
4 429d 0 1 0 1
4 0800 1 1 1 1
4 0200 1 1 1 1
4 0001 1 1 1 1
4 8000 1 1 1 1
4 bf05 0 1 0 1
4 0800 1 1 1 1
4 0044 0 1 0 1
4 0801 0 1 0 1
4 0004 1 1 1 1
4 0001 1 1 1 1
4 0881 0 1 0 1
4 0002 1 1 1 1
4 0200 1 1 1 1
4 0044 0 1 0 1
4 fb01 0 1 0 1
4 0040 1 1 1 1
4 0008 1 1 1 1
4 0040 1 1 1 1
4 0082 0 1 0 1
4 0100 1 1 1 1
4 5bc3 0 1 0 1
4 0100 1 1 1 1
4 0011 0 1 0 1
4 0800 1 1 1 1
4 0010 1 1 1 1
4 4001 0 1 0 1
4 0084 0 1 0 1
4 0002 1 1 1 1
4 0c01 0 1 0 1
4 8004 0 1 0 1
4 0010 1 1 1 1
4 b037 0 1 0 1
4 4820 0 1 0 1
4 7290 0 1 0 1
4 7e8d 0 1 0 1
4 0040 1 1 1 1
4 0181 0 1 0 1
4 00c4 0 1 0 1
4 8000 1 1 1 1
4 2000 1 1 1 1
4 8020 0 1 0 1
4 0409 0 1 0 1
4 0004 1 1 1 1
4 0014 0 1 0 1
4 d4c8 0 1 0 1
4 0108 0 1 0 1
4 4040 0 1 0 1
4 1000 1 1 1 1
4 0200 1 1 1 1
4 0424 0 1 0 1
4 0004 1 1 1 1
4 0002 1 1 1 1
4 1004 0 1 0 1
4 2420 0 1 0 1
4 aa55 0 1 0 1
4 0400 1 1 1 1
4 4000 1 1 1 1
4 0003 0 1 0 1
4 4008 0 1 0 1
4 0100 1 1 1 1
4 004a 0 1 0 1
4 0400 1 1 1 1
4 1000 1 1 1 1
4 2000 1 1 1 1
4 1448 0 1 0 1
4 4b3a 0 1 0 1
4 0081 0 1 0 1
4 0064 0 1 0 1
4 0800 1 1 1 1
4 1030 0 1 0 1
4 8d83 0 1 0 1
4 2000 1 1 1 1
4 8001 0 1 0 1
4 0048 0 1 0 1
4 1000 1 1 1 1
4 1200 0 1 0 1
4 0800 1 1 1 1
4 c400 0 1 0 1
4 0800 1 1 1 1
4 2280 0 1 0 1
4 0018 0 1 0 1
4 2000 1 1 1 1
4 4f1c 0 1 0 1
4 4200 0 1 0 1
4 1000 1 1 1 1
4 0400 1 1 1 1
4 0920 0 1 0 1
4 0002 1 1 1 1
4 0002 1 1 1 1
4 2408 0 1 0 1
4 0080 1 1 1 1
4 2358 0 1 0 1
4 0280 0 1 0 1
4 e50a 0 1 0 1
4 0006 0 1 0 1
4 0108 0 1 0 1
4 0001 1 1 1 1
4 0040 1 1 1 1
4 3b47 0 1 0 1
4 0091 0 1 0 1
4 1000 1 1 1 1
4 0100 1 1 1 1
4 4000 1 1 1 1
4 0020 1 1 1 1
4 0810 0 1 0 1
4 0001 1 1 1 1
4 0202 0 1 0 1
4 00be 0 1 0 1
4 0008 1 1 1 1
4 0200 1 1 1 1
4 0001 1 1 1 1
4 2880 0 1 0 1
4 1000 1 1 1 1
4 0010 1 1 1 1
4 d78c 0 1 0 1
4 5100 0 1 0 1
4 0004 1 1 1 1
4 0d0c 0 1 0 1
4 d280 0 1 0 1
4 014f 0 1 0 1
4 0c6f 0 1 0 1
4 0400 1 1 1 1
4 0400 1 1 1 1
4 0008 1 1 1 1
4 0020 1 1 1 1
4 0e55 0 1 0 1
4 4240 0 1 0 1
4 0009 0 1 0 1
4 0020 1 1 1 1
4 0040 1 1 1 1
4 1104 0 1 0 1
4 0040 1 1 1 1
4 7f4e 0 1 0 1
4 2002 0 1 0 1
4 0200 1 1 1 1
4 0001 1 1 1 1
4 0004 1 1 1 1
4 0500 0 1 0 1
4 08c0 0 1 0 1
4 0001 1 1 1 1
4 9a46 0 1 0 1
4 1000 1 1 1 1
4 0008 1 1 1 1
4 0020 1 1 1 1
4 0080 1 1 1 1
4 ce8d 0 1 0 1
4 0002 1 1 1 1
4 000c 0 1 0 1
4 0109 0 1 0 1
4 0220 0 1 0 1
4 6800 0 1 0 1
4 0024 0 1 0 1
4 0400 1 1 1 1
4 0030 0 1 0 1
4 216d 0 1 0 1
4 4090 0 1 0 1
4 5832 0 1 0 1
4 3727 0 1 0 1
4 0004 1 1 1 1
4 8001 0 1 0 1
4 0008 1 1 1 1
4 0043 0 1 0 1
4 c036 0 1 0 1
4 0040 1 1 1 1
4 e22c 0 1 0 1
4 0004 1 1 1 1
4 4000 1 1 1 1
4 1003 0 1 0 1
4 f592 0 1 0 1
4 0600 0 1 0 1
4 0004 1 1 1 1
4 0004 1 1 1 1
4 8140 0 1 0 1
4 5ee6 0 1 0 1
4 0c10 0 1 0 1
4 b48c 0 1 0 1
4 8000 1 1 1 1
4 0444 0 1 0 1
4 ba24 0 1 0 1
4 8802 0 1 0 1
4 0010 1 1 1 1
4 4000 1 1 1 1
4 0010 1 1 1 1
4 0100 1 1 1 1
4 8797 0 1 0 1
4 2000 1 1 1 1
4 0010 1 1 1 1
4 02c0 0 1 0 1
4 33fb 0 1 0 1
4 0cc2 0 1 0 1
4 0008 1 1 1 1
4 0400 1 1 1 1
4 73dc 0 1 0 1
4 0002 1 1 1 1
4 0010 1 1 1 1
4 d660 0 1 0 1
4 0200 1 1 1 1
4 1000 1 1 1 1
4 0401 0 1 0 1
4 0800 1 1 1 1
4 1000 1 1 1 1
4 0080 1 1 1 1
4 4060 0 1 0 1
4 8000 1 1 1 1
4 2840 0 1 0 1
4 8800 0 1 0 1
4 0680 0 1 0 1
4 0104 0 1 0 1
4 40a0 0 1 0 1
4 0009 0 1 0 1
4 4220 0 1 0 1
4 0801 0 1 0 1
4 8004 0 1 0 1
4 0049 0 1 0 1
4 2000 1 1 1 1
4 4000 1 1 1 1
4 0484 0 1 0 1
4 4000 1 1 1 1
4 4400 0 1 0 1
4 0004 1 1 1 1
4 0400 1 1 1 1
4 5400 0 1 0 1
4 1300 0 1 0 1
4 1480 0 1 0 1
4 16ac 0 1 0 1
4 db35 0 1 0 1
4 4004 0 1 0 1
4 0004 1 1 1 1
4 4028 0 1 0 1
4 0821 0 1 0 1
4 0008 1 1 1 1
4 1090 0 1 0 1
4 1a9c 0 1 0 1
4 0402 0 1 0 1
4 0008 1 1 1 1
4 4440 0 1 0 1
4 2060 0 1 0 1
4 0401 0 1 0 1
4 72d8 0 1 0 1
4 0008 1 1 1 1
4 4004 0 1 0 1
4 0108 0 1 0 1
4 2000 1 1 1 1
4 0040 1 1 1 1
4 2800 0 1 0 1
4 0400 1 1 1 1
4 0cd2 0 1 0 1
4 8420 0 1 0 1
4 0004 1 1 1 1
4 0051 0 1 0 1
4 0028 0 1 0 1
4 6b52 0 1 0 1
4 0040 1 1 1 1
4 1000 1 1 1 1
4 4044 0 1 0 1
4 63d5 0 1 0 1
4 2004 0 1 0 1
4 1000 1 1 1 1
4 3d99 0 1 0 1
4 0240 0 1 0 1
4 0004 1 1 1 1
4 0200 1 1 1 1
4 1240 0 1 0 1
4 0020 1 1 1 1
4 0008 1 1 1 1
4 1080 0 1 0 1
4 c200 0 1 0 1
4 0002 1 1 1 1
4 0034 0 1 0 1
4 831a 0 1 0 1
4 ba9e 0 1 0 1
4 0002 1 1 1 1
4 4041 0 1 0 1
4 0c80 0 1 0 1
4 0002 1 1 1 1
4 0208 0 1 0 1
4 0010 1 1 1 1
4 d236 0 1 0 1
4 0200 1 1 1 1
4 1000 1 1 1 1
4 4280 0 1 0 1
4 1000 1 1 1 1
4 0012 0 1 0 1
4 0008 1 1 1 1
4 8e96 0 1 0 1
4 0200 1 1 1 1
4 0002 1 1 1 1
4 7371 0 1 0 1
4 4080 0 1 0 1
4 0008 1 1 1 1
4 4080 0 1 0 1
4 be56 0 1 0 1
4 65eb 0 1 0 1
4 0008 1 1 1 1
4 8000 1 1 1 1
4 8400 0 1 0 1
4 0004 1 1 1 1
4 5c1f 0 1 0 1
4 400a 0 1 0 1
4 0004 1 1 1 1
4 1810 0 1 0 1
4 4000 1 1 1 1
4 0080 1 1 1 1
4 8000 1 1 1 1
4 0004 1 1 1 1
4 c6f3 0 1 0 1
4 4010 0 1 0 1
4 3100 0 1 0 1
4 1000 1 1 1 1
4 0100 1 1 1 1
4 bacf 0 1 0 1
4 0080 1 1 1 1
4 0a01 0 1 0 1
4 0008 1 1 1 1
4 0480 0 1 0 1
4 8800 0 1 0 1
4 0020 1 1 1 1
4 fb55 0 1 0 1
4 4000 1 1 1 1
4 1004 0 1 0 1
4 2210 0 1 0 1
4 13fb 0 1 0 1
4 20c0 0 1 0 1
4 1808 0 1 0 1
4 1000 1 1 1 1
4 0c80 0 1 0 1
4 0001 1 1 1 1
4 741d 0 1 0 1
4 0024 0 1 0 1
4 a7d3 0 1 0 1
4 0003 0 1 0 1
4 1000 1 1 1 1
4 0080 1 1 1 1
4 0040 1 1 1 1
4 1400 0 1 0 1
4 0008 1 1 1 1
4 0008 1 1 1 1
4 4024 0 1 0 1
4 1000 1 1 1 1
4 2d07 0 1 0 1
4 1a24 0 1 0 1
4 0080 1 1 1 1
4 0500 0 1 0 1
4 0012 0 1 0 1
4 a200 0 1 0 1
4 2359 0 1 0 1
4 a367 0 1 0 1
4 a9cd 0 1 0 1
4 2001 0 1 0 1
4 4000 1 1 1 1
4 4020 0 1 0 1
4 0010 1 1 1 1
4 0102 0 1 0 1
4 a948 0 1 0 1
4 50e1 0 1 0 1
4 0010 1 1 1 1
4 0002 1 1 1 1
4 0104 0 1 0 1
4 0004 1 1 1 1
4 0040 1 1 1 1
4 1a1a 0 1 0 1
4 0100 1 1 1 1
4 1000 1 1 1 1
4 000a 0 1 0 1
4 0021 0 1 0 1
4 0c02 0 1 0 1
4 0400 1 1 1 1
4 0880 0 1 0 1
4 0004 1 1 1 1
4 2808 0 1 0 1
4 4001 0 1 0 1
4 1080 0 1 0 1
4 0080 1 1 1 1
4 5d6d 0 1 0 1
4 2800 0 1 0 1
4 0040 1 1 1 1
4 0412 0 1 0 1
4 8000 1 1 1 1
4 5d67 0 1 0 1
4 2d46 0 1 0 1
4 1400 0 1 0 1
4 2004 0 1 0 1
4 2401 0 1 0 1
4 8102 0 1 0 1
4 0080 1 1 1 1
4 0020 1 1 1 1
4 8004 0 1 0 1
4 a71f 0 1 0 1
4 48e0 0 1 0 1
4 4f10 0 1 0 1
4 8044 0 1 0 1
4 00c0 0 1 0 1
4 0128 0 1 0 1
4 0002 1 1 1 1
4 0020 1 1 1 1
4 4050 0 1 0 1
4 0810 0 1 0 1
4 0100 1 1 1 1
4 0008 1 1 1 1
4 8000 1 1 1 1
4 0810 0 1 0 1
4 0002 1 1 1 1
4 0800 1 1 1 1
4 0504 0 1 0 1
4 8000 1 1 1 1
4 2410 0 1 0 1
4 0480 0 1 0 1
4 65ee 0 1 0 1
4 1000 1 1 1 1
4 8420 0 1 0 1
4 0060 0 1 0 1
4 0218 0 1 0 1
4 0040 1 1 1 1
4 0828 0 1 0 1
4 9a0d 0 1 0 1
4 2011 0 1 0 1
4 1804 0 1 0 1
4 0080 1 1 1 1
4 0800 1 1 1 1
4 1d53 0 1 0 1
4 8200 0 1 0 1
4 8100 0 1 0 1
4 4000 1 1 1 1
4 1000 1 1 1 1
4 5800 0 1 0 1
4 a9eb 0 1 0 1
4 8840 0 1 0 1
4 7cff 0 1 0 1
4 0610 0 1 0 1
4 0400 1 1 1 1
4 b495 0 1 0 1
4 1000 1 1 1 1
4 8300 0 1 0 1
4 0001 1 1 1 1
4 0080 1 1 1 1
4 0090 0 1 0 1
4 2000 1 1 1 1
4 4210 0 1 0 1
4 0010 1 1 1 1
4 0200 1 1 1 1
4 0040 1 1 1 1
4 9001 0 1 0 1
4 e70e 0 1 0 1
4 8080 0 1 0 1
4 2060 0 1 0 1
4 28aa 0 1 0 1
4 004c 0 1 0 1
4 53b0 0 1 0 1
4 4060 0 1 0 1
4 8801 0 1 0 1
4 0402 0 1 0 1
4 4020 0 1 0 1
4 0100 1 1 1 1
4 1000 1 1 1 1
4 0080 1 1 1 1
4 0002 1 1 1 1
4 0600 0 1 0 1
4 5042 0 1 0 1
4 0004 1 1 1 1
4 6baa 0 1 0 1
4 1840 0 1 0 1
4 4400 0 1 0 1
4 0002 1 1 1 1
4 0110 0 1 0 1
4 0010 1 1 1 1
4 1004 0 1 0 1
4 3b5d 0 1 0 1
4 0a80 0 1 0 1
4 1c00 0 1 0 1
4 2f74 0 1 0 1
4 0820 0 1 0 1
4 0801 0 1 0 1
4 8000 1 1 1 1
4 00c1 0 1 0 1
4 0804 0 1 0 1
4 0040 1 1 1 1
4 0100 1 1 1 1
4 0020 1 1 1 1
4 7263 0 1 0 1
4 2000 1 1 1 1
4 0202 0 1 0 1
4 a001 0 1 0 1
4 b3a3 0 1 0 1
4 2d93 0 1 0 1
4 2043 0 1 0 1
4 1001 0 1 0 1
4 2300 0 1 0 1
4 5040 0 1 0 1
4 97f5 0 1 0 1
4 0020 1 1 1 1
4 0080 1 1 1 1
4 1408 0 1 0 1
4 0200 1 1 1 1
4 a75d 0 1 0 1
4 0004 1 1 1 1
4 0800 1 1 1 1
4 2008 0 1 0 1
4 0064 0 1 0 1
4 be6c 0 1 0 1
4 0104 0 1 0 1
4 0400 1 1 1 1
4 0082 0 1 0 1
4 5001 0 1 0 1
4 9485 0 1 0 1
4 0400 1 1 1 1
4 4040 0 1 0 1
4 0100 1 1 1 1
4 0800 1 1 1 1
4 eba4 0 1 0 1
4 2200 0 1 0 1
4 1880 0 1 0 1
4 0520 0 1 0 1
4 3fa9 0 1 0 1
4 0c01 0 1 0 1
4 0085 0 1 0 1
4 15cf 0 1 0 1
4 f22e 0 1 0 1
4 0020 1 1 1 1
4 01a0 0 1 0 1
4 5000 0 1 0 1
4 b59c 0 1 0 1
4 8800 0 1 0 1
4 4000 1 1 1 1
4 4042 0 1 0 1
4 0080 1 1 1 1
4 9e42 0 1 0 1
4 0002 1 1 1 1
4 0410 0 1 0 1
4 e5af 0 1 0 1
4 0002 1 1 1 1
4 0012 0 1 0 1
4 0822 0 1 0 1
4 0004 1 1 1 1
4 0204 0 1 0 1
4 0002 1 1 1 1
4 0080 1 1 1 1
4 0101 0 1 0 1
4 0200 1 1 1 1
4 0800 1 1 1 1
4 0800 1 1 1 1
4 ad5b 0 1 0 1
4 0040 1 1 1 1
4 410c 0 1 0 1
4 0205 0 1 0 1
4 1000 1 1 1 1
4 0020 1 1 1 1
4 4000 1 1 1 1
4 8041 0 1 0 1
4 2200 0 1 0 1
4 8001 0 1 0 1
4 0480 0 1 0 1
4 8000 1 1 1 1
4 0281 0 1 0 1
4 0100 1 1 1 1
4 0001 1 1 1 1
4 2060 0 1 0 1
4 0050 0 1 0 1
4 0004 1 1 1 1
4 4000 1 1 1 1
4 1000 1 1 1 1
4 73d2 0 1 0 1
4 8000 1 1 1 1
4 c720 0 1 0 1
4 e5c0 0 1 0 1
4 0080 1 1 1 1
4 0244 0 1 0 1
4 3eac 0 1 0 1
4 0010 1 1 1 1
4 1980 0 1 0 1
4 1014 0 1 0 1
4 fcca 0 1 0 1
4 7381 0 1 0 1
4 1200 0 1 0 1
4 0808 0 1 0 1
4 1004 0 1 0 1
4 0004 1 1 1 1
4 73b7 0 1 0 1
4 1df6 0 1 0 1
4 3200 0 1 0 1
4 a27b 0 1 0 1
4 4500 0 1 0 1
4 8000 1 1 1 1
4 c001 0 1 0 1
4 6400 0 1 0 1
4 0020 1 1 1 1
4 8000 1 1 1 1
4 2000 1 1 1 1
4 4120 0 1 0 1
4 4938 0 1 0 1
4 0080 1 1 1 1
4 8080 0 1 0 1
4 0008 1 1 1 1
4 0200 1 1 1 1
4 8001 0 1 0 1
4 6fff 0 1 0 1
4 0010 1 1 1 1
4 0200 1 1 1 1
4 0200 1 1 1 1
4 0001 1 1 1 1
4 1400 0 1 0 1
4 0020 1 1 1 1
4 4030 0 1 0 1
4 0200 1 1 1 1
4 9579 0 1 0 1
4 2800 0 1 0 1
4 0242 0 1 0 1
4 1010 0 1 0 1
4 0400 1 1 1 1
4 2002 0 1 0 1
4 ceec 0 1 0 1
4 0800 1 1 1 1
4 8697 0 1 0 1
4 2f7b 0 1 0 1
4 1060 0 1 0 1
4 0008 1 1 1 1
4 4082 0 1 0 1
4 0020 1 1 1 1
4 d6a8 0 1 0 1
4 0008 1 1 1 1
4 2000 1 1 1 1
4 0190 0 1 0 1
4 0100 1 1 1 1
4 0009 0 1 0 1
4 0010 1 1 1 1
4 4280 0 1 0 1
4 f633 0 1 0 1
4 0002 1 1 1 1
4 0300 0 1 0 1
4 0100 1 1 1 1
4 8a00 0 1 0 1
4 f692 0 1 0 1
4 3000 0 1 0 1
4 0488 0 1 0 1
4 a52a 0 1 0 1
4 0020 1 1 1 1
4 2810 0 1 0 1
4 0100 1 1 1 1
4 0400 1 1 1 1
4 0800 1 1 1 1
4 0100 1 1 1 1
4 62bd 0 1 0 1
4 2c37 0 1 0 1
4 8d3b 0 1 0 1
4 0008 1 1 1 1
4 0004 1 1 1 1
4 0200 1 1 1 1
4 30b3 0 1 0 1
4 2000 1 1 1 1
4 c001 0 1 0 1
4 aafe 0 1 0 1
4 c285 0 1 0 1
4 c71b 0 1 0 1
4 5308 0 1 0 1
4 0004 1 1 1 1
4 8880 0 1 0 1
4 01c0 0 1 0 1
4 0103 0 1 0 1
4 8042 0 1 0 1
4 8000 1 1 1 1
4 1200 0 1 0 1
4 4000 1 1 1 1
4 1000 1 1 1 1
4 0810 0 1 0 1
4 371c 0 1 0 1
4 0020 1 1 1 1
4 0020 1 1 1 1
4 b403 0 1 0 1
4 0008 1 1 1 1
4 fb12 0 1 0 1
4 8000 1 1 1 1
4 0490 0 1 0 1
4 0084 0 1 0 1
4 1042 0 1 0 1
4 6080 0 1 0 1
4 0800 1 1 1 1
4 4000 1 1 1 1
4 0200 1 1 1 1
4 0404 0 1 0 1
4 0070 0 1 0 1
4 0008 1 1 1 1
4 9001 0 1 0 1
4 0200 1 1 1 1
4 686e 0 1 0 1
4 8000 1 1 1 1
4 0004 1 1 1 1
4 2100 0 1 0 1
4 cead 0 1 0 1
4 4000 1 1 1 1
4 0060 0 1 0 1
4 6000 0 1 0 1
4 0005 0 1 0 1
4 0013 0 1 0 1
4 1010 0 1 0 1
4 0200 1 1 1 1
4 0400 1 1 1 1
4 4000 1 1 1 1
4 1060 0 1 0 1
4 5008 0 1 0 1
4 0800 1 1 1 1
4 0200 1 1 1 1
4 1000 1 1 1 1
4 0040 1 1 1 1
4 0200 1 1 1 1
4 0008 1 1 1 1
4 2040 0 1 0 1
4 e71d 0 1 0 1
4 6018 0 1 0 1
4 0319 0 1 0 1
4 0020 1 1 1 1
4 8000 1 1 1 1
4 0008 1 1 1 1
4 4800 0 1 0 1
4 4030 0 1 0 1
4 1040 0 1 0 1
4 80ad 0 1 0 1
4 8004 0 1 0 1
4 0011 0 1 0 1
4 0602 0 1 0 1
4 1900 0 1 0 1
4 4000 1 1 1 1
4 c5e1 0 1 0 1
4 0080 1 1 1 1
4 0200 1 1 1 1
4 1000 1 1 1 1
4 d54f 0 1 0 1
4 8104 0 1 0 1
4 8082 0 1 0 1
4 00a0 0 1 0 1
4 800c 0 1 0 1
4 2014 0 1 0 1
4 4020 0 1 0 1
4 85a5 0 1 0 1
4 1040 0 1 0 1
4 8000 1 1 1 1
4 0804 0 1 0 1
4 0100 1 1 1 1
4 8d98 0 1 0 1
4 4408 0 1 0 1
4 0100 1 1 1 1
4 0001 1 1 1 1
4 4000 1 1 1 1
4 0105 0 1 0 1
4 0040 1 1 1 1
4 0006 0 1 0 1
4 0008 1 1 1 1
4 0040 1 1 1 1
4 8200 0 1 0 1
4 0001 1 1 1 1
4 0008 1 1 1 1
4 1002 0 1 0 1
4 1030 0 1 0 1
4 0504 0 1 0 1
4 0080 1 1 1 1
4 000a 0 1 0 1
4 0004 1 1 1 1
4 0004 1 1 1 1
4 8080 0 1 0 1
4 7b82 0 1 0 1
4 2cc1 0 1 0 1
4 0800 1 1 1 1
4 0082 0 1 0 1
4 0300 0 1 0 1
4 0010 1 1 1 1
4 0020 1 1 1 1
4 0100 1 1 1 1
4 2000 1 1 1 1
4 55e9 0 1 0 1
4 2000 1 1 1 1
4 4000 1 1 1 1
4 55c9 0 1 0 1
4 2f22 0 1 0 1
4 1001 0 1 0 1
4 0c10 0 1 0 1
4 0100 1 1 1 1
4 2088 0 1 0 1
4 0022 0 1 0 1
4 0400 1 1 1 1
4 4000 1 1 1 1
4 0200 1 1 1 1
4 0001 1 1 1 1
4 0010 1 1 1 1
4 fd13 0 1 0 1
4 0010 1 1 1 1
4 683e 0 1 0 1
4 0200 1 1 1 1
4 7203 0 1 0 1
4 0100 1 1 1 1
4 4000 1 1 1 1
4 1000 1 1 1 1
4 0001 1 1 1 1
4 0001 1 1 1 1
4 0022 0 1 0 1
4 7371 0 1 0 1
4 0001 1 1 1 1
4 8006 0 1 0 1
4 8600 0 1 0 1
4 0200 1 1 1 1
4 2140 0 1 0 1
4 8110 0 1 0 1
4 f1a7 0 1 0 1
4 0801 0 1 0 1
4 93d6 0 1 0 1
4 0005 0 1 0 1
4 8200 0 1 0 1
4 0200 1 1 1 1
4 0404 0 1 0 1
4 8000 1 1 1 1
4 83f5 0 1 0 1
4 0020 1 1 1 1
4 0028 0 1 0 1
4 4010 0 1 0 1
4 0201 0 1 0 1
4 00a0 0 1 0 1
4 1924 0 1 0 1
4 90ed 0 1 0 1
4 0002 1 1 1 1
4 8100 0 1 0 1
4 4810 0 1 0 1
4 8040 0 1 0 1
4 4001 0 1 0 1
4 0600 0 1 0 1
4 4042 0 1 0 1
4 0d18 0 1 0 1
4 0020 1 1 1 1
4 e739 0 1 0 1
4 4400 0 1 0 1
4 8f3b 0 1 0 1
4 0200 1 1 1 1
4 0042 0 1 0 1
4 0400 1 1 1 1
4 0c00 0 1 0 1
4 0124 0 1 0 1
4 19e4 0 1 0 1
4 0002 1 1 1 1
4 4000 1 1 1 1
4 2000 1 1 1 1
4 0010 1 1 1 1
4 cd1e 0 1 0 1
4 0008 1 1 1 1
4 0080 1 1 1 1
4 fe7d 0 1 0 1
4 0c08 0 1 0 1
4 0401 0 1 0 1
4 0200 1 1 1 1
4 0081 0 1 0 1
4 0020 1 1 1 1
4 8110 0 1 0 1
4 4464 0 1 0 1
4 c01a 0 1 0 1
4 0100 1 1 1 1
4 1000 1 1 1 1
4 465b 0 1 0 1
4 4000 1 1 1 1
4 0020 1 1 1 1
4 6000 0 1 0 1
4 0200 1 1 1 1
4 233b 0 1 0 1
4 4002 0 1 0 1
4 0004 1 1 1 1
4 0800 1 1 1 1
4 8041 0 1 0 1
4 1000 1 1 1 1
4 0001 1 1 1 1
4 4001 0 1 0 1
4 0490 0 1 0 1
4 0004 1 1 1 1
4 8004 0 1 0 1
4 0010 1 1 1 1
4 2020 0 1 0 1
4 0012 0 1 0 1
4 8000 1 1 1 1
4 0008 1 1 1 1
4 0008 1 1 1 1
4 1000 1 1 1 1
4 0880 0 1 0 1
4 2001 0 1 0 1
4 0421 0 1 0 1
4 0042 0 1 0 1
4 8000 1 1 1 1
4 1110 0 1 0 1
4 0004 1 1 1 1
4 0001 1 1 1 1
4 0001 1 1 1 1
4 0040 1 1 1 1
4 0010 1 1 1 1
4 4002 0 1 0 1
4 8000 1 1 1 1
4 2002 0 1 0 1
4 aa54 0 1 0 1
4 0430 0 1 0 1
4 2005 0 1 0 1
4 1040 0 1 0 1
4 0060 0 1 0 1
4 0281 0 1 0 1
4 fe9d 0 1 0 1
4 80c0 0 1 0 1
4 1024 0 1 0 1
4 0080 1 1 1 1
4 3db5 0 1 0 1
4 1000 1 1 1 1
4 0400 1 1 1 1
4 4004 0 1 0 1
4 0610 0 1 0 1
4 7dc8 0 1 0 1
4 8c00 0 1 0 1
4 0020 1 1 1 1
4 0880 0 1 0 1
4 041d 0 1 0 1
4 0404 0 1 0 1
4 4400 0 1 0 1
4 2404 0 1 0 1
4 158b 0 1 0 1
4 0008 1 1 1 1
4 4010 0 1 0 1
4 0080 1 1 1 1
4 0020 1 1 1 1
4 6008 0 1 0 1
4 0300 0 1 0 1
4 0080 1 1 1 1
4 6004 0 1 0 1
4 012f 0 1 0 1
4 0800 1 1 1 1
4 0080 1 1 1 1
4 4400 0 1 0 1
4 0008 1 1 1 1
4 0040 1 1 1 1
4 0860 0 1 0 1
4 0120 0 1 0 1
4 ef0f 0 1 0 1
4 0400 1 1 1 1
4 1840 0 1 0 1
4 c360 0 1 0 1
4 94ea 0 1 0 1
4 2040 0 1 0 1
4 2480 0 1 0 1
4 4e40 0 1 0 1
4 0081 0 1 0 1
4 1050 0 1 0 1
4 0020 1 1 1 1
4 2c16 0 1 0 1
4 0080 1 1 1 1
4 0088 0 1 0 1
4 4800 0 1 0 1
4 0800 1 1 1 1
4 0020 1 1 1 1
4 0802 0 1 0 1
4 0209 0 1 0 1
4 0400 1 1 1 1
4 1000 1 1 1 1
4 0001 1 1 1 1
4 0204 0 1 0 1
4 0080 1 1 1 1
4 dc09 0 1 0 1
4 0414 0 1 0 1
4 4000 1 1 1 1
4 0018 0 1 0 1
4 79d9 0 1 0 1
4 2004 0 1 0 1
4 9000 0 1 0 1
4 0009 0 1 0 1
4 0004 1 1 1 1
4 0004 1 1 1 1
4 0100 1 1 1 1
4 bc62 0 1 0 1
4 6000 0 1 0 1
4 1009 0 1 0 1
4 2084 0 1 0 1
4 0044 0 1 0 1
4 0410 0 1 0 1
4 4440 0 1 0 1
4 1000 1 1 1 1
4 0041 0 1 0 1
4 0809 0 1 0 1
4 8000 1 1 1 1
4 0001 1 1 1 1
4 0028 0 1 0 1
4 4000 1 1 1 1
4 2000 1 1 1 1
4 3553 0 1 0 1
4 0840 0 1 0 1
4 0800 1 1 1 1
4 0100 1 1 1 1
4 0421 0 1 0 1
4 1010 0 1 0 1
4 0020 1 1 1 1
4 0502 0 1 0 1
4 8000 1 1 1 1
4 8000 1 1 1 1
4 0001 1 1 1 1
4 0008 1 1 1 1
4 0990 0 1 0 1
4 0010 1 1 1 1
4 9b43 0 1 0 1
4 0008 1 1 1 1
4 0100 1 1 1 1
4 1400 0 1 0 1
4 2d3e 0 1 0 1
4 8081 0 1 0 1
4 0002 1 1 1 1
4 1100 0 1 0 1
4 0080 1 1 1 1
4 0100 1 1 1 1
4 5964 0 1 0 1
4 4002 0 1 0 1
4 27da 0 1 0 1
4 4028 0 1 0 1
4 8008 0 1 0 1
4 0a80 0 1 0 1
4 4400 0 1 0 1
4 2408 0 1 0 1
4 8000 1 1 1 1
4 0810 0 1 0 1
4 0804 0 1 0 1
4 0020 1 1 1 1
4 7d63 0 1 0 1
4 2080 0 1 0 1
4 2000 1 1 1 1
4 0200 1 1 1 1
4 be9d 0 1 0 1
4 0040 1 1 1 1
4 0002 1 1 1 1
4 d6df 0 1 0 1
4 ca3a 0 1 0 1
4 6851 0 1 0 1
4 0400 1 1 1 1
4 8000 1 1 1 1
4 0400 1 1 1 1
4 8400 0 1 0 1
4 0040 1 1 1 1
4 1000 1 1 1 1
4 2018 0 1 0 1
4 8050 0 1 0 1
4 1404 0 1 0 1
4 9e15 0 1 0 1
4 1008 0 1 0 1
4 0800 1 1 1 1
4 0010 1 1 1 1
4 2000 1 1 1 1
4 0020 1 1 1 1
4 0400 1 1 1 1
4 0480 0 1 0 1
4 0002 1 1 1 1
4 0e00 0 1 0 1
4 0400 1 1 1 1
4 1002 0 1 0 1
4 ff34 0 1 0 1
4 8402 0 1 0 1
4 0100 1 1 1 1
4 0009 0 1 0 1
4 4801 0 1 0 1
4 2000 1 1 1 1
4 b670 0 1 0 1
4 0092 0 1 0 1
4 1000 1 1 1 1
4 1400 0 1 0 1
4 0440 0 1 0 1
4 0102 0 1 0 1
4 1200 0 1 0 1
4 2b98 0 1 0 1
4 75cc 0 1 0 1
4 8a00 0 1 0 1
4 1404 0 1 0 1
4 2020 0 1 0 1
4 0182 0 1 0 1
4 4200 0 1 0 1
4 40c0 0 1 0 1
4 0002 1 1 1 1
4 0224 0 1 0 1
4 0812 0 1 0 1
4 b1d7 0 1 0 1
4 1000 1 1 1 1
4 a3bd 0 1 0 1
4 0110 0 1 0 1
4 0008 1 1 1 1
4 2028 0 1 0 1
4 0010 1 1 1 1
4 f41a 0 1 0 1
4 00a0 0 1 0 1
4 2084 0 1 0 1
4 0008 1 1 1 1
4 0103 0 1 0 1
4 0002 1 1 1 1
4 0040 1 1 1 1
4 0404 0 1 0 1
4 8000 1 1 1 1
4 6318 0 1 0 1
4 0001 1 1 1 1
4 4008 0 1 0 1
4 0200 1 1 1 1
4 1009 0 1 0 1
4 0401 0 1 0 1
4 0020 1 1 1 1
4 4800 0 1 0 1
4 0010 1 1 1 1
4 cb30 0 1 0 1
4 1000 1 1 1 1
4 7b9a 0 1 0 1
4 0001 1 1 1 1
4 0100 1 1 1 1
4 000c 0 1 0 1
4 0041 0 1 0 1
4 0002 1 1 1 1
4 4084 0 1 0 1
4 0008 1 1 1 1
4 4240 0 1 0 1
4 0010 1 1 1 1
4 0060 0 1 0 1
4 004a 0 1 0 1
4 0012 0 1 0 1
4 0004 1 1 1 1
4 2000 1 1 1 1
4 0001 1 1 1 1
4 0910 0 1 0 1
4 4043 0 1 0 1
4 0080 1 1 1 1
4 0804 0 1 0 1
4 0022 0 1 0 1
4 0004 1 1 1 1
4 1820 0 1 0 1
4 0001 1 1 1 1
4 7b46 0 1 0 1
4 0100 1 1 1 1
4 5100 0 1 0 1
4 0050 0 1 0 1
4 925f 0 1 0 1
4 1060 0 1 0 1
4 0100 1 1 1 1
4 0080 1 1 1 1
4 0500 0 1 0 1
4 2200 0 1 0 1
4 3800 0 1 0 1
4 4100 0 1 0 1
4 0112 0 1 0 1
4 2000 1 1 1 1
4 0080 1 1 1 1
4 0048 0 1 0 1
4 40a0 0 1 0 1
4 e371 0 1 0 1
4 1000 1 1 1 1
4 4400 0 1 0 1
4 0201 0 1 0 1
4 7e7e 0 1 0 1
4 0084 0 1 0 1
4 30d5 0 1 0 1
4 0008 1 1 1 1
4 c8e7 0 1 0 1
4 e741 0 1 0 1
4 0100 1 1 1 1
4 0200 1 1 1 1
4 0002 1 1 1 1
4 400a 0 1 0 1
4 812f 0 1 0 1
4 0010 1 1 1 1
4 0300 0 1 0 1
4 8084 0 1 0 1
4 0101 0 1 0 1
4 0800 1 1 1 1
4 0842 0 1 0 1
4 0043 0 1 0 1
4 4180 0 1 0 1
4 3c55 0 1 0 1
4 9800 0 1 0 1
4 835b 0 1 0 1
4 64ce 0 1 0 1
4 8201 0 1 0 1
4 4004 0 1 0 1
4 0100 1 1 1 1
4 0802 0 1 0 1
4 0400 1 1 1 1
4 0010 1 1 1 1
4 f44d 0 1 0 1
4 8081 0 1 0 1
4 1802 0 1 0 1
4 010a 0 1 0 1
4 0040 1 1 1 1
4 c19d 0 1 0 1
4 0020 1 1 1 1
4 8810 0 1 0 1
4 0010 1 1 1 1
4 3cc4 0 1 0 1
4 0a7f 0 1 0 1
4 20a0 0 1 0 1
4 0200 1 1 1 1
4 7b36 0 1 0 1
4 0049 0 1 0 1
4 0081 0 1 0 1
4 0020 1 1 1 1
4 0201 0 1 0 1
4 2480 0 1 0 1
4 0040 1 1 1 1
4 0810 0 1 0 1
4 0100 1 1 1 1
4 4000 1 1 1 1
4 2042 0 1 0 1
4 1084 0 1 0 1
4 5bdb 0 1 0 1
4 0100 1 1 1 1
4 4200 0 1 0 1
4 0200 1 1 1 1
4 2004 0 1 0 1
4 34db 0 1 0 1
4 400c 0 1 0 1
4 0001 1 1 1 1
4 0400 1 1 1 1
4 2a47 0 1 0 1
4 0001 1 1 1 1
4 2401 0 1 0 1
4 0802 0 1 0 1
4 435d 0 1 0 1
4 1021 0 1 0 1
4 0250 0 1 0 1
4 0004 1 1 1 1
4 0080 1 1 1 1
4 2022 0 1 0 1
4 4042 0 1 0 1
4 2000 1 1 1 1
4 b7c0 0 1 0 1
4 4220 0 1 0 1
4 1008 0 1 0 1
4 0030 0 1 0 1
4 8080 0 1 0 1
4 1004 0 1 0 1
4 1100 0 1 0 1
4 0160 0 1 0 1
4 0410 0 1 0 1
4 1401 0 1 0 1
4 0002 1 1 1 1
4 1008 0 1 0 1
4 0008 1 1 1 1
4 0411 0 1 0 1
4 8000 1 1 1 1
4 0202 0 1 0 1
4 2c00 0 1 0 1
4 11d4 0 1 0 1
4 1280 0 1 0 1
4 0010 1 1 1 1
4 0610 0 1 0 1
4 0200 1 1 1 1
4 0004 1 1 1 1
4 4000 1 1 1 1
4 0800 1 1 1 1
4 8a00 0 1 0 1
4 fdba 0 1 0 1
4 0800 1 1 1 1
4 a9aa 0 1 0 1
4 0002 1 1 1 1
4 93ff 0 1 0 1
4 0011 0 1 0 1
4 0100 1 1 1 1
4 0400 1 1 1 1
4 0002 1 1 1 1
4 0008 1 1 1 1
4 8018 0 1 0 1
4 0c00 0 1 0 1
4 2110 0 1 0 1
4 0001 1 1 1 1
4 0900 0 1 0 1
4 08c0 0 1 0 1
4 7e2f 0 1 0 1
4 2000 1 1 1 1
4 0400 1 1 1 1
4 0100 1 1 1 1
4 8000 1 1 1 1
4 9080 0 1 0 1
4 4200 0 1 0 1
4 0404 0 1 0 1
4 0080 1 1 1 1
4 0004 1 1 1 1
4 a400 0 1 0 1
4 4000 1 1 1 1
4 2000 1 1 1 1
4 0004 1 1 1 1
4 00a0 0 1 0 1
4 b6a9 0 1 0 1
4 0806 0 1 0 1
4 0004 1 1 1 1
4 3fef 0 1 0 1
4 0400 1 1 1 1
4 0004 1 1 1 1
4 0200 1 1 1 1
4 0001 1 1 1 1
4 0001 1 1 1 1
4 c80c 0 1 0 1
4 0030 0 1 0 1
4 edef 0 1 0 1
4 89aa 0 1 0 1
4 0010 1 1 1 1
4 4000 1 1 1 1
4 0040 1 1 1 1
4 0040 1 1 1 1
4 0062 0 1 0 1
4 0284 0 1 0 1
4 bd1f 0 1 0 1
4 0002 1 1 1 1
4 2810 0 1 0 1
4 8000 1 1 1 1
4 0c00 0 1 0 1
4 0002 1 1 1 1
4 0108 0 1 0 1
4 010c 0 1 0 1
4 800a 0 1 0 1
4 0010 1 1 1 1
4 c1a1 0 1 0 1
4 6010 0 1 0 1
4 0841 0 1 0 1
4 0900 0 1 0 1
4 0110 0 1 0 1
4 4040 0 1 0 1
4 8000 1 1 1 1
4 1000 1 1 1 1
4 00e0 0 1 0 1
4 f521 0 1 0 1
4 c200 0 1 0 1
4 0010 1 1 1 1
4 8220 0 1 0 1
4 0002 1 1 1 1
4 4002 0 1 0 1
4 3ee3 0 1 0 1
4 0400 1 1 1 1
4 8120 0 1 0 1
4 0422 0 1 0 1
4 0221 0 1 0 1
4 0108 0 1 0 1
4 8802 0 1 0 1
4 fd92 0 1 0 1
4 46b0 0 1 0 1
4 0210 0 1 0 1
4 a000 0 1 0 1
4 0100 1 1 1 1
4 0002 1 1 1 1
4 0040 1 1 1 1
4 0002 1 1 1 1
4 0006 0 1 0 1
4 091b 0 1 0 1
4 4800 0 1 0 1
4 2440 0 1 0 1
4 0200 1 1 1 1
4 4900 0 1 0 1
4 0100 1 1 1 1
4 2a95 0 1 0 1
4 4001 0 1 0 1
4 0040 1 1 1 1
4 0094 0 1 0 1
4 0020 1 1 1 1
4 0004 1 1 1 1
4 0001 1 1 1 1
4 4545 0 1 0 1
4 2010 0 1 0 1
4 0004 1 1 1 1
4 5b37 0 1 0 1
4 0001 1 1 1 1
4 2040 0 1 0 1
4 0182 0 1 0 1
4 6d78 0 1 0 1
4 0011 0 1 0 1
4 04c0 0 1 0 1
4 1008 0 1 0 1
4 4044 0 1 0 1
4 0148 0 1 0 1
4 4000 1 1 1 1
4 0400 1 1 1 1
4 8008 0 1 0 1
4 7838 0 1 0 1
4 0800 1 1 1 1
4 0200 1 1 1 1
4 9040 0 1 0 1
4 0040 1 1 1 1
4 8000 1 1 1 1
4 0040 1 1 1 1
4 8400 0 1 0 1
4 0100 1 1 1 1
4 d48c 0 1 0 1
4 3e56 0 1 0 1
4 0410 0 1 0 1
4 8a95 0 1 0 1
4 5abc 0 1 0 1
4 2000 1 1 1 1
4 0060 0 1 0 1
4 4021 0 1 0 1
4 0042 0 1 0 1
4 4d97 0 1 0 1
4 0040 1 1 1 1
4 fdc5 0 1 0 1
4 3eeb 0 1 0 1
4 0004 1 1 1 1
4 1018 0 1 0 1
4 50fd 0 1 0 1
4 1ef5 0 1 0 1
4 0008 1 1 1 1
4 0400 1 1 1 1
4 8004 0 1 0 1
4 0010 1 1 1 1
4 8e86 0 1 0 1
4 0090 0 1 0 1
4 8000 1 1 1 1
4 0580 0 1 0 1
4 ce00 0 1 0 1
4 0080 1 1 1 1
4 4000 1 1 1 1
4 2000 1 1 1 1
4 da17 0 1 0 1
4 0200 1 1 1 1
4 0001 1 1 1 1
4 0200 1 1 1 1
4 1480 0 1 0 1
4 4081 0 1 0 1
4 8021 0 1 0 1
4 8210 0 1 0 1
4 0810 0 1 0 1
4 0428 0 1 0 1
4 68d7 0 1 0 1
4 8000 1 1 1 1
4 2000 1 1 1 1
4 0004 1 1 1 1
4 0820 0 1 0 1
4 1000 1 1 1 1
4 3c18 0 1 0 1
4 d92f 0 1 0 1
4 0008 1 1 1 1
4 0004 1 1 1 1
4 0040 1 1 1 1
4 8004 0 1 0 1
4 566b 0 1 0 1
4 17c7 0 1 0 1
4 0600 0 1 0 1
4 0141 0 1 0 1
4 0080 1 1 1 1
4 0800 1 1 1 1
4 0090 0 1 0 1
4 2000 1 1 1 1
4 4e34 0 1 0 1
4 4000 1 1 1 1
4 0080 1 1 1 1
4 1000 1 1 1 1
4 8402 0 1 0 1
4 25e9 0 1 0 1
4 b000 0 1 0 1
4 0008 1 1 1 1
4 51c2 0 1 0 1
4 4000 1 1 1 1
4 4100 0 1 0 1
4 0018 0 1 0 1
4 5913 0 1 0 1
4 2880 0 1 0 1
4 0080 1 1 1 1
4 4400 0 1 0 1
4 4000 1 1 1 1
4 0100 1 1 1 1
4 0608 0 1 0 1
4 0142 0 1 0 1
4 0008 1 1 1 1
4 0001 1 1 1 1
4 0404 0 1 0 1
4 7573 0 1 0 1
4 5e3c 0 1 0 1
4 4200 0 1 0 1
4 2088 0 1 0 1
4 0808 0 1 0 1
4 0004 1 1 1 1
4 0008 1 1 1 1
4 1801 0 1 0 1
4 8000 1 1 1 1
4 f32b 0 1 0 1
4 2857 0 1 0 1
4 400a 0 1 0 1
4 002a 0 1 0 1
4 0001 1 1 1 1
4 0040 1 1 1 1
4 025f 0 1 0 1
4 0020 1 1 1 1
4 80a0 0 1 0 1
4 0f6d 0 1 0 1
4 8000 1 1 1 1
4 2200 0 1 0 1
4 0001 1 1 1 1
4 1000 1 1 1 1
4 cb76 0 1 0 1
4 f031 0 1 0 1
4 0200 1 1 1 1
4 0010 1 1 1 1
4 8800 0 1 0 1
4 13e5 0 1 0 1
4 8810 0 1 0 1
4 0004 1 1 1 1
4 0100 1 1 1 1
4 0008 1 1 1 1
4 0051 0 1 0 1
4 dbb0 0 1 0 1
4 44fe 0 1 0 1
4 0805 0 1 0 1
4 4aa6 0 1 0 1
4 2000 1 1 1 1
4 0010 1 1 1 1
4 0400 1 1 1 1
4 0002 1 1 1 1
4 8000 1 1 1 1
4 1000 1 1 1 1
4 6530 0 1 0 1
4 000d 0 1 0 1
4 0010 1 1 1 1
4 1800 0 1 0 1
4 0c40 0 1 0 1
4 4004 0 1 0 1
4 1000 1 1 1 1
4 6e1b 0 1 0 1
4 2005 0 1 0 1
4 0040 1 1 1 1
4 4082 0 1 0 1
4 cb44 0 1 0 1
4 0008 1 1 1 1
4 0040 1 1 1 1
4 930b 0 1 0 1
4 0808 0 1 0 1
4 0001 1 1 1 1
4 0020 1 1 1 1
4 2040 0 1 0 1
4 0200 1 1 1 1
4 8c6f 0 1 0 1
4 0a01 0 1 0 1
4 1010 0 1 0 1
4 0040 1 1 1 1
4 a010 0 1 0 1
4 0405 0 1 0 1
4 0022 0 1 0 1
4 04a4 0 1 0 1
4 2802 0 1 0 1
4 0104 0 1 0 1
4 0100 1 1 1 1
4 c100 0 1 0 1
4 1100 0 1 0 1
4 5400 0 1 0 1
4 1000 1 1 1 1
4 4000 1 1 1 1
4 0140 0 1 0 1
4 2001 0 1 0 1
4 0007 0 1 0 1
4 e134 0 1 0 1
4 8080 0 1 0 1
4 0002 1 1 1 1
4 0020 1 1 1 1
4 1000 1 1 1 1
4 0020 1 1 1 1
4 8210 0 1 0 1
4 2000 1 1 1 1
4 0802 0 1 0 1
4 0080 1 1 1 1
4 4011 0 1 0 1
4 1084 0 1 0 1
4 f007 0 1 0 1
4 6049 0 1 0 1
4 0800 1 1 1 1
4 0600 0 1 0 1
4 0850 0 1 0 1
4 2241 0 1 0 1
4 0003 0 1 0 1
4 0001 1 1 1 1
4 1020 0 1 0 1
4 0200 1 1 1 1
4 5603 0 1 0 1
4 0001 1 1 1 1
4 0020 1 1 1 1
4 0004 1 1 1 1
4 0010 1 1 1 1
4 7627 0 1 0 1
4 0020 1 1 1 1
4 28d2 0 1 0 1
4 0080 1 1 1 1
4 8018 0 1 0 1
4 4004 0 1 0 1
4 0102 0 1 0 1
4 5400 0 1 0 1
4 0100 1 1 1 1
4 1000 1 1 1 1
4 00a0 0 1 0 1
4 ecb7 0 1 0 1
4 0800 1 1 1 1
4 0200 1 1 1 1
4 0440 0 1 0 1
4 0010 1 1 1 1
4 0020 1 1 1 1
4 7366 0 1 0 1
4 7000 0 1 0 1
4 2280 0 1 0 1
4 5010 0 1 0 1
4 a000 0 1 0 1
4 0042 0 1 0 1
4 0400 1 1 1 1
4 2000 1 1 1 1
4 2048 0 1 0 1
4 0010 1 1 1 1
4 01c0 0 1 0 1
4 4120 0 1 0 1
4 0080 1 1 1 1
4 0100 1 1 1 1
4 7c28 0 1 0 1
4 6c8d 0 1 0 1
4 e81a 0 1 0 1
4 0200 1 1 1 1
4 f39e 0 1 0 1
4 0040 1 1 1 1
4 0020 1 1 1 1
4 0004 1 1 1 1
4 2003 0 1 0 1
4 bf8f 0 1 0 1
4 0080 1 1 1 1
4 0044 0 1 0 1
4 0009 0 1 0 1
4 4002 0 1 0 1
4 4010 0 1 0 1
4 0004 1 1 1 1
4 0200 1 1 1 1
4 0080 1 1 1 1
4 0008 1 1 1 1
4 008c 0 1 0 1
4 0200 1 1 1 1
4 0008 1 1 1 1
4 0001 1 1 1 1
4 efc2 0 1 0 1
4 43cc 0 1 0 1
4 1110 0 1 0 1
4 0014 0 1 0 1
4 4180 0 1 0 1
4 0400 1 1 1 1
4 27d5 0 1 0 1
4 0010 1 1 1 1
4 c47e 0 1 0 1
4 0080 1 1 1 1
4 0800 1 1 1 1
4 80e2 0 1 0 1
4 0212 0 1 0 1
4 c400 0 1 0 1
4 0010 1 1 1 1
4 1d75 0 1 0 1
4 0004 1 1 1 1
4 0804 0 1 0 1
4 0400 1 1 1 1
4 6429 0 1 0 1
4 4cc3 0 1 0 1
4 9080 0 1 0 1
4 0310 0 1 0 1
4 0002 1 1 1 1
4 0004 1 1 1 1
4 4040 0 1 0 1
4 2000 1 1 1 1
4 9f88 0 1 0 1
4 0008 1 1 1 1
4 405e 0 1 0 1
4 0200 1 1 1 1
4 1000 1 1 1 1
4 8080 0 1 0 1
4 0540 0 1 0 1
4 4018 0 1 0 1
4 1000 1 1 1 1
4 f7df 0 1 0 1
4 0010 1 1 1 1
4 0480 0 1 0 1
4 4220 0 1 0 1
4 0080 1 1 1 1
4 2022 0 1 0 1
4 d2a2 0 1 0 1
4 7fcd 0 1 0 1
4 0008 1 1 1 1
4 8110 0 1 0 1
4 4208 0 1 0 1
4 6040 0 1 0 1
4 8a00 0 1 0 1
4 0001 1 1 1 1
4 0001 1 1 1 1
4 0020 1 1 1 1
4 0400 1 1 1 1
4 4000 1 1 1 1
4 0088 0 1 0 1
4 c7fc 0 1 0 1
4 6400 0 1 0 1
4 4000 1 1 1 1
4 8200 0 1 0 1
4 3d8a 0 1 0 1
4 0011 0 1 0 1
4 00c0 0 1 0 1
4 6d3f 0 1 0 1
4 2e40 0 1 0 1
4 0041 0 1 0 1
4 0800 1 1 1 1
4 60ac 0 1 0 1
4 2022 0 1 0 1
4 8041 0 1 0 1
4 9923 0 1 0 1
4 0080 1 1 1 1
4 1500 0 1 0 1
4 0004 1 1 1 1
4 0520 0 1 0 1
4 4da2 0 1 0 1
4 5cc8 0 1 0 1
4 2b59 0 1 0 1
4 0020 1 1 1 1
4 200c 0 1 0 1
4 4400 0 1 0 1
4 0840 0 1 0 1
4 2400 0 1 0 1
4 1200 0 1 0 1
4 0100 1 1 1 1
4 2014 0 1 0 1
4 0001 1 1 1 1
4 0422 0 1 0 1
4 4000 1 1 1 1
4 0020 1 1 1 1
4 b0a4 0 1 0 1
4 0050 0 1 0 1
4 0080 1 1 1 1
4 2000 1 1 1 1
4 1090 0 1 0 1
4 0200 1 1 1 1
4 8240 0 1 0 1
4 0080 1 1 1 1
4 4000 1 1 1 1
4 90db 0 1 0 1
4 6a81 0 1 0 1
4 0008 1 1 1 1
4 4060 0 1 0 1
4 2d24 0 1 0 1
4 0001 1 1 1 1
4 000c 0 1 0 1
4 0008 1 1 1 1
4 8000 1 1 1 1
4 5000 0 1 0 1
4 9d0b 0 1 0 1
4 8104 0 1 0 1
4 ede4 0 1 0 1
4 ae5a 0 1 0 1
4 2000 1 1 1 1
4 3ff7 0 1 0 1
4 0025 0 1 0 1
4 30cc 0 1 0 1
4 a242 0 1 0 1
4 7694 0 1 0 1
4 2020 0 1 0 1
4 0002 1 1 1 1
4 4000 1 1 1 1
4 c23d 0 1 0 1
4 0808 0 1 0 1
4 0118 0 1 0 1
4 0040 1 1 1 1
4 1500 0 1 0 1
4 0020 1 1 1 1
4 0804 0 1 0 1
4 2000 1 1 1 1
4 15a9 0 1 0 1
4 4080 0 1 0 1
4 1402 0 1 0 1
4 2580 0 1 0 1
4 2030 0 1 0 1
4 3100 0 1 0 1
4 0020 1 1 1 1
4 0040 1 1 1 1
4 0100 1 1 1 1
4 c080 0 1 0 1
4 9c0b 0 1 0 1
4 0050 0 1 0 1
4 0100 1 1 1 1
4 9267 0 1 0 1
4 1535 0 1 0 1
4 a400 0 1 0 1
4 351c 0 1 0 1
4 0001 1 1 1 1
4 0010 1 1 1 1
4 8002 0 1 0 1
4 7b41 0 1 0 1
4 9794 0 1 0 1
4 2000 1 1 1 1
4 2000 1 1 1 1
4 c139 0 1 0 1
4 008a 0 1 0 1
4 0108 0 1 0 1
4 2000 1 1 1 1
4 5200 0 1 0 1
4 8090 0 1 0 1
4 0800 1 1 1 1
4 0009 0 1 0 1
4 0029 0 1 0 1
4 aff3 0 1 0 1
4 26c4 0 1 0 1
4 f6f6 0 1 0 1
4 3000 0 1 0 1
4 8001 0 1 0 1
4 4001 0 1 0 1
4 2000 1 1 1 1
4 326c 0 1 0 1
4 73b5 0 1 0 1
4 0010 1 1 1 1
4 4101 0 1 0 1
4 000d 0 1 0 1
4 8759 0 1 0 1
4 0010 1 1 1 1
4 0228 0 1 0 1
4 2102 0 1 0 1
4 0080 1 1 1 1
4 2080 0 1 0 1
4 0020 1 1 1 1
4 0400 1 1 1 1
4 01d9 0 1 0 1
4 400a 0 1 0 1
4 df9c 0 1 0 1
4 8000 1 1 1 1
4 0112 0 1 0 1
4 0020 1 1 1 1
4 1000 1 1 1 1
4 1080 0 1 0 1
4 5e10 0 1 0 1
4 1000 1 1 1 1
4 8000 1 1 1 1
4 0002 1 1 1 1
4 0010 1 1 1 1
4 0504 0 1 0 1
4 0040 1 1 1 1
4 0240 0 1 0 1
4 0004 1 1 1 1
4 1001 0 1 0 1
4 4200 0 1 0 1
4 0002 1 1 1 1
4 0009 0 1 0 1
4 0020 1 1 1 1
4 0004 1 1 1 1
4 0130 0 1 0 1
4 d61e 0 1 0 1
4 0001 1 1 1 1
4 2200 0 1 0 1
4 714c 0 1 0 1
4 8000 1 1 1 1
4 2400 0 1 0 1
4 8be3 0 1 0 1
4 8000 1 1 1 1
4 2090 0 1 0 1
4 0100 1 1 1 1
4 0020 1 1 1 1
4 3200 0 1 0 1
4 0200 1 1 1 1
4 2408 0 1 0 1
4 0100 1 1 1 1
4 0080 1 1 1 1
4 0001 1 1 1 1
4 0200 1 1 1 1
4 8014 0 1 0 1
4 8004 0 1 0 1
4 2fe3 0 1 0 1
4 8000 1 1 1 1
4 8000 1 1 1 1
4 0040 1 1 1 1
4 0800 1 1 1 1
4 1003 0 1 0 1
4 0001 1 1 1 1
4 2010 0 1 0 1
4 2024 0 1 0 1
4 2c6b 0 1 0 1
4 0500 0 1 0 1
4 0008 1 1 1 1
4 0400 1 1 1 1
4 0424 0 1 0 1
4 4000 1 1 1 1
4 0100 1 1 1 1
4 0080 1 1 1 1
4 355a 0 1 0 1
4 9020 0 1 0 1
4 61dc 0 1 0 1
4 4080 0 1 0 1
4 0100 1 1 1 1
4 3002 0 1 0 1
4 0400 1 1 1 1
4 0209 0 1 0 1
4 dd7d 0 1 0 1
4 0210 0 1 0 1
4 4008 0 1 0 1
4 1210 0 1 0 1
4 8e9f 0 1 0 1
4 0200 1 1 1 1
4 0004 1 1 1 1
4 4000 1 1 1 1
4 2003 0 1 0 1
4 0810 0 1 0 1
4 0410 0 1 0 1
4 000d 0 1 0 1
4 2000 1 1 1 1
4 4000 1 1 1 1
4 0020 1 1 1 1
4 0400 1 1 1 1
4 0080 1 1 1 1
4 9000 0 1 0 1
4 0800 1 1 1 1
4 4f93 0 1 0 1
4 0091 0 1 0 1
4 008a 0 1 0 1
4 3093 0 1 0 1
4 b609 0 1 0 1
4 0004 1 1 1 1
4 0eb4 0 1 0 1
4 00bb 0 1 0 1
4 0038 0 1 0 1
4 0004 1 1 1 1
4 0004 1 1 1 1
4 0020 1 1 1 1
4 0244 0 1 0 1
4 d1c8 0 1 0 1
4 80c0 0 1 0 1
4 52a1 0 1 0 1
4 0600 0 1 0 1
4 0672 0 1 0 1
4 8000 1 1 1 1
4 105d 0 1 0 1
4 6002 0 1 0 1
4 0400 1 1 1 1
4 0104 0 1 0 1
4 0200 1 1 1 1
4 6c03 0 1 0 1
4 8400 0 1 0 1
4 0008 1 1 1 1
4 0010 1 1 1 1
4 0040 1 1 1 1
4 2000 1 1 1 1
4 0010 1 1 1 1
4 0200 1 1 1 1
4 0201 0 1 0 1
4 fd7f 0 1 0 1
4 fb7a 0 1 0 1
4 2180 0 1 0 1
4 0020 1 1 1 1
4 96b4 0 1 0 1
4 c000 0 1 0 1
4 0280 0 1 0 1
4 0001 1 1 1 1
4 60ef 0 1 0 1
4 0281 0 1 0 1
4 9062 0 1 0 1
4 e9a3 0 1 0 1
4 0020 1 1 1 1
4 c020 0 1 0 1
4 6bed 0 1 0 1
4 0500 0 1 0 1
4 8643 0 1 0 1
4 0c4b 0 1 0 1
4 8594 0 1 0 1
4 2020 0 1 0 1
4 2028 0 1 0 1
4 c000 0 1 0 1
4 8dcc 0 1 0 1
4 0100 1 1 1 1
4 0900 0 1 0 1
4 babb 0 1 0 1
4 430e 0 1 0 1
4 a394 0 1 0 1
4 0121 0 1 0 1
4 f7b8 0 1 0 1
4 fd5c 0 1 0 1
4 0820 0 1 0 1
4 8000 1 1 1 1
4 0204 0 1 0 1
4 0840 0 1 0 1
4 0208 0 1 0 1
4 0100 1 1 1 1
4 2084 0 1 0 1
4 0080 1 1 1 1
4 0402 0 1 0 1
4 80a0 0 1 0 1
4 0018 0 1 0 1
4 2000 1 1 1 1
4 0004 1 1 1 1
4 0d00 0 1 0 1
4 8202 0 1 0 1
4 0010 1 1 1 1
4 2000 1 1 1 1
4 0080 1 1 1 1
4 0100 1 1 1 1
4 0020 1 1 1 1
4 1402 0 1 0 1
4 4208 0 1 0 1
4 1000 1 1 1 1
4 5b1f 0 1 0 1
4 c5d6 0 1 0 1
4 2000 1 1 1 1
4 0004 1 1 1 1
4 1004 0 1 0 1
4 0002 1 1 1 1
4 0200 1 1 1 1
4 8004 0 1 0 1
4 0041 0 1 0 1
4 0002 1 1 1 1
4 0010 1 1 1 1
4 0800 1 1 1 1
4 0200 1 1 1 1
4 0001 1 1 1 1
4 1000 1 1 1 1
4 2000 1 1 1 1
4 0100 1 1 1 1
4 0400 1 1 1 1
4 2800 0 1 0 1
4 0008 1 1 1 1
4 2e54 0 1 0 1
4 0140 0 1 0 1
4 0080 1 1 1 1
4 83f0 0 1 0 1
4 0001 1 1 1 1
4 0040 1 1 1 1
4 8000 1 1 1 1
4 da55 0 1 0 1
4 1140 0 1 0 1
4 0004 1 1 1 1
4 4028 0 1 0 1
4 04c0 0 1 0 1
4 0d0a 0 1 0 1
4 0044 0 1 0 1
4 8200 0 1 0 1
4 8000 1 1 1 1
4 2002 0 1 0 1
4 e4cf 0 1 0 1
4 0004 1 1 1 1
4 0010 1 1 1 1
4 000a 0 1 0 1
4 020a 0 1 0 1
4 02ba 0 1 0 1
4 0020 1 1 1 1
4 0214 0 1 0 1
4 0002 1 1 1 1
4 6100 0 1 0 1
4 0144 0 1 0 1
4 0010 1 1 1 1
4 0048 0 1 0 1
4 4300 0 1 0 1
4 8004 0 1 0 1
4 0301 0 1 0 1
4 4800 0 1 0 1
4 ace1 0 1 0 1
4 1040 0 1 0 1
4 9f4c 0 1 0 1
4 273b 0 1 0 1
4 0082 0 1 0 1
4 2100 0 1 0 1
4 5400 0 1 0 1
4 1024 0 1 0 1
4 100c 0 1 0 1
4 0b00 0 1 0 1
4 0201 0 1 0 1
4 45ec 0 1 0 1
4 8004 0 1 0 1
4 fc1d 0 1 0 1
4 e70f 0 1 0 1
4 1000 1 1 1 1
4 72f9 0 1 0 1
4 1800 0 1 0 1
4 0030 0 1 0 1
4 0100 1 1 1 1
4 0004 1 1 1 1
4 0228 0 1 0 1
4 0048 0 1 0 1
4 6010 0 1 0 1
4 4000 1 1 1 1
4 b5a6 0 1 0 1
4 e2a9 0 1 0 1
4 1000 1 1 1 1
4 0020 1 1 1 1
4 0008 1 1 1 1
4 0004 1 1 1 1
4 1020 0 1 0 1
4 bc0b 0 1 0 1
4 0800 1 1 1 1
4 df07 0 1 0 1
4 2040 0 1 0 1
4 ccf0 0 1 0 1
4 200a 0 1 0 1
4 a5be 0 1 0 1
4 270d 0 1 0 1
4 365f 0 1 0 1
4 0500 0 1 0 1
4 0400 1 1 1 1
4 0020 1 1 1 1
4 0800 1 1 1 1
4 4800 0 1 0 1
4 0030 0 1 0 1
4 0400 1 1 1 1
4 4014 0 1 0 1
4 080a 0 1 0 1
4 0300 0 1 0 1
4 4a00 0 1 0 1
4 0840 0 1 0 1
4 2750 0 1 0 1
4 0400 1 1 1 1
4 e5cf 0 1 0 1
4 0060 0 1 0 1
4 4040 0 1 0 1
4 0200 1 1 1 1
4 785a 0 1 0 1
4 100c 0 1 0 1
4 0200 1 1 1 1
4 c11e 0 1 0 1
4 0100 1 1 1 1
4 c000 0 1 0 1
4 1000 1 1 1 1
4 0041 0 1 0 1
4 4801 0 1 0 1
4 fb45 0 1 0 1
4 8acb 0 1 0 1
4 8804 0 1 0 1
4 0020 1 1 1 1
4 0088 0 1 0 1
4 0001 1 1 1 1
4 0800 1 1 1 1
4 2000 1 1 1 1
4 e2e5 0 1 0 1
4 0025 0 1 0 1
4 0800 1 1 1 1
4 0042 0 1 0 1
4 0020 1 1 1 1
4 0002 1 1 1 1
4 4060 0 1 0 1
4 1040 0 1 0 1
4 0041 0 1 0 1
4 0005 0 1 0 1
4 1669 0 1 0 1
4 0020 1 1 1 1
4 0239 0 1 0 1
4 0010 1 1 1 1
4 0002 1 1 1 1
4 0040 1 1 1 1
4 0008 1 1 1 1
4 937b 0 1 0 1
4 0046 0 1 0 1
4 0040 1 1 1 1
4 0002 1 1 1 1
4 23b2 0 1 0 1
4 0020 1 1 1 1
4 b898 0 1 0 1
4 0c01 0 1 0 1
4 da31 0 1 0 1
4 0020 1 1 1 1
4 1220 0 1 0 1
4 88dd 0 1 0 1
4 1000 1 1 1 1
4 0010 1 1 1 1
4 2a90 0 1 0 1
4 c008 0 1 0 1
4 8008 0 1 0 1
4 3004 0 1 0 1
4 4042 0 1 0 1
4 0090 0 1 0 1
4 0022 0 1 0 1
4 0020 1 1 1 1
4 0004 1 1 1 1
4 0002 1 1 1 1
4 8008 0 1 0 1
4 c5e9 0 1 0 1
4 0800 1 1 1 1
4 b5ee 0 1 0 1
4 0044 0 1 0 1
4 0001 1 1 1 1
4 0808 0 1 0 1
4 7dec 0 1 0 1
4 0481 0 1 0 1
4 0200 1 1 1 1
4 4100 0 1 0 1
4 0414 0 1 0 1
4 0400 1 1 1 1
4 0004 1 1 1 1
4 0400 1 1 1 1
4 0280 0 1 0 1
4 0208 0 1 0 1
4 0004 1 1 1 1
4 4018 0 1 0 1
4 4000 1 1 1 1
4 0010 1 1 1 1
4 0040 1 1 1 1
4 0100 1 1 1 1
4 49d2 0 1 0 1
4 8c45 0 1 0 1
4 0500 0 1 0 1
4 0110 0 1 0 1
4 0040 1 1 1 1
4 0206 0 1 0 1
4 0008 1 1 1 1
4 4000 1 1 1 1
4 0100 1 1 1 1
4 4100 0 1 0 1
4 1800 0 1 0 1
4 10a0 0 1 0 1
4 2001 0 1 0 1
4 4110 0 1 0 1
4 0304 0 1 0 1
4 4050 0 1 0 1
4 0100 1 1 1 1
4 0042 0 1 0 1
4 0080 1 1 1 1
4 0002 1 1 1 1
4 9f6d 0 1 0 1
4 0900 0 1 0 1
4 000c 0 1 0 1
4 b66d 0 1 0 1
4 aef6 0 1 0 1
4 1000 1 1 1 1
4 1048 0 1 0 1
4 0064 0 1 0 1
4 8740 0 1 0 1
4 1000 1 1 1 1
4 bda4 0 1 0 1
4 0203 0 1 0 1
4 7012 0 1 0 1
4 4000 1 1 1 1
4 0200 1 1 1 1
4 0040 1 1 1 1
4 2020 0 1 0 1
4 80a0 0 1 0 1
4 2500 0 1 0 1
4 0008 1 1 1 1
4 2201 0 1 0 1
4 ad5f 0 1 0 1
4 0806 0 1 0 1
4 0090 0 1 0 1
4 439a 0 1 0 1
4 8954 0 1 0 1
4 1088 0 1 0 1
4 2ee8 0 1 0 1
4 8000 1 1 1 1
4 0001 1 1 1 1
4 3d03 0 1 0 1
4 4010 0 1 0 1
4 4000 1 1 1 1
4 0020 1 1 1 1
4 2000 1 1 1 1
4 0808 0 1 0 1
4 8080 0 1 0 1
4 2000 1 1 1 1
4 1000 1 1 1 1
4 7e31 0 1 0 1
4 0840 0 1 0 1
4 8e61 0 1 0 1
4 2802 0 1 0 1
4 2000 1 1 1 1
4 0420 0 1 0 1
4 0004 1 1 1 1
4 0600 0 1 0 1
4 2080 0 1 0 1
4 4100 0 1 0 1
4 0140 0 1 0 1
4 2004 0 1 0 1
4 0220 0 1 0 1
4 0010 1 1 1 1
4 0001 1 1 1 1
4 0200 1 1 1 1
4 0080 1 1 1 1
4 0004 1 1 1 1
4 8404 0 1 0 1
4 0180 0 1 0 1
4 f2f5 0 1 0 1
4 0002 1 1 1 1
4 0108 0 1 0 1
4 8008 0 1 0 1
4 2c00 0 1 0 1
4 0157 0 1 0 1
4 759c 0 1 0 1
4 4042 0 1 0 1
4 3100 0 1 0 1
4 a0df 0 1 0 1
4 0408 0 1 0 1
4 7853 0 1 0 1
4 0002 1 1 1 1
4 67bc 0 1 0 1
4 00a2 0 1 0 1
4 0042 0 1 0 1
4 0008 1 1 1 1
4 0010 1 1 1 1
4 54b8 0 1 0 1
4 2000 1 1 1 1
4 1002 0 1 0 1
4 0800 1 1 1 1
4 0010 1 1 1 1
4 4000 1 1 1 1
4 2000 1 1 1 1
4 0001 1 1 1 1
4 0400 1 1 1 1
4 2200 0 1 0 1
4 1000 1 1 1 1
4 1c7a 0 1 0 1
4 1000 1 1 1 1
4 8010 0 1 0 1
4 8000 1 1 1 1
4 0001 1 1 1 1
4 0002 1 1 1 1
4 1c65 0 1 0 1
4 2090 0 1 0 1
4 0021 0 1 0 1
4 2000 1 1 1 1
4 0200 1 1 1 1
4 0200 1 1 1 1
4 0001 1 1 1 1
4 0004 1 1 1 1
4 0002 1 1 1 1
4 0200 1 1 1 1
4 0008 1 1 1 1
4 0060 0 1 0 1
4 0021 0 1 0 1
4 0800 1 1 1 1
4 4002 0 1 0 1
4 a77c 0 1 0 1
4 2402 0 1 0 1
4 0004 1 1 1 1
4 0004 1 1 1 1
4 0260 0 1 0 1
4 49e3 0 1 0 1
4 0037 0 1 0 1
4 2000 1 1 1 1
4 0004 1 1 1 1
4 aa1f 0 1 0 1
4 0020 1 1 1 1
4 0010 1 1 1 1
4 706c 0 1 0 1
4 0310 0 1 0 1
4 1201 0 1 0 1
4 0800 1 1 1 1
4 964a 0 1 0 1
4 cacc 0 1 0 1
4 0490 0 1 0 1
4 0110 0 1 0 1
4 0800 1 1 1 1
4 1000 1 1 1 1
4 8000 1 1 1 1
4 8800 0 1 0 1
4 0800 1 1 1 1
4 2022 0 1 0 1
4 8020 0 1 0 1
4 000c 0 1 0 1
4 0004 1 1 1 1
4 0040 1 1 1 1
4 0480 0 1 0 1
4 2000 1 1 1 1
4 1900 0 1 0 1
4 1400 0 1 0 1
4 89bd 0 1 0 1
4 0200 1 1 1 1
4 0042 0 1 0 1
4 b0c4 0 1 0 1
4 0080 1 1 1 1
4 0010 1 1 1 1
4 c040 0 1 0 1
4 0002 1 1 1 1
4 0100 1 1 1 1
4 e45b 0 1 0 1
4 8000 1 1 1 1
4 0001 1 1 1 1
4 0010 1 1 1 1
4 1000 1 1 1 1
4 ad65 0 1 0 1
4 0800 1 1 1 1
4 8004 0 1 0 1
4 2000 1 1 1 1
4 0824 0 1 0 1
4 0120 0 1 0 1
4 128c 0 1 0 1
4 0100 1 1 1 1
4 2000 1 1 1 1
4 0020 1 1 1 1
4 1040 0 1 0 1
4 0004 1 1 1 1
4 0020 1 1 1 1
4 59ae 0 1 0 1
4 3000 0 1 0 1
4 4000 1 1 1 1
4 0020 1 1 1 1
4 b270 0 1 0 1
4 0110 0 1 0 1
4 9001 0 1 0 1
4 4000 1 1 1 1
4 0100 1 1 1 1
4 0400 1 1 1 1
4 1ebb 0 1 0 1
4 1400 0 1 0 1
4 0030 0 1 0 1
4 0804 0 1 0 1
4 4465 0 1 0 1
4 8002 0 1 0 1
4 1000 1 1 1 1
4 0004 1 1 1 1
4 9885 0 1 0 1
4 8201 0 1 0 1
4 c9d6 0 1 0 1
4 0040 1 1 1 1
4 4080 0 1 0 1
4 a000 0 1 0 1
4 0044 0 1 0 1
4 bb18 0 1 0 1
4 8202 0 1 0 1
4 c010 0 1 0 1
4 1006 0 1 0 1
4 7fcf 0 1 0 1
4 8001 0 1 0 1
4 0100 1 1 1 1
4 8a00 0 1 0 1
4 2040 0 1 0 1
4 0800 1 1 1 1
4 867f 0 1 0 1
4 0002 1 1 1 1
4 4404 0 1 0 1
4 040c 0 1 0 1
4 0080 1 1 1 1
4 2083 0 1 0 1
4 0888 0 1 0 1
4 0002 1 1 1 1
4 0002 1 1 1 1
4 010c 0 1 0 1
4 2a7d 0 1 0 1
4 a613 0 1 0 1
4 0110 0 1 0 1
4 0800 1 1 1 1
4 28ba 0 1 0 1
4 0400 1 1 1 1
4 9400 0 1 0 1
4 2101 0 1 0 1
4 0008 1 1 1 1
4 400a 0 1 0 1
4 2080 0 1 0 1
4 a7c6 0 1 0 1
4 0010 1 1 1 1
4 3e95 0 1 0 1
4 002a 0 1 0 1
4 1600 0 1 0 1
4 1042 0 1 0 1
4 0081 0 1 0 1
4 0008 1 1 1 1
4 0002 1 1 1 1
4 ec5b 0 1 0 1
4 8000 1 1 1 1
4 3853 0 1 0 1
4 6400 0 1 0 1
4 faaa 0 1 0 1
4 0002 1 1 1 1
4 93e1 0 1 0 1
4 0080 1 1 1 1
4 0208 0 1 0 1
4 8000 1 1 1 1
4 0001 1 1 1 1
4 5400 0 1 0 1
4 0100 1 1 1 1
4 0100 1 1 1 1
4 0040 1 1 1 1
4 b00d 0 1 0 1
4 0010 1 1 1 1
4 0020 1 1 1 1
4 ed61 0 1 0 1
4 8900 0 1 0 1
4 5a25 0 1 0 1
4 0040 1 1 1 1
4 0080 1 1 1 1
4 4018 0 1 0 1
4 0080 1 1 1 1
4 0420 0 1 0 1
4 7e42 0 1 0 1
4 0040 1 1 1 1
4 8000 1 1 1 1
4 f9ef 0 1 0 1
4 0008 1 1 1 1
4 0800 1 1 1 1
4 0006 0 1 0 1
4 0008 1 1 1 1
4 cb7e 0 1 0 1
4 0482 0 1 0 1
4 0400 1 1 1 1
4 0140 0 1 0 1
4 e0e0 0 1 0 1
4 1010 0 1 0 1
4 8000 1 1 1 1
4 0019 0 1 0 1
4 2102 0 1 0 1
4 0800 1 1 1 1
4 0001 1 1 1 1
4 004a 0 1 0 1
4 0094 0 1 0 1
4 701b 0 1 0 1
4 0001 1 1 1 1
4 0040 1 1 1 1
4 a037 0 1 0 1
4 8020 0 1 0 1
4 0001 1 1 1 1
4 df84 0 1 0 1
4 0140 0 1 0 1
4 1000 1 1 1 1
4 289e 0 1 0 1
4 6020 0 1 0 1
4 1000 1 1 1 1
4 8004 0 1 0 1
4 cfc7 0 1 0 1
4 0480 0 1 0 1
4 0090 0 1 0 1
4 8102 0 1 0 1
4 9010 0 1 0 1
4 4041 0 1 0 1
4 1004 0 1 0 1
4 0800 1 1 1 1
4 0102 0 1 0 1
4 5cfa 0 1 0 1
4 1480 0 1 0 1
4 2110 0 1 0 1
4 2000 1 1 1 1
4 4000 1 1 1 1
4 4000 1 1 1 1
4 4100 0 1 0 1
4 a4dd 0 1 0 1
4 5fd4 0 1 0 1
4 c4d4 0 1 0 1
4 0002 1 1 1 1
4 8002 0 1 0 1
4 4180 0 1 0 1
4 00a0 0 1 0 1
4 0002 1 1 1 1
4 0040 1 1 1 1
4 0020 1 1 1 1
4 1000 1 1 1 1
4 568f 0 1 0 1
4 4000 1 1 1 1
4 2410 0 1 0 1
4 4000 1 1 1 1
4 0008 1 1 1 1
4 8000 1 1 1 1
4 0050 0 1 0 1
4 0240 0 1 0 1
4 2000 1 1 1 1
4 2000 1 1 1 1
4 0002 1 1 1 1
4 8000 1 1 1 1
4 c000 0 1 0 1
4 0002 1 1 1 1
4 9002 0 1 0 1
4 2002 0 1 0 1
4 4084 0 1 0 1
4 4001 0 1 0 1
4 0100 1 1 1 1
4 4010 0 1 0 1
4 4000 1 1 1 1
4 0902 0 1 0 1
4 6c08 0 1 0 1
4 0100 1 1 1 1
4 0010 1 1 1 1
4 b966 0 1 0 1
4 0800 1 1 1 1
4 0010 1 1 1 1
4 2000 1 1 1 1
4 0008 1 1 1 1
4 5e5d 0 1 0 1
4 0011 0 1 0 1
4 00c2 0 1 0 1
4 3478 0 1 0 1
4 2000 1 1 1 1
4 40a0 0 1 0 1
4 0210 0 1 0 1
4 1000 1 1 1 1
4 0182 0 1 0 1
4 0200 1 1 1 1
4 0020 1 1 1 1
4 d850 0 1 0 1
4 0020 1 1 1 1
4 0200 1 1 1 1
4 8800 0 1 0 1
4 0008 1 1 1 1
4 2000 1 1 1 1
4 0084 0 1 0 1
4 2000 1 1 1 1
4 4011 0 1 0 1
4 0010 1 1 1 1
4 8000 1 1 1 1
4 1012 0 1 0 1
4 4201 0 1 0 1
4 0800 1 1 1 1
4 0024 0 1 0 1
4 0120 0 1 0 1
4 781f 0 1 0 1
4 0400 1 1 1 1
4 0002 1 1 1 1
4 1004 0 1 0 1
4 8001 0 1 0 1
4 0004 1 1 1 1
4 4905 0 1 0 1
4 0200 1 1 1 1
4 2822 0 1 0 1
4 0808 0 1 0 1
4 0080 1 1 1 1
4 aa23 0 1 0 1
4 c080 0 1 0 1
4 1000 1 1 1 1
4 9a7f 0 1 0 1
4 0008 1 1 1 1
4 8002 0 1 0 1
4 0010 1 1 1 1
4 1004 0 1 0 1
4 0080 1 1 1 1
4 4000 1 1 1 1
4 0010 1 1 1 1
4 4010 0 1 0 1
4 0204 0 1 0 1
4 9872 0 1 0 1
4 16b0 0 1 0 1
4 8020 0 1 0 1
4 34ba 0 1 0 1
4 2002 0 1 0 1
4 0800 1 1 1 1
4 4009 0 1 0 1
4 4100 0 1 0 1
4 1220 0 1 0 1
4 1040 0 1 0 1
4 0010 1 1 1 1
4 24fa 0 1 0 1
4 4028 0 1 0 1
4 78ab 0 1 0 1
4 4003 0 1 0 1
4 34a2 0 1 0 1
4 72bb 0 1 0 1
4 0004 1 1 1 1
4 0d5c 0 1 0 1
4 0800 1 1 1 1
4 0010 1 1 1 1
4 2084 0 1 0 1
4 1146 0 1 0 1
4 0128 0 1 0 1
4 0043 0 1 0 1
4 a200 0 1 0 1
4 07f0 0 1 0 1
4 2000 1 1 1 1
4 0120 0 1 0 1
4 8000 1 1 1 1
4 0424 0 1 0 1
4 2000 1 1 1 1
4 0020 1 1 1 1
4 0218 0 1 0 1
4 2000 1 1 1 1
4 4080 0 1 0 1
4 0400 1 1 1 1
4 0080 1 1 1 1
4 d28f 0 1 0 1
4 4a5f 0 1 0 1
4 4000 1 1 1 1
4 0a02 0 1 0 1
4 0801 0 1 0 1
4 0020 1 1 1 1
4 0040 1 1 1 1
4 6004 0 1 0 1
4 1000 1 1 1 1
4 0200 1 1 1 1
4 8100 0 1 0 1
4 0050 0 1 0 1
4 0010 1 1 1 1
4 e98e 0 1 0 1
4 8000 1 1 1 1
4 d16c 0 1 0 1
4 a001 0 1 0 1
4 4000 1 1 1 1
4 4044 0 1 0 1
4 0002 1 1 1 1
4 0005 0 1 0 1
4 8000 1 1 1 1
4 8200 0 1 0 1
4 0004 1 1 1 1
4 2000 1 1 1 1
4 8300 0 1 0 1
4 0100 1 1 1 1
4 2000 1 1 1 1
4 4000 1 1 1 1
4 c010 0 1 0 1
4 1000 1 1 1 1
4 0184 0 1 0 1
4 917b 0 1 0 1
4 0800 1 1 1 1
4 0400 1 1 1 1
4 1028 0 1 0 1
4 0001 1 1 1 1
4 1000 1 1 1 1
4 0400 1 1 1 1
4 dda1 0 1 0 1
4 2004 0 1 0 1
4 1004 0 1 0 1
4 0248 0 1 0 1
