0 1 00 0 0 00 ff 0 1
0 0 3c 0 0 3c ff 0 1
0 0 ff 0 0 ff ff 1 1
0 0 81 0 0 81 ff 1 1
1 0 d0 1 1 03 ff 0 1
1 0 30 1 0 06 ff 0 1
1 0 18 1 1 0d ff 0 1
1 0 4c 1 1 1b ff 0 1
1 0 ec 1 0 36 ff 0 1
1 0 aa 1 0 6c ff 0 1
1 0 ba 1 1 d9 ff 1 1
1 0 df 1 0 b2 ff 1 1
2 0 41 1 0 64 ff 0 1
2 0 be 1 0 c8 ff 1 1
2 0 6d 1 0 90 ff 1 1
2 0 e6 1 0 20 ff 0 1
2 0 08 1 0 40 ff 0 1
2 0 a7 1 0 80 ff 1 1
2 0 25 1 0 00 ff 0 1
2 0 e2 1 0 00 ff 0 1
3 0 a9 0 1 a9 ff 1 1
3 0 f9 0 0 f9 ff 1 1
3 0 b9 0 0 b9 ff 1 1
3 0 a1 1 1 73 ff 0 1
3 0 c7 0 0 c7 ff 1 1
3 0 0d 0 0 0d ff 0 1
3 0 77 1 0 1a ff 0 1
3 0 86 1 1 35 ff 0 1
3 0 a0 0 0 a0 ff 1 1
3 0 63 0 1 63 ff 0 1
3 0 b9 0 0 b9 ff 1 1
3 0 ac 1 0 72 ff 0 1
3 0 69 1 0 e4 ff 1 1
3 0 21 0 1 21 ff 0 1
3 0 ce 0 0 ce ff 1 1
3 0 8d 1 1 9d ff 1 1
3 0 34 0 0 34 ff 0 1
3 0 e5 0 0 e5 ff 1 1
3 0 22 0 1 22 ff 0 1
3 0 77 1 1 45 ff 0 1
3 0 11 0 0 11 ff 0 1
3 0 7b 1 0 22 ff 0 1
3 0 36 1 0 44 ff 0 1
3 0 da 1 0 88 ff 1 1
3 0 f0 1 0 10 ff 0 1
3 0 1b 0 1 1b ff 0 1
3 0 07 1 1 37 ff 0 1
3 0 7d 0 0 7d ff 0 1
3 0 61 0 0 61 ff 0 1
3 0 2b 1 1 c3 ff 1 1
3 0 0d 0 1 0d ff 0 1
3 0 7f 1 0 1a ff 0 1
3 0 5e 0 0 5e ff 0 1
3 0 21 1 1 bd ff 1 1
3 0 8b 0 0 8b ff 1 1
3 0 74 0 1 74 ff 0 1
3 0 5e 1 0 e8 ff 1 1
3 0 d4 0 1 d4 ff 1 1
3 0 a1 1 0 a8 ff 1 1
3 0 84 1 0 50 ff 0 1
3 0 94 0 0 94 ff 1 1
3 0 ba 1 1 29 ff 0 1
3 0 76 1 1 53 ff 0 1
3 0 de 0 1 de ff 1 1
3 0 a1 1 0 bc ff 1 1
3 0 b1 0 1 b1 ff 1 1
3 0 70 1 1 63 ff 0 1
3 0 2e 0 0 2e ff 0 1
3 0 de 1 1 5d ff 0 1
3 0 e7 0 1 e7 ff 1 1
3 0 f4 0 0 f4 ff 1 1
3 0 da 1 1 e9 ff 1 1
3 1 8c 0 1 00 ff 0 1
3 0 f7 1 1 01 ff 0 1
3 0 be 1 1 03 ff 0 1
3 0 fc 1 0 06 ff 0 1
3 0 09 0 1 09 ff 0 1
3 0 13 1 0 12 ff 0 1
3 0 9a 1 1 25 ff 0 1
3 0 8f 1 0 4a ff 0 1
3 0 7a 0 0 7a ff 0 1
3 0 86 0 0 86 ff 1 1
3 0 64 1 0 0c ff 0 1
3 0 79 0 1 79 ff 0 1
3 0 df 0 0 df ff 1 1
3 0 4b 0 1 4b ff 0 1
3 0 7a 1 0 96 ff 1 1
3 0 c5 0 1 c5 ff 1 1
3 0 dc 0 0 dc ff 1 1
3 0 13 1 1 b9 ff 1 1
3 0 c7 1 0 72 ff 0 1
3 0 4a 0 1 4a ff 0 1
3 0 34 1 0 94 ff 1 1
3 0 9f 1 0 28 ff 0 1
3 0 71 1 0 50 ff 0 1
3 0 08 1 0 a0 ff 1 1
3 0 b5 1 1 41 ff 0 1
3 0 0c 0 1 0c ff 0 1
3 0 e9 1 1 19 ff 0 1
3 0 a7 1 1 33 ff 0 1
3 0 59 0 0 59 ff 0 1
3 0 93 1 0 b2 ff 1 1
3 0 38 1 0 64 ff 0 1
3 0 a0 0 0 a0 ff 1 1
3 0 77 1 0 40 ff 0 1
3 0 ff 0 1 ff ff 1 1
3 0 e6 1 1 ff ff 1 1
3 0 20 1 0 fe ff 1 1
3 0 89 1 1 fd ff 1 1
3 0 6f 1 0 fa ff 1 1
3 0 9d 1 0 f4 ff 1 1
3 0 2b 0 0 2b ff 0 1
3 0 29 0 1 29 ff 0 1
3 0 d3 1 1 53 ff 0 1
3 0 b2 0 1 b2 ff 1 1
3 1 66 1 1 00 ff 0 1
3 0 bf 0 1 bf ff 1 1
3 0 a9 1 0 7e ff 0 1
3 0 fb 1 1 fd ff 1 1
3 0 f7 0 1 f7 ff 1 1
3 0 52 0 0 52 ff 0 1
3 0 74 1 0 a4 ff 1 1
3 0 96 1 0 48 ff 0 1
3 0 92 0 1 92 ff 1 1
3 0 b6 0 0 b6 ff 1 1
3 0 fd 0 0 fd ff 1 1
3 0 ac 1 0 fa ff 1 1
3 0 47 1 1 f5 ff 1 1
3 0 f8 1 1 eb ff 1 1
3 0 91 0 1 91 ff 1 1
3 0 b8 1 0 22 ff 0 1
3 0 c2 0 0 c2 ff 1 1
3 0 96 1 0 84 ff 1 1
3 0 ce 0 0 ce ff 1 1
3 0 86 0 0 86 ff 1 1
3 0 ab 0 1 ab ff 1 1
3 0 23 0 1 23 ff 0 1
3 0 b4 1 1 47 ff 0 1
3 0 12 1 0 8e ff 1 1
3 0 54 0 0 54 ff 0 1
3 0 b5 1 1 a9 ff 1 1
3 0 44 0 1 44 ff 0 1
3 0 6a 0 0 6a ff 0 1
3 0 0b 0 0 0b ff 0 1
3 0 04 1 0 16 ff 0 1
3 0 17 1 1 2d ff 0 1
3 0 3d 1 1 5b ff 0 1
3 0 7a 1 1 b7 ff 1 1
3 0 67 0 0 67 ff 0 1
3 0 3b 0 0 3b ff 0 1
3 0 48 0 0 48 ff 0 1
3 0 6f 1 0 90 ff 1 1
3 0 f5 1 0 20 ff 0 1
3 0 30 1 0 40 ff 0 1
3 0 0c 0 0 0c ff 0 1
3 0 9b 0 1 9b ff 1 1
3 0 9e 0 1 9e ff 1 1
3 0 ad 0 0 ad ff 1 1
3 0 65 1 0 5a ff 0 1
3 0 59 0 1 59 ff 0 1
3 0 63 1 1 b3 ff 1 1
3 0 98 0 1 98 ff 1 1
3 0 87 0 1 87 ff 1 1
3 0 a3 1 0 0e ff 0 1
3 0 5f 0 1 5f ff 0 1
3 0 d7 1 0 be ff 1 1
3 0 f0 1 1 7d ff 0 1
3 0 09 0 0 09 ff 0 1
3 0 00 0 1 00 ff 0 1
3 0 57 1 1 01 ff 0 1
3 0 8a 1 1 03 ff 0 1
3 0 24 1 1 07 ff 0 1
3 0 9e 0 1 9e ff 1 1
3 0 67 1 0 3c ff 0 1
3 0 72 1 0 78 ff 0 1
3 0 5d 1 1 f1 ff 1 1
3 0 52 1 0 e2 ff 1 1
3 0 09 1 1 c5 ff 1 1
3 0 66 0 1 66 ff 0 1
3 0 f5 0 0 f5 ff 1 1
3 0 1d 1 1 eb ff 1 1
3 0 cd 1 0 d6 ff 1 1
3 0 5b 1 1 ad ff 1 1
3 0 f7 0 0 f7 ff 1 1
3 0 e0 0 1 e0 ff 1 1
3 0 5d 0 0 5d ff 0 1
3 0 b0 0 1 b0 ff 1 1
3 0 f8 1 0 60 ff 0 1
3 0 e8 0 1 e8 ff 1 1
3 0 8e 0 1 8e ff 1 1
3 0 d5 1 0 1c ff 0 1
3 0 87 1 0 38 ff 0 1
3 0 68 1 1 71 ff 0 1
3 0 28 1 1 e3 ff 1 1
3 0 ab 0 0 ab ff 1 1
3 0 ab 1 1 57 ff 0 1
3 0 0b 0 1 0b ff 0 1
3 0 c4 1 1 17 ff 0 1
3 0 5e 1 0 2e ff 0 1
3 0 49 1 0 5c ff 0 1
3 0 f6 0 0 f6 ff 1 1
3 0 1b 0 1 1b ff 0 1
3 0 f7 0 1 f7 ff 1 1
3 0 ef 0 0 ef ff 1 1
3 0 1e 1 0 de ff 1 1
3 0 cd 1 0 bc ff 1 1
3 0 d5 1 0 78 ff 0 1
3 0 ce 1 0 f0 ff 1 1
3 0 e3 1 0 e0 ff 1 1
3 0 e6 1 1 c1 ff 1 1
3 0 7a 0 1 7a ff 0 1
3 0 55 1 1 f5 ff 1 1
3 0 d1 1 0 ea ff 1 1
3 0 ab 0 1 ab ff 1 1
3 0 dc 1 1 57 ff 0 1
3 0 66 0 1 66 ff 0 1
3 0 1d 1 1 cd ff 1 1
3 0 2d 1 1 9b ff 1 1
3 0 3e 0 1 3e ff 0 1
3 0 32 1 1 7d ff 0 1
3 0 14 1 0 fa ff 1 1
3 0 a2 0 0 a2 ff 1 1
3 0 74 1 0 44 ff 0 1
3 0 af 1 0 88 ff 1 1
3 0 4f 0 1 4f ff 0 1
3 0 19 1 0 9e ff 1 1
3 0 bc 1 0 3c ff 0 1
3 0 4a 1 0 78 ff 0 1
3 0 1e 1 1 f1 ff 1 1
3 0 99 1 1 e3 ff 1 1
3 0 62 1 1 c7 ff 1 1
3 0 80 1 0 8e ff 1 1
3 0 88 0 0 88 ff 1 1
3 0 98 0 1 98 ff 1 1
3 0 58 1 1 31 ff 0 1
3 0 9b 1 0 62 ff 0 1
3 0 1f 0 0 1f ff 0 1
3 0 f6 0 0 f6 ff 1 1
3 0 57 0 0 57 ff 0 1
3 0 43 0 1 43 ff 0 1
3 0 0f 0 0 0f ff 0 1
3 0 4b 1 1 1f ff 0 1
3 0 3d 0 1 3d ff 0 1
3 0 e2 0 1 e2 ff 1 1
3 0 7b 0 0 7b ff 0 1
3 0 10 1 0 f6 ff 1 1
3 0 44 0 0 44 ff 0 1
3 0 eb 0 1 eb ff 1 1
3 0 e0 1 0 d6 ff 1 1
3 0 2a 0 1 2a ff 0 1
3 0 e0 1 0 54 ff 0 1
3 0 f9 1 1 a9 ff 1 1
3 0 65 1 0 52 ff 0 1
3 0 ad 1 0 a4 ff 1 1
3 0 b8 1 0 48 ff 0 1
3 0 44 1 0 90 ff 1 1
3 0 de 1 0 20 ff 0 1
3 0 20 1 0 40 ff 0 1
3 0 e8 1 0 80 ff 1 1
3 0 14 0 1 14 ff 0 1
3 0 5a 0 0 5a ff 0 1
3 0 ad 0 1 ad ff 1 1
3 0 1e 0 1 1e ff 0 1
3 0 50 1 0 3c ff 0 1
3 0 34 1 0 78 ff 0 1
3 0 b1 0 0 b1 ff 1 1
3 0 d0 1 0 62 ff 0 1
3 0 0d 1 1 c5 ff 1 1
3 0 50 0 1 50 ff 0 1
3 0 ab 1 1 a1 ff 1 1
3 0 dc 0 0 dc ff 1 1
3 0 93 0 0 93 ff 1 1
3 0 45 0 0 45 ff 0 1
3 0 d5 1 0 8a ff 1 1
3 0 ab 1 0 14 ff 0 1
3 0 fb 0 0 fb ff 1 1
3 0 68 1 1 f7 ff 1 1
3 0 cf 0 0 cf ff 1 1
3 0 d4 1 1 9f ff 1 1
3 0 94 1 0 3e ff 0 1
3 0 4c 1 1 7d ff 0 1
3 0 68 0 1 68 ff 0 1
3 0 e0 0 1 e0 ff 1 1
3 0 01 0 1 01 ff 0 1
3 0 32 1 0 02 ff 0 1
3 0 77 0 1 77 ff 0 1
3 0 83 1 0 ee ff 1 1
3 0 ba 1 0 dc ff 1 1
3 0 30 1 1 b9 ff 1 1
3 0 48 1 0 72 ff 0 1
3 0 dd 0 0 dd ff 1 1
3 0 f3 1 0 ba ff 1 1
3 0 66 0 1 66 ff 0 1
3 0 17 1 1 cd ff 1 1
3 0 c2 1 0 9a ff 1 1
3 0 8f 1 1 35 ff 0 1
3 0 cf 0 0 cf ff 1 1
3 0 a1 1 1 9f ff 1 1
3 0 d8 1 0 3e ff 0 1
3 0 02 1 0 7c ff 0 1
3 0 d8 0 1 d8 ff 1 1
3 0 22 0 0 22 ff 0 1
3 0 01 1 1 45 ff 0 1
3 0 e2 0 1 e2 ff 1 1
3 0 66 1 1 c5 ff 1 1
3 0 3b 1 1 8b ff 1 1
3 0 aa 0 0 aa ff 1 1
3 0 20 1 1 55 ff 0 1
3 0 5d 0 0 5d ff 0 1
3 0 2e 0 0 2e ff 0 1
3 0 08 1 1 5d ff 0 1
3 0 4f 1 1 bb ff 1 1
3 0 1e 1 1 77 ff 0 1
3 0 ae 0 1 ae ff 1 1
3 0 9f 0 0 9f ff 1 1
3 0 9b 1 1 3f ff 0 1
3 0 04 0 1 04 ff 0 1
3 0 31 0 1 31 ff 0 1
3 0 71 1 1 63 ff 0 1
3 0 36 0 0 36 ff 0 1
3 0 f9 0 1 f9 ff 1 1
3 0 21 0 0 21 ff 0 1
3 0 5e 1 1 43 ff 0 1
3 0 be 1 0 86 ff 1 1
3 0 81 1 0 0c ff 0 1
3 0 c6 1 0 18 ff 0 1
3 0 ef 0 0 ef ff 1 1
3 0 32 1 1 df ff 1 1
3 0 0e 0 1 0e ff 0 1
3 0 7e 1 0 1c ff 0 1
3 0 e2 0 0 e2 ff 1 1
3 0 c9 1 1 c5 ff 1 1
3 0 4f 1 0 8a ff 1 1
3 0 59 1 0 14 ff 0 1
3 0 c6 1 0 28 ff 0 1
3 0 63 1 0 50 ff 0 1
3 0 4e 0 0 4e ff 0 1
3 0 b4 1 1 9d ff 1 1
3 0 4b 1 0 3a ff 0 1
3 0 56 1 0 74 ff 0 1
3 0 64 1 1 e9 ff 1 1
3 0 e4 1 0 d2 ff 1 1
3 0 29 1 1 a5 ff 1 1
3 0 a8 0 1 a8 ff 1 1
3 0 97 1 1 51 ff 0 1
3 0 0a 1 0 a2 ff 1 1
3 0 34 1 1 45 ff 0 1
3 0 98 1 0 8a ff 1 1
3 0 a5 0 1 a5 ff 1 1
3 0 68 1 1 4b ff 0 1
3 0 9a 0 1 9a ff 1 1
3 0 2d 0 0 2d ff 0 1
3 0 64 0 1 64 ff 0 1
3 0 fd 0 0 fd ff 1 1
3 0 87 0 0 87 ff 1 1
3 0 0f 1 1 0f ff 0 1
3 0 05 1 0 1e ff 0 1
3 0 2c 1 1 3d ff 0 1
3 0 9c 0 0 9c ff 1 1
3 0 a3 0 1 a3 ff 1 1
3 0 11 0 0 11 ff 0 1
3 0 3d 1 1 23 ff 0 1
3 0 a8 0 0 a8 ff 1 1
3 0 1a 0 1 1a ff 0 1
3 0 b4 0 1 b4 ff 1 1
3 0 c7 1 0 68 ff 0 1
3 0 03 0 1 03 ff 0 1
3 0 27 1 0 06 ff 0 1
3 0 04 0 0 04 ff 0 1
3 0 10 0 0 10 ff 0 1
3 0 aa 1 1 21 ff 0 1
3 0 63 1 1 43 ff 0 1
3 0 b0 1 0 86 ff 1 1
3 0 c1 1 1 0d ff 0 1
3 0 bb 1 0 1a ff 0 1
3 0 0f 1 1 35 ff 0 1
3 0 6d 0 0 6d ff 0 1
3 0 43 1 1 db ff 1 1
3 0 b4 1 0 b6 ff 1 1
3 0 5f 1 1 6d ff 0 1
3 0 36 1 0 da ff 1 1
3 0 45 1 0 b4 ff 1 1
3 0 9e 1 0 68 ff 0 1
3 0 07 1 0 d0 ff 1 1
3 0 02 1 1 a1 ff 1 1
3 0 18 0 0 18 ff 0 1
3 0 21 0 0 21 ff 0 1
3 0 a2 0 0 a2 ff 1 1
3 0 45 1 1 45 ff 0 1
3 0 2b 0 0 2b ff 0 1
3 0 09 0 0 09 ff 0 1
3 0 74 0 1 74 ff 0 1
3 0 d8 1 1 e9 ff 1 1
3 0 d2 0 1 d2 ff 1 1
3 0 81 0 1 81 ff 1 1
3 0 24 1 1 03 ff 0 1
3 0 67 0 1 67 ff 0 1
3 0 b6 1 0 ce ff 1 1
3 0 19 0 1 19 ff 0 1
3 0 73 1 1 33 ff 0 1
3 0 dc 1 1 67 ff 0 1
3 0 7e 1 0 ce ff 1 1
3 0 3d 1 1 9d ff 1 1
3 0 de 0 0 de ff 1 1
3 0 f7 0 0 f7 ff 1 1
3 0 0a 1 0 ee ff 1 1
3 0 b7 0 0 b7 ff 1 1
3 0 6c 0 0 6c ff 0 1
3 0 cc 0 1 cc ff 1 1
3 0 e2 1 0 98 ff 1 1
3 0 4a 0 1 4a ff 0 1
3 0 f3 1 0 94 ff 1 1
3 0 03 0 0 03 ff 0 1
3 0 f3 1 0 06 ff 0 1
3 0 a2 0 0 a2 ff 1 1
3 0 df 1 1 45 ff 0 1
3 0 55 1 1 8b ff 1 1
3 0 55 0 1 55 ff 0 1
3 0 ca 1 1 ab ff 1 1
3 0 42 1 1 57 ff 0 1
3 0 82 1 1 af ff 1 1
3 0 03 0 0 03 ff 0 1
3 0 cf 1 0 06 ff 0 1
3 0 d8 1 0 0c ff 0 1
3 0 7f 0 1 7f ff 0 1
3 0 c3 0 1 c3 ff 1 1
3 0 79 1 0 86 ff 1 1
3 0 f2 1 0 0c ff 0 1
3 0 f1 1 1 19 ff 0 1
3 0 6d 0 0 6d ff 0 1
3 0 a4 0 0 a4 ff 1 1
3 0 5a 1 0 48 ff 0 1
3 0 54 1 0 90 ff 1 1
3 0 6c 1 1 21 ff 0 1
3 0 b6 0 1 b6 ff 1 1
3 0 9e 1 0 6c ff 0 1
3 0 3d 0 1 3d ff 0 1
3 0 2c 1 0 7a ff 0 1
3 0 a1 0 0 a1 ff 1 1
3 0 3a 0 0 3a ff 0 1
3 0 08 1 0 74 ff 0 1
3 0 8f 0 0 8f ff 1 1
3 0 44 1 1 1f ff 0 1
3 0 f8 1 0 3e ff 0 1
3 0 0b 1 1 7d ff 0 1
3 0 08 1 1 fb ff 1 1
3 0 f9 0 0 f9 ff 1 1
3 0 c1 0 0 c1 ff 1 1
3 0 17 1 1 83 ff 1 1
3 0 4c 1 1 07 ff 0 1
3 0 ba 1 1 0f ff 0 1
3 0 d6 1 1 1f ff 0 1
3 0 61 0 1 61 ff 0 1
3 0 56 1 0 c2 ff 1 1
3 0 ef 0 0 ef ff 1 1
3 0 32 1 0 de ff 1 1
3 0 b4 1 1 bd ff 1 1
3 0 10 1 0 7a ff 0 1
3 0 4b 1 1 f5 ff 1 1
3 0 d0 1 1 eb ff 1 1
3 0 dc 1 1 d7 ff 1 1
3 0 13 0 0 13 ff 0 1
3 0 3b 1 0 26 ff 0 1
3 0 2e 1 1 4d ff 0 1
3 0 4e 1 1 9b ff 1 1
3 0 3a 1 0 36 ff 0 1
3 0 45 0 0 45 ff 0 1
3 0 03 1 1 8b ff 1 1
3 0 40 0 0 40 ff 0 1
3 0 17 1 1 81 ff 1 1
3 0 99 0 1 99 ff 1 1
3 0 f5 1 0 32 ff 0 1
3 0 52 0 1 52 ff 0 1
3 0 9e 1 0 a4 ff 1 1
3 0 a9 0 1 a9 ff 1 1
3 0 44 0 1 44 ff 0 1
3 0 66 1 1 89 ff 1 1
3 0 43 0 1 43 ff 0 1
3 0 74 0 1 74 ff 0 1
3 0 f8 0 1 f8 ff 1 1
3 0 e4 1 0 f0 ff 1 1
3 0 17 0 0 17 ff 0 1
3 0 e3 0 1 e3 ff 1 1
3 0 e8 0 0 e8 ff 1 1
3 0 05 0 1 05 ff 0 1
3 0 c7 1 1 0b ff 0 1
3 0 46 1 1 17 ff 0 1
3 0 34 0 0 34 ff 0 1
3 0 3e 0 1 3e ff 0 1
3 0 f2 1 0 7c ff 0 1
3 0 1e 1 1 f9 ff 1 1
3 0 6a 0 0 6a ff 0 1
3 0 c9 0 1 c9 ff 1 1
3 0 c3 0 0 c3 ff 1 1
3 0 94 1 1 87 ff 1 1
3 0 ab 1 1 0f ff 0 1
3 0 e5 0 1 e5 ff 1 1
3 0 62 0 1 62 ff 0 1
3 0 b8 1 0 c4 ff 1 1
3 0 1c 0 0 1c ff 0 1
3 0 0f 1 0 38 ff 0 1
3 0 fd 0 0 fd ff 1 1
3 0 e8 1 0 fa ff 1 1
3 0 86 0 1 86 ff 1 1
3 0 7b 1 0 0c ff 0 1
3 0 c4 0 1 c4 ff 1 1
3 0 e5 0 0 e5 ff 1 1
3 0 bb 1 0 ca ff 1 1
3 0 32 1 0 94 ff 1 1
3 0 b0 1 1 29 ff 0 1
3 0 97 0 0 97 ff 1 1
3 0 f1 1 0 2e ff 0 1
3 0 87 1 1 5d ff 0 1
3 0 97 0 0 97 ff 1 1
3 0 13 1 0 2e ff 0 1
3 0 46 1 0 5c ff 0 1
3 0 76 1 1 b9 ff 1 1
3 0 19 1 1 73 ff 0 1
3 0 21 0 1 21 ff 0 1
3 0 76 0 1 76 ff 0 1
3 0 05 0 0 05 ff 0 1
3 0 90 0 1 90 ff 1 1
3 0 05 1 0 20 ff 0 1
3 0 af 1 0 40 ff 0 1
3 0 cf 0 1 cf ff 1 1
3 0 ba 0 0 ba ff 1 1
3 0 3d 1 0 74 ff 0 1
3 0 40 0 1 40 ff 0 1
3 0 f7 0 0 f7 ff 1 1
3 0 31 1 0 ee ff 1 1
3 0 61 1 0 dc ff 1 1
3 0 8c 0 1 8c ff 1 1
3 0 17 0 1 17 ff 0 1
3 0 28 1 0 2e ff 0 1
3 0 22 1 0 5c ff 0 1
3 0 8c 1 0 b8 ff 1 1
3 0 e6 1 1 71 ff 0 1
3 0 7f 1 1 e3 ff 1 1
3 0 05 1 0 c6 ff 1 1
3 0 25 1 0 8c ff 1 1
3 0 c0 1 1 19 ff 0 1
3 0 8b 0 1 8b ff 1 1
3 0 a3 1 0 16 ff 0 1
3 0 3c 1 1 2d ff 0 1
3 0 0a 0 0 0a ff 0 1
3 0 ed 0 0 ed ff 1 1
3 0 b9 1 0 da ff 1 1
3 0 c2 1 1 b5 ff 1 1
3 0 85 0 1 85 ff 1 1
3 0 d8 1 1 0b ff 0 1
3 0 cc 1 0 16 ff 0 1
3 0 54 0 0 54 ff 0 1
3 0 6a 1 0 a8 ff 1 1
3 0 b0 1 1 51 ff 0 1
3 0 1e 1 1 a3 ff 1 1
3 0 0d 0 1 0d ff 0 1
3 0 de 0 0 de ff 1 1
3 0 dc 0 1 dc ff 1 1
3 0 c5 1 0 b8 ff 1 1
3 0 65 1 1 71 ff 0 1
3 0 9d 1 0 e2 ff 1 1
3 0 25 1 1 c5 ff 1 1
3 0 61 1 0 8a ff 1 1
3 0 a9 1 1 15 ff 0 1
3 0 02 0 1 02 ff 0 1
3 0 eb 1 0 04 ff 0 1
3 0 70 1 0 08 ff 0 1
3 0 75 1 0 10 ff 0 1
3 0 ba 0 1 ba ff 1 1
3 0 20 0 1 20 ff 0 1
3 0 e2 1 0 40 ff 0 1
3 0 36 1 0 80 ff 1 1
3 0 20 1 0 00 ff 0 1
3 0 3d 1 1 01 ff 0 1
3 1 3c 1 0 00 ff 0 1
3 0 cf 1 0 00 ff 0 1
3 0 ff 1 0 00 ff 0 1
3 0 b4 1 1 01 ff 0 1
3 0 6a 1 0 02 ff 0 1
3 0 a9 0 1 a9 ff 1 1
3 0 27 1 1 53 ff 0 1
3 0 d4 1 0 a6 ff 1 1
3 0 69 0 0 69 ff 0 1
3 0 9a 1 0 d2 ff 1 1
3 0 80 0 1 80 ff 1 1
3 0 29 0 1 29 ff 0 1
3 0 96 0 1 96 ff 1 1
3 0 5a 1 1 2d ff 0 1
3 0 68 0 1 68 ff 0 1
3 0 75 1 1 d1 ff 1 1
3 0 4f 0 0 4f ff 0 1
3 0 36 1 1 9f ff 1 1
3 0 7b 1 1 3f ff 0 1
3 0 cb 0 0 cb ff 1 1
3 0 ee 1 1 97 ff 1 1
3 0 80 0 0 80 ff 1 1
3 0 27 1 1 01 ff 0 1
3 0 b0 1 1 03 ff 0 1
3 0 a7 1 0 06 ff 0 1
3 0 51 1 1 0d ff 0 1
3 0 e5 1 1 1b ff 0 1
3 0 f9 1 1 37 ff 0 1
3 0 bd 1 0 6e ff 0 1
3 0 be 0 0 be ff 1 1
3 0 3e 1 1 7d ff 0 1
3 0 ef 1 1 fb ff 1 1
3 0 c1 0 0 c1 ff 1 1
3 0 6b 1 0 82 ff 1 1
3 0 06 1 0 04 ff 0 1
3 0 c9 1 0 08 ff 0 1
3 0 12 1 0 10 ff 0 1
3 0 06 0 1 06 ff 0 1
3 0 a7 1 1 0d ff 0 1
3 0 f9 0 1 f9 ff 1 1
3 0 67 1 0 f2 ff 1 1
3 0 65 1 0 e4 ff 1 1
3 0 cf 0 1 cf ff 1 1
3 0 02 0 0 02 ff 0 1
3 0 ac 0 0 ac ff 1 1
3 0 7e 1 1 59 ff 0 1
3 0 06 0 1 06 ff 0 1
3 0 c2 0 0 c2 ff 1 1
3 0 55 0 1 55 ff 0 1
3 0 d5 0 1 d5 ff 1 1
3 0 15 1 1 ab ff 1 1
3 0 14 1 1 57 ff 0 1
3 0 4a 1 1 af ff 1 1
3 0 74 0 1 74 ff 0 1
3 0 c4 0 0 c4 ff 1 1
3 0 14 1 0 88 ff 1 1
3 0 5e 1 0 10 ff 0 1
3 0 4e 0 1 4e ff 0 1
3 0 67 0 1 67 ff 0 1
3 0 1f 0 0 1f ff 0 1
3 0 2a 1 1 3f ff 0 1
3 0 0b 1 1 7f ff 0 1
3 0 a4 1 1 ff ff 1 1
3 0 a0 0 0 a0 ff 1 1
3 0 eb 0 1 eb ff 1 1
3 0 50 0 1 50 ff 0 1
3 0 c6 1 0 a0 ff 1 1
3 0 85 0 1 85 ff 1 1
3 0 92 0 1 92 ff 1 1
3 0 e9 1 0 24 ff 0 1
3 0 95 0 1 95 ff 1 1
3 0 c0 1 1 2b ff 0 1
3 0 11 1 0 56 ff 0 1
3 0 20 0 1 20 ff 0 1
3 0 bc 1 0 40 ff 0 1
3 0 47 1 0 80 ff 1 1
3 0 b2 0 0 b2 ff 1 1
3 0 4c 0 1 4c ff 0 1
3 0 f2 1 0 98 ff 1 1
3 0 a4 1 1 31 ff 0 1
3 0 8e 0 1 8e ff 1 1
3 0 b4 1 0 1c ff 0 1
3 0 45 1 0 38 ff 0 1
3 0 fe 0 0 fe ff 1 1
3 0 f0 0 1 f0 ff 1 1
3 0 93 1 0 e0 ff 1 1
3 0 fb 0 1 fb ff 1 1
3 0 da 1 1 f7 ff 1 1
3 0 5d 0 1 5d ff 0 1
3 0 0b 1 1 bb ff 1 1
3 0 b3 1 1 77 ff 0 1
3 0 30 1 1 ef ff 1 1
3 0 dc 1 0 de ff 1 1
3 0 e0 0 1 e0 ff 1 1
3 0 b2 1 1 c1 ff 1 1
3 0 50 0 1 50 ff 0 1
3 0 15 0 1 15 ff 0 1
3 0 68 1 0 2a ff 0 1
3 0 4e 1 0 54 ff 0 1
3 0 46 0 0 46 ff 0 1
3 0 96 1 1 8d ff 1 1
3 0 4b 1 0 1a ff 0 1
3 0 ca 1 1 35 ff 0 1
3 0 46 1 1 6b ff 0 1
3 0 00 0 0 00 ff 0 1
3 0 6b 0 1 6b ff 0 1
3 0 5a 0 1 5a ff 0 1
3 0 ee 1 1 b5 ff 1 1
3 0 68 1 1 6b ff 0 1
3 0 fb 0 0 fb ff 1 1
3 0 8f 0 1 8f ff 1 1
3 0 0c 0 1 0c ff 0 1
3 0 b2 0 0 b2 ff 1 1
3 0 78 1 1 65 ff 0 1
3 0 db 0 1 db ff 1 1
3 0 f6 1 0 b6 ff 1 1
3 0 0d 0 1 0d ff 0 1
3 0 08 1 0 1a ff 0 1
3 0 23 0 1 23 ff 0 1
3 0 79 1 1 47 ff 0 1
3 0 08 1 1 8f ff 1 1
3 0 bf 1 0 1e ff 0 1
3 0 da 0 0 da ff 1 1
3 0 61 1 1 b5 ff 1 1
3 0 b6 1 1 6b ff 0 1
3 0 8c 0 1 8c ff 1 1
3 0 db 1 0 18 ff 0 1
3 0 b6 1 1 31 ff 0 1
3 0 ee 1 1 63 ff 0 1
3 0 28 1 1 c7 ff 1 1
3 0 21 1 1 8f ff 1 1
3 0 23 1 0 1e ff 0 1
3 0 c1 1 1 3d ff 0 1
3 0 85 1 1 7b ff 0 1
3 0 aa 0 0 aa ff 1 1
3 0 e7 1 0 54 ff 0 1
3 0 da 1 1 a9 ff 1 1
3 0 d3 0 1 d3 ff 1 1
3 0 e2 0 0 e2 ff 1 1
3 0 b2 1 0 c4 ff 1 1
3 0 b1 1 0 88 ff 1 1
3 0 87 1 0 10 ff 0 1
3 0 9c 1 0 20 ff 0 1
3 0 c7 1 0 40 ff 0 1
3 0 b7 1 1 81 ff 1 1
3 0 72 1 1 03 ff 0 1
3 0 06 1 1 07 ff 0 1
3 0 c4 0 1 c4 ff 1 1
3 0 f2 0 0 f2 ff 1 1
3 0 af 0 0 af ff 1 1
3 0 ca 0 0 ca ff 1 1
3 0 f0 1 0 94 ff 1 1
3 0 d8 0 1 d8 ff 1 1
3 0 06 1 1 b1 ff 1 1
3 0 23 1 0 62 ff 0 1
3 0 e5 0 1 e5 ff 1 1
3 0 7f 0 1 7f ff 0 1
3 0 bb 1 1 ff ff 1 1
3 0 18 1 1 ff ff 1 1
3 0 08 1 0 fe ff 1 1
3 0 a5 1 1 fd ff 1 1
3 0 19 0 0 19 ff 0 1
3 0 ad 1 1 33 ff 0 1
3 0 d7 1 1 67 ff 0 1
3 0 f4 1 0 ce ff 1 1
3 0 97 0 0 97 ff 1 1
3 0 ec 1 1 2f ff 0 1
3 0 b8 1 1 5f ff 0 1
3 0 b8 1 1 bf ff 1 1
3 0 09 1 0 7e ff 0 1
3 0 2a 0 1 2a ff 0 1
3 0 fd 1 1 55 ff 0 1
3 0 30 0 0 30 ff 0 1
3 0 1b 0 1 1b ff 0 1
3 0 2f 1 1 37 ff 0 1
3 0 dd 0 0 dd ff 1 1
3 0 71 1 0 ba ff 1 1
3 0 72 0 1 72 ff 0 1
3 0 f7 1 1 e5 ff 1 1
3 0 4b 1 0 ca ff 1 1
3 0 b1 0 0 b1 ff 1 1
3 0 55 1 1 63 ff 0 1
3 0 40 0 0 40 ff 0 1
3 0 27 1 0 80 ff 1 1
3 0 62 1 1 01 ff 0 1
3 0 11 1 1 03 ff 0 1
3 0 58 1 1 07 ff 0 1
3 0 48 1 1 0f ff 0 1
3 0 1d 1 0 1e ff 0 1
3 0 bd 1 0 3c ff 0 1
3 0 61 0 1 61 ff 0 1
3 0 3f 1 0 c2 ff 1 1
3 0 b3 1 1 85 ff 1 1
3 0 0b 1 0 0a ff 0 1
3 0 97 1 1 15 ff 0 1
3 0 24 1 0 2a ff 0 1
3 0 89 1 0 54 ff 0 1
3 0 34 1 1 a9 ff 1 1
3 0 5d 1 1 53 ff 0 1
3 0 4b 0 1 4b ff 0 1
3 0 d1 1 0 96 ff 1 1
3 0 97 0 0 97 ff 1 1
3 0 16 0 1 16 ff 0 1
3 0 4c 1 1 2d ff 0 1
3 0 81 1 1 5b ff 0 1
3 0 c1 1 1 b7 ff 1 1
3 0 c3 1 0 6e ff 0 1
3 0 8b 1 0 dc ff 1 1
3 0 1a 1 0 b8 ff 1 1
3 0 d4 0 0 d4 ff 1 1
3 0 d1 1 1 a9 ff 1 1
3 0 f8 0 0 f8 ff 1 1
3 0 ed 1 1 f1 ff 1 1
3 0 45 0 0 45 ff 0 1
3 0 27 1 0 8a ff 1 1
3 0 c1 0 0 c1 ff 1 1
3 0 69 0 1 69 ff 0 1
3 0 98 1 0 d2 ff 1 1
3 0 10 1 1 a5 ff 1 1
3 0 43 1 0 4a ff 0 1
3 0 3b 0 0 3b ff 0 1
3 0 be 1 1 77 ff 0 1
3 0 67 1 1 ef ff 1 1
3 0 e7 1 1 df ff 1 1
3 0 de 0 0 de ff 1 1
3 0 25 1 1 bd ff 1 1
3 0 b3 1 0 7a ff 0 1
3 0 55 0 1 55 ff 0 1
3 0 08 0 1 08 ff 0 1
3 0 e0 1 0 10 ff 0 1
3 0 f6 0 0 f6 ff 1 1
3 0 67 1 0 ec ff 1 1
3 0 2f 1 0 d8 ff 1 1
3 0 5a 1 0 b0 ff 1 1
3 0 b3 0 0 b3 ff 1 1
3 0 bb 1 0 66 ff 0 1
3 0 51 0 0 51 ff 0 1
3 0 e5 1 1 a3 ff 1 1
3 0 33 0 0 33 ff 0 1
3 0 02 1 1 67 ff 0 1
3 0 fa 1 0 ce ff 1 1
3 0 4c 1 1 9d ff 1 1
3 0 7e 1 1 3b ff 0 1
3 0 2d 1 1 77 ff 0 1
3 0 fc 0 1 fc ff 1 1
3 0 a7 0 1 a7 ff 1 1
3 0 7d 1 0 4e ff 0 1
3 0 8f 0 1 8f ff 1 1
3 0 10 1 0 1e ff 0 1
3 0 6e 0 0 6e ff 0 1
3 0 1a 0 0 1a ff 0 1
3 0 97 1 0 34 ff 0 1
3 0 e2 1 0 68 ff 0 1
3 0 50 0 1 50 ff 0 1
3 0 c7 1 0 a0 ff 1 1
3 0 da 0 0 da ff 1 1
3 0 51 1 0 b4 ff 1 1
3 0 87 1 0 68 ff 0 1
3 0 e0 1 0 d0 ff 1 1
3 0 ff 0 1 ff ff 1 1
3 0 04 0 0 04 ff 0 1
3 0 1b 1 0 08 ff 0 1
3 0 ba 0 0 ba ff 1 1
3 0 66 1 1 75 ff 0 1
3 0 65 1 0 ea ff 1 1
3 0 e5 0 1 e5 ff 1 1
3 0 4b 1 0 ca ff 1 1
3 0 0c 1 1 95 ff 1 1
3 0 6a 1 0 2a ff 0 1
3 0 19 0 0 19 ff 0 1
3 0 2d 1 1 33 ff 0 1
3 0 91 0 0 91 ff 1 1
3 0 af 1 1 23 ff 0 1
3 0 db 0 0 db ff 1 1
3 0 1f 0 0 1f ff 0 1
3 0 b5 0 0 b5 ff 1 1
3 0 71 1 1 6b ff 0 1
3 0 28 1 0 d6 ff 1 1
3 0 98 1 0 ac ff 1 1
3 0 2c 0 1 2c ff 0 1
3 0 86 1 0 58 ff 0 1
3 0 90 0 1 90 ff 1 1
3 0 70 0 0 70 ff 0 1
3 0 4d 1 1 e1 ff 1 1
3 0 ac 1 0 c2 ff 1 1
3 0 a6 0 1 a6 ff 1 1
3 0 09 1 0 4c ff 0 1
3 0 27 0 0 27 ff 0 1
3 0 ce 1 0 4e ff 0 1
3 0 34 1 0 9c ff 1 1
3 0 83 1 1 39 ff 0 1
3 0 89 1 1 73 ff 0 1
3 0 4f 1 1 e7 ff 1 1
3 0 8a 1 0 ce ff 1 1
3 0 84 1 0 9c ff 1 1
3 0 9a 0 0 9a ff 1 1
3 0 f3 1 0 34 ff 0 1
3 0 07 0 1 07 ff 0 1
3 0 f4 1 0 0e ff 0 1
3 0 63 0 0 63 ff 0 1
3 0 84 0 0 84 ff 1 1
3 0 9f 1 1 09 ff 0 1
3 0 cc 0 1 cc ff 1 1
3 0 50 1 1 99 ff 1 1
3 0 54 1 0 32 ff 0 1
3 0 43 0 1 43 ff 0 1
3 0 5b 0 0 5b ff 0 1
3 0 ba 0 1 ba ff 1 1
3 0 97 1 0 74 ff 0 1
3 0 44 0 1 44 ff 0 1
3 0 c3 1 0 88 ff 1 1
3 0 30 0 1 30 ff 0 1
3 0 9f 0 1 9f ff 1 1
3 0 e9 0 1 e9 ff 1 1
3 0 05 1 0 d2 ff 1 1
3 0 fc 1 0 a4 ff 1 1
3 0 28 1 1 49 ff 0 1
3 0 5e 1 1 93 ff 1 1
3 0 35 1 1 27 ff 0 1
3 0 34 0 0 34 ff 0 1
3 0 b7 0 1 b7 ff 1 1
3 0 06 0 1 06 ff 0 1
3 0 3c 1 1 0d ff 0 1
3 0 85 1 1 1b ff 0 1
3 0 11 1 0 36 ff 0 1
3 0 e1 1 1 6d ff 0 1
3 0 d6 1 0 da ff 1 1
3 0 ba 0 0 ba ff 1 1
3 0 7d 0 1 7d ff 0 1
3 0 d9 0 1 d9 ff 1 1
3 0 9a 1 1 b3 ff 1 1
3 0 d9 1 1 67 ff 0 1
3 0 8f 1 1 cf ff 1 1
3 0 79 1 0 9e ff 1 1
3 0 48 1 0 3c ff 0 1
3 0 6c 1 1 79 ff 0 1
3 0 7f 0 1 7f ff 0 1
3 0 d3 1 1 ff ff 1 1
3 0 58 1 0 fe ff 1 1
3 0 e1 0 0 e1 ff 1 1
3 0 7d 1 1 c3 ff 1 1
3 0 75 0 1 75 ff 0 1
3 0 34 1 1 eb ff 1 1
3 0 46 0 1 46 ff 0 1
3 0 b8 1 0 8c ff 1 1
3 0 d0 1 0 18 ff 0 1
3 0 40 1 1 31 ff 0 1
3 0 34 1 0 62 ff 0 1
3 0 85 1 1 c5 ff 1 1
3 0 ec 1 0 8a ff 1 1
3 0 1c 1 1 15 ff 0 1
3 0 0a 0 0 0a ff 0 1
3 0 d8 1 0 14 ff 0 1
3 0 93 1 0 28 ff 0 1
3 0 8a 1 0 50 ff 0 1
3 0 b8 1 1 a1 ff 1 1
3 0 15 1 1 43 ff 0 1
3 0 8e 1 0 86 ff 1 1
3 0 31 1 0 0c ff 0 1
3 0 03 1 1 19 ff 0 1
3 0 fb 0 1 fb ff 1 1
3 0 70 1 0 f6 ff 1 1
3 0 bc 0 1 bc ff 1 1
3 0 dd 0 0 dd ff 1 1
3 0 e3 0 0 e3 ff 1 1
3 0 13 1 1 c7 ff 1 1
3 0 5a 0 0 5a ff 0 1
3 0 86 1 0 b4 ff 1 1
3 0 46 0 0 46 ff 0 1
3 0 1b 1 1 8d ff 1 1
3 0 4e 1 1 1b ff 0 1
3 0 49 0 0 49 ff 0 1
3 0 fe 1 1 93 ff 1 1
3 0 50 1 1 27 ff 0 1
3 0 72 0 1 72 ff 0 1
3 0 74 0 1 74 ff 0 1
3 0 34 1 0 e8 ff 1 1
3 0 07 1 1 d1 ff 1 1
3 0 c9 1 1 a3 ff 1 1
3 0 eb 0 0 eb ff 1 1
3 0 d9 1 0 d6 ff 1 1
3 0 be 0 0 be ff 1 1
3 0 31 1 0 7c ff 0 1
3 0 28 0 1 28 ff 0 1
3 0 6f 0 0 6f ff 0 1
3 0 18 1 1 df ff 1 1
3 0 87 0 1 87 ff 1 1
3 0 a5 1 1 0f ff 0 1
3 0 32 0 0 32 ff 0 1
3 0 9f 0 1 9f ff 1 1
3 0 09 0 1 09 ff 0 1
3 0 22 1 0 12 ff 0 1
3 0 5b 1 0 24 ff 0 1
3 0 a2 1 1 49 ff 0 1
3 0 27 1 1 93 ff 1 1
3 0 e8 1 0 26 ff 0 1
3 0 55 1 1 4d ff 0 1
3 0 75 0 1 75 ff 0 1
3 0 23 1 1 eb ff 1 1
3 0 b7 0 1 b7 ff 1 1
3 0 50 0 0 50 ff 0 1
3 0 6c 1 0 a0 ff 1 1
3 0 b0 1 1 41 ff 0 1
3 0 5d 0 1 5d ff 0 1
3 0 ee 0 0 ee ff 1 1
3 0 19 0 1 19 ff 0 1
3 0 51 0 0 51 ff 0 1
3 0 9a 0 1 9a ff 1 1
3 0 d1 0 0 d1 ff 1 1
3 0 85 1 1 a3 ff 1 1
3 0 1f 1 0 46 ff 0 1
3 0 20 1 1 8d ff 1 1
3 0 cb 1 1 1b ff 0 1
3 0 61 1 1 37 ff 0 1
3 0 14 0 0 14 ff 0 1
3 0 a2 0 1 a2 ff 1 1
3 0 c7 1 0 44 ff 0 1
3 0 a9 0 0 a9 ff 1 1
3 0 9f 0 1 9f ff 1 1
3 0 7f 1 0 3e ff 0 1
3 0 81 0 1 81 ff 1 1
3 0 64 1 0 02 ff 0 1
3 0 f1 0 0 f1 ff 1 1
3 0 1b 1 1 e3 ff 1 1
3 0 de 1 1 c7 ff 1 1
3 0 6f 1 0 8e ff 1 1
3 0 ac 0 1 ac ff 1 1
3 0 53 0 1 53 ff 0 1
3 0 4c 1 0 a6 ff 1 1
3 0 53 0 0 53 ff 0 1
3 0 90 1 0 a6 ff 1 1
3 0 92 0 1 92 ff 1 1
3 0 a8 1 0 24 ff 0 1
3 0 ea 1 0 48 ff 0 1
3 0 5b 0 1 5b ff 0 1
3 0 22 0 1 22 ff 0 1
3 0 1e 0 0 1e ff 0 1
3 0 dd 1 1 3d ff 0 1
3 0 38 1 0 7a ff 0 1
3 0 5b 1 0 f4 ff 1 1
3 0 1b 0 1 1b ff 0 1
3 0 ad 1 1 37 ff 0 1
3 0 b5 1 1 6f ff 0 1
3 0 60 0 1 60 ff 0 1
3 0 c3 1 0 c0 ff 1 1
3 0 6e 1 0 80 ff 1 1
3 0 1f 1 0 00 ff 0 1
3 0 dc 1 0 00 ff 0 1
3 0 1d 1 1 01 ff 0 1
3 0 ae 1 1 03 ff 0 1
3 0 02 1 1 07 ff 0 1
3 0 2e 1 0 0e ff 0 1
3 0 98 0 1 98 ff 1 1
3 0 a4 1 0 30 ff 0 1
3 0 a5 0 1 a5 ff 1 1
3 0 f8 1 0 4a ff 0 1
3 0 be 1 0 94 ff 1 1
3 0 12 0 0 12 ff 0 1
3 0 91 1 1 25 ff 0 1
3 0 99 0 1 99 ff 1 1
3 0 fe 0 0 fe ff 1 1
3 0 6b 1 0 fc ff 1 1
3 0 55 1 0 f8 ff 1 1
3 0 5e 1 1 f1 ff 1 1
3 0 e1 1 1 e3 ff 1 1
3 0 f7 0 0 f7 ff 1 1
3 0 31 1 0 ee ff 1 1
3 0 ed 0 0 ed ff 1 1
3 0 a3 1 0 da ff 1 1
3 0 a7 1 0 b4 ff 1 1
3 0 1e 1 0 68 ff 0 1
3 0 8f 1 1 d1 ff 1 1
3 0 54 1 1 a3 ff 1 1
3 0 34 0 1 34 ff 0 1
3 0 b4 0 0 b4 ff 1 1
3 0 ca 1 0 68 ff 0 1
3 0 82 1 1 d1 ff 1 1
3 0 21 0 0 21 ff 0 1
3 0 2c 1 1 43 ff 0 1
3 0 a6 1 1 87 ff 1 1
3 0 4c 0 1 4c ff 0 1
3 0 60 1 1 99 ff 1 1
3 0 cd 0 1 cd ff 1 1
3 0 15 0 0 15 ff 0 1
3 0 1b 1 1 2b ff 0 1
3 0 8c 1 0 56 ff 0 1
3 0 8c 1 0 ac ff 1 1
3 0 f0 0 1 f0 ff 1 1
3 0 2c 0 0 2c ff 0 1
3 0 48 1 0 58 ff 0 1
3 0 1b 0 1 1b ff 0 1
3 0 c9 1 1 37 ff 0 1
3 0 4f 0 0 4f ff 0 1
3 0 40 1 1 9f ff 1 1
3 0 e7 1 0 3e ff 0 1
3 0 7a 0 0 7a ff 0 1
3 0 f2 1 1 f5 ff 1 1
3 0 1e 1 1 eb ff 1 1
3 0 15 0 1 15 ff 0 1
3 0 34 1 1 2b ff 0 1
3 0 ad 1 1 57 ff 0 1
3 0 d8 1 0 ae ff 1 1
3 0 3e 1 1 5d ff 0 1
3 0 0d 1 1 bb ff 1 1
3 0 1c 0 0 1c ff 0 1
3 0 cb 0 1 cb ff 1 1
3 0 5d 1 1 97 ff 1 1
3 0 2f 0 0 2f ff 0 1
3 0 64 0 1 64 ff 0 1
3 0 0c 0 0 0c ff 0 1
3 0 72 1 1 19 ff 0 1
3 0 e7 1 1 33 ff 0 1
3 0 9d 1 1 67 ff 0 1
3 0 d4 0 0 d4 ff 1 1
3 0 bb 0 1 bb ff 1 1
3 0 c6 0 0 c6 ff 1 1
3 0 63 0 1 63 ff 0 1
3 0 3c 1 1 c7 ff 1 1
3 0 6e 0 1 6e ff 0 1
3 0 7e 1 0 dc ff 1 1
3 0 dd 1 0 b8 ff 1 1
3 0 b1 0 1 b1 ff 1 1
3 0 03 0 0 03 ff 0 1
3 0 ce 1 1 07 ff 0 1
3 0 c2 1 1 0f ff 0 1
3 0 94 1 0 1e ff 0 1
3 0 e8 1 1 3d ff 0 1
3 0 ba 0 1 ba ff 1 1
3 0 d9 0 0 d9 ff 1 1
3 0 2f 0 1 2f ff 0 1
3 0 da 0 1 da ff 1 1
3 0 45 1 1 b5 ff 1 1
3 0 7b 1 0 6a ff 0 1
3 0 10 1 1 d5 ff 1 1
3 0 cb 1 0 aa ff 1 1
3 0 08 1 0 54 ff 0 1
3 0 93 1 1 a9 ff 1 1
3 1 1e 1 0 00 ff 0 1
3 0 d0 0 1 d0 ff 1 1
3 0 45 1 0 a0 ff 1 1
3 0 70 1 1 41 ff 0 1
3 0 47 0 0 47 ff 0 1
3 0 57 1 1 8f ff 1 1
3 0 f7 0 0 f7 ff 1 1
3 0 2d 1 0 ee ff 1 1
3 0 80 0 1 80 ff 1 1
3 0 82 1 0 00 ff 0 1
3 0 26 0 1 26 ff 0 1
3 0 e3 1 1 4d ff 0 1
3 0 6e 0 1 6e ff 0 1
3 0 be 0 1 be ff 1 1
3 0 ff 1 1 7d ff 0 1
3 0 61 0 1 61 ff 0 1
3 0 4f 0 1 4f ff 0 1
3 0 6b 1 1 9f ff 1 1
3 0 d1 1 0 3e ff 0 1
3 0 3f 1 0 7c ff 0 1
3 0 db 1 1 f9 ff 1 1
3 0 ca 1 1 f3 ff 1 1
3 0 a7 0 1 a7 ff 1 1
3 0 4b 1 1 4f ff 0 1
3 0 84 1 1 9f ff 1 1
3 0 1a 1 1 3f ff 0 1
3 0 44 1 1 7f ff 0 1
3 0 4a 0 0 4a ff 0 1
3 0 f0 1 0 94 ff 1 1
3 0 b2 0 1 b2 ff 1 1
3 0 de 0 0 de ff 1 1
3 0 53 1 1 bd ff 1 1
3 0 2d 1 0 7a ff 0 1
3 0 89 1 0 f4 ff 1 1
3 0 ca 1 0 e8 ff 1 1
3 0 14 1 1 d1 ff 1 1
3 0 71 0 1 71 ff 0 1
3 0 df 1 0 e2 ff 1 1
3 0 d4 0 0 d4 ff 1 1
3 0 7e 0 1 7e ff 0 1
3 0 2b 1 1 fd ff 1 1
3 0 15 1 1 fb ff 1 1
3 0 01 1 1 f7 ff 1 1
3 0 ef 0 1 ef ff 1 1
3 0 e6 1 1 df ff 1 1
3 0 13 1 1 bf ff 1 1
3 0 2e 1 1 7f ff 0 1
3 0 94 1 0 fe ff 1 1
3 0 21 0 0 21 ff 0 1
3 0 9e 0 0 9e ff 1 1
3 0 11 0 0 11 ff 0 1
3 0 fd 0 0 fd ff 1 1
3 0 fc 0 0 fc ff 1 1
3 0 16 0 0 16 ff 0 1
3 0 98 1 0 2c ff 0 1
3 0 71 1 0 58 ff 0 1
3 0 fc 0 0 fc ff 1 1
3 0 58 1 0 f8 ff 1 1
3 0 40 1 1 f1 ff 1 1
3 0 4b 0 0 4b ff 0 1
3 0 82 1 1 97 ff 1 1
3 0 ca 1 0 2e ff 0 1
3 0 40 0 1 40 ff 0 1
3 0 78 0 1 78 ff 0 1
3 0 ce 0 0 ce ff 1 1
3 0 7a 1 0 9c ff 1 1
3 0 9c 1 0 38 ff 0 1
3 0 73 0 1 73 ff 0 1
3 0 23 0 1 23 ff 0 1
3 0 4f 0 1 4f ff 0 1
3 0 cd 0 1 cd ff 1 1
3 0 64 1 1 9b ff 1 1
3 0 fa 1 1 37 ff 0 1
3 0 97 1 1 6f ff 0 1
3 0 fd 1 1 df ff 1 1
3 0 57 1 1 bf ff 1 1
3 0 8a 0 1 8a ff 1 1
3 0 a1 0 1 a1 ff 1 1
3 0 41 1 0 42 ff 0 1
3 0 d4 0 0 d4 ff 1 1
3 0 0c 0 1 0c ff 0 1
3 0 5b 0 0 5b ff 0 1
3 0 3f 0 1 3f ff 0 1
3 0 f8 1 0 7e ff 0 1
3 0 cc 1 0 fc ff 1 1
3 0 76 1 0 f8 ff 1 1
3 0 b9 0 1 b9 ff 1 1
3 0 86 0 1 86 ff 1 1
3 0 ae 0 0 ae ff 1 1
3 0 57 0 1 57 ff 0 1
3 0 d2 0 1 d2 ff 1 1
3 0 28 1 1 a5 ff 1 1
3 0 08 1 0 4a ff 0 1
3 0 8c 1 1 95 ff 1 1
3 0 d2 1 1 2b ff 0 1
3 0 90 0 0 90 ff 1 1
3 0 38 1 1 21 ff 0 1
3 0 54 0 1 54 ff 0 1
3 0 41 1 1 a9 ff 1 1
3 0 6b 1 1 53 ff 0 1
3 0 27 1 0 a6 ff 1 1
3 0 be 1 0 4c ff 0 1
3 0 04 1 0 98 ff 1 1
3 0 00 0 0 00 ff 0 1
3 0 fd 1 1 01 ff 0 1
3 0 50 1 1 03 ff 0 1
3 0 53 0 1 53 ff 0 1
3 0 7f 1 0 a6 ff 1 1
3 0 cd 0 0 cd ff 1 1
3 0 7e 0 1 7e ff 0 1
3 0 29 0 1 29 ff 0 1
3 0 e4 1 1 53 ff 0 1
3 0 61 1 0 a6 ff 1 1
3 0 3f 0 0 3f ff 0 1
3 0 0c 1 1 7f ff 0 1
3 0 56 0 1 56 ff 0 1
3 1 fd 0 1 00 ff 0 1
3 0 d8 1 0 00 ff 0 1
3 0 56 1 1 01 ff 0 1
3 0 a6 1 1 03 ff 0 1
3 0 a5 0 0 a5 ff 1 1
3 0 e3 0 0 e3 ff 1 1
3 0 3a 1 0 c6 ff 1 1
3 0 49 1 0 8c ff 1 1
3 0 8d 1 1 19 ff 0 1
3 0 7c 0 0 7c ff 0 1
3 0 7e 1 0 f8 ff 1 1
3 0 6c 0 1 6c ff 0 1
3 0 cc 0 0 cc ff 1 1
3 0 be 1 1 99 ff 1 1
3 0 1a 1 1 33 ff 0 1
3 0 09 0 0 09 ff 0 1
3 0 8c 0 1 8c ff 1 1
3 0 b1 1 0 18 ff 0 1
3 0 b2 1 0 30 ff 0 1
3 0 06 0 1 06 ff 0 1
3 0 4d 1 0 0c ff 0 1
3 0 d9 1 0 18 ff 0 1
3 0 05 0 0 05 ff 0 1
3 0 33 1 1 0b ff 0 1
3 0 fe 1 0 16 ff 0 1
3 0 f6 1 0 2c ff 0 1
3 1 92 1 1 00 ff 0 1
3 0 06 1 0 00 ff 0 1
3 0 14 0 1 14 ff 0 1
3 0 20 0 1 20 ff 0 1
3 0 81 0 0 81 ff 1 1
3 0 08 1 1 03 ff 0 1
3 0 ec 0 1 ec ff 1 1
3 0 47 1 0 d8 ff 1 1
3 0 f7 1 0 b0 ff 1 1
3 0 8e 0 1 8e ff 1 1
3 0 dc 0 1 dc ff 1 1
3 0 8c 0 1 8c ff 1 1
3 0 61 0 0 61 ff 0 1
3 0 a6 1 1 c3 ff 1 1
3 0 25 0 1 25 ff 0 1
3 0 5d 1 0 4a ff 0 1
3 0 00 1 1 95 ff 1 1
3 0 1b 0 1 1b ff 0 1
3 0 31 1 1 37 ff 0 1
3 0 81 1 1 6f ff 0 1
3 0 80 1 0 de ff 1 1
3 0 e7 0 1 e7 ff 1 1
3 0 9f 1 1 cf ff 1 1
3 0 d9 1 1 9f ff 1 1
3 0 49 0 1 49 ff 0 1
3 0 16 1 1 93 ff 1 1
3 0 41 0 0 41 ff 0 1
3 0 46 0 1 46 ff 0 1
3 0 fd 0 0 fd ff 1 1
3 0 0a 1 0 fa ff 1 1
3 0 c1 1 0 f4 ff 1 1
3 0 4c 1 0 e8 ff 1 1
3 0 80 0 1 80 ff 1 1
3 0 a7 1 0 00 ff 0 1
3 0 49 1 1 01 ff 0 1
3 0 35 1 0 02 ff 0 1
3 0 c0 1 0 04 ff 0 1
3 0 c5 0 1 c5 ff 1 1
3 0 6f 1 0 8a ff 1 1
3 0 af 0 1 af ff 1 1
3 0 52 1 1 5f ff 0 1
3 0 0e 1 0 be ff 1 1
3 0 9d 0 1 9d ff 1 1
3 0 c5 1 1 3b ff 0 1
3 0 4a 1 1 77 ff 0 1
3 0 2c 0 1 2c ff 0 1
3 0 bc 0 1 bc ff 1 1
3 0 da 0 1 da ff 1 1
3 0 cc 0 0 cc ff 1 1
3 0 c2 1 0 98 ff 1 1
3 0 38 1 0 30 ff 0 1
3 0 73 0 0 73 ff 0 1
3 0 8c 0 1 8c ff 1 1
3 0 9c 0 0 9c ff 1 1
3 0 08 1 0 38 ff 0 1
3 0 28 1 0 70 ff 0 1
3 0 7a 1 1 e1 ff 1 1
3 0 af 1 1 c3 ff 1 1
3 0 90 1 0 86 ff 1 1
3 0 90 0 0 90 ff 1 1
3 0 0c 0 1 0c ff 0 1
3 0 c2 1 0 18 ff 0 1
3 0 f9 1 1 31 ff 0 1
3 0 a4 0 0 a4 ff 1 1
3 0 85 1 0 48 ff 0 1
3 0 ea 1 1 91 ff 1 1
3 0 76 1 0 22 ff 0 1
3 0 ff 0 0 ff ff 1 1
3 0 f9 1 1 ff ff 1 1
3 0 11 1 0 fe ff 1 1
3 0 79 1 0 fc ff 1 1
3 0 6f 0 0 6f ff 0 1
3 0 5f 1 1 df ff 1 1
3 0 96 1 1 bf ff 1 1
3 0 90 0 1 90 ff 1 1
3 0 04 0 0 04 ff 0 1
3 0 6a 1 0 08 ff 0 1
3 0 b5 1 1 11 ff 0 1
3 0 12 1 0 22 ff 0 1
3 0 4e 0 0 4e ff 0 1
3 0 06 0 1 06 ff 0 1
3 0 ed 1 1 0d ff 0 1
3 0 4c 1 0 1a ff 0 1
3 0 18 0 1 18 ff 0 1
3 0 58 0 1 58 ff 0 1
3 0 5f 0 0 5f ff 0 1
3 0 fd 1 1 bf ff 1 1
3 0 22 1 0 7e ff 0 1
3 0 fd 1 0 fc ff 1 1
3 0 47 1 0 f8 ff 1 1
3 0 63 0 1 63 ff 0 1
3 0 29 0 0 29 ff 0 1
3 0 2e 1 0 52 ff 0 1
3 0 27 0 1 27 ff 0 1
3 0 df 1 0 4e ff 0 1
3 0 c2 0 1 c2 ff 1 1
3 0 1b 0 0 1b ff 0 1
3 0 76 0 0 76 ff 0 1
3 0 61 0 1 61 ff 0 1
3 0 d7 0 0 d7 ff 1 1
3 0 8a 0 1 8a ff 1 1
3 0 e8 0 1 e8 ff 1 1
3 0 80 0 1 80 ff 1 1
3 0 ca 0 1 ca ff 1 1
3 0 73 1 1 95 ff 1 1
3 0 83 0 0 83 ff 1 1
3 0 86 0 0 86 ff 1 1
3 0 74 1 1 0d ff 0 1
3 0 f0 1 1 1b ff 0 1
3 0 6f 0 0 6f ff 0 1
3 0 e9 1 0 de ff 1 1
3 0 81 1 0 bc ff 1 1
3 0 f7 1 0 78 ff 0 1
3 0 07 1 0 f0 ff 1 1
3 0 fd 0 0 fd ff 1 1
3 0 e6 1 0 fa ff 1 1
3 0 a0 1 1 f5 ff 1 1
3 0 9a 1 0 ea ff 1 1
3 0 30 1 1 d5 ff 1 1
3 0 db 0 0 db ff 1 1
3 0 59 1 1 b7 ff 1 1
3 0 50 1 1 6f ff 0 1
3 0 23 1 0 de ff 1 1
3 0 e2 1 1 bd ff 1 1
3 0 3b 0 0 3b ff 0 1
3 0 11 1 0 76 ff 0 1
3 0 3d 1 0 ec ff 1 1
3 0 3a 1 1 d9 ff 1 1
3 0 0f 1 1 b3 ff 1 1
3 0 cb 1 1 67 ff 0 1
3 0 a3 1 1 cf ff 1 1
3 0 0a 1 1 9f ff 1 1
3 0 80 1 1 3f ff 0 1
3 0 ab 1 1 7f ff 0 1
3 0 5e 1 0 fe ff 1 1
3 0 70 0 0 70 ff 0 1
3 0 12 0 0 12 ff 0 1
3 0 4a 0 0 4a ff 0 1
3 0 8e 0 1 8e ff 1 1
3 0 6b 1 1 1d ff 0 1
3 0 da 0 0 da ff 1 1
3 0 28 1 1 b5 ff 1 1
3 0 b3 0 0 b3 ff 1 1
3 0 a3 0 1 a3 ff 1 1
3 0 47 1 1 47 ff 0 1
3 0 a6 0 0 a6 ff 1 1
3 0 ef 1 1 4d ff 0 1
3 0 b7 1 0 9a ff 1 1
3 0 8e 0 1 8e ff 1 1
3 0 bc 0 0 bc ff 1 1
3 0 c1 0 0 c1 ff 1 1
3 0 0c 0 0 0c ff 0 1
3 0 f2 1 1 19 ff 0 1
3 0 c7 1 1 33 ff 0 1
3 0 1e 1 0 66 ff 0 1
3 0 42 0 0 42 ff 0 1
3 0 22 1 1 85 ff 1 1
3 0 7a 1 0 0a ff 0 1
3 0 18 1 1 15 ff 0 1
3 0 79 0 1 79 ff 0 1
3 0 4e 0 1 4e ff 0 1
3 0 ee 0 0 ee ff 1 1
3 0 ac 1 1 dd ff 1 1
3 0 18 1 0 ba ff 1 1
3 0 63 0 0 63 ff 0 1
3 0 78 1 1 c7 ff 1 1
3 0 c4 1 1 8f ff 1 1
3 0 5f 1 0 1e ff 0 1
3 0 dd 0 0 dd ff 1 1
3 0 a7 0 0 a7 ff 1 1
3 0 20 0 0 20 ff 0 1
3 0 5c 1 1 41 ff 0 1
3 0 9a 0 0 9a ff 1 1
3 0 aa 1 0 34 ff 0 1
3 0 68 0 1 68 ff 0 1
3 0 e5 1 1 d1 ff 1 1
3 0 2e 0 0 2e ff 0 1
3 0 44 1 1 5d ff 0 1
3 0 89 0 0 89 ff 1 1
3 0 b8 1 0 12 ff 0 1
3 0 d3 0 0 d3 ff 1 1
3 0 f8 1 1 a7 ff 1 1
3 0 56 0 1 56 ff 0 1
3 0 1a 1 0 ac ff 1 1
3 0 c9 1 0 58 ff 0 1
3 0 a9 1 0 b0 ff 1 1
3 0 95 1 1 61 ff 0 1
3 0 33 0 0 33 ff 0 1
3 0 0e 1 0 66 ff 0 1
3 0 00 1 0 cc ff 1 1
3 0 ca 0 1 ca ff 1 1
3 0 7d 1 1 95 ff 1 1
3 0 66 1 1 2b ff 0 1
3 0 5e 0 1 5e ff 0 1
3 0 e2 1 0 bc ff 1 1
3 0 d4 1 0 78 ff 0 1
3 0 9c 1 0 f0 ff 1 1
3 0 00 0 0 00 ff 0 1
3 0 c4 1 1 01 ff 0 1
3 0 45 0 1 45 ff 0 1
3 0 f4 0 1 f4 ff 1 1
3 0 4d 0 1 4d ff 0 1
3 0 7a 1 1 9b ff 1 1
3 0 6b 0 0 6b ff 0 1
3 0 9f 1 1 d7 ff 1 1
3 0 02 0 0 02 ff 0 1
3 0 5f 1 1 05 ff 0 1
3 0 46 1 1 0b ff 0 1
3 0 bb 0 1 bb ff 1 1
3 0 78 1 0 76 ff 0 1
3 0 02 1 1 ed ff 1 1
3 1 d0 1 0 00 ff 0 1
3 0 fc 0 0 fc ff 1 1
3 0 44 0 1 44 ff 0 1
3 0 7c 0 0 7c ff 0 1
3 0 7d 1 1 f9 ff 1 1
3 0 1f 1 1 f3 ff 1 1
3 0 a9 1 1 e7 ff 1 1
3 0 14 1 0 ce ff 1 1
3 0 9e 0 0 9e ff 1 1
3 0 4b 1 0 3c ff 0 1
3 0 5f 0 1 5f ff 0 1
3 0 e9 0 1 e9 ff 1 1
3 0 93 0 1 93 ff 1 1
3 0 00 1 1 27 ff 0 1
3 0 8a 1 1 4f ff 0 1
3 0 f0 1 1 9f ff 1 1
3 0 81 1 0 3e ff 0 1
3 0 b2 0 1 b2 ff 1 1
3 0 e8 1 1 65 ff 0 1
3 0 b7 1 0 ca ff 1 1
3 0 84 1 0 94 ff 1 1
3 0 9c 1 0 28 ff 0 1
3 0 a9 1 0 50 ff 0 1
3 0 53 1 0 a0 ff 1 1
3 0 9f 0 0 9f ff 1 1
3 0 97 1 0 3e ff 0 1
3 0 7f 0 0 7f ff 0 1
3 0 d7 1 0 fe ff 1 1
3 0 02 0 1 02 ff 0 1
3 0 7a 1 1 05 ff 0 1
3 0 61 1 0 0a ff 0 1
3 0 30 1 0 14 ff 0 1
3 0 81 0 1 81 ff 1 1
3 0 c5 0 0 c5 ff 1 1
3 0 dd 1 0 8a ff 1 1
3 0 06 1 1 15 ff 0 1
3 0 4c 0 1 4c ff 0 1
3 0 18 0 1 18 ff 0 1
3 0 f7 1 0 30 ff 0 1
3 0 48 0 0 48 ff 0 1
3 0 bc 1 0 90 ff 1 1
3 0 76 1 1 21 ff 0 1
3 0 09 1 1 43 ff 0 1
3 0 f6 1 0 86 ff 1 1
3 0 0f 0 0 0f ff 0 1
3 0 ea 1 0 1e ff 0 1
3 0 01 1 0 3c ff 0 1
3 0 ea 1 1 79 ff 0 1
3 0 66 1 0 f2 ff 1 1
3 0 93 0 1 93 ff 1 1
3 0 e4 0 0 e4 ff 1 1
3 0 17 1 1 c9 ff 1 1
3 0 94 1 0 92 ff 1 1
3 0 10 1 1 25 ff 0 1
3 0 f2 0 0 f2 ff 1 1
3 0 5a 0 0 5a ff 0 1
